896 0.12144989396193058
979 0.12765985250147996
1010 0.10205211884217748
1131 0.12340366003968714
2319 0.1947387953170208
2352 0.07784831976127851
2478 0.14464384253589332
2609 0.08721544580339345
2763 0.09235816630349637
2940 0.07700464245161376
3039 0.12765985250147996
3130 0.051268842964321985
3142 0.09321858480872369
3276 0.1464973703524943
3985 0.07728368530520772
4300 0.13658035617974296
4489 0.09381349336772998
5247 0.07920088761150339
5417 0.11870407710740978
6429 0.08437980571103608
6563 0.07484663595140258
6783 0.1947387953170208
7006 0.08541727036418503
7284 0.08506812880776411
7466 0.0652452209024093
7468 0.046665839991779014
7598 0.07018539346831928
7862 0.12323811913526773
8268 0.3782043143339738
8660 0.1411997262711475
8997 0.028544432540397076
9011 0.1161522498805838
9105 0.2554662945927473
9134 0.081122117391906
9242 0.1351630815888916
9827 0.04400503840620312
9867 0.1074376491524367
9902 0.02501449065575347
9905 0.05782992896593089
10435 0.1947387953170208
10451 0.08175058314518859
10583 0.09546377077214956
10730 0.1464973703524943
10936 0.23566658223364428
10999 0.022101793820921492
11138 0.09409999118733059
11512 0.1505166054407742
11714 0.07784831976127851
12117 0.07537417626908301
12231 0.091935519731386
12354 0.06107836314612898
12515 0.1527073288920437
12574 0.1825800783241279
12611 0.06709874871901031
12764 0.07018539346831928
12865 0.04479430875208265
13064 0.10205211884217748
13437 0.16624720266171125
13616 0.07406949051587249
13709 0.08684858102822722
13723 0.12929584039263084
13806 0.08304128713386968
13874 0.03853039369819015
14062 0.044680494894294084
14065 0.07381411228000405
14211 0.09640241757136686
14212 0.07700464245161376
14213 0.1527073288920437
