390 0.03754249882376725
436 0.055959600632381555
914 0.08240998487204323
968 0.02450828504366675
976 0.025734423609461
1034 0.14352687409348366
1085 0.0341655235210613
1086 0.03778823457608067
1175 0.044595124588070606
1375 0.038295120670106396
1470 0.0506646066469265
1524 0.038556711527030677
1612 0.04931171296338305
1625 0.041538260023821286
1652 0.05140201460006055
1660 0.035529262953011
1824 0.06826421442326117
1838 0.0727663857536689
1868 0.05392763726596016
1930 0.05392763726596016
2044 0.03730162944720656
2424 0.03882405209147479
2467 0.058400459847021906
2478 0.04868780666771406
2552 0.0405646600662402
2564 0.03754249882376725
2575 0.07611392073637674
2576 0.05140201460006055
2597 0.02339450693291313
2779 0.042970914688460246
2848 0.020864133825230162
2934 0.03492599026030812
2935 0.07366748921668079
3010 0.01782099782455076
3044 0.22630746026686943
3060 0.05218702929119473
3071 0.04549653735435985
3145 0.0405646600662402
3297 0.028634337531159227
3313 0.04549653735435985
3321 0.01892753359747106
3396 0.031978608937758085
3422 0.04868780666771406
3432 0.035757658138671586
3437 0.0781948016183619
3443 0.10620177362125978
3586 0.055959600632381555
3731 0.06333233713514153
3751 0.03182560684451344
3758 0.08949685598626195
3794 0.061457324411271226
3840 0.03293938495526706
3867 0.04188091665572411
3908 0.0816050485995608
3986 0.08307652004764257
4241 0.03730162944720656
4277 0.05140201460006055
4421 0.03277389252442131
4450 0.032290510797191
4489 0.047367103374388056
4507 0.055959600632381555
4542 0.027952092965234137
4778 0.048094347211551286
4779 0.048094347211551286
4824 0.03909740080918095
4830 0.04868780666771406
4881 0.021961852268274167
4947 0.058400459847021906
5026 0.049969359935421585
5049 0.032290510797191
5051 0.02986402075850609
5063 0.03453981477685993
5215 0.07176343704674183
5247 0.013329698092690436
5390 0.05906400101015361
5537 0.0405646600662402
5548 0.0321335601546399
5823 0.20282330033120105
5947 0.061457324411271226
5962 0.0490165700873335
6006 0.0506646066469265
6120 0.041538260023821286
6416 0.07176343704674183
6429 0.02840264469674009
6495 0.04698781143863098
6528 0.026397190979820444
6592 0.07176343704674183
6606 0.015994157464760423
6693 0.02986402075850609
6723 0.030125611615430373
6734 0.03293938495526706
6740 0.05140201460006055
6775 0.019632076072540142
6890 0.2965234995420763
6892 0.06826421442326117
7064 0.03453981477685993
7089 0.2819268686317859
7099 0.013908211604685142
7170 0.03473137001183134
7242 0.018063790437107503
7262 0.05392763726596016
7263 0.06826421442326117
7418 0.02339450693291313
7436 0.043755929379594424
7468 0.14137149705824253
7692 0.043357090171908426
7717 0.024098700688610863
7733 0.04120499243602162
7851 0.027098163041410692
7862 0.02074126908327149
7888 0.07176343704674183
7918 0.04752850072078124
8097 0.022514834129572444
8124 0.019632076072540142
8250 0.0660041742351446
8268 0.025461074891754844
8484 0.03435122951041304
8658 0.05806248014873453
8716 0.03123214738835067
8744 0.007136224072975235
8784 0.06333233713514153
8802 0.06333233713514153
8872 0.03344981674412381
8981 0.027624803999344815
8997 0.009608192015651055
9105 0.10748896516423138
9126 0.025734423609461
9163 0.4769279918909927
9168 0.03706543744275954
9367 0.035123775204010686
9383 0.021497793032846275
9385 0.035123775204010686
9457 0.05871426932896073
9497 0.02979176158530214
9725 0.03796060754296714
9730 0.039377033952773054
9758 0.029735305207835943
9827 0.02962461124876279
9867 0.0361640246764703
9900 0.05302622449967092
9902 0.01683999351215304
9905 0.03893165933284975
9920 0.042970914688460246
9981 0.04597359873536756
10003 0.057268675062318454
10040 0.02582692219995181
10068 0.02339450693291313
10131 0.06555000649091468
10159 0.04188091665572411
10242 0.02620411540161455
10322 0.038556711527030677
10432 0.03532482946799412
10459 0.03435122951041304
10483 0.04931171296338305
10489 0.03492599026030812
10516 0.02917823153102839
10557 0.04416829110788574
10573 0.061457324411271226
10583 0.0321335601546399
10624 0.03573719119628543
10797 0.030125611615430373
10924 0.06259240147569049
10930 0.07875200134687148
10999 0.00743956912162142
11000 0.024659386440598174
11055 0.07176343704674183
11097 0.04248070944850392
11255 0.01515496225628423
11272 0.04223350673532619
11338 0.03080531390816579
11502 0.038295120670106396
11576 0.02555151029743337
11714 0.02620411540161455
11733 0.020144899349302827
12011 0.04752850072078124
12041 0.026397190979820444
12064 0.007919907309230768
12069 0.028517939456004178
12117 0.02537130691212558
12181 0.033802406823725886
12215 0.04433257150658211
12291 0.04549653735435985
12294 0.06826421442326117
12311 0.06826421442326117
12336 0.04120499243602162
12378 0.05082062100157581
12383 0.07607807480068121
12403 0.03492599026030812
12582 0.026893729556393808
12614 0.02806317598414045
12739 0.06333233713514153
12768 0.08555381836801253
12770 0.038295120670106396
12811 0.14352687409348366
12818 0.04752850072078124
12910 0.04503748264730195
12957 0.03293938495526706
13080 0.057118906579314364
13324 0.04597359873536756
13379 0.09993871987084317
13437 0.055959600632381555
13446 0.03882405209147479
13464 0.029994112972188482
13487 0.040256706756113744
13558 0.057118906579314364
13660 0.05657686506671736
13761 0.02911139891216694
13806 0.055904185930468274
13860 0.03995635801393221
13874 0.012969514127384103
13901 0.05392763726596016
13918 0.026300270100231032
13948 0.022801047476750363
14001 0.06555000649091468
14198 0.03080531390816579
14212 0.025920129598812736
