11 0.0237979059419726
13 0.08065232368508393
151 0.04967556717185657
153 0.04840154874303155
272 0.05361057197624314
431 0.07624438743925892
542 0.07624438743925892
556 0.02943385885756474
636 0.03163848951903504
737 0.07134150691755599
757 0.05948132821526241
797 0.0391455183271791
811 0.040326161842541966
854 0.04198519659737668
855 0.043908605486070694
1037 0.04967556717185657
1046 0.07624438743925892
1061 0.06786285782726066
1065 0.04349866822132863
1092 0.038867529274969115
1093 0.0545784476935595
1099 0.02693884052421695
1123 0.23905789253470572
1127 0.023332772012464052
1133 0.044905933080610624
1139 0.06516460796702805
1399 0.04902178680770765
1451 0.033427138431155405
1519 0.021501420320685055
1550 0.025133550961009877
1618 0.03210066008835076
1635 0.05271445902864406
1657 0.034149262892014025
1689 0.01757368015527115
1719 0.04477268665015366
1770 0.0400200191310333
1940 0.046971674472250265
1942 0.0238771979717129
1946 0.06786285782726066
1976 0.042718268991265906
2024 0.15248877487851784
2034 0.1679407863895067
2111 0.04129403755985832
2182 0.0212427582395388
2218 0.06786285782726066
2234 0.0363911570381554
2372 0.037321769270800685
2390 0.05948132821526241
2425 0.09009555005259029
2435 0.045229042364244895
2462 0.030763988715180848
2530 0.06295997730555775
2597 0.023256959907036794
2674 0.046711548564856584
2716 0.031048519282944637
2730 0.02478555597474451
2738 0.045703298882798934
2759 0.04967556717185657
2852 0.03325314994441495
2854 0.05271445902864406
2859 0.055630588498965614
2926 0.040326161842541966
2927 0.11709990061007228
3010 0.01771622001256503
3044 0.02812211187642734
3099 0.09187258605710855
3145 0.040326161842541966
3157 0.02735584706200823
3184 0.02835026942271203
3206 0.04781157850694114
3222 0.051099798603264156
3236 0.0538776810484339
3242 0.046711548564856584
3297 0.02846598314024838
3301 0.04310217397209709
3316 0.03859578769962571
3478 0.04902178680770765
3633 0.021132598694460575
3648 0.023640864887867975
3721 0.09153947712414133
3722 0.0363911570381554
3734 0.019911295563932216
3756 0.02846598314024838
3817 0.09935113434371314
3938 0.0353203701362152
4144 0.040326161842541966
4182 0.03684751275224663
4262 0.08238715535594028
4304 0.03684751275224663
4391 0.04349866822132863
4393 0.221426554169704
4404 0.025955209767269404
4452 0.02143623422639767
4542 0.02778774980273825
4577 0.01697471624735945
4652 0.042718268991265906
4660 0.030349365540205266
4808 0.04261381376889836
4843 0.04433292941664581
4885 0.03833001895285833
4974 0.05601925485231429
4997 0.03378281087241285
5002 0.03148827651645248
5049 0.03210066008835076
5231 0.038867529274969115
5247 0.013251326689790741
5374 0.034149262892014025
5390 0.15657796449185787
5395 0.04724905888696736
5520 0.030349365540205266
5548 0.03194463223054372
5551 0.019242443539840934
5613 0.02714554626207418
5840 0.2401201147861998
5903 0.027898179713676963
5981 0.050366726209374935
6072 0.0391455183271791
6074 0.07134150691755599
6081 0.035737376674006484
6109 0.015104307624126878
6155 0.03943004889494289
6173 0.05805709678385483
6210 0.08175071844188239
6238 0.04477268665015366
6245 0.05995730977449155
6294 0.06069873108041053
6315 0.015900120484328036
6405 0.05948132821526241
6528 0.05248397959713964
6537 0.04198519659737668
6567 0.0406402571957094
6606 0.015900120484328036
6632 0.2339899690180878
6633 0.1866088463540034
6695 0.023256959907036794
6756 0.04349866822132863
6789 0.026635259946674063
6852 0.06516460796702805
7121 0.06786285782726066
7135 0.07134150691755599
7143 0.07624438743925892
7170 0.03452716837323997
7242 0.017957585136102332
7298 0.07624438743925892
7361 0.07624438743925892
7370 0.07134150691755599
7406 0.03179059204286628
7418 0.023256959907036794
7566 0.025491858397092802
7586 0.05361057197624314
7604 0.031048519282944637
7716 0.03452716837323997
7815 0.06516460796702805
7826 0.06786285782726066
7833 0.0794428725534602
7865 0.01720158952926969
7915 0.07624438743925892
8087 0.02981776383839592
8097 0.022382459103182598
8154 0.07719157539925142
8250 0.032808052725492524
8264 0.021052329245566485
8293 0.044764918206365197
8463 0.07487490493246347
8556 0.11896265643052482
8582 0.06516460796702805
8615 0.07624438743925892
8658 0.028860552111539838
8688 0.021832728475629205
8728 0.05805709678385483
8744 0.021282800825263983
8795 0.041482928044596794
8878 0.035117138609330384
8931 0.04872837921186407
8972 0.04840154874303155
8996 0.013284410133701172
8997 0.03820680420885148
9113 0.0800400382620666
9204 0.02210447005097261
9310 0.21551086986048543
9338 0.051099798603264156
9350 0.04724905888696736
9375 0.0353203701362152
9436 0.07624438743925892
9457 0.02918453061802921
9497 0.07897760578142049
9500 0.05836906123605842
9546 0.06516460796702805
9821 0.0400200191310333
9890 0.025861108193477936
9906 0.05327051989334813
9932 0.02693884052421695
10020 0.05361057197624314
10242 0.026050049400157534
10386 0.0256750738901614
10460 0.02371913047635251
10499 0.02371913047635251
10556 0.04433292941664581
10567 0.048467484506853675
10569 0.03308162946282772
10574 0.03396464875326619
10587 0.05450047896125493
10616 0.029948489340860078
10752 0.0353203701362152
10785 0.03472064436009884
10853 0.045229042364244895
10904 0.03452716837323997
10925 0.0400200191310333
10926 0.05805709678385483
10986 0.056783078355029805
11000 0.029417283130217516
11135 0.029948489340860078
11271 0.05948132821526241
11314 0.03308162946282772
11365 0.01871200800557095
11386 0.03943004889494289
11401 0.07134150691755599
11465 0.046711548564856584
11502 0.07613993221689137
11520 0.037815388469562984
11604 0.04840154874303155
11671 0.06786285782726066
11875 0.02968843649644743
11876 0.02633911474810059
12017 0.033603666985378436
12064 0.04724005527103235
12215 0.02203596000251403
12247 0.055630588498965614
12254 0.07666003790571665
12282 0.06786285782726066
12377 0.03595139980464756
12404 0.04477268665015366
12424 0.04967556717185657
12523 0.023485837236125132
12532 0.07624438743925892
12582 0.026735608997332128
12610 0.03274571921793029
12611 0.022452966540305312
12621 0.055630588498965614
12641 0.0400200191310333
12666 0.0285828148820291
12764 0.023485837236125132
12834 0.02004607665542833
12865 0.014989327443622887
12877 0.01657677203215624
12881 0.03179059204286628
12903 0.019572245561482234
12910 0.04477268665015366
12948 0.027569870192649306
12964 0.051099798603264156
13006 0.0400200191310333
13016 0.09239383616312248
13041 0.10722114395248628
13051 0.033603666985378436
13075 0.08954537330030732
13079 0.017339785218668344
13093 0.05948132821526241
13355 0.06516460796702805
13487 0.0400200191310333
13514 0.10542891805728812
13614 0.05670053884542406
13787 0.021052329245566485
13827 0.02894023965880243
13919 0.054083503417681596
13922 0.07624438743925892
14040 0.02812211187642734
14083 0.03491726643549016
14116 0.03943004889494289
14163 0.009772677599495407
