46 0.021331896007706866
77 0.0234938947287613
79 0.00905748249690659
173 0.030853723513349668
191 0.030853723513349668
203 0.030853723513349668
259 0.02547793742509907
336 0.013598355039936826
337 0.020558211173721502
405 0.022086194033186256
420 0.02297833924101874
451 0.01572847578914954
527 0.014461800743964968
555 0.01671040794493566
556 0.011910963857447807
562 0.030853723513349668
636 0.01280310906528029
663 0.01934785331136909
686 0.021331896007706866
698 0.030853723513349668
702 0.02963566110819099
721 0.01374443309281176
763 0.0181181086405107
773 0.030853723513349668
789 0.016576337876912508
797 0.015840969280732222
807 0.024723639399619687
817 0.01374443309281176
952 0.035880305231588104
1047 0.019120219181062353
1097 0.06121082899744249
1104 0.01849469836060063
1107 0.008127551376434443
1117 0.02945273049719577
1368 0.03040362378795377
1461 0.00839342301380426
1520 0.03780541106579579
1555 0.04020430267369696
1684 0.026502340721163045
1765 0.02746198012143685
1801 0.017602553152768145
1849 0.02746198012143685
1875 0.02038184182376246
1919 0.01280310906528029
1976 0.0345734998913968
2006 0.023924405119769267
2017 0.06491439821365508
2046 0.012990135067332372
2049 0.016194852457193105
2114 0.011244834908731427
2247 0.030853723513349668
2276 0.02010215133684848
2311 0.05736234519519083
2394 0.02547793742509907
2558 0.014977748240629939
2593 0.019586595849105923
2606 0.024723639399619687
2618 0.015201811893976885
2716 0.025128733055086915
2768 0.014548409223881236
2770 0.04684484630709999
2804 0.018902705532897895
2973 0.6288197442604214
3010 0.014338402401221167
3119 0.021331896007706866
3128 0.01934785331136909
3131 0.02010215133684848
3150 0.012226767064517552
3208 0.011426087162182678
3232 0.014129927731412951
3340 0.05095587485019814
3376 0.03369651025457752
3427 0.02886968081701189
3442 0.013972067223118495
3443 0.008544772750082554
3454 0.013670848978773568
3467 0.03427235296944915
3510 0.030853723513349668
3570 0.030853723513349668
3633 0.004275851502885379
3677 0.02067849333761122
3735 0.030853723513349668
3789 0.010738184339500136
3797 0.022086194033186256
3800 0.030853723513349668
3867 0.01684825512728876
3905 0.016194852457193105
3984 0.012349953286050399
3985 0.041860732769926516
3991 0.011334621856685066
3992 0.012506457551431531
3995 0.015102954968687814
4016 0.0234938947287613
4021 0.02251196257297517
4140 0.0234938947287613
4221 0.02297833924101874
4236 0.01671040794493566
4275 0.0234938947287613
4304 0.044733114480780226
4381 0.02407023672952403
4383 0.008807914177383507
4388 0.018902705532897895
4508 0.017136176484724576
4577 0.04121482664392826
4585 0.019837586832215558
4587 0.02746198012143685
4664 0.022086194033186256
4678 0.030605414498721246
4728 0.02746198012143685
4799 0.01830278155217289
4881 0.01767004734520947
4899 0.010984955183174858
4906 0.02038184182376246
4922 0.007988397410425169
4925 0.02251196257297517
4928 0.008862284196433564
4962 0.01934785331136909
4965 0.020994296544680963
4990 0.010860014318119659
4998 0.016318738855835114
5044 0.05054476538186628
5045 0.02886968081701189
5049 0.025980270134664744
5059 0.025031987436044525
5070 0.02875339715017535
5105 0.02407023672952403
5106 0.035880305231588104
5126 0.030853723513349668
5134 0.02886968081701189
5174 0.030853723513349668
5178 0.02637008263293156
5241 0.030853723513349668
5247 0.005362398251249542
5258 0.1240709600256673
5306 0.02746198012143685
5314 0.02945273049719577
5374 0.013819140671754783
5377 0.0469877894575226
5390 0.02376083040487843
5391 0.038226967656780325
5393 0.04944727879923937
5487 0.04313009572526303
5619 0.02547793742509907
5633 0.02886968081701189
5643 0.030853723513349668
5663 0.008246614461357694
5790 0.5829623887686058
5796 0.02169452494408571
5808 0.02547793742509907
5893 0.02067849333761122
5918 0.02637008263293156
5938 0.009630269647261271
6044 0.024595923073316723
6088 0.021331896007706866
6105 0.02067849333761122
6109 0.00611224179178637
6207 0.011910963857447807
6210 0.022054642521133937
6519 0.028700160104814045
6563 0.010135176052734484
6734 0.013251170360581523
6949 0.015006055735511864
7055 0.030853723513349668
7099 0.027975640959141505
7105 0.03520510630553629
7170 0.013972067223118495
7242 0.014533748263060985
7439 0.04417238806637251
7491 0.007306495816606424
7534 0.030853723513349668
7566 0.010315759326572761
7580 0.016827507284772794
7598 0.02851195555109756
7658 0.02886968081701189
7671 0.007965585008401296
7693 0.007853091516818613
7714 0.02560621813056058
7862 0.01668799162402969
7865 0.013921892617972255
7892 0.012281440832993294
8017 0.20290379166970954
8074 0.011711211576774997
8166 0.02067849333761122
8308 0.02251196257297517
8355 0.017136176484724576
8666 0.015201811893976885
8731 0.02547793742509907
8737 0.05072912761942807
8795 0.058753961096629816
8819 0.01934785331136909
8931 0.009859426968668705
9094 0.027476551095952175
9103 0.017442104307268943
9273 0.02886968081701189
9340 0.030853723513349668
9347 0.01849469836060063
9392 0.015956109919456275
9402 0.012622969040807912
9422 0.02547793742509907
9647 0.06211613820539366
9666 0.02945273049719577
9685 0.02746198012143685
9708 0.1134571796430728
9712 0.024723639399619687
9781 0.01115666583196842
9917 0.019120219181062353
9928 0.021331896007706866
9932 0.010901307823694781
9970 0.02886968081701189
9999 0.0234938947287613
10079 0.021083283601481397
10087 0.02169452494408571
10110 0.013670848978773568
10141 0.0181181086405107
10162 0.012990135067332372
10228 0.0181181086405107
10242 0.031624925402222094
10316 0.009172623135630642
10331 0.011426087162182678
10335 0.011662522106681047
10633 0.02886968081701189
10648 0.020994296544680963
10664 0.01684825512728876
10684 0.016318738855835114
10732 0.008295062890522972
10749 0.015302707249360623
10785 0.014050360915356127
10817 0.03660556310434578
10853 0.01830278155217289
10884 0.011760390396473981
10930 0.015840553603252285
11000 0.013888298874364444
11067 0.030853723513349668
11102 0.027196710079873652
11117 0.030853723513349668
11179 0.04076368364752492
11218 0.013819140671754783
11225 0.04076368364752492
11232 0.018640933498371114
11303 0.017442104307268943
11356 0.06897792071173299
11365 0.037860827581794994
11411 0.017768441967000493
11490 0.02169452494408571
11498 0.02067849333761122
11502 0.015405726872792257
11511 0.024132636438036696
11525 0.025980270134664744
11576 0.010279105586860751
11636 0.012622969040807912
11676 0.02169452494408571
11726 0.0362362172810214
11732 0.02637008263293156
11733 0.008104082499928248
11745 0.016576337876912508
11764 0.04595667848203748
11799 0.02746198012143685
11849 0.011962202559884633
11922 0.0172867499456984
11936 0.02637008263293156
12057 0.04690439013627548
12238 0.01849469836060063
12325 0.04020430267369696
12354 0.00827077871476823
12499 0.02067849333761122
12526 0.0234938947287613
12735 0.03071325584055733
12774 0.030853723513349668
12819 0.02038184182376246
12822 0.018902705532897895
12834 0.004056010726997655
12837 0.02886968081701189
12850 0.017602553152768145
12854 0.015006055735511864
12928 0.013054100048389928
12935 0.017136176484724576
13033 0.021331896007706866
13043 0.012564366527543457
13142 0.030853723513349668
13149 0.02886968081701189
13303 0.02886968081701189
13310 0.04338904988817142
13450 0.032148050593539666
13487 0.016194852457193105
13616 0.020059881569083324
13674 0.03289168688060548
13716 0.04135698667522244
13754 0.012605824141506834
13770 0.013598355039936826
13824 0.014548409223881236
13827 0.023422423153549993
13861 0.020994296544680963
13912 0.009411365673367474
13940 0.02547793742509907
13965 0.027196710079873652
13972 0.02407023672952403
13975 0.01934785331136909
13990 0.01849469836060063
13997 0.04979690355527762
14041 0.019853842322220056
14044 0.01572847578914954
14115 0.030853723513349668
14161 0.01830278155217289
14163 0.007909395111349006
14180 0.017940152615794052
