12 0.03326939916328658
13 0.03842302997978058
150 0.04450706808938218
151 0.04733120434718105
153 0.04611731128002842
175 0.03135925220277992
230 0.0726461495593697
249 0.032188482504740004
338 0.03579318716411725
339 0.032188482504740004
392 0.06797465302547592
499 0.04450706808938218
599 0.03934522827498049
637 0.02878834214004034
661 0.06797465302547592
737 0.06797465302547592
739 0.06797465302547592
740 0.0726461495593697
763 0.0853194156265746
811 0.03842302997978058
1037 0.04733120434718105
1065 0.0828916294922693
1092 0.07406647071463522
1123 0.1366655513752483
1237 0.06797465302547592
1397 0.0218048526884837
1458 0.01993940352305408
1567 0.020738535832131977
1604 0.019762602180318868
1635 0.05022668032564318
1718 0.02166603982766789
1782 0.06797465302547592
1829 0.11997735390655073
1963 0.015188993474652633
2004 0.062089263424429546
2029 0.1452922991187394
2034 0.0800075382262711
2052 0.05300518750171873
2119 0.0726461495593697
2122 0.06797465302547592
2205 0.11997735390655073
2234 0.06934746348217347
2311 0.02701232158460872
2352 0.024820656946853252
2372 0.03556042514508826
2425 0.15022634834196388
2513 0.08140449054113487
2535 0.06466017348716913
2552 0.03842302997978058
2558 0.01763281080613503
2597 0.06647814919028018
2693 0.024288808919040842
2716 0.029583231647348305
2730 0.02361583936506632
2738 0.043546401217288824
2848 0.019762602180318868
2852 0.06336763623700495
2927 0.07438236595783294
2989 0.04450706808938218
3010 0.01688012995953066
3044 0.02679493158664066
3099 0.11671573215672824
3105 0.03966979419070304
3139 0.05667419741496857
3145 0.03842302997978058
3157 0.026064829474472462
3208 0.02690311386575981
3297 0.02712257436927321
3385 0.05022668032564318
3432 0.022579877302482496
3544 0.08103696475382616
3633 0.030202916769951668
3648 0.06757551069808693
3721 0.0436097053769674
3734 0.037943224518935
3742 0.03603074873667368
3817 0.14199361304154315
3893 0.040702245270567435
3940 0.027807211091916688
3956 0.04347047440259614
3968 0.12932034697433825
3995 0.03556042514508826
3999 0.059988676953275366
4114 0.04144581474613465
4126 0.05410328735222898
4224 0.06797465302547592
4393 0.05274416619663691
4404 0.024730293126166314
4542 0.05295269844475491
4593 0.0353322725792418
4652 0.12210673581170232
4799 0.04309452651367433
4808 0.020301359826759516
4881 0.02080236606783977
4893 0.09111036758349886
4922 0.018808955514440097
4974 0.05337551133777233
5002 0.060004470414385946
5038 0.03556042514508826
5063 0.03271626919836688
5158 0.062400669626470076
5181 0.039029555704412765
5390 0.01864856320610985
5520 0.028917073401923347
5793 0.02701232158460872
5840 0.19065667603913924
5858 0.06797465302547592
5903 0.026581567561658796
5923 0.06466017348716913
5991 0.05022668032564318
6102 0.04374978274543791
6109 0.014391482802943409
6173 0.16595154125814485
6191 0.05531718041938162
6210 0.05192841176448292
6245 0.02856385787429383
6294 0.057834146803846694
6315 0.0454492154574671
6429 0.10761245546303924
6519 0.02252517023269564
6632 0.31849595483287857
6655 0.04183640564527638
6696 0.06543253839673376
7085 0.037569207719548865
7099 0.013173921107173239
7201 0.06429482114691026
7406 0.030290283412229346
7586 0.0510805025858749
7724 0.05410328735222898
7815 0.062089263424429546
7833 0.037846843517120074
7840 0.2039239590764278
7891 0.019416936411549884
8097 0.02132615299469292
8115 0.019821235019716124
8244 0.07365499291960087
8250 0.01562986329286576
8264 0.040117593184545115
8293 0.08530461197877168
8556 0.05667419741496857
8644 0.04183640564527638
8688 0.02080236606783977
8728 0.05531718041938162
8744 0.020278391416366684
8816 0.0726461495593697
8875 0.030290283412229346
8920 0.06797465302547592
8923 0.03579318716411725
8997 0.009100923051395027
9094 0.016173620336525633
9221 0.05821265639784375
9233 0.062089263424429546
9310 0.12320409731950907
9334 0.09886358163667044
9338 0.048688221342768005
9339 0.05531718041938162
9350 0.13505763428855452
9423 0.04611731128002842
9497 0.10346926950212701
9500 0.027807211091916688
9535 0.042240704253442625
9611 0.043546401217288824
9657 0.04611731128002842
9719 0.07545167871610883
9743 0.06797465302547592
9799 0.06466017348716913
9827 0.02806056612558369
9838 0.062089263424429546
9845 0.0726461495593697
9906 0.025378249371867216
9932 0.02566750292586907
10050 0.04106803243983636
10066 0.0726461495593697
10110 0.032188482504740004
10125 0.11515336856016135
10162 0.030585718267992234
10240 0.06466017348716913
10382 0.029583231647348305
10446 0.05667419741496857
10493 0.030736326008366222
10508 0.042240704253442625
10567 0.046180135305780474
10574 0.09708521647027156
10595 0.0275744490728877
10616 0.02853511594498105
10747 0.0726461495593697
10806 0.03135925220277992
10945 0.03405080554667303
11000 0.051386461872831336
11095 0.06466017348716913
11150 0.034462325294578024
11186 0.048688221342768005
11365 0.01782892325302998
11502 0.03627331197116064
11673 0.062089263424429546
11876 0.025096080295435235
11879 0.05300518750171873
11880 0.03201779304093499
12027 0.062089263424429546
12039 0.062089263424429546
12064 0.04501063272554063
12078 0.02528342309108601
12215 0.04199201278395063
12231 0.02931212906689348
12254 0.036521092017181615
12262 0.03467373174108673
12282 0.06466017348716913
12377 0.03425472818124207
12386 0.06466017348716913
12406 0.027459808046663394
12424 0.1893248173887242
12581 0.047989745185336115
12618 0.05022668032564318
12682 0.062089263424429546
12775 0.062089263424429546
12782 0.05821265639784375
12881 0.06058056682445869
12910 0.0426597078132873
12948 0.07880625632712451
12994 0.06336763623700495
13006 0.03813133520782785
13022 0.025570275951609614
13075 0.0426597078132873
13079 0.016521460433087744
13495 0.062089263424429546
13514 0.10045336065128636
13578 0.06797465302547592
13654 0.06797465302547592
13754 0.01484042251021646
13757 0.05410328735222898
13761 0.0275744490728877
13827 0.0275744490728877
13918 0.02491173511345455
13919 0.051531114747372514
13973 0.050007078020296226
14065 0.023534416212920965
14072 0.017250324956976534
14090 0.027459808046663394
