51 0.1676405961375646
654 0.12730566093253742
811 0.10737459097887708
817 0.09043608667403244
1091 0.09350476768030785
1092 0.10349075804820679
1123 0.12730566093253742
1378 0.1180432241876781
1567 0.05795461221168049
1689 0.09358523759507402
1718 0.06054655673568994
1963 0.0424462090204728
2066 0.18069526751173895
2352 0.06936225198527697
2425 0.11994661026366636
2927 0.05196607428517714
3099 0.08154161714812552
3130 0.04568014332987183
3432 0.03155015482879852
3478 0.3915840784514039
3721 0.060934474454842985
3734 0.053016878357644966
3890 0.09297257736182553
3985 0.13771833408681983
3995 0.0993749349543264
4262 0.07312281245442774
4393 0.07369777025479322
4452 0.05707726143574309
4660 0.0808098406208884
4948 0.12437666249333454
4974 0.07457992903211494
5443 0.16267744042574542
5663 0.054261353317272665
5800 0.09244904092895109
5903 0.07428318240421079
5938 0.06336557460267393
5981 0.13410913358908993
6081 0.19031249331451994
6143 0.1676405961375646
6210 0.14511588431022288
6310 0.04580187043596512
6632 0.26701464900037963
6720 0.06987332273513694
6880 0.09459628852229987
7099 0.03681501410000982
7571 0.16689461658073068
7580 0.0369074009100582
7649 0.07673745820984307
7718 0.06787598282640712
7833 0.10576441640939899
7892 0.0808098406208884
8264 0.05605505554239632
8691 0.07227918040326621
8706 0.053016878357644966
8883 0.18069526751173895
9022 0.15458592476339028
9497 0.05257249716934922
9600 0.11085872008752232
9827 0.03920814953890694
10079 0.06936225198527697
10125 0.0804500963061335
10587 0.07255794215511144
10595 0.15411565367058547
10732 0.05458013593345081
10999 0.039385055375232854
11091 0.18069526751173895
11135 0.07974244625526722
11634 0.08384236577697426
11674 0.13606105127367166
11733 0.053323516686935794
11815 0.0777082889826509
12182 0.08424233093544854
12254 0.10205955437430088
12255 0.12887654717351585
12834 0.026687876842981913
12877 0.044138198017772655
12881 0.08464732723405498
12994 0.08854161196848866
13022 0.07145709026502907
13112 0.058132988187099846
13919 0.07200281148566909
14163 0.02602125300472455
