211 0.3812922959092495
1718 0.1215319784869897
2034 0.22439436306433694
3817 0.26549636916752994
4652 0.22831234669281184
4928 0.11704738648399653
5002 0.16829245366316944
5568 0.29170033725653044
5840 0.21389126240966325
6458 0.36270028467189047
8244 0.13771839995009424
8688 0.1166873469053027
8744 0.037916066633421085
9310 0.23036416782579236
10125 0.16148332623166226
10604 0.2442661574528742
11878 0.21892967805626098
12064 0.04207991932379373
12404 0.23929240107852948
12948 0.14735011296892525
13016 0.24690435793017088
