10 0.08283117936225662
303 0.13339501510545865
1015 0.16595379034841454
1604 0.05786899309676933
2477 0.3513185460921326
2565 0.06574140674472866
2659 0.06304101909881821
2760 0.10030494013719111
2793 0.05838670405349913
2995 0.09397109222773364
3151 0.08827185629717009
3249 0.0766204629115513
3257 0.09425454476421712
3656 0.13677151426325287
3758 0.062057368216607685
3841 0.05926761141829901
3855 0.14474652353605344
3865 0.060726728998366376
4184 0.10768282169247362
4820 0.1152109789318707
4863 0.15842563310901747
5063 0.09580001353656717
5158 0.0913610436242085
5350 0.09326221336341962
5421 0.182722087248417
5613 0.07573647778957171
5689 0.038672775945991895
6315 0.04436157262361943
6637 0.10550549623421894
6775 0.05445174404236467
6813 0.04600759835656245
7100 0.08007562108213435
7616 0.08142527446719926
7938 0.12889008850483472
8264 0.05873631169298736
8412 0.07722292240866195
8479 0.16595379034841454
9366 0.16711346133153576
9383 0.05962651730642037
9902 0.02335379643524871
9940 0.14256919807779878
10440 0.10621577163287241
10707 0.6068096563271883
10999 0.041268942937994116
11845 0.18933838261903033
12316 0.09580001353656717
12458 0.12618970085892428
12572 0.11082339796364774
14178 0.0937547306550984
