51 0.1551753404823284
149 0.0823867448717549
811 0.09939053605264787
1194 0.085097951706778
1447 0.1606090195936015
1689 0.0433132589674713
2099 0.1606090195936015
2215 0.09024913842421355
2425 0.05551386870544198
2542 0.10436920289955792
2690 0.5274990446419794
2770 0.07132803623641756
2816 0.09790008927059445
2980 0.17583301488065978
3099 0.07547842525003241
3459 0.14660163095912832
3523 0.0891452076124996
3897 0.10261559569318243
3995 0.09198571063474897
4081 0.13995134519527005
4393 0.06821782346020526
4589 0.1072097059218073
4973 0.18791697975579114
4984 0.12594395656079693
4989 0.1278673803201387
5228 0.0865520315234759
5663 0.05022664062307615
6051 0.17583301488065978
6062 0.08070727383398382
6632 0.0823867448717549
6813 0.04064257249818822
7201 0.027719038740408677
7448 0.09718191658190935
7649 0.07103148926820461
7733 0.100959462733668
7807 0.1606090195936015
7833 0.09790008927059445
8011 0.08371152850122651
8073 0.1505812302537035
8074 0.07132803623641756
8306 0.07349084059527293
8997 0.023541756626899345
9497 0.024331681395255995
9827 0.07258549652721746
10125 0.07446806664834456
10138 0.18791697975579114
10587 0.06716274958469658
10592 0.11929367079693864
10904 0.085097951706778
10924 0.051120789420583256
10999 0.03645649990860204
11213 0.06046067801387142
11828 0.1278673803201387
11957 0.05299382817314694
12021 0.18397142126949795
12064 0.019405162810838993
12182 0.2339349660008275
12256 0.08070727383398382
12377 0.0886082070587093
12407 0.07349084059527293
12678 0.07254464288900278
13659 0.10528628216246552
13761 0.07132803623641756
13919 0.06664889677918513
14065 0.06087750612898696
