16 0.08101883562678111
108 0.032593989128195035
205 0.08101883562678111
604 0.04939917311643525
916 0.09618070076267035
976 0.02905341664456324
981 0.04082813325896615
997 0.06862552013137352
1230 0.03509767340536959
1249 0.13911321790964257
1350 0.045796322771195636
1461 0.07066500289473937
1566 0.031557100921737795
1610 0.0536582965636977
1620 0.030593038845251976
1690 0.05034660012735211
1692 0.10069320025470423
1770 0.045448652430411816
1808 0.0371876086927084
1934 0.06938353386412405
1959 0.03272928327624966
2137 0.07052037415320724
2283 0.08101883562678111
2425 0.025579206536983624
2730 0.028147665674581483
2763 0.03509767340536959
2780 0.04651923941438869
2853 0.06593242257603264
3015 0.048090350381335176
3023 0.07400405303556971
3041 0.09456467644432828
3099 0.03477830447741064
3204 0.04238439052522384
3205 0.06448558616718374
3247 0.04939917311643525
3287 0.05986506699573807
3328 0.042944968153237256
3332 0.10199466112005873
3343 0.05034660012735211
3396 0.03610292048043656
3417 0.04413982969531174
3432 0.02691290482876145
3490 0.04238439052522384
3517 0.03610292048043656
3519 0.06413152147526711
3532 0.055671491381511666
3786 0.0835756653074663
3841 0.04824858942375713
3847 0.03446619456637658
3867 0.09456467644432828
3876 0.06754984807237172
3893 0.04851291433559978
3908 0.03070990972044714
3956 0.02590618019721384
4028 0.03663455764473974
4084 0.060882735821944124
4164 0.05641395570764666
4202 0.045796322771195636
4307 0.05304787407170972
4410 0.07150036875839515
4452 0.02434401531849769
4489 0.035650722432248476
4492 0.035759596474535645
4577 0.019277301600110076
4689 0.03681644434286132
4720 0.042112455996581
4843 0.05034660012735211
4852 0.14304120653683056
4881 0.024794293197300792
4922 0.022418351654766553
4956 0.048090350381335176
4985 0.14171921969409432
5051 0.03371561185694401
5247 0.030097683811406456
5279 0.0334265012848513
5390 0.022227180424226577
5455 0.03446619456637658
5474 0.03700077254600273
5689 0.03148274148127742
5727 0.05986506699573807
5803 0.08101883562678111
5886 0.09536080435788703
6044 0.023008371783957666
6109 0.017153175893377875
6151 0.04132754265689818
6245 0.017022598887829678
6606 0.018056939131584016
6637 0.08588993630647451
6648 0.06448558616718374
6693 0.06743122371388802
6755 0.04238439052522384
6775 0.02216404355462524
6837 0.05891763998482122
7100 0.032593989128195035
7266 0.07400405303556971
7284 0.19396401130071736
7418 0.02641171869363988
7468 0.05320143773220488
7479 0.023624885313946544
7486 0.03047715423392392
7492 0.05429712081337555
7496 0.060882735821944124
7502 0.05496711929879778
7540 0.03357029573955177
7580 0.01574137074063871
7627 0.026326159258304154
7649 0.03272928327624966
7717 0.0272067329862959
7747 0.05719886904732949
7862 0.023416290240584347
7892 0.03446619456637658
7968 0.06198190189000918
8011 0.07714376702589842
8085 0.037961461020961235
8115 0.023624885313946544
8238 0.06317676343208367
8268 0.43117220824986346
8274 0.12897117233436747
8428 0.05246343502162323
8433 0.019639377997665654
8506 0.07706831494075768
8727 0.06754984807237172
8738 0.05803138120398575
8744 0.016113179328010145
8751 0.04728233822216414
8975 0.05719886904732949
9028 0.03610292048043656
9105 0.07281115140565064
9124 0.07400405303556971
9225 0.05986506699573807
9375 0.08022301142727589
9383 0.16989268661318482
9647 0.02905341664456324
9652 0.02039349463247425
9676 0.037961461020961235
9719 0.06744801426247132
9725 0.08571284624545542
9730 0.044455527390807194
9781 0.03130966639058018
9783 0.02101650742968807
9784 0.07552774270755634
9827 0.08361331368881855
9873 0.05641395570764666
9890 0.029369114340058705
9899 0.039430428369246186
9902 0.03802372691342913
9905 0.04395271238348801
9906 0.03024827818663772
9971 0.12176547164388825
10013 0.05496711929879778
10030 0.047680402178943516
10033 0.04894889523763214
10040 0.029157844866051618
10058 0.07400405303556971
10162 0.03645504861867809
10207 0.0519028573936098
10242 0.029583685032892403
10440 0.08646815745065996
10459 0.07756308035996845
10487 0.07150036875839515
10516 0.04941206361296792
10567 0.013760499778348605
10574 0.07714376702589842
10597 0.06593242257603264
10616 0.034010940334937796
10636 0.11282791141529332
10754 0.04034625065977317
10836 0.039880706248049284
10924 0.04711000192982625
10930 0.022227180424226577
10974 0.06938353386412405
11000 0.01670383854708758
11218 0.038781540179984225
11317 0.029583685032892403
11338 0.1043349134322319
11339 0.0371876086927084
11412 0.12396380378001837
11561 0.06198190189000918
11581 0.04477865394498959
11714 0.029583685032892403
11734 0.05136426895355816
11797 0.09303847882877737
11904 0.07706831494075768
11919 0.04383122693407273
11926 0.06448558616718374
11929 0.04034625065977317
12008 0.06448558616718374
12023 0.08216949689464678
12064 0.026824035812887902
12082 0.07400405303556971
12183 0.04323407872532998
12245 0.033862482186883654
12270 0.04510956742591756
12303 0.05641395570764666
12406 0.03272928327624966
12414 0.05136426895355816
12441 0.0536582965636977
12611 0.025498665280014682
12645 0.06448558616718374
12735 0.021548144593991243
12807 0.02203863405335183
12834 0.011382642865848511
12877 0.0188253770704329
13030 0.04894889523763214
13057 0.038781540179984225
13059 0.08101883562678111
13122 0.039880706248049284
13174 0.04851291433559978
13179 0.07706831494075768
13273 0.07706831494075768
13350 0.08101883562678111
13413 0.08101883562678111
13582 0.06754984807237172
13616 0.08444299702374444
13661 0.048090350381335176
13674 0.046153024513125696
13709 0.03300393733058668
13723 0.0245673087740892
13738 0.0468954888392607
13787 0.04781606883293066
14072 0.02056062340875857
14163 0.011098321219679791
14212 0.1463153665579913
14225 0.06938353386412405
14247 0.05429712081337555
