1097 0.12098599480369465
1368 0.12018829772021397
1521 0.16114255920843565
1555 0.15893127520195166
1684 0.10476616995042975
1919 0.1012237156211596
2973 0.14622245876428297
3036 0.11940671683688153
3371 0.2084866833307654
3697 0.12348279256287069
4219 0.06425790368806435
4236 0.1321155332745502
4283 0.12018829772021397
4998 0.12901892601372275
5049 0.10270237730786046
5377 0.1857470171293531
5790 0.15893127520195166
5990 0.24393516596984635
6050 0.1447051294702687
6193 0.12708417597877697
6521 0.14048054324368597
6972 0.21711942404244491
7091 0.21711942404244491
7099 0.0884722081278563
7242 0.05745323239802457
7479 0.06655681386541108
7580 0.04434711400493571
7596 0.12615191549738208
7717 0.07664771444142696
7991 0.12708417597877697
8027 0.10270237730786046
8107 0.14048054324368597
8124 0.06244128179954448
8453 0.2084866833307654
9094 0.054308656206195405
9113 0.12803945754856105
9647 0.24555075947288138
10242 0.083344142924783
10331 0.27101018783878683
11225 0.16114255920843565
11343 0.13667219826024057
11365 0.059866921773152476
11631 0.12263249596361023
11965 0.11235325409201516
12854 0.23728122764897655
13754 0.04983197251402549
13982 0.0784840494197473
14040 0.08997346897781788
14162 0.16865386088132941
