13 0.06825151036632007
339 0.05717697299001303
483 0.04721731042404255
555 0.06988962757201056
654 0.0809204818162016
811 0.06825151036632007
898 0.12633322914397607
1121 0.12074458308094564
1133 0.03800135714784623
1230 0.05230702107303187
1451 0.11315000391351938
1519 0.07278175481405234
1655 0.04647973367581574
1718 0.1154573137001433
1829 0.10655895199032614
1909 0.07362093661730905
1963 0.026980478794482163
2046 0.05432995441868425
2425 0.11436416994723708
2462 0.05206765530778729
2873 0.06673485072558208
2927 0.0660633586668461
2969 0.060485050475542305
3099 0.05183105683882526
3153 0.06932889278004326
3391 0.0757771964255535
3432 0.02005451848268605
3490 0.06316661457198804
3734 0.03369961170356002
3893 0.07230012095554418
3905 0.06773336776376611
4052 0.05432995441868425
4188 0.05024729700805541
4319 0.09415405568342831
4391 0.07362093661730905
4393 0.18738079780938874
4451 0.11029026103562466
4589 0.07362093661730905
4652 0.07230012095554418
4685 0.05206765530778729
4899 0.045943487985282326
4914 0.1500658259253173
4928 0.07413125328442617
4962 0.0809204818162016
5002 0.10658700619571485
5312 0.10655895199032614
5426 0.06878311271261887
5663 0.03449064890177729
5793 0.047982466443184504
5962 0.123708232830281
5997 0.09826088975324958
6238 0.0757771964255535
6310 0.02911346908387371
6315 0.026910749460838032
6606 0.026910749460838032
6619 0.07294987519898521
6632 0.16972500587027908
6633 0.06316661457198804
6720 0.04441423028959045
6756 0.07362093661730905
6824 0.12904264531802223
7201 0.01903467206307546
7245 0.041660982968802746
7580 0.04691958931517249
7598 0.0397494775188865
7671 0.03331527102538972
7718 0.04314464253849433
7891 0.03449064890177729
8230 0.07905869528445576
8244 0.04361155723037956
8264 0.0356307965372286
8306 0.05046618187128914
8705 0.25808529063604446
8728 0.09826088975324958
8744 0.024013911148162412
8748 0.12904264531802223
8882 0.08407525866263006
9028 0.053805168238851904
9030 0.09610462994500513
9094 0.02872948897159329
9310 0.07294987519898521
9402 0.05279431884740148
9497 0.10025143666185528
9645 0.03312577393424116
9816 0.25808529063604446
9827 0.024922240916618394
10007 0.1148570142274027
10125 0.15341172986883891
10190 0.04857571202773337
10316 0.03836358854434307
10331 0.047788478833175066
10460 0.0802886466561295
10567 0.020507648571697436
10574 0.05748473126511273
10587 0.09224135982287736
10588 0.06316661457198804
10714 0.1006713831367832
10806 0.05570399648139105
10904 0.17531036546551654
11000 0.00829806223707657
11112 0.08191899885438562
11268 0.1148570142274027
11411 0.07431475016652135
11502 0.06443292809867492
11629 0.12904264531802223
11674 0.08648575204616371
11694 0.06932889278004326
11950 0.07818768980908712
12215 0.03729557894490156
12328 0.04981642762784811
12407 0.05046618187128914
12582 0.04524967443607003
12659 0.07431475016652135
12662 0.09610462994500513
12664 0.12904264531802223
12725 0.05811448986492467
12764 0.0397494775188865
12858 0.12904264531802223
12865 0.07610773185386584
12900 0.19192986577273802
12994 0.05628052868026107
12999 0.055990232470748344
13022 0.0454209351813049
13057 0.05779718832099907
13079 0.029347363511129185
13428 0.07362093661730905
13606 0.12904264531802223
13614 0.047982466443184504
13919 0.045767817038624
14057 0.12904264531802223
14065 0.041804601380128835
14141 0.12904264531802223
14163 0.04962039351225946
14189 0.050911102429272104
14246 0.07431475016652135
