13 0.06569699863194614
14 0.07294101395240259
339 0.05503695810015873
485 0.08205449246057808
576 0.0832487706625678
599 0.13454760905192742
637 0.049223282890118084
702 0.059654548200134376
763 0.07294101395240259
811 0.13139399726389228
818 0.07526128759426576
838 0.1162253650784885
1092 0.12664136138594703
1230 0.10069855665998308
1244 0.15219938630132845
1319 0.02292435308468306
1451 0.054457517587621275
1519 0.03502884273758851
1550 0.040946095230900134
1718 0.03704532905569975
1748 0.08452015094790195
1963 0.025970655725225326
2425 0.11008375750575188
2462 0.10023774305256532
2531 0.12421284814679055
2648 0.03524297046698885
2716 0.050582411904712736
2730 0.08075832474822862
2852 0.054174065831910076
2929 0.053079364373434135
3099 0.09978225688945208
3432 0.057911759003571525
3633 0.03442798035033449
3648 0.03851429933403213
3666 0.04637509671076636
3721 0.03728267598882585
3734 0.0648766109966826
3905 0.06519824902672218
3916 0.07222458746775569
3956 0.0371636450699003
3985 0.04213138845798061
4052 0.052296497498161405
4367 0.08205449246057808
4383 0.0354594512954629
4384 0.03460744576810864
4393 0.04509188130513209
4577 0.027654204097945754
4652 0.1391881563356538
4660 0.04944339196377177
4808 0.03471195294767544
4922 0.03216018948403516
4928 0.03567833751569757
4974 0.045631628962920744
5002 0.05129883838935962
5051 0.04836664544241636
5172 0.060802419885617465
5223 0.031885945280324735
5228 0.05721076595842014
5312 0.10257067258374757
5426 0.06620870421076898
5663 0.033199735823475074
5775 0.0832487706625678
5793 0.09237316552721607
5800 0.056564820969877756
5840 0.06519824902672218
6081 0.05822122114246694
6083 0.0695940781678269
6109 0.049214089909837395
6206 0.07021951346461866
6210 0.044394479020077704
6238 0.07294101395240259
6245 0.04883945208584777
6294 0.04944339196377177
6310 0.02802381263518964
6315 0.02590353621515972
6429 0.045999855705393465
6606 0.05180707243031944
6632 0.3267451055257276
6655 0.07153330400776901
6695 0.0757777280744807
6720 0.04275189824977185
6811 0.067828758326651
7202 0.07697537318771443
7239 0.07153330400776901
7242 0.02925543598039592
7406 0.051791352970905306
7468 0.05087999167345929
7598 0.03826173744965962
7627 0.0377661249663703
7668 0.14588202790480517
7833 0.06471181549388877
7862 0.033591779750240414
7865 0.02802381263518964
8011 0.11066639524934292
8078 0.054174065831910076
8244 0.04197926756966166
8264 0.03429721011004301
8344 0.03889931922128716
8463 0.040660589405310955
8658 0.023508952575159392
8683 0.11066639524934292
8706 0.0324383054983413
8716 0.050582411904712736
8728 0.09458318951544555
8744 0.011557560260432108
8875 0.051791352970905306
8995 0.04213138845798061
9099 0.0376441458946187
9204 0.03601129570349169
9270 0.07222458746775569
9310 0.07021951346461866
9338 0.0832487706625678
9497 0.0321664114677948
9584 0.056564820969877756
9629 0.09953397245723754
9757 0.0612004042729436
9765 0.03646417903154174
9827 0.023989453399877785
10023 0.11055815565204964
10079 0.042439200300952815
10125 0.19689313156047233
10190 0.0467576244027942
10506 0.05563396006440257
10567 0.0394801800847497
10587 0.08878895804015541
10595 0.047147727390876554
10714 0.1938069263146174
10847 0.15578359378838916
10904 0.11249924266230321
11097 0.03440008009391828
11102 0.054745107471096253
11112 0.15770588304292618
11150 0.05892485155186881
11163 0.08733917419498911
11213 0.03996441953648188
11232 0.07504583493612223
11359 0.03310293190805329
11378 0.07021951346461866
11411 0.14306660801553803
11502 0.06202133793715727
11636 0.05081833756464122
11722 0.06569699863194614
11908 0.11055815565204964
11976 0.059286321457661655
12057 0.0755322499327406
12064 0.025653568342987477
12078 0.04323045353529088
12231 0.05011887152628266
12245 0.0485773379015757
12262 0.059286321457661655
12398 0.059654548200134376
12424 0.0809284970207046
12581 0.08205449246057808
12582 0.04355607346367922
12641 0.06519824902672218
12682 0.10616232651094494
12764 0.07652347489931924
12865 0.024419726042923886
12877 0.027005896910570037
12881 0.10358270594181061
12894 0.06620870421076898
12900 0.1385597482908241
13079 0.056497905763366156
13614 0.046186582763608035
13754 0.025374657278831328
13761 0.047147727390876554
13806 0.0452701590571279
13832 0.04456652864772602
13919 0.04405482306890319
13965 0.054745107471096253
14072 0.029495190142357058
14198 0.04989112844472604
14246 0.07153330400776901
