576 0.17788272100935582
583 0.15744612198697355
604 0.15142254323872942
637 0.10517838795479693
682 0.17788272100935582
830 0.2362363480041793
1092 0.13530115686014965
2693 0.0887393152068197
2730 0.17256123346973884
3014 0.15142254323872942
3648 0.2468875507270513
4393 0.2890517113279516
4667 0.2362363480041793
5751 0.2268435120200737
6154 0.08718588268179603
6245 0.052179116643358545
6696 0.23905818802906467
6936 0.2377529450109123
7357 0.2126803040170872
7627 0.08069718048122468
7862 0.07177760269565804
8078 0.23151405508149267
8173 0.14493384103815807
8301 0.13931307152783842
9009 0.19766669852266194
10125 0.21035677590959387
10714 0.20705953450676753
11112 0.1684898850252502
11502 0.1325247720188019
11880 0.11697720700741746
12733 0.07890570824091947
12865 0.15653734993007565
