6 0.05196184681489217
19 0.10392369362978433
20 0.05196184681489217
21 0.05196184681489217
26 0.05196184681489217
27 0.05196184681489217
28 0.05196184681489217
35 0.05196184681489217
46 0.07185160080559332
94 0.05196184681489217
158 0.048620450350484797
183 0.05196184681489217
198 0.05196184681489217
199 0.05196184681489217
214 0.05196184681489217
216 0.05196184681489217
217 0.05196184681489217
218 0.05196184681489217
219 0.05196184681489217
220 0.05196184681489217
221 0.05196184681489217
222 0.05196184681489217
223 0.05196184681489217
224 0.05196184681489217
225 0.05196184681489217
226 0.05196184681489217
228 0.05196184681489217
229 0.05196184681489217
240 0.05196184681489217
241 0.05196184681489217
262 0.05196184681489217
338 0.025601908975487375
347 0.05196184681489217
355 0.05196184681489217
360 0.05196184681489217
373 0.05196184681489217
375 0.05196184681489217
376 0.05196184681489217
377 0.05196184681489217
378 0.05196184681489217
380 0.05196184681489217
397 0.05196184681489217
399 0.05196184681489217
411 0.05196184681489217
451 0.026488882265179786
454 0.05196184681489217
458 0.03482538186053347
469 0.05196184681489217
482 0.021562168719007416
489 0.05196184681489217
502 0.05196184681489217
514 0.04624969183010594
517 0.05196184681489217
546 0.048620450350484797
574 0.05196184681489217
613 0.10392369362978433
630 0.05196184681489217
711 0.05196184681489217
718 0.05196184681489217
768 0.05196184681489217
769 0.05196184681489217
770 0.05196184681489217
771 0.05196184681489217
775 0.048620450350484797
794 0.05196184681489217
803 0.05196184681489217
819 0.038698633673366116
826 0.05196184681489217
835 0.05196184681489217
841 0.05196184681489217
858 0.05196184681489217
859 0.05196184681489217
871 0.05196184681489217
880 0.05196184681489217
882 0.05196184681489217
883 0.05196184681489217
960 0.01788436237510025
1048 0.05196184681489217
1099 0.0550778339902855
1127 0.015901680973492583
1199 0.10392369362978433
1318 0.03524957016628671
1319 0.019179847191155168
1376 0.03653651661779779
1550 0.017128942454822813
1618 0.04375429164531348
1643 0.041637955387582894
1708 0.22205394329076175
1738 0.05196184681489217
1813 0.09249938366021188
1842 0.031147575516626298
2171 0.05196184681489217
2234 0.024801192467311346
2254 0.033854743916504955
2276 0.2369832074155347
2358 0.05196184681489217
2392 0.05196184681489217
2509 0.10392369362978433
2617 0.022545693135824947
2689 0.0405375368453197
2816 0.027070834410247734
2852 0.022662587261270604
2893 0.06042729083602084
2907 0.026488882265179786
3041 0.028374742246056836
3121 0.035357237208958746
3151 0.06468650615702225
3208 0.03848615487579991
3328 0.02577183041133986
3713 0.03592580040279666
3865 0.014833719730647536
3940 0.039779507981402284
4028 0.021984871509178567
4052 0.04375429164531348
4143 0.030513347452097585
4182 0.025112206648225326
4213 0.03298647868857988
4298 0.04732541932981242
4375 0.038698633673366116
4393 0.11317947203997579
4404 0.03537783381234953
4512 0.048620450350484797
4542 0.018937824108439968
4904 0.05196184681489217
5185 0.0553940529879296
5223 0.013338818237596929
5228 0.023932927239386278
5373 0.048620450350484797
5434 0.09982092969074477
5459 0.05087084106368013
5718 0.023023560192247147
5757 0.05196184681489217
6328 0.05196184681489217
6329 0.05196184681489217
6331 0.05196184681489217
6333 0.05196184681489217
6335 0.05196184681489217
6339 0.05196184681489217
6340 0.05196184681489217
6342 0.05196184681489217
6343 0.05196184681489217
6346 0.05196184681489217
6347 0.05196184681489217
6351 0.05196184681489217
6353 0.05196184681489217
6364 0.05196184681489217
6369 0.05196184681489217
6370 0.05196184681489217
6380 0.05196184681489217
6381 0.05196184681489217
6392 0.05196184681489217
6393 0.05196184681489217
6394 0.05196184681489217
6395 0.05196184681489217
6433 0.03719614038091233
6500 0.04624969183010594
6632 0.1822493069936349
6761 0.048620450350484797
6775 0.05320371594466239
6855 0.031483985396126096
6987 0.07307303323559558
7026 0.029113226875747234
7109 0.048620450350484797
7327 0.028613625571115537
7382 0.09249938366021188
7640 0.03432578055590177
7780 0.05196184681489217
7794 0.05196184681489217
7927 0.0395668989012912
7965 0.04193236309510145
8071 0.12491386616274867
8112 0.05196184681489217
8115 0.014177599005914907
8167 0.048620450350484797
8174 0.048620450350484797
8687 0.05196184681489217
8744 0.03384404506752171
8875 0.04333165835195813
8938 0.05196184681489217
8939 0.22284300376378577
8996 0.009053551449193608
9028 0.021665829175979066
9099 0.01574764101811774
9278 0.05196184681489217
9418 0.05196184681489217
9610 0.05196184681489217
9697 0.3637329277042452
10276 0.038698633673366116
10440 0.025945329402129944
10447 0.0405375368453197
10506 0.30255294519153264
10614 0.015064572295607316
10697 0.04441078865815235
10713 0.04624969183010594
10768 0.10392369362978433
10785 0.02366270966490621
10856 0.049910464845372385
11035 0.05196184681489217
11073 0.03220103724996602
11174 0.048620450350484797
11199 0.05196184681489217
11219 0.03791319223475226
11359 0.05539167654854278
11594 0.0395668989012912
11684 0.048620450350484797
11876 0.017950554680119975
11978 0.029924461442363656
12007 0.024501490433224186
12087 0.05196184681489217
12215 0.06007152612941784
12498 0.05196184681489217
13320 0.05196184681489217
13336 0.017617728895542476
13469 0.04441078865815235
13503 0.08584087671334661
13675 0.03791319223475226
13745 0.09724090070096959
13754 0.010614957101256118
13822 0.013530922453113724
13918 0.01781869750440944
13931 0.05196184681489217
14072 0.09870956667169059
14074 0.031483985396126096
14097 0.05196184681489217
14189 0.143503291439916
