14 0.06331057718883608
339 0.047770402346100985
440 0.07580774148669378
638 0.06331057718883608
765 0.07122079879512126
917 0.07985294575729458
931 0.051778329829007666
968 0.03445205150950003
1127 0.09898074299632521
1178 0.1078129667291735
1307 0.05347264704785978
1319 0.03979527968774978
1519 0.060807935941796704
1601 0.07225739587809238
1604 0.029329355847102882
1618 0.04539176606077416
1620 0.11427816845431563
1643 0.08639245473441705
1940 0.0664200441130793
2479 0.04109463734542578
2541 0.08639245473441705
2570 0.07336091521967347
2614 0.06681227805553061
2719 0.1078129667291735
2730 0.03504788236115142
2739 0.1078129667291735
2760 0.050836883883335925
2929 0.04607127065016578
3130 0.024259170199379853
3157 0.11604716602232244
3165 0.04539176606077416
3222 0.07225739587809238
3355 0.1253774816673926
3383 0.07122079879512126
3497 0.06760770590418445
3536 0.10992084221034046
3577 0.15435272189716107
3721 0.03236022654603058
3865 0.03077772307607512
3899 0.07225739587809238
3938 0.049944579768465586
3940 0.04126822883893986
4213 0.20532585044755594
4264 0.08209532601906869
4383 0.03077772307607512
4393 0.039138378770293566
4452 0.15155895962116248
4542 0.07858623685180559
4593 0.052436049964888674
4701 0.06931899445470045
4922 0.08374219311231018
4968 0.1078129667291735
4974 0.039606863288115336
5051 0.04198077424102364
5063 0.04855368197737162
5208 0.05347264704785978
5301 0.08209532601906869
5341 0.05746713750434007
5373 0.10088007484930128
5390 0.11070411503883454
5434 0.051778329829007666
5588 0.06681227805553061
5661 0.04584175559004566
5689 0.019600265126759206
5798 0.02968010897207564
5840 0.11318018639764987
5842 0.215625933458347
5851 0.1078129667291735
6044 0.02864872408705607
6054 0.05114497537626317
6067 0.0435016530816619
6109 0.02135816510617927
6279 0.07454059778405667
6304 0.047021438154428864
6327 0.1078129667291735
6383 0.1078129667291735
6632 0.23633732820010597
6633 0.052774647469917876
6646 0.215625933458347
6682 0.09596110977881311
6693 0.04198077424102364
6695 0.032886379298104194
6789 0.037663446332248086
6905 0.1078129667291735
6958 0.1078129667291735
7099 0.019551201634708474
7201 0.01590314938739459
7285 0.215625933458347
7422 0.029591743838725294
7431 0.05210402758597304
7475 0.04965720131895272
7580 0.03920053025351841
7862 0.02915664109325047
7910 0.1078129667291735
8102 0.09596110977881311
8115 0.08824911566573844
8401 0.039138378770293566
8404 0.07580774148669378
8463 0.035292152447569836
8498 0.057022992656461186
8559 0.1078129667291735
8691 0.0383850139569918
8706 0.028155460595432773
8737 0.044316026766323506
8795 0.058658711694205765
8859 0.09596110977881311
8939 0.06605221447025379
8995 0.03656876120178969
8996 0.01878474883023259
9021 0.07225739587809238
9134 0.1151550418709754
9276 0.06760770590418445
9310 0.060948397704825456
9497 0.02791946486305468
9553 0.06331057718883608
9783 0.02616856717547056
9890 0.03656876120178969
9902 0.02367249780499296
10048 0.08218927469085156
10049 0.1078129667291735
10125 0.085448618878161
10129 0.1078129667291735
10327 0.04584175559004566
10331 0.03992647287864729
10396 0.09123056110795942
10493 0.04561528055397971
10506 0.19315432742826388
10606 0.07866413500589096
10708 0.052774647469917876
10992 0.050836883883335925
11000 0.0693289187987222
11047 0.04882295707395185
11314 0.09355780107654722
11359 0.02873233606416793
11409 0.1078129667291735
11584 0.1078129667291735
11636 0.044108768286303376
11733 0.028318305781057557
11849 0.04179983482507264
11930 0.04584175559004566
12057 0.03277984552513697
12064 0.04453303102716996
12245 0.04216364887459286
12378 0.023813370993679774
12733 0.09615640515931
12764 0.0664200441130793
13043 0.0439039920034637
13079 0.04903846039449472
13336 0.03655412068060578
13614 0.0801770925491133
13676 0.03331927875574044
13786 0.023135499275916915
14252 0.1078129667291735
