149 0.036503742514119863
302 0.07116230051103822
316 0.08326185302883854
353 0.08326185302883854
599 0.0450947040398923
917 0.03083443687374471
968 0.026606647941817167
995 0.03228119779485829
997 0.032995151522091974
1107 0.02193300876298514
1319 0.015366559464624924
1399 0.05353370845357117
1620 0.029418267440099365
1660 0.038571225581011934
1716 0.11920359892781827
1722 0.06200934237012567
1881 0.05580297860610085
2133 0.08326185302883854
2179 0.04990978985232534
2192 0.07116230051103822
2477 0.1375095152096434
2479 0.03173658752498084
2485 0.0328492392383573
2659 0.024674871483519694
2730 0.02706679649634926
2760 0.07852066931747062
2786 0.05960179946390914
2793 0.022853127050628492
2798 0.15581543149146854
2972 0.04665002046518829
2995 0.14712481854080764
3036 0.04075683171141277
3093 0.08326185302883854
3147 0.03228119779485829
3151 0.03455046794738796
3165 0.03505517628473642
3168 0.04665002046518829
3214 0.041295883182084
3225 0.040238925044810275
3232 0.038131020574290776
3249 0.05997999722646482
3250 0.1311102782649016
3251 0.04274843700845362
3281 0.027937766667172553
3323 0.04889352489770058
3328 0.041295883182084
3353 0.03488478776170599
3527 0.05795612486675642
3656 0.05353370845357117
3841 0.06959376842826741
3855 0.056655205087021376
3865 0.02376903570198327
4044 0.06340062032171742
4190 0.0424448620911894
4213 0.05285638422921309
4304 0.040238925044810275
4489 0.051422604285063
4724 0.06495593674701342
4863 0.06200934237012567
4887 0.06093180671017466
4985 0.054510883046979305
5053 0.043377361933719584
5063 0.07499412464855143
5350 0.036503742514119863
5390 0.06412097289191537
5421 0.1072788182481892
5426 0.08876150062531722
5528 0.03083443687374471
5571 0.029418267440099365
5596 0.05353370845357117
5663 0.022254312383721567
5689 0.030273805532315404
5697 0.10414970955658678
5730 0.04102360699319489
5749 0.05424766218080486
5754 0.05424766218080486
5954 0.050448841322996575
6067 0.0671909577350821
6207 0.032142925041171444
6245 0.016368931806375015
6310 0.01878480852625999
6315 0.03472710685653098
6576 0.07410889488792599
6637 0.041295883182084
6712 0.04706925971891657
6789 0.05817349115255589
6813 0.01800782400002242
6858 0.05500243488125121
6923 0.04274843700845362
7099 0.015099011987449501
7100 0.031342381316321805
7245 0.026880808529898822
7330 0.050448841322996575
7362 0.07116230051103822
7453 0.1072788182481892
7513 0.06200934237012567
7551 0.047502246946108814
7566 0.027838106365293068
7633 0.04286930094992577
7671 0.021495926349740735
7693 0.10596175716238258
7938 0.050448841322996575
7965 0.03359547886754105
8027 0.03505517628473642
8115 0.022717690711369767
8154 0.08429621932600907
8264 0.02298996690025888
8302 0.08326185302883854
8488 0.05285638422921309
8700 0.04706925971891657
8706 0.04348782698736056
8715 0.037497062324275715
8744 0.007747216959704723
8795 0.022650489918400442
8906 0.04546669842276012
8939 0.051010837938136704
8968 0.037916301578004005
8996 0.014507095424016844
9164 0.05756625094056044
9366 0.1635246082815579
9383 0.023338402084514633
9392 0.043059155516543594
9497 0.010780829294452817
9531 0.03022580715309641
9620 0.07410889488792599
9652 0.019610385296178874
9725 0.04121073827702251
9902 0.03656361739893541
9905 0.021132465038135505
9906 0.05817349115255589
9989 0.040238925044810275
10006 0.07116230051103822
10068 0.025397509806475396
10172 0.11920359892781827
10266 0.05285638422921309
10331 0.03083443687374471
10361 0.02803818484934721
10382 0.10171859212689309
10440 0.041573891920366104
10451 0.029873654888641764
10548 0.043377361933719584
10567 0.03969629149655857
10613 0.04049533945723437
10707 0.47502246946108817
10710 0.08326185302883854
10738 0.07410889488792599
10999 0.008076533960051433
11000 0.03747896098172995
11097 0.023058922290995747
11314 0.07225286641545427
11845 0.07410889488792599
12281 0.07790771574573427
12293 0.16652370605767708
12378 0.018390602317600955
12458 0.04939188318572284
12572 0.08675472386743917
12614 0.03046590335508733
12645 0.06200934237012567
12649 0.08326185302883854
12659 0.04794991447199968
12770 0.041573891920366104
12877 0.01810248338257709
12903 0.02137365763063846
12928 0.03522779217174604
13071 0.05500243488125121
13112 0.023842193381179405
13524 0.15479346069630587
13666 0.07583260315600801
13786 0.017867095201072405
13918 0.057104120185053495
14008 0.3437737880241085
14035 0.07116230051103822
14088 0.04102360699319489
14109 0.05960179946390914
14121 0.16652370605767708
14161 0.04939188318572284
14163 0.021344292303106166
14189 0.0328492392383573
