11 0.03535323507239094
12 0.025935860310339297
13 0.0898604450321961
14 0.13302509219297967
31 0.04676543564932004
79 0.01662525140032134
81 0.03595172059996691
129 0.0504071990893104
130 0.04676543564932004
148 0.0504071990893104
149 0.02482902247020216
153 0.03595172059996691
163 0.045380901446947175
272 0.03982088083848347
337 0.01886757325894615
406 0.026865830982483893
409 0.05663283481040483
440 0.03982088083848347
486 0.033947513552812274
499 0.03469642163128694
589 0.05299107137041447
599 0.030672400767140846
637 0.022442557998891777
661 0.05299107137041447
678 0.05663283481040483
682 0.03795592764712155
704 0.036412421263185044
705 0.08435471264212267
757 0.04418156336821597
791 0.05663283481040483
811 0.05990696335479739
830 0.0504071990893104
839 0.04676543564932004
840 0.045380901446947175
968 0.03619448385866769
1037 0.03689803648823527
1083 0.0652289010316704
1092 0.0866101140889156
1123 0.1065405068575872
1127 0.0173311251808984
1133 0.03335524588203097
1237 0.05299107137041447
1397 0.016998431821399117
1402 0.0255046562049327
1451 0.04965804494040432
1458 0.015544181663974806
1460 0.021862892764942344
1550 0.018668708446345925
1609 0.045380901446947175
1615 0.05580666472479019
1618 0.047687480774550615
1635 0.039155265725852754
1646 0.048402992042155764
1647 0.039155265725852754
1661 0.03795592764712155
1672 0.0311857801372706
1709 0.03853559288107098
1718 0.0337804346685491
1782 0.05299107137041447
1829 0.09353087129864009
1852 0.05663283481040483
1871 0.01689021733427455
1885 0.0504071990893104
1923 0.045380901446947175
1940 0.01744481902536297
1942 0.017735514099901768
1963 0.011840899532924712
2022 0.05299107137041447
2034 0.1247431205490824
2052 0.04132130947182738
2058 0.026865830982483893
2078 0.0504071990893104
2111 0.06134480153428169
2122 0.10598214274082894
2182 0.03155740792738567
2205 0.09353087129864009
2234 0.054061274654300974
2315 0.045380901446947175
2372 0.027721877831717843
2382 0.02509320898004058
2390 0.04418156336821597
2425 0.11711211153548978
2462 0.022850887121415763
2479 0.04317302229931565
2488 0.026865830982483893
2530 0.04676543564932004
2535 0.1008143981786208
2564 0.055443755663435686
2567 0.0504071990893104
2597 0.06909925374673453
2614 0.035095673750732956
2648 0.01606846114925452
2693 0.018934852178632968
2716 0.023062230843673544
2730 0.018410224599417307
2854 0.039155265725852754
2857 0.031730291926027124
2927 0.028993169422244478
3010 0.026318521143230147
3020 0.028668193719986204
3045 0.04132130947182738
3099 0.06824115406425124
3139 0.04418156336821597
3145 0.029953481677398697
3157 0.02031938638100584
3208 0.020972888620888752
3216 0.029953481677398697
3220 0.018668708446345925
3222 0.03795592764712155
3236 0.040019284215699814
3297 0.021143973675200205
3332 0.016677622941015484
3355 0.03292963000475833
3385 0.039155265725852754
3421 0.023500449157778058
3432 0.01760261857052229
3454 0.02509320898004058
3467 0.03145391031074261
3476 0.0504071990893104
3507 0.045380901446947175
3511 0.05663283481040483
3544 0.02105802379651891
3633 0.007848439807660649
3642 0.03201544901224051
3648 0.017559970522897022
3693 0.026865830982483893
3721 0.05099529546419735
3734 0.014789719616170609
3742 0.028088528486036768
3756 0.021143973675200205
3817 0.1106941094647058
3865 0.01616716207417094
3893 0.06346058385205425
3940 0.021677696641300672
3954 0.05663283481040483
3968 0.1008143981786208
4134 0.03741141585836503
4136 0.04418156336821597
4141 0.039155265725852754
4182 0.02736960939629463
4191 0.03145391031074261
4356 0.04053979992822562
4393 0.08223564963991721
4404 0.038558040967676545
4452 0.015922414130061308
4464 0.05663283481040483
4542 0.04128039052277894
4652 0.1269211677041085
4661 0.03982088083848347
4699 0.05663283481040483
4767 0.048402992042155764
4799 0.03359524511738905
4817 0.019933846773812946
4841 0.029953481677398697
4893 0.07102700457172478
4922 0.014662917127287059
4928 0.016266959698472853
4997 0.02509320898004058
5002 0.046777747774320276
5051 0.02205198803940766
5063 0.0255046562049327
5114 0.0504071990893104
5181 0.030426311571064082
5208 0.028088528486036768
5228 0.026084321438882133
5231 0.028870038029638535
5247 0.019685650856320184
5288 0.04053979992822562
5315 0.05663283481040483
5390 0.058151519710753746
5490 0.05663283481040483
5517 0.03689803648823527
5520 0.045085826326778974
5548 0.023727845956304273
5568 0.04053979992822562
5613 0.020163179073646342
5689 0.020591559825123125
5713 0.0504071990893104
5793 0.04211604759303782
5840 0.14863042439436244
5841 0.05299107137041447
5858 0.05299107137041447
5903 0.02072222043221666
5923 0.0504071990893104
5925 0.03469642163128694
5991 0.039155265725852754
6108 0.04053979992822562
6139 0.05299107137041447
6172 0.042177356321061336
6173 0.0862473444186594
6191 0.0431236722093297
6210 0.0809637725677738
6238 0.03325627304824492
6245 0.01113377828250034
6250 0.034314164207131195
6294 0.09017165265355795
6310 0.012777003147459328
6315 0.011810297480215892
6412 0.023727845956304273
6420 0.031730291926027124
6429 0.020972888620888752
6519 0.017559970522897022
6528 0.01949203506346878
6606 0.011810297480215892
6632 0.17380315729141513
6633 0.027721877831717843
6695 0.06909925374673453
6696 0.0255046562049327
6720 0.01949203506346878
6723 0.022245150189098086
6737 0.023961149820996196
6758 0.03145391031074261
6775 0.014496584711122239
6836 0.03689803648823527
6914 0.05663283481040483
6986 0.0504071990893104
7170 0.025646103124777612
7201 0.058476111147070485
7352 0.03741141585836503
7374 0.027030637327150487
7406 0.023613427927700534
7418 0.03454962687336727
7422 0.015544181663974806
7566 0.018934852178632968
7580 0.020591559825123125
7586 0.03982088083848347
7598 0.01744481902536297
7617 0.0326144505158352
7627 0.017218852546734862
7633 0.014579365884961637
7693 0.014414559540295045
7732 0.027721877831717843
7736 0.033947513552812274
7815 0.048402992042155764
7833 0.11801721357571143
7840 0.05299107137041447
7851 0.020009642107849907
7891 0.04541064429384935
8011 0.025228274589648183
8042 0.029726084878872485
8078 0.07409936170952777
8089 0.036412421263185044
8097 0.01662525140032134
8115 0.015452060920206246
8157 0.06290782062148521
8163 0.045380901446947175
8244 0.11483859976827339
8264 0.03127451408769583
8293 0.03325050280064268
8344 0.017735514099901768
8433 0.0128453053304661
8499 0.03018678554209062
8502 0.035095673750732956
8556 0.04418156336821597
8582 0.048402992042155764
8644 0.0326144505158352
8658 0.03215557764639448
8691 0.020163179073646342
8706 0.04436915884851183
8728 0.0431236722093297
8744 0.021077929080793343
8795 0.015406352456258874
8798 0.05299107137041447
8875 0.0708402837831016
8877 0.045380901446947175
8920 0.05299107137041447
8996 0.00986739916108478
8997 0.028379264416245106
9094 0.012608486125697526
9204 0.016418766587449684
9233 0.048402992042155764
9242 0.03359524511738905
9287 0.03145391031074261
9310 0.06403089802448102
9311 0.0431236722093297
9334 0.07707118576214196
9338 0.03795592764712155
9339 0.0431236722093297
9358 0.05299107137041447
9417 0.04132130947182738
9423 0.03595172059996691
9474 0.0504071990893104
9497 0.10999315454950001
9503 0.045380901446947175
9535 0.03292963000475833
9546 0.048402992042155764
9584 0.05157962658229218
9611 0.16973756776406138
9654 0.019420467403683188
9662 0.04053979992822562
9695 0.026388814794740766
9719 0.04411495808258572
9725 0.014015307420849023
9758 0.021956942773841553
9799 0.0504071990893104
9827 0.021875204889942563
9838 0.048402992042155764
9867 0.026703994283663896
9880 0.033947513552812274
9902 0.0062174370041570715
9932 0.020009642107849907
9941 0.029504303393927858
10048 0.021586511149657824
10061 0.04676543564932004
10079 0.01934946550206485
10110 0.02509320898004058
10125 0.201983021990026
10180 0.028668193719986204
10237 0.048402992042155764
10242 0.01934946550206485
10250 0.0504071990893104
10301 0.0431236722093297
10402 0.0504071990893104
10427 0.04676543564932004
10493 0.04792229964199239
10508 0.03292963000475833
10567 0.018000348195722743
10574 0.025228274589648183
10587 0.0404818862838869
10595 0.04299248422124683
10616 0.022245150189098086
10772 0.05299107137041447
10817 0.03359524511738905
10856 0.05439704868396636
10861 0.045380901446947175
10890 0.04132130947182738
10904 0.07693830937433284
10925 0.029726084878872485
10945 0.026545022102100267
10999 0.0054934762674786215
11000 0.054626451599855304
11087 0.03230995715997655
11090 0.03853559288107098
11095 0.0504071990893104
11097 0.015684158945629224
11133 0.039155265725852754
11176 0.048402992042155764
11179 0.03741141585836503
11186 0.03795592764712155
11187 0.05663283481040483
11213 0.07288451729980797
11269 0.04676543564932004
11270 0.1008143981786208
11314 0.02457238518861335
11325 0.018346749467518925
11365 0.02779782470400742
11406 0.048402992042155764
11411 0.0326144505158352
11502 0.05655524752100418
11576 0.01886757325894615
11673 0.048402992042155764
11674 0.03795592764712155
11694 0.060852623142128165
11699 0.0862473444186594
11806 0.05663283481040483
11815 0.021677696641300672
11876 0.019564177570051664
11905 0.01978414841215552
11957 0.015970833081720592
11975 0.0431236722093297
12014 0.0862473444186594
12027 0.09680598408431153
12039 0.048402992042155764
12064 0.04093715038174839
12170 0.10923726378955513
12173 0.02509320898004058
12215 0.049103636003578664
12231 0.022850887121415763
12247 0.04132130947182738
12254 0.028470785910192514
12282 0.0504071990893104
12338 0.04676543564932004
12354 0.01518123556478417
12378 0.012508872973987322
12386 0.0504071990893104
12392 0.042177356321061336
12404 0.03325627304824492
12406 0.021406871285878596
12407 0.0664441495534672
12424 0.1106941094647058
12523 0.01744481902536297
12582 0.019858685717787705
12614 0.02072222043221666
12618 0.039155265725852754
12621 0.04132130947182738
12641 0.08917825463661745
12648 0.020478358562569472
12763 0.020888552848381484
12764 0.01744481902536297
12782 0.045380901446947175
12807 0.014414559540295045
12834 0.007444916183030585
12881 0.023613427927700534
12894 0.03018678554209062
12908 0.05663283481040483
12910 0.03325627304824492
12928 0.023961149820996196
12942 0.03982088083848347
12947 0.035095673750732956
12948 0.061435075687708424
12994 0.024699787236509257
13016 0.034314164207131195
13022 0.019933846773812946
13079 0.012879652193665634
13112 0.01621692227779735
13129 0.035095673750732956
13336 0.028802149791656424
13495 0.048402992042155764
13514 0.07831053145170551
13525 0.0431236722093297
13545 0.034314164207131195
13578 0.05299107137041447
13654 0.05299107137041447
13754 0.01156916370152343
13757 0.042177356321061336
13761 0.021496242110623415
13775 0.024322877650428273
13787 0.015637257043847917
13822 0.014747252899794328
13827 0.021496242110623415
13870 0.03689803648823527
13918 0.038840934807366376
13919 0.020086082516313924
13973 0.03898407012693756
14065 0.05504024840255678
14072 0.026895707746103212
14083 0.025935860310339297
14084 0.03325627304824492
14090 0.021406871285878596
14094 0.03689803648823527
14163 0.0072589531470560196
14168 0.04418156336821597
