390 0.0371084465664127
436 0.05531261676779748
914 0.08145719160886226
968 0.024224929465844695
976 0.025436891878506177
1034 0.1418674703339268
1085 0.03377051458258787
1086 0.03735134121434186
1175 0.044079532523053216
1375 0.03785236688191153
1470 0.05007884151215724
1524 0.03811093332369274
1612 0.04874158947676459
1625 0.04105801027767211
1652 0.050807723831764566
1660 0.035118486971921145
1824 0.06747496923992795
1838 0.07192508815799802
1868 0.05330414619790507
1930 0.05330414619790507
2044 0.03687036203102933
2210 0.0709337351669634
2424 0.03837518299703702
2467 0.057725255685835496
2478 0.04812489655112948
2552 0.040095666716777154
2564 0.0371084465664127
2575 0.07523392019973651
2576 0.050807723831764566
2597 0.02312402843888441
2779 0.04247410112768288
2848 0.020622910553782514
2934 0.03452218909129184
2935 0.07281577340153907
3010 0.017614958147480576
3044 0.22369097849121247
3060 0.05158366247816494
3071 0.04497052349382338
3145 0.040095666716777154
3292 0.05531261676779748
3297 0.02830327808566
3313 0.04497052349382338
3321 0.018708700569794828
3396 0.03160888428352956
3422 0.04812489655112948
3432 0.035344241538309944
3437 0.0772907427192682
3443 0.1049739086410475
3586 0.05531261676779748
3731 0.0626001124628817
3751 0.0314576511429661
3758 0.08846212698355688
3794 0.06074677793121659
3840 0.03255855216992639
3867 0.041396705242418126
3908 0.08066156170694769
3986 0.08211602055534423
4241 0.03687036203102933
4277 0.050807723831764566
4421 0.03239497310034945
4450 0.03191718005092274
4489 0.0468194627327645
4507 0.05531261676779748
4542 0.02762892137491732
4545 0.0626001124628817
4765 0.07580859194400964
4778 0.04753829845008868
4779 0.04753829845008868
4824 0.0386453713596341
4830 0.04812489655112948
4881 0.02170793758887364
4947 0.057725255685835496
5026 0.049391632981753794
5049 0.03191718005092274
5051 0.029518744177829834
5063 0.034140478423601184
5215 0.0709337351669634
5247 0.013175585134622655
5390 0.05838112523549637
5537 0.040095666716777154
5548 0.03176204401269546
5823 0.20047833358388573
5947 0.06074677793121659
5962 0.04844985893168939
6006 0.05007884151215724
6044 0.020144324935309228
6120 0.04105801027767211
6416 0.0709337351669634
6429 0.028074263996687845
6495 0.04644455602777442
6528 0.026091996581695923
6592 0.0709337351669634
6606 0.015809239029132255
6693 0.029518744177829834
6723 0.029777310619611044
6734 0.03255855216992639
6740 0.050807723831764566
6775 0.019405097389638845
6890 0.2930952063179335
6892 0.06747496923992795
7064 0.034140478423601184
7089 0.27866733616664646
7099 0.013747410090882962
7170 0.03432981896896075
7242 0.017854943683128455
7262 0.05330414619790507
7263 0.06747496923992795
7418 0.02312402843888441
7436 0.043250039774083246
7468 0.13973701295765636
7692 0.042855811795373525
7717 0.023820080571119347
7733 0.04072859580443113
7851 0.02678486426783945
7862 0.020501466327779556
7888 0.0709337351669634
7918 0.046978994063715786
8097 0.02225452608178428
8124 0.019405097389638845
8250 0.06524105878680767
8268 0.025166703515909102
8293 0.02225452608178428
8484 0.033954073509106605
8658 0.057391183581756766
8716 0.030871053041925292
8744 0.007053717733096179
8784 0.0626001124628817
8802 0.0626001124628817
8872 0.03306308253833644
8981 0.027305416401007816
8997 0.009497105711751405
9105 0.106246218159317
9126 0.025436891878506177
9163 0.4714139297491088
9168 0.03663690078974169
9367 0.03471768731983226
9383 0.04249848726372679
9385 0.03471768731983226
9457 0.05803543702052035
9497 0.029447320438020737
9725 0.03752172126978853
9730 0.03892177148994766
9758 0.02939151678796612
9827 0.029282102630832543
9867 0.03574590981897153
9900 0.0524131552271349
9902 0.016645295838135704
9905 0.03848154612394198
9920 0.04247410112768288
9981 0.04544206927049439
10003 0.05660655617132
10040 0.025528321035068444
10068 0.02312402843888441
10131 0.06479214195929286
10159 0.041396705242418126
10242 0.025901153270738775
10322 0.03811093332369274
10432 0.034916417070001565
10459 0.033954073509106605
10483 0.04874158947676459
10489 0.03452218909129184
10516 0.028840883787578805
10557 0.04365763393109883
10573 0.06074677793121659
10583 0.03176204401269546
10624 0.035324011227017144
10797 0.029777310619611044
10924 0.08249164221513006
10930 0.07784150031399516
10999 0.007353555620332031
11000 0.024374283885231142
11055 0.0709337351669634
11097 0.04198956345641901
11255 0.014979746280162288
11272 0.041745218808075545
11338 0.03044915444997091
11502 0.03785236688191153
11576 0.025256093341426228
11714 0.025901153270738775
11733 0.019911991596470734
12011 0.046978994063715786
12041 0.026091996581695923
12064 0.007828340318398658
12069 0.028188225761290212
12117 0.025077973399912176
12181 0.033411596103993864
12215 0.04382001498158645
12291 0.04497052349382338
12294 0.06747496923992795
12311 0.06747496923992795
12336 0.04072859580443113
12378 0.05023305208749146
12383 0.0751984887012733
12403 0.03452218909129184
12582 0.026582794365919874
12614 0.02773872009372053
12739 0.0626001124628817
12768 0.08456467728387063
12770 0.03785236688191153
12811 0.1418674703339268
12818 0.046978994063715786
12910 0.044516776204707564
12957 0.03255855216992639
13080 0.05645851925521117
13324 0.04544206927049439
13379 0.09878326596350759
13437 0.05531261676779748
13446 0.03837518299703702
13464 0.029647332314245604
13487 0.03979127384704779
13558 0.05645851925521117
13660 0.05592274462280312
13761 0.028774823862331007
13806 0.05525784274983464
13860 0.03949439762410769
13874 0.012819565480912577
13901 0.05330414619790507
13918 0.025996196264879066
13948 0.022537430337843604
14001 0.06479214195929286
14198 0.03044915444997091
14212 0.025620450805024918
