11 0.04284229002541358
12 0.03142998504094246
13 0.03629867950320052
14 0.12090335372532257
81 0.04356755577537734
130 0.056671994886760606
136 0.06862965521940317
148 0.061085211532437816
149 0.060177360263509914
153 0.04356755577537734
163 0.054994167787579915
272 0.04825633983584309
337 0.022864386921885207
392 0.06421643857372597
406 0.032556956113591544
424 0.13725931043880635
486 0.04113878739224759
589 0.06421643857372597
637 0.02719667879705758
639 0.042046340464397515
676 0.040301117908440855
682 0.045996324158507094
704 0.04412584899488261
786 0.06862965521940317
811 0.07259735900640105
830 0.061085211532437816
839 0.056671994886760606
1083 0.07904666971256125
1092 0.06997144899344258
1123 0.043036507454937346
1127 0.04200493052171376
1133 0.020210528329597487
1402 0.030907436784576366
1451 0.060177360263509914
1458 0.01883698444264288
1460 0.02649422013889917
1528 0.056671994886760606
1550 0.02262339556819939
1609 0.054994167787579915
1615 0.03381423666879128
1618 0.028894680751863383
1635 0.04744972410061455
1646 0.05865644314930807
1657 0.030738684078782618
1672 0.03779202199102655
1689 0.015818549410645637
1709 0.04669878281666551
1718 0.04093631534118726
1829 0.11334398977352121
1885 0.061085211532437816
1963 0.014349217289806477
1967 0.03845188047154173
2022 0.06421643857372597
2034 0.1511680879641062
2049 0.036023112088411975
2052 0.05007461187065201
2111 0.037169890867152694
2182 0.019121186789652227
2215 0.03296012559349944
2234 0.03275667422147549
2244 0.03629867950320052
2365 0.031609895442734785
2372 0.03359434370528223
2382 0.060817661217701144
2393 0.05865644314930807
2425 0.14192056363776254
2462 0.02769150634698828
2479 0.052318582410733776
2488 0.032556956113591544
2530 0.056671994886760606
2535 0.061085211532437816
2558 0.016657919704127444
2564 0.03359434370528223
2567 0.061085211532437816
2597 0.06280267414344376
2614 0.04253016818368665
2716 0.02794762008100662
2730 0.022310155777998445
2839 0.05225877824108342
2854 0.04744972410061455
2927 0.035134939436243934
3020 0.034741122484022946
3045 0.05007461187065201
3099 0.11026269809455222
3145 0.03629867950320052
3157 0.024623744975274687
3216 0.07259735900640105
3220 0.02262339556819939
3222 0.045996324158507094
3236 0.024248386002974562
3332 0.020210528329597487
3454 0.030408830608850572
3467 0.03811695153800945
3476 0.061085211532437816
3507 0.054994167787579915
3543 0.054994167787579915
3606 0.024623744975274687
3626 0.049127551199795255
3633 0.009511014587442633
3642 0.038797443828483186
3648 0.021279788071422712
3693 0.032556956113591544
3721 0.041198591561897965
3734 0.017922700875693233
3742 0.06807732765172905
3756 0.025623008774947
3810 0.04158310751282989
3817 0.13414300366235415
3865 0.01959193395035051
3905 0.036023112088411975
3914 0.030738684078782618
3938 0.06358565937987985
3984 0.013735344384457351
4134 0.04533646567799191
4141 0.04744972410061455
4182 0.03316745246191236
4306 0.06421643857372597
4338 0.04253016818368665
4355 0.04744972410061455
4393 0.09965604406746476
4503 0.05865644314930807
4542 0.050025024853252366
4652 0.03845188047154173
4660 0.027318292704643553
4661 0.04825633983584309
4767 0.05865644314930807
4817 0.02415653455920328
4864 0.03125300014151783
4898 0.06862965521940317
4928 0.01971287221117544
4957 0.028894680751863383
4997 0.030408830608850572
5002 0.0566869151515966
5114 0.061085211532437816
5151 0.04158310751282989
5181 0.03687167134950874
5185 0.036581405307917245
5208 0.034038663825864526
5228 0.06321979088546957
5231 0.03498572449672129
5247 0.011927881021334534
5312 0.056671994886760606
5314 0.03275667422147549
5347 0.043036507454937346
5390 0.03523502541938911
5459 0.03359434370528223
5520 0.027318292704643553
5548 0.028754235816235162
5568 0.049127551199795255
5689 0.01247678714970733
5713 0.061085211532437816
5793 0.025518851697876876
5840 0.18011556044205987
5893 0.045996324158507094
5991 0.04744972410061455
6066 0.049127551199795255
6067 0.02769150634698828
6139 0.06421643857372597
6172 0.05111199946234271
6173 0.10451755648216685
6210 0.0490573694146741
6245 0.013492302961265362
6250 0.04158310751282989
6294 0.08195487811393065
6310 0.015483620477113366
6315 0.042936397947550074
6322 0.054994167787579915
6412 0.028754235816235162
6429 0.025415681906534076
6505 0.034038663825864526
6632 0.2106207609222847
6695 0.020934224714481253
6720 0.02362113163518712
6724 0.04744972410061455
6749 0.054994167787579915
6775 0.017567469718121967
6907 0.05225877824108342
6918 0.04744972410061455
6986 0.061085211532437816
7201 0.020246686321158815
7239 0.03952333485628062
7422 0.01883698444264288
7491 0.01625224548793109
7566 0.022945917876093982
7580 0.03743036144912199
7598 0.021140243448586556
7627 0.041732818691217775
7633 0.01766778684754477
7693 0.034936137479321644
7732 0.03359434370528223
7736 0.04113878739224759
7833 0.14301739803015606
7851 0.024248386002974562
7891 0.01834340373749199
8042 0.036023112088411975
8078 0.059864136687108147
8087 0.026839783495840625
8097 0.02014706266002292
8157 0.03811695153800945
8244 0.06958272117545176
8293 0.04029412532004584
8433 0.015566391457696987
8499 0.10974421592375173
8556 0.05354076784547245
8582 0.05865644314930807
8658 0.03896725662137176
8691 0.024434447482349894
8706 0.0537681026270797
8716 0.02794762008100662
8728 0.05225877824108342
8739 0.03125300014151783
8744 0.019157230214548283
8795 0.018669958175348025
8877 0.054994167787579915
8923 0.03381423666879128
8997 0.025793240866198167
9094 0.015279405640599684
9204 0.019896837122790566
9287 0.03811695153800945
9310 0.07759488765696637
9334 0.14009634844999652
9339 0.05225877824108342
9417 0.05007461187065201
9497 0.08886237461004767
9503 0.054994167787579915
9546 0.05865644314930807
9584 0.03125300014151783
9595 0.06862965521940317
9611 0.08227757478449518
9629 0.054994167787579915
9657 0.04356755577537734
9827 0.03976371060560271
9890 0.023278289701311086
9902 0.007534508194268665
9932 0.024248386002974562
9941 0.035754349507539016
10007 0.061085211532437816
10048 0.026159291205366888
10110 0.030408830608850572
10125 0.2447701091735182
10242 0.02344836084105877
10250 0.061085211532437816
10386 0.023110835144662348
10396 0.029036961620951887
10427 0.056671994886760606
10461 0.03845188047154173
10516 0.013054852093983622
10531 0.02847866840144661
10567 0.010906726589242646
10574 0.03057250785104409
10587 0.07358605412201114
10595 0.0781497000549506
10806 0.02962544718018733
10856 0.03296012559349944
10861 0.054994167787579915
10904 0.09323654136688435
10925 0.036023112088411975
10930 0.017617512709694555
10992 0.03236083672668382
11000 0.07502468297651237
11034 0.04744972410061455
11095 0.061085211532437816
11097 0.019006613821264888
11179 0.04533646567799191
11213 0.04416200698644393
11232 0.020732033175955265
11269 0.056671994886760606
11270 0.12217042306487563
11314 0.029777678074188012
11325 0.022233234387222654
11359 0.018289917971418625
11386 0.03549206376797198
11405 0.061085211532437816
11406 0.11731288629861614
11502 0.03426781611064101
11572 0.049127551199795255
11576 0.022864386921885207
11694 0.03687167134950874
11699 0.10451755648216685
11734 0.04071189614887773
11869 0.03216818866224005
12014 0.05225877824108342
12026 0.061085211532437816
12027 0.05865644314930807
12050 0.03811695153800945
12064 0.03543505315259365
12078 0.023885541353977097
12147 0.06862965521940317
12170 0.08825169798976522
12215 0.03967033871459473
12231 0.02769150634698828
12254 0.06900379355486431
12328 0.02649422013889917
12338 0.056671994886760606
12354 0.01839715363187611
12377 0.03236083672668382
12390 0.03952333485628062
12392 0.05111199946234271
12404 0.040301117908440855
12407 0.1073591339833625
12523 0.021140243448586556
12582 0.02406545175576942
12611 0.06063158498879246
12618 0.0948994482012291
12621 0.05007461187065201
12641 0.10806933626523595
12764 0.021140243448586556
12834 0.009022010508378642
12881 0.028615580036770002
12894 0.036581405307917245
12947 0.04253016818368665
12948 0.024816393039718457
13016 0.04158310751282989
13112 0.019652235110092217
13129 0.04253016818368665
13336 0.03490345514923475
13514 0.0948994482012291
13525 0.05225877824108342
13761 0.052099800036633725
13787 0.018949776451933804
13822 0.017871238219568715
13827 0.026049900018316863
13832 0.024623744975274687
13870 0.04471433455411805
13919 0.024341019170557972
14065 0.06669970316166796
14072 0.016296580911730807
14083 0.03142998504094246
14084 0.040301117908440855
14094 0.04471433455411805
14163 0.00879665398004637
