10 0.02165808947728951
11 0.017360873022903643
79 0.032656573345417446
149 0.0243855197695688
175 0.024010090330693335
193 0.0423533855373909
298 0.05204453055148216
318 0.02722670216784505
319 0.029647581031424744
320 0.029418444503331895
321 0.02740491550872137
324 0.029418444503331895
326 0.020598265223829532
328 0.024912318686341896
336 0.02451429957995445
369 0.040583217089557574
417 0.05204453055148216
436 0.040583217089557574
483 0.020352074537998015
506 0.039109589517423146
527 0.026070867752899348
556 0.02147237187365288
599 0.030124522066259193
612 0.05204453055148216
654 0.03487915052305614
717 0.05929516206284949
727 0.05554504242571073
729 0.025766656215549476
1002 0.019503964513703335
1133 0.016379722738808087
1545 0.01859663273856458
1604 0.015131160030561877
1684 0.11944207922586257
1718 0.01658851971363624
1722 0.04142397299892631
1759 0.0756945194408018
1801 0.031732827984835045
1914 0.03845586380158153
1919 0.0692420333766862
1920 0.031163516887744137
1940 0.017133214959633283
1963 0.023258788379296395
2086 0.05554504242571073
2126 0.02876471878749028
2311 0.02068187969197488
2371 0.021847801312528347
2382 0.024644987308665423
2558 0.013500493490779005
2602 0.4900597010483248
2731 0.04753840473449216
2759 0.03623895380182505
2767 0.04142397299892631
2768 0.07868100099134948
2769 0.043392380358875854
2777 0.04142397299892631
2889 0.030373024706066138
2961 0.03370123534478459
2989 0.03407666478366006
3037 0.03727794862330999
3103 0.030892072075466313
3130 0.02503085225662826
3131 0.10871686140547512
3281 0.0186632086043346
3442 0.025188005508964873
3544 0.02068187969197488
3697 0.08446834411892892
3721 0.016694801244385056
3776 0.028557150143840436
3778 0.0495068120944417
3789 0.019358155237907695
3984 0.022263755708947047
3985 0.01886600512974918
3991 0.04086675410433586
4052 0.02341783706113154
4219 0.014651862575159729
4236 0.030124522066259193
4240 0.03981566708035045
4286 0.03487915052305614
4304 0.02688072604629144
4311 0.02876471878749028
4383 0.03175675972347762
4389 0.0459300988159163
4562 0.0459300988159163
4658 0.03487915052305614
4663 0.02835435361842586
4689 0.023649988889319646
4734 0.022442718408274578
4735 0.08388669914428261
4881 0.01592725123517793
4957 0.04683567412226308
5049 0.02341783706113154
5059 0.01504205563311777
5095 0.04753840473449216
5189 0.028557150143840436
5258 0.07455589724661998
5299 0.027962233048094202
5374 0.024912318686341896
5455 0.02214024556420771
5474 0.023768396846255556
5487 0.05183490132524747
5644 0.029882828581821404
5653 0.03727794862330999
5685 0.018464969692218388
5708 0.05204453055148216
5718 0.12322493654332711
5746 0.021290483773155514
5938 0.034721746045807286
5949 0.04753840473449216
5962 0.07109593643842664
6065 0.04142397299892631
6155 0.02876471878749028
6193 0.434659343453882
6210 0.0795175758103152
6241 0.0459300988159163
6245 0.010934903729848578
6508 0.028156114706309642
6519 0.03449261918007876
6881 0.04457029553714739
6923 0.028557150143840436
6967 0.028156114706309642
7024 0.039109589517423146
7081 0.10871686140547512
7099 0.07060593269989772
7153 0.04826693322473856
7170 0.025188005508964873
7192 0.0378472597204009
7216 0.0423533855373909
7233 0.05277189251695263
7242 0.026200570428846135
7422 0.01526652729576994
7466 0.01592725123517793
7486 0.019577783022660136
7533 0.019727299489240634
7566 0.09298316369282289
7578 0.09507680946898432
7580 0.020223747825933242
7596 0.05752943757498056
7598 0.05139964487889985
7627 0.03382256951046806
7686 0.05204453055148216
7714 0.023080677792228735
7717 0.03495388782514772
7740 0.05562124383000756
7861 0.04457029553714739
7991 0.028977289563592135
8017 0.121927598847844
8042 0.058390219055589186
8083 0.040583217089557574
8124 0.014237642802432159
8130 0.03727794862330999
8306 0.04350487081405876
8344 0.017418717560293038
8412 0.020191683567730153
8417 0.030892072075466313
8737 0.04572571565605256
8744 0.005175357355672309
8819 0.06975830104611228
8995 0.01886600512974918
9008 0.0378472597204009
9045 0.03674316305108616
9071 0.0459300988159163
9094 0.074299619661191
9102 0.023533149295858893
9103 0.03144358042112064
9409 0.03616275239752821
9531 0.020191683567730153
9584 0.025329148685554782
9647 0.05598962581300379
9666 0.07964342636320135
9708 0.07866684788481244
9783 0.013500493490779005
9820 0.0329951577818573
9920 0.031163516887744137
9921 0.032341432066015675
9954 0.039109589517423146
9961 0.02111227043227919
9990 0.030124522066259193
10044 0.03727794862330999
10145 0.03266224052329964
10159 0.060746049412132276
10190 0.020937586301429046
10197 0.031732827984835045
10271 0.0934905506632324
10316 0.03307171063271713
10327 0.023649988889319646
10329 0.035762012766990606
10331 0.020598265223829532
10345 0.043392380358875854
10361 0.01873029075531397
10362 0.017895658595127477
10387 0.02740491550872137
10438 0.029882828581821404
10564 0.03487915052305614
10613 0.027052018036994904
10632 0.04753840473449216
10657 0.027075585488835527
10732 0.014953842294574164
10785 0.025329148685554782
10902 0.04753840473449216
10930 0.01427820039269461
11000 0.03934384606377942
11097 0.015404004265440046
11108 0.021200927061375052
11232 0.05040713676988986
11258 0.026547808787733787
11276 0.06288716084224127
11297 0.0378472597204009
11303 0.1886614825267238
11343 0.031163516887744137
11356 0.03108731548344731
11359 0.01482315456586319
11365 0.05460258491320795
11366 0.0459300988159163
11378 0.03144358042112064
11495 0.02835435361842586
11511 0.02175243540702938
11525 0.02341783706113154
11535 0.039109589517423146
11617 0.027052018036994904
11631 0.055924466096188404
11667 0.0423533855373909
11678 0.15459993729329682
11708 0.03144358042112064
11724 0.05204453055148216
11745 0.029882828581821404
11849 0.02156474193590935
11921 0.025188005508964873
11936 0.04753840473449216
11981 0.0459300988159163
12041 0.019143863072329646
12057 0.050733854265702094
12106 0.0459300988159163
12108 0.05562124383000756
12175 0.016125490147294145
12182 0.023080677792228735
12378 0.012285436108822738
12565 0.02835435361842586
12648 0.02011256859488397
12725 0.02504908515217828
12735 0.02768400856353527
12763 0.02051543587965273
12783 0.05204453055148216
12787 0.03674316305108616
12798 0.0495068120944417
12807 0.014157082787344602
12834 0.036559665404055836
12854 0.0811560541109847
12865 0.010934903729848578
12877 0.01209296461132371
12903 0.01427820039269461
12932 0.029647581031424744
12935 0.030892072075466313
12940 0.027962233048094202
12943 0.10752290418516576
13022 0.03915556604532027
13056 0.05204453055148216
13057 0.024912318686341896
13068 0.030373024706066138
13393 0.039109589517423146
13577 0.05976565716364281
13616 0.018081376198764106
13754 0.011362512177008002
13827 0.02111227043227919
13874 0.009405796350039327
13912 0.05089873816998863
13982 0.017895658595127477
13988 0.06740247068956919
13989 0.06921362130226276
13997 0.15709902885792204
14010 0.029418444503331895
14040 0.02051543587965273
14041 0.07158263438050991
14079 0.0320318823981896
14088 0.02740491550872137
14089 0.05562124383000756
14163 0.03564645883387993
