413 0.07633893092817494
917 0.028270664909399543
948 0.07633893092817494
994 0.05050682594417403
1133 0.022480808350890075
1253 0.07142997080578496
1319 0.014088885592870385
1379 0.06524541246422408
1464 0.13589401634031048
1467 0.07633893092817494
1538 0.04396305241515642
1581 0.06524541246422408
1629 0.059555085412135556
1683 0.046254202531725894
1820 0.04575997124225352
1836 0.07633893092817494
1932 0.06117174802594083
1980 0.049737165167355595
2073 0.06524541246422408
2085 0.07142997080578496
2220 0.07633893092817494
2225 0.04482820504496562
2226 0.07633893092817494
2308 0.06794700817015524
2425 0.02255181726615584
2430 0.07633893092817494
2477 0.06303804804776526
2479 0.05819560999024012
2499 0.06117174802594083
2565 0.02359232100439738
2617 0.03312265087795725
2655 0.0556995707559394
2744 0.03578169123129975
2759 0.049737165167355595
2770 0.028976125726214132
2773 0.07142997080578496
2780 0.04101352343033078
2787 0.11911017082427111
2839 0.05812908792537529
2857 0.042771239896096186
2969 0.03578169123129975
2995 0.21919937278287524
2998 0.07633893092817494
3010 0.017738188229592493
3033 0.07633893092817494
3071 0.045285126642826745
3140 0.07633893092817494
3152 0.05464612528974558
3238 0.07623434618071723
3329 0.06303804804776526
3432 0.011863833831634616
3490 0.03736804848423382
3502 0.06303804804776526
3503 0.07633893092817494
3519 0.028270664909399543
3533 0.059555085412135556
3584 0.07633893092817494
3633 0.021158803241149708
3656 0.04908257411170941
3699 0.03536416760294865
3702 0.047307647997919706
3728 0.02909780499512006
3738 0.034006765117510045
3798 0.059555085412135556
3821 0.07633893092817494
3841 0.021269099384711818
3855 0.0519445295838144
3895 0.05116316265411587
3908 0.027075283640027096
3945 0.05116316265411587
3974 0.04101352343033078
3984 0.015278256941371585
3991 0.02804435952892624
4021 0.0556995707559394
4046 0.045285126642826745
4067 0.07142997080578496
4136 0.059555085412135556
4153 0.05812908792537529
4219 0.020109358368767677
4241 0.03712829836573641
4358 0.04438790250990145
4414 0.04396305241515642
4489 0.01571566687449952
4557 0.07633893092817494
4568 0.06794700817015524
4592 0.07142997080578496
4606 0.048461566948184695
4633 0.1835152440778225
4656 0.06794700817015524
4667 0.13589401634031048
4685 0.030802136242150273
4799 0.045285126642826745
4808 0.021333327574319234
4820 0.04134524240933591
4922 0.019765060702556743
4948 0.04676947115984772
4964 0.03736804848423382
4990 0.053740151171784566
5038 0.03736804848423382
5059 0.04128977947720181
5247 0.013267758412834183
5271 0.07633893092817494
5298 0.06524541246422408
5322 0.06117174802594083
5393 0.06117174802594083
5460 0.07633893092817494
5536 0.07633893092817494
5596 0.09816514822341882
5644 0.04101352343033078
5645 0.07633893092817494
5647 0.04203725848812639
5663 0.1020197337745131
5686 0.05464612528974558
5700 0.07633893092817494
5702 0.07633893092817494
5903 0.027932773620627013
5974 0.06335544286429062
6038 0.07142997080578496
6062 0.03278632410238023
6067 0.030802136242150273
6072 0.039194059000169965
6088 0.05277982526792114
6117 0.07633893092817494
6182 0.04239868787552973
6183 0.21096410440665017
6278 0.01959651526110803
6304 0.03329438404595058
6308 0.07142997080578496
6315 0.04775951018177301
6606 0.01591983672725767
6677 0.038117173090358614
6998 0.0556995707559394
7064 0.034379317138076494
7102 0.05367704940084643
7145 0.07633893092817494
7178 0.06794700817015524
7365 0.07633893092817494
7430 0.07142997080578496
7466 0.02185980118736535
7491 0.018077885452936766
7540 0.029597132889738857
7551 0.04355260682579471
7554 0.07633893092817494
7566 0.07657040535436684
7572 0.038377548401828034
7580 0.013878324018707368
7592 0.059555085412135556
7633 0.039304873541813105
7671 0.01970861777819941
7674 0.03419160817887587
7703 0.05464612528974558
7718 0.025523468451455613
7732 0.03736804848423382
7918 0.047307647997919706
7931 0.07633893092817494
7938 0.046254202531725894
8042 0.08013928838032999
8149 0.07142997080578496
8153 0.049737165167355595
8167 0.07142997080578496
8309 0.06117174802594083
8369 0.07633893092817494
8463 0.024989250085005126
8469 0.07142997080578496
8544 0.07633893092817494
8744 0.014206127748985895
8795 0.02076718355969328
8872 0.06658876809190116
8890 0.15267786185634988
8976 0.0336453357301067
8996 0.013300882880409669
9028 0.03183001256400081
9047 0.07633893092817494
9057 0.07633893092817494
9123 0.07633893092817494
9162 0.06303804804776526
9178 0.06117174802594083
9366 0.029985625643808342
9371 0.06794700817015524
9402 0.03123201519900147
9457 0.029220719607667343
9497 0.04942221154822399
9511 0.04396305241515642
9531 0.02771264054992111
9535 0.04438790250990145
9645 0.01959651526110803
9672 0.0519445295838144
9722 0.029597132889738857
9725 0.018892107179857474
9742 0.07142997080578496
9748 0.05685348970620439
9749 0.04575997124225352
9757 0.037612642365687024
9813 0.03712829836573641
9902 0.008380871196004903
9905 0.019375376960797885
9916 0.039194059000169965
9927 0.07633893092817494
10031 0.03476369816334215
10054 0.05042918124614608
10061 0.06303804804776526
10330 0.04239868787552973
10438 0.04101352343033078
10456 0.04239868787552973
10507 0.05685348970620439
10564 0.04787086514553116
10601 0.05116316265411587
10657 0.018580322086909268
10707 0.08710521365158942
10732 0.020523818876205146
10828 0.06794700817015524
10884 0.02909780499512006
11019 0.0519445295838144
11097 0.021141656256926964
11108 0.02909780499512006
11218 0.03419160817887587
11232 0.023060894646202822
11290 0.06794700817015524
11311 0.10548710162128981
11313 0.06117174802594083
11320 0.03643628228694593
11328 0.03578169123129975
11529 0.05277982526792114
11609 0.06794700817015524
11633 0.04069065135368972
11733 0.040102582362908375
11790 0.07633893092817494
11872 0.06794700817015524
11934 0.07633893092817494
11951 0.07633893092817494
11977 0.07142997080578496
11981 0.06303804804776526
12064 0.015766211072482657
12133 0.0556995707559394
12135 0.06794700817015524
12167 0.06117174802594083
12171 0.07633893092817494
12230 0.07142997080578496
12239 0.06794700817015524
12474 0.07633893092817494
12500 0.07142997080578496
12523 0.023514959812448354
12570 0.07633893092817494
12614 0.055865547241254025
12725 0.034379317138076494
12733 0.04539019374294418
12735 0.07599138286104146
12787 0.05042918124614608
12823 0.05464612528974558
12903 0.01959651526110803
12957 0.06557264820476046
13000 0.07633893092817494
13058 0.07633893092817494
13106 0.07633893092817494
13288 0.07633893092817494
13341 0.059555085412135556
13527 0.06794700817015524
13533 0.07633893092817494
13684 0.07633893092817494
13754 0.01559479746447523
13775 0.03278632410238023
13780 0.06117174802594083
13786 0.049144532465643306
13824 0.03599597975188176
13855 0.05116316265411587
13948 0.04539019374294418
14043 0.03947894238751147
14062 0.059879128115959496
14065 0.024730728119937564
14107 0.04438790250990145
14118 0.07633893092817494
14163 0.029354387331613416
