52 0.08598597745171968
152 0.06679212209061716
508 0.09039361738639429
637 0.11484938585652447
763 0.056729459206572644
802 0.08256714631095587
1090 0.06573506722104504
1092 0.04924729966940819
1109 0.08598597745171968
1123 0.2423196100519963
1230 0.11747659552548124
1519 0.027243483432135937
1550 0.03184559294151787
1618 0.04067330382059839
1656 0.08470804983583353
1675 0.18078723477278857
1846 0.048236743222941275
2031 0.28981751089203717
2066 0.17197195490343936
2105 0.04528122397522048
2301 0.07741198160290988
2311 0.0359213523476498
2425 0.0285390056628677
2462 0.038979667592570606
2850 0.09713248899106976
2927 0.07418601084473908
2940 0.03264913685829667
3003 0.07356153829648347
3036 0.047288736633313865
3090 0.04924729966940819
3099 0.038802541704751496
3130 0.06521230735772049
3451 0.08256714631095587
3478 0.12422660613026261
3504 0.08256714631095587
3633 0.013388083062044224
3734 0.02522870781175753
3742 0.04791417933722342
3756 0.0360679679990605
3761 0.036668877121021154
3790 0.030053444308305675
3861 0.08256714631095587
3938 0.04475285373111713
3986 0.05232181927189803
4052 0.04067330382059839
4117 0.06792754653593865
4182 0.04668782751135322
4219 0.025448108486767783
4241 0.09397067250119771
4393 0.07013990901514876
4577 0.021507900127195497
4660 0.03845431720038466
4689 0.04107651705569577
4782 0.0966058369640124
4895 0.05853403884951614
4922 0.07503721398501857
4928 0.02774862430587898
4948 0.05918610400782759
4974 0.0354897401819872
4990 0.03400370046711445
5151 0.05853403884951614
5179 0.06474625842713425
5228 0.044495348196459596
5231 0.04924729966940819
5268 0.07194728679866313
5291 0.0966058369640124
5438 0.06132742728637042
5644 0.10380406719497039
5689 0.017562822680166065
5903 0.0353485297938724
5938 0.03015325716068803
5985 0.07536611793942696
6028 0.07356153829648347
6081 0.09056244795044097
6088 0.06679212209061716
6111 0.08256714631095587
6154 0.0634683308112481
6173 0.07356153829648347
6210 0.03452755384247833
6225 0.08256714631095587
6245 0.018992303195726274
6278 0.04959822558056468
6310 0.02179536106720464
6429 0.03577612643896337
6632 0.21177012458958389
6633 0.18915494653325546
6695 0.02946784874949226
7025 0.03413299421882441
7099 0.03503771865062856
7201 0.014250021157401772
7202 0.0598671591817009
7475 0.044495348196459596
7561 0.07356153829648347
7571 0.03970938734516613
7633 0.024869880669694488
7717 0.030354855051558986
7732 0.047288736633313865
8115 0.026358547704929226
8264 0.026674460312637982
8293 0.056719616160555784
8744 0.00898882683135627
8795 0.026280576958263302
8800 0.07741198160290988
8997 0.024205062315286695
9198 0.0598671591817009
9204 0.028007580644822748
9225 0.06679212209061716
9367 0.08848419829415662
9417 0.14097403738798725
9497 0.06254310943548345
9518 0.07194728679866313
9647 0.032415220579497354
9757 0.04759826672951466
9827 0.018657661092076384
9842 0.05853403884951614
9932 0.03413299421882441
10003 0.0360679679990605
10120 0.07194728679866313
10125 0.07656625723768297
10324 0.04475285373111713
10506 0.1298069891117682
10567 0.03070548576480513
10587 0.06905510768495667
10595 0.036668877121021154
10752 0.04475285373111713
10904 0.2187391171154412
10945 0.04528122397522048
10999 0.028112765735905293
11091 0.17197195490343936
11102 0.04257769631592425
11135 0.03794638498324216
11150 0.04582846852864436
11232 0.0291832358843409
11327 0.05918610400782759
11430 0.05070756777407769
11478 0.06057990251299907
11699 0.07356153829648347
11752 0.056729459206572644
11860 0.08598597745171968
11929 0.04501476128236961
12041 0.033250045980257326
12182 0.04008770826178498
12215 0.0279207746412063
12254 0.04856624449553488
12262 0.046109599694279926
12407 0.0755614971475335
12641 0.05070756777407769
12695 0.03413299421882441
12764 0.14878924463810275
12881 0.0402804305343688
12994 0.042133571925267906
13016 0.05853403884951614
13051 0.04257769631592425
13199 0.0966058369640124
13253 0.07536611793942696
13761 0.07333775424204231
13786 0.062191710485380976
13787 0.026674460312637982
13870 0.1258833575683815
13919 0.17131694178058507
14010 0.051095467446027824
14062 0.018944047349052556
14065 0.09388915955623757
14083 0.04424209914707831
14163 0.012382520610200155
14178 0.12773308894777274
14246 0.05563462079466233
