49 0.11367811063688466
436 0.18619301027137147
1001 0.11306950764829536
1684 0.10959840978135449
1963 0.053354861124603865
2476 0.18619301027137147
2602 0.2810450276450432
2769 0.19908125824599351
2770 0.09686164546232591
3036 0.12491423795225817
3130 0.0574199147523814
4056 0.21072413608130347
4946 0.19908125824599351
5059 0.06901191723709577
5718 0.11306950764829536
6032 0.14173070312681693
6050 0.1513795157792862
6193 0.13294581258661953
6967 0.12917831878988126
7099 0.138829356727166
7103 0.19908125824599351
7991 0.13294581258661953
8074 0.09686164546232591
8401 0.09263805620994076
9094 0.056813591261163476
9409 0.08295611106600222
9986 0.25518644322585804
10165 0.1736406259344358
10174 0.11556083782359368
10331 0.09450342489924907
11135 0.10023621057969756
11258 0.24359904358438875
11617 0.1241127991678993
11678 0.11821564748831014
11915 0.21810293307899037
11965 0.1175354409545713
12064 0.026351713849126452
12523 0.07860601247852902
12598 0.23877672857123572
12735 0.0635061641299671
12854 0.1241127991678993
13057 0.11429600563241853
13450 0.13294581258661953
13776 0.22713385073592576
13989 0.0793868341783517
14040 0.09412340956194724
14163 0.03270870055051608
