149 0.03821039649074262
175 0.07524424986497308
193 0.13272955995209504
538 0.05117943650431154
599 0.04720300994700687
654 0.05465317874460193
812 0.07196923843326317
1037 0.05678389496152719
1091 0.0802844546592856
1107 0.02295843941876438
1274 0.04574668578685845
1313 0.06238835341874286
1397 0.02615958080492357
1564 0.046096636005109694
1604 0.02370946486259251
1859 0.08715458190499917
2030 0.08715458190499917
2032 0.08715458190499917
2182 0.14569495080677972
2235 0.07757369689047884
2352 0.029777682532816374
2384 0.030911292533373713
2425 0.051493888665510114
2462 0.035166163231854015
2558 0.021154324942751768
2617 0.03781544689916754
2648 0.04945682193054215
2762 0.08155012344778349
2852 0.07602302222543507
2927 0.022309386132232538
2953 0.09944622468832624
3010 0.020251323408718727
3099 0.03500636613074121
3130 0.03922158716586084
3139 0.06799281187595851
3216 0.09219327201021939
3245 0.07196923843326317
3249 0.03139211650216903
3286 0.06636477997604752
3297 0.03253932443328471
3321 0.04301752438168411
3348 0.05465317874460193
3365 0.06359105036575961
3481 0.035166163231854015
3516 0.05532757080137878
3633 0.024156568970393248
3721 0.05231916160984714
3742 0.0864531667794044
4219 0.04591687883752876
4294 0.13272955995209504
4300 0.05224321474131938
4308 0.06983852221633792
4355 0.06025763720181759
4384 0.024282491801129954
4393 0.031638949763186625
4406 0.058411926861438195
4452 0.024503653244085676
4761 0.07448934083041943
4850 0.10930635748920386
4864 0.03968899671582166
4895 0.052807468404222534
4913 0.03821039649074262
4957 0.03669410566257803
5081 0.06983852221633792
5151 0.052807468404222534
5223 0.02237293702716041
5228 0.0401422273296428
5312 0.07196923843326317
5329 0.0649084558158991
5347 0.05465317874460193
5390 0.06711881108148124
5489 0.13598562375191703
5759 0.04840570689402363
5775 0.058411926861438195
5840 0.04574668578685845
6044 0.023159251114860703
6066 0.06238835341874286
6067 0.07033232646370803
6238 0.10235887300862308
6278 0.06711881108148124
6294 0.03469220953274524
6310 0.0393261037009253
6405 0.13598562375191703
6632 0.03821039649074262
6633 0.04266232972679905
6695 0.0531698315156356
6696 0.039250156832397534
6725 0.06025763720181759
7029 0.06636477997604752
7099 0.015804933821121425
7170 0.039467835272865945
7201 0.012855896446230228
7242 0.02052722668678101
7252 0.08715458190499917
7330 0.052807468404222534
7331 0.06128197947684568
7382 0.07757369689047884
7422 0.07176472757444478
7466 0.024956883857906804
7468 0.01785010354319277
7475 0.0401422273296428
7671 0.02250092215727429
7718 0.029139617160017672
7844 0.08715458190499917
7867 0.05678389496152719
8002 0.06238835341874286
8102 0.15514739378095768
8264 0.02406481336066155
8344 0.05458781363927655
8463 0.028529711076609586
8484 0.1561434135509825
8507 0.04645567684867893
8622 0.08715458190499917
8639 0.08155012344778349
8658 0.032990354271421815
8716 0.03549140871556127
8744 0.016218842855119257
8809 0.08715458190499917
8997 0.010918502195985965
9099 0.02641320801805522
9105 0.024429538882615565
9333 0.08715458190499917
9367 0.03991375443700706
9383 0.024429538882615565
9417 0.19077315109727885
9592 0.09853976346068397
9719 0.06789031028229467
9827 0.01683232300353489
9835 0.04574668578685845
9847 0.17430916380999834
9890 0.029561704774638365
10079 0.029777682532816374
10091 0.08588315502631266
10216 0.08715458190499917
10250 0.07757369689047884
10330 0.04840570689402363
10396 0.03687479183415861
10516 0.016578695790403244
10531 0.03616580077233812
10567 0.013850735411662572
10574 0.0388248218795033
10587 0.031149613873378543
10588 0.04266232972679905
10887 0.03903585338774562
10904 0.039467835272865945
11000 0.05604458457215661
11097 0.0724109778371924
11105 0.17430916380999834
11150 0.2894144699366169
11151 0.08715458190499917
11213 0.028041239917966216
11255 0.01722170918376588
11325 0.028234561884647215
11531 0.04972311234416312
11586 0.05532757080137878
11626 0.06983852221633792
11631 0.04381485494795828
11634 0.03599409303257555
11667 0.06636477997604752
11674 0.058411926861438195
11760 0.08155012344778349
11842 0.18689768324027126
11846 0.07757369689047884
11849 0.033790435774099195
11869 0.040851218391463266
11938 0.08155012344778349
12064 0.008999978893737997
12262 0.04159855148979121
12391 0.05930399735868345
12403 0.03968899671582166
12426 0.07757369689047884
12460 0.08155012344778349
12581 0.11514791087275088
12599 0.16810968558959774
12641 0.0914933715737169
12668 0.04474704824637434
12723 0.08715458190499917
12726 0.04759239612723786
12770 0.04351758982865955
12830 0.07196923843326317
12865 0.017134226010102505
12994 0.038011511112717535
13051 0.03841218540733479
13182 0.08715458190499917
13423 0.07757369689047884
13631 0.052807468404222534
13676 0.05386973195213809
13757 0.1298169116317982
13761 0.13232577884911487
13786 0.018702432812382062
13832 0.03127033337694294
13878 0.05930399735868345
13915 0.07448934083041943
13919 0.030911292533373713
13944 0.07757369689047884
14040 0.03214624689362524
14065 0.028234561884647215
14163 0.01117109939344608
14198 0.03500636613074121
