10 0.02111439822000136
49 0.02415563781086113
193 0.041290172392141875
320 0.028679942102358347
436 0.03956444115609602
617 0.032855220416460315
727 0.02707533705023047
729 0.025119826044835047
855 0.031227773871782424
975 0.05422496259192432
1001 0.04805262963824124
1036 0.05073803690714765
1091 0.02497528790487545
1107 0.07142025648223843
1117 0.02588136904690699
1255 0.01806537598889151
1376 0.03812780661736412
1520 0.033221225307346024
1566 0.019762630984052922
1641 0.0482640237616952
1655 0.019531231815981046
1657 0.02428693527555014
1684 0.06986620757045928
1718 0.016172091794215488
1721 0.03486426535926896
1759 0.036897165565333664
1763 0.044777098076918535
1845 0.05422496259192432
1846 0.02707533705023047
1863 0.05073803690714765
1920 0.030381207271007873
1962 0.03532923356191276
1963 0.011337457084341685
1976 0.030381207271007873
2017 0.019014349074646338
2086 0.02707533705023047
2114 0.019762630984052922
2182 0.01510783691200811
2356 0.0482640237616952
2402 0.05422496259192432
2594 0.03216686778713501
2602 0.7166363189855174
2618 0.02671695949189744
2730 0.017627472535224696
2768 0.025568613966338104
2776 0.034773805059936894
2793 0.014883285854803294
2804 0.033221225307346024
2915 0.034423152419881226
2917 0.041290172392141875
2959 0.04345143045702544
2961 0.032855220416460315
2978 0.046345030080339446
3019 0.042303084931466096
3130 0.04880498650508036
3131 0.03532923356191276
3135 0.03216686778713501
3165 0.022829970190968024
3184 0.020162694600205682
3292 0.03956444115609602
3294 0.03956444115609602
3349 0.044777098076918535
3376 0.029610559115211457
3384 0.07268429220247397
3442 0.024555701427013882
3443 0.030034623375635335
3527 0.01887220010455609
3587 0.05073803690714765
3633 0.030058983019312233
3634 0.030936226735104558
3679 0.031227773871782424
3697 0.054898602100655794
3721 0.016275705299276258
3786 0.03489283414245087
3865 0.015479778853105058
3907 0.0482640237616952
3946 0.05073803690714765
3984 0.04340972036378968
3991 0.01992043021667788
3992 0.06593974233843507
4056 0.044777098076918535
4236 0.058736589463367316
4241 0.026372920939619897
4304 0.0262059289569059
4311 0.02804262711179055
4346 0.03812780661736412
4383 0.015479778853105058
4398 0.03152955279656721
4399 0.029610559115211457
4577 0.01207240800845685
4685 0.02187933031251694
4816 0.041290172392141875
4820 0.029368294731683658
4881 0.031054846779739347
4921 0.04345143045702544
4922 0.014039490259978096
4928 0.015575333357177666
4957 0.022829970190968024
4960 0.042303084931466096
5045 0.05073803690714765
5059 0.029328898379342286
5070 0.025266835041553314
5108 0.05422496259192432
5143 0.05422496259192432
5181 0.029132668570708085
5231 0.027642563495637797
5247 0.009424335589550319
5258 0.03634214610123698
5417 0.028249861642853678
5452 0.05422496259192432
5502 0.037490491626796324
5598 0.05073803690714765
5619 0.044777098076918535
5630 0.0482640237616952
5644 0.029132668570708085
5653 0.03634214610123698
5663 0.02898660581330887
5746 0.020756020661668335
5793 0.020162694600205682
5893 0.03634214610123698
5945 0.02890332652903985
5962 0.017327797026590645
5964 0.046345030080339446
6077 0.031227773871782424
6081 0.02541640084426319
6109 0.02148434903612252
6193 0.2542487547856831
6210 0.019380353965532046
6213 0.05422496259192432
6310 0.01223376015040291
6421 0.042303084931466096
6464 0.0482640237616952
6505 0.026894281586231205
6519 0.08406684460588265
6537 0.029859846624396558
6574 0.0482640237616952
6606 0.011308156146662559
6667 0.05422496259192432
6706 0.030654240262990507
6966 0.05422496259192432
6967 0.054898602100655794
7024 0.03812780661736412
7081 0.03532923356191276
7099 0.10816690518549653
7170 0.024555701427013882
7192 0.036897165565333664
7233 0.025723569814282036
7242 0.05108569508921271
7418 0.01654033592919389
7439 0.03881615924668943
7479 0.014795081831439225
7491 0.012841058297618793
7533 0.03846415517470515
7536 0.022942387698810743
7566 0.07251917757656388
7580 0.02957409508895529
7596 0.0560852542235811
7598 0.01670311334829037
7620 0.042303084931466096
7627 0.016486754342218034
7671 0.01399939780093207
7674 0.02428693527555014
7700 0.05422496259192432
7862 0.014664449189671143
7865 0.02446752030080582
7957 0.044777098076918535
7991 0.028249861642853678
8017 0.07132008237702075
8027 0.022829970190968024
8032 0.05073803690714765
8074 0.08232912431226896
8083 0.03956444115609602
8198 0.05422496259192432
8325 0.041290172392141875
8355 0.03011657664109024
8401 0.059054412167106954
8417 0.06023315328218048
8744 0.00504543839164866
9008 0.036897165565333664
9094 0.03621722402537055
9204 0.015720685835179573
9420 0.03532923356191276
9457 0.020756020661668335
9497 0.007021103229580386
9515 0.027642563495637797
9531 0.039369608111404636
9588 0.03250415873852546
9647 0.03638939796126404
9666 0.05176273809381398
9672 0.036897165565333664
9680 0.03216686778713501
9690 0.037490491626796324
9708 0.04601522644997609
9712 0.04345143045702544
9719 0.01407977050640257
9782 0.03532923356191276
9783 0.013161585468088044
9916 0.02784026914274605
9955 0.042303084931466096
9982 0.037490491626796324
10068 0.01654033592919389
10079 0.018526779500545654
10088 0.04345143045702544
10132 0.03486426535926896
10156 0.014039490259978096
10316 0.01612074945133233
10319 0.03532923356191276
10324 0.025119826044835047
10331 0.04016235827570992
10344 0.05422496259192432
10361 0.018260097142862253
10387 0.02671695949189744
10471 0.046345030080339446
10497 0.03812780661736412
10516 0.010314766469047151
10531 0.022501274759423
10567 0.008617511473885734
10592 0.034423152419881226
10616 0.021299347646887807
10657 0.013197948384376821
10732 0.014578450304114846
10785 0.0246933014327614
10817 0.03216686778713501
10887 0.02428693527555014
10974 0.04345143045702544
11000 0.03486925684776664
11080 0.05073803690714765
11097 0.04505193506345301
11108 0.020668712126084465
11135 0.021299347646887807
11218 0.02428693527555014
11241 0.04345143045702544
11276 0.061308480525981014
11297 0.036897165565333664
11314 0.023527635021408342
11343 0.030381207271007873
11344 0.05422496259192432
11356 0.01515345938977225
11364 0.028462213589652112
11430 0.028462213589652112
11461 0.037490491626796324
11495 0.027642563495637797
11525 0.022829970190968024
11606 0.02707533705023047
11631 0.02726028647711692
11724 0.05073803690714765
11733 0.014242805093211554
11745 0.029132668570708085
11749 0.05422496259192432
11835 0.033221225307346024
11849 0.021023394017454983
11861 0.02588136904690699
11892 0.03400356594201966
11893 0.04345143045702544
11922 0.030381207271007873
12041 0.01866328739671148
12140 0.03486426535926896
12182 0.045002549518846
12220 0.030654240262990507
12242 0.03956444115609602
12246 0.03532923356191276
12261 0.04038409125011033
12271 0.0482640237616952
12418 0.037490491626796324
12508 0.05073803690714765
12638 0.028462213589652112
12648 0.019607675136108994
12735 0.013494523183804969
12763 0.040000858180414406
12810 0.022609449983093815
12834 0.04277027306258127
12850 0.030936226735104558
12854 0.026372920939619897
12881 0.022609449983093815
12913 0.03532923356191276
12940 0.08178085943135076
12943 0.0262059289569059
12999 0.023527635021408342
13015 0.041290172392141875
13112 0.015527423389869673
13129 0.0336035023258669
13220 0.05422496259192432
13246 0.044777098076918535
13261 0.025568613966338104
13371 0.041290172392141875
13411 0.04345143045702544
13577 0.029132668570708085
13616 0.017627472535224696
13754 0.011077274712367028
13770 0.02389890779416745
13786 0.05818045921755631
13824 0.05113722793267621
13827 0.02058228107806724
13874 0.009169679066993123
13945 0.044777098076918535
13982 0.017446417071225434
13989 0.016869031360738914
13997 0.04375866062503388
14041 0.03489283414245087
14072 0.012876088150083462
14088 0.02671695949189744
14091 0.05422496259192432
14162 0.037490491626796324
14163 0.03475161222048937
14204 0.07065846712382552
