153 0.08268062221718578
421 0.05378898738858882
439 0.08728983376382222
556 0.050279584595867885
636 0.0540455846430398
637 0.051612680242496094
811 0.06888606334631667
892 0.12186717853123281
895 0.13024239012504119
898 0.06375389188347637
910 0.13024239012504119
1001 0.05770856296367464
1090 0.08862292941045041
1092 0.13278878829106874
1119 0.08728983376382222
1221 0.13024239012504119
1325 0.13024239012504119
1567 0.03718072452364829
2034 0.21516019231193007
2182 0.036287360930928575
2386 0.08728983376382222
2425 0.0769516299663886
2462 0.052551742555961886
2716 0.053037784118545275
2852 0.0568037841657172
2927 0.03333878390067462
3010 0.030263248429345427
3015 0.072336701338799
3099 0.05231294436625028
3236 0.04601753774815868
3301 0.0736281101633024
3321 0.06428468900051487
3432 0.020240970832198668
3648 0.040383861042519995
3721 0.1172773566540498
3734 0.03401292622094503
3742 0.06459710338294086
3771 0.09699814100425878
3905 0.0683631034301128
4052 0.05483507488113877
4219 0.03430871857890605
4393 0.14184219629537917
4452 0.07323572199069614
4652 0.21891694493024766
4660 0.05184347385417615
4808 0.03639694109960744
4922 0.03372130989481043
4928 0.07482047184427985
4974 0.09569336039064832
5038 0.06375389188347637
5185 0.0694226081451884
5196 0.09917444815035151
5314 0.06216419898239716
5412 0.06785305743327419
5438 0.16536124443437156
5614 0.23184974267593636
5771 0.09502943171968034
5772 0.09917444815035151
5786 0.13024239012504119
5798 0.0358547626409839
5800 0.059310591376229405
5840 0.0683631034301128
5938 0.04065212212928701
5981 0.0860375828910497
6081 0.06104739655138004
6109 0.025801520508212872
6155 0.06735530290561827
6210 0.09309895300199368
6245 0.05121021751744285
6271 0.06033505653523167
6294 0.05184347385417615
6310 0.02938414497758004
6412 0.054568544559243676
6519 0.040383861042519995
6569 0.08485692936327849
6632 0.22840398096359163
7099 0.02361863612488836
7201 0.019211642621178193
7242 0.03067555380208343
7540 0.05049587781147898
7580 0.0236779067921043
7617 0.07500567474713163
7633 0.10058748422475354
8202 0.04466257252473692
8264 0.035962065808794894
8484 0.05833454460641559
8691 0.046370637172985646
8744 0.02423717505541741
8795 0.03543103879100364
8931 0.04161946071459076
9204 0.03775935657138839
9367 0.0596464656603623
9497 0.016863916953100543
9652 0.03067555380208343
9890 0.044176530962153536
10120 0.09699814100425878
10125 0.20645072096998437
10316 0.038720265331472284
10386 0.04385874295017043
10506 0.05833454460641559
10587 0.13964842950299053
10616 0.05115868804763327
10708 0.12750778376695274
10752 0.06033505653523167
10904 0.05898009131180991
10978 0.10754965974415984
10999 0.02526744357992667
11150 0.061785182598897946
11365 0.031964276040987415
11495 0.06639439414553437
11497 0.13024239012504119
11606 0.06503197867375342
11631 0.06547620683470626
11694 0.06997346247934107
11842 0.04654947650099684
11869 0.06104739655138004
11876 0.04499307258915642
11984 0.12186717853123281
12064 0.013449422125311406
12182 0.0540455846430398
12254 0.06547620683470626
12262 0.06216419898239716
12406 0.04923084091951025
12407 0.050935379782421054
12581 0.0860375828910497
12582 0.09134074609846292
12614 0.04765630268774761
12725 0.11730959237935246
12865 0.025605108758721424
12881 0.05430540962049947
12900 0.09685714514381771
12904 0.08071191293260735
12948 0.09419095385056128
12994 0.0568037841657172
13006 0.0683631034301128
13761 0.04943637309640338
13870 0.08485692936327849
13919 0.046193332965435326
14023 0.11592487133796818
14062 0.05108010205018316
14072 0.030926946114248614
14083 0.0596464656603623
14163 0.016693909299143335
14178 0.17220763595071112
