111 0.4350967040936429
439 0.3737871130191791
2182 0.1553874866820782
3696 0.3585867785538442
4393 0.20246261896126036
4928 0.16019579233634193
6044 0.14819969275187247
6109 0.11048567108472555
6632 0.24451434080360343
6633 0.2730029622388644
6775 0.1427612729739009
7201 0.08226690465645779
8997 0.06986921393660522
9497 0.14442723878132008
10386 0.18780918923904513
10587 0.199331281589324
10999 0.054099339991126046
11213 0.17944030744403155
12582 0.19556683930421603
12695 0.19705344644915895
13614 0.20737783025537257
