11 0.022970192397256603
305 0.048614924114343795
313 0.06898879422221263
485 0.048614924114343795
535 0.036023683043654
637 0.029163377782290768
654 0.04614864685148613
763 0.043215450510805116
798 0.1310050476475359
817 0.032783326334262244
1027 0.02620139863939596
1095 0.03985779210668076
1107 0.01938589735006845
1117 0.03512543837947114
1145 0.072047366087308
1170 0.12154034019311666
1184 0.032607812945878605
1190 0.05007575577216835
1240 0.03160679231426756
1318 0.04992326906904466
1329 0.07113184322547282
1337 0.06886018222789231
1375 0.03674585689179133
1399 0.04731676296964991
1460 0.028410121571222406
1483 0.03243489985167584
1484 0.06289812163071196
1486 0.06886018222789231
1567 0.021008703876797513
1580 0.06289812163071196
1610 0.04560569219280584
1617 0.04411369517498799
1653 0.014842100557159201
1660 0.03409189445279109
1662 0.05174594587540437
1962 0.04794780423801473
1963 0.015386865720827626
2204 0.01696245103576406
2227 0.057412511692433964
2332 0.03833988737482292
2489 0.06077017009655833
2558 0.017862519501869945
2565 0.02274355575419281
2575 0.024344887720341855
2609 0.028169465202289568
2659 0.021809343664372836
2793 0.04039832199212226
2821 0.08037317250861153
2848 0.02002005640137758
2961 0.044590145833890364
3099 0.029559057043520322
3114 0.053695704324139816
3119 0.05088100057869575
3130 0.03311835133195922
3150 0.029163377782290768
3236 0.026001882321457108
3281 0.02469331420292826
3366 0.053695704324139816
3396 0.15342442680206772
3432 0.022874033136287684
3443 0.04076211388661374
3485 0.057412511692433964
3533 0.057412511692433964
3544 0.02736422039576217
3617 0.05480810949937796
3681 0.06886018222789231
3721 0.022088912009872265
3743 0.05007575577216835
3746 0.03024987524348894
3753 0.06550252382376795
3758 0.021469044912186343
3840 0.03160679231426756
3852 0.028410121571222406
3870 0.06886018222789231
4052 0.030984168947733638
4092 0.06886018222789231
4135 0.057412511692433964
4197 0.03922675083831593
4258 0.04198574364083437
4278 0.040524911983009816
4279 0.05174594587540437
4298 0.03351302770306206
4326 0.06550252382376795
4383 0.021008703876797513
4388 0.0450868769850938
4420 0.05993724517763633
4421 0.03144799502954509
4422 0.05174594587540437
4489 0.015150274774062264
4624 0.03296151941968041
4663 0.037515680061471865
4795 0.0761172694403043
4830 0.046718097368043984
4879 0.06077017009655833
4881 0.02107336565095679
4965 0.05007575577216835
4997 0.032607812945878605
5130 0.03953800716087906
5158 0.03160679231426756
5228 0.03389573150950039
5247 0.012790433087919183
5260 0.020320109439888424
5407 0.057412511692433964
5422 0.16663140496471265
5501 0.5350817500066843
5689 0.026758065561704722
5736 0.04794780423801473
5825 0.04731676296964991
5891 0.05268015796522435
6077 0.04238142290206393
6210 0.026302450529369838
6249 0.043655933744070397
6278 0.056674513373969566
6310 0.03320660414318856
6428 0.06886018222789231
6505 0.036500133702556385
6528 0.025329268719264022
6558 0.05007575577216835
6573 0.05174594587540437
6619 0.04160303983439603
6675 0.09343619473608797
6693 0.0573116895209147
6746 0.04794780423801473
6775 0.0188378426605521
6837 0.05007575577216835
6936 0.03296151941968041
7064 0.03314247529843202
7162 0.0450868769850938
7193 0.058971012710029726
7201 0.01085540198546919
7374 0.03512543837947114
7422 0.02019916099606113
7426 0.09463352593929981
7427 0.06289812163071196
7431 0.03556592161273641
7468 0.015072465016659745
7491 0.017427509384945344
7493 0.058971012710029726
7510 0.06886018222789231
7585 0.08104982396601963
7588 0.03922675083831593
7671 0.037999147874683926
7926 0.06886018222789231
7965 0.029693988261731943
8011 0.032783326334262244
8115 0.020079453070955582
8156 0.03024987524348894
8250 0.015833478901913757
8264 0.020320109439888424
8338 0.06550252382376795
8429 0.0761172694403043
8552 0.06289812163071196
8557 0.06886018222789231
8691 0.02620139863939596
8721 0.06289812163071196
8906 0.04018658625430577
8996 0.03846709757563079
9205 0.06289812163071196
9210 0.06886018222789231
9301 0.04160303983439603
9369 0.06077017009655833
9383 0.020628080352047714
9420 0.04794780423801473
9442 0.057412511692433964
9450 0.05007575577216835
9497 0.009528836299175773
9500 0.11267786080915827
9526 0.053695704324139816
9532 0.06886018222789231
9538 0.2332839669505977
9542 0.1073776747674006
9643 0.06886018222789231
9645 0.018891504457989854
9669 0.06886018222789231
9704 0.06550252382376795
9722 0.02853233651392595
9725 0.01821243839803586
9730 0.037784000393065925
9760 0.057412511692433964
9827 0.014213060389593555
9902 0.04847614898411685
9984 0.06550252382376795
10025 0.04279098844736176
10048 0.028050972607052624
10190 0.027702546124466217
10242 0.050288008376762124
10257 0.053695704324139816
10341 0.15022726731650504
10358 0.058971012710029726
10362 0.023677767844012786
10382 0.029968622588818165
10396 0.031136738706981946
10484 0.06886018222789231
10499 0.02289415681639966
10592 0.046718097368043984
10657 0.053735610570369366
10673 0.06886018222789231
10688 0.06550252382376795
10806 0.03176777997534677
10884 0.028050972607052624
10924 0.04004011280275516
10930 0.018891504457989854
10935 0.05088100057869575
11000 0.004732353727209616
11097 0.02038105694330687
11118 0.06486979970335167
11232 0.044462496337661826
11249 0.06077017009655833
11480 0.053695704324139816
11512 0.048614924114343795
11520 0.036500133702556385
11595 0.06886018222789231
11866 0.035792558255800196
11910 0.026610964184693803
11929 0.034291410770729946
11986 0.06077017009655833
11987 0.033326280992942534
12064 0.007599500288516454
12080 0.05088100057869575
12083 0.06077017009655833
12164 0.043655933744070397
12173 0.032607812945878605
12216 0.04731676296964991
12362 0.06289812163071196
12378 0.032509751178015744
12383 0.036500133702556385
12391 0.1001515115443367
12403 0.03351302770306206
12448 0.038628085236710005
12526 0.05603781636934872
12531 0.057412511692433964
12731 0.058971012710029726
12764 0.022668977734422075
12877 0.032000432629034015
12878 0.09864499912219997
12879 0.05174594587540437
12903 0.018891504457989854
12928 0.031136738706981946
12966 0.036996864853759824
13112 0.02107336565095679
13210 0.05174594587540437
13486 0.06289812163071196
13617 0.03833988737482292
13660 0.027143998383463094
13696 0.037784000393065925
13723 0.02088044521925316
13754 0.015033753802456652
13865 0.04731676296964991
13884 0.036023683043654
13948 0.021878610457484186
13989 0.02289415681639966
14062 0.014431224131825994
14163 0.01886554936758963
14198 0.029559057043520322
14201 0.058971012710029726
14203 0.049322499561099985
