11 0.022971187991493905
305 0.04861703122504875
313 0.0689917843950757
485 0.04861703122504875
535 0.036025244413738514
637 0.02916464180700411
654 0.04615064706663757
763 0.04321732359278661
798 0.1310107257832798
817 0.03278474725796255
1027 0.026202534283409882
1095 0.039859519658085055
1107 0.01938673759064427
1117 0.035126960817047116
1145 0.07205048882747703
1170 0.12154560810120392
1184 0.032609226262323605
1190 0.050077926199521026
1240 0.031608162243597866
1318 0.04992543288718483
1329 0.07113492628424652
1337 0.06886316682634146
1375 0.03674744956296855
1399 0.04731881381431527
1460 0.028411352947643995
1483 0.03243630567356976
1484 0.06290084781629846
1486 0.06886316682634146
1567 0.021009614454477975
1580 0.06290084781629846
1610 0.04560766887473997
1617 0.04411560718947801
1653 0.014842743856506833
1660 0.03409337209359918
1662 0.051748188693602246
1962 0.04794988243382454
1963 0.015387532631865063
2204 0.016963186237202933
2227 0.057415000115900394
2332 0.03834154913586823
2489 0.06077280405060196
2558 0.017863293714866172
2565 0.022744541525345833
2575 0.024345942897830267
2609 0.028170686147971618
2659 0.02181028894408561
2793 0.040400072971647216
2821 0.08037665611318913
2848 0.020020924128231535
2961 0.04459207849912298
3099 0.029560338218111448
3114 0.05369803165047947
3119 0.0508832059076755
3130 0.033119786776607
3150 0.02916464180700411
3236 0.026003009317859684
3281 0.024694384482223056
3366 0.05369803165047947
3396 0.15343107665821795
3432 0.022875024562705903
3443 0.04076388063392625
3485 0.057415000115900394
3533 0.057415000115900394
3544 0.02736540643981714
3617 0.05481048504055896
3681 0.06886316682634146
3721 0.02208986940688161
3743 0.050077926199521026
3746 0.030251186360128746
3753 0.0655053628916399
3758 0.021469975442371954
3840 0.031608162243597866
3852 0.028411352947643995
3870 0.06886316682634146
4052 0.03098551189077558
4092 0.06886316682634146
4135 0.057415000115900394
4197 0.03922845103857577
4258 0.04198756342378153
4278 0.04052666844930925
4279 0.051748188693602246
4298 0.033514480254119475
4326 0.0655053628916399
4383 0.021009614454477975
4388 0.045088831180083895
4420 0.059939843030317165
4421 0.031449358076144115
4422 0.051748188693602246
4489 0.015150931430567257
4577 0.01638502979930842
4624 0.03296294806678181
4663 0.03751730609900048
4795 0.07612056858179615
4830 0.04672012226481946
4879 0.06077280405060196
4881 0.021074279031264614
4965 0.050077926199521026
5130 0.039539720851883606
5158 0.031608162243597866
5228 0.03389720064804204
5247 0.012790987462094838
5260 0.020320990171904498
5407 0.057415000115900394
5422 0.16663862724930073
5501 0.5351049419894757
5689 0.02675922533326492
5736 0.04794988243382454
5825 0.04731881381431527
5891 0.05268244127486247
6077 0.04238325983488887
6210 0.026303590553263458
6249 0.043657825917862755
6278 0.056676969810465216
6310 0.03320804341296713
6428 0.06886316682634146
6505 0.03650171572338348
6528 0.025330366562657577
6558 0.050077926199521026
6573 0.051748188693602246
6619 0.041604843029858965
6675 0.09344024452963892
6693 0.0573141735744581
6746 0.04794988243382454
6775 0.018838659146860604
6837 0.050077926199521026
6936 0.03296294806678181
7064 0.03314391178868192
7162 0.045088831180083895
7193 0.058973568683414995
7201 0.01085587248982864
7374 0.035126960817047116
7422 0.020200036485823608
7426 0.09463762762863054
7427 0.06290084781629846
7431 0.03556746314212326
7468 0.015073118300665945
7491 0.01742826474335132
7493 0.058973568683414995
7510 0.06886316682634146
7585 0.0810533368986185
7588 0.03922845103857577
7671 0.0380007948670988
7926 0.06886316682634146
7965 0.02969527528463034
8011 0.03278474725796255
8115 0.02008032337223212
8156 0.030251186360128746
8250 0.01583416517045163
8264 0.020320990171904498
8338 0.0655053628916399
8429 0.07612056858179615
8552 0.06290084781629846
8557 0.06886316682634146
8691 0.026202534283409882
8721 0.06290084781629846
8906 0.040188328056594565
8996 0.03846876485033227
9205 0.06290084781629846
9210 0.06886316682634146
9301 0.041604843029858965
9369 0.06077280405060196
9383 0.020628974432409335
9420 0.04794988243382454
9442 0.057415000115900394
9450 0.050077926199521026
9497 0.009529249306361067
9500 0.11268274459188647
9526 0.05369803165047947
9532 0.06886316682634146
9538 0.23329407814902103
9542 0.10738232882481398
9643 0.06886316682634146
9645 0.018892323270155074
9669 0.06886316682634146
9704 0.0655053628916399
9722 0.028533573187494835
9725 0.018213227777523967
9730 0.03778563806036984
9760 0.057415000115900394
9827 0.014213676424530204
9902 0.04847825007990831
9984 0.0655053628916399
10025 0.042792843131936
10048 0.02805218841692462
10190 0.027703746832531833
10242 0.05029018800375346
10257 0.05369803165047947
10341 0.15023377859856307
10358 0.058973568683414995
10362 0.023678794106606064
10382 0.029969921515158583
10396 0.031138088262836285
10484 0.06886316682634146
10499 0.022895149115036085
10592 0.04672012226481946
10657 0.05373793962636056
10673 0.06886316682634146
10688 0.0655053628916399
10806 0.03176915688234556
10884 0.02805218841692462
10924 0.04004184825646307
10930 0.018892323270155074
10935 0.0508832059076755
11000 0.004732558841037928
11097 0.020381940316963124
11118 0.06487261134713952
11232 0.04446442347019795
11249 0.06077280405060196
11480 0.05369803165047947
11512 0.04861703122504875
11520 0.03650171572338348
11595 0.06886316682634146
11866 0.03579410960827133
11910 0.026612117580457017
11929 0.034292897059149376
11986 0.06077280405060196
11987 0.033327725449860145
12064 0.007599829672727207
12080 0.0508832059076755
12083 0.06077280405060196
12164 0.043657825917862755
12173 0.032609226262323605
12216 0.04731881381431527
12362 0.06290084781629846
12378 0.03251116024418155
12383 0.03650171572338348
12391 0.10015585239904205
12403 0.033514480254119475
12448 0.038629759489079964
12526 0.05604024520956404
12531 0.057415000115900394
12648 0.026612117580457017
12731 0.058973568683414995
12764 0.022669960273149117
12877 0.03200181961986829
12878 0.09864927468032182
12879 0.051748188693602246
12903 0.018892323270155074
12928 0.031138088262836285
12966 0.036998468404344405
13112 0.021074279031264614
13210 0.051748188693602246
13486 0.06290084781629846
13617 0.03834154913586823
13660 0.02714517488246234
13696 0.03778563806036984
13723 0.020881350237834335
13754 0.015034405408607435
13865 0.04731881381431527
13884 0.036025244413738514
13948 0.02187955873941909
13989 0.022895149115036085
14062 0.01443184962260702
14163 0.018866367054786545
14198 0.029560338218111448
14201 0.058973568683414995
14203 0.04932463734016091
