11 0.037516070235391476
79 0.03528469730921935
111 0.18753798695224097
439 0.08055597992902702
535 0.058835685824060145
557 0.07282686248245672
575 0.09631441550075423
639 0.07363814871090295
693 0.158800664445438
702 0.057724943554583574
732 0.11246590312373708
811 0.06357194299773614
812 0.09925288957664363
1091 0.05536020865642655
1092 0.06127249018091588
1123 0.07537228450709046
1230 0.09744132969919074
1301 0.10698200702321393
1519 0.0677915777025406
1550 0.03962164004753941
2034 0.13237463735125107
2087 0.11246590312373708
2182 0.06697604503952588
2202 0.0845140739913999
2382 0.10651343093201023
2425 0.035507651302501914
2533 0.08951535319718378
2597 0.07332659801761986
2604 0.06794817115329864
2730 0.03907304537798617
3015 0.06675638628143903
3090 0.06127249018091588
3099 0.048277334423593915
3145 0.06357194299773614
3220 0.03962164004753941
3383 0.079400332222719
3516 0.07630233965009033
3721 0.0360767189083154
3734 0.0313890459385605
3817 0.07831075858297987
3871 0.08055597992902702
3938 0.05568059181346768
3956 0.03596153820066549
3995 0.11767137164812029
4052 0.05060489865845616
4393 0.043633325230730165
4593 0.058458201229055234
4652 0.2020288991458007
4757 0.09152377213007334
4914 0.1397767768131346
4928 0.03452427486845647
4974 0.044155614042222645
5390 0.12341821014660805
5610 0.06857322220352
5656 0.10698200702321393
5689 0.021851307329407
5840 0.18926797830899056
6067 0.09699542171262561
6109 0.02381109779429329
6210 0.08591696267555866
6245 0.047259675916647065
6250 0.07282686248245672
6310 0.02711734564015865
6315 0.02506565234335038
6528 0.04136903199802998
6632 0.15808805315171756
6633 0.058835685824060145
7245 0.07760911429820368
7486 0.042306713606072376
7633 0.030942600495129185
7833 0.18785588070337317
8002 0.08603987602955018
8124 0.030766909397804267
8163 0.09631441550075423
8244 0.04062139307118282
8499 0.06406709678810626
8546 0.3209460210696418
8744 0.011183715806947287
8997 0.015057723499539889
9094 0.026759692576085202
9497 0.09337784003170686
9827 0.02321348304855888
10079 0.08213289734943124
10125 0.14289327362956875
10248 0.10698200702321393
10268 0.06127249018091588
10316 0.03573324386581009
10386 0.08095064143129556
10495 0.045432995596388165
10567 0.019101570925247887
10587 0.08591696267555866
10595 0.04562267227696668
10904 0.1632904605402801
10945 0.05633797934153597
11000 0.06183293957256244
11097 0.033287364360427986
11102 0.05297430512853208
11271 0.09376899347612049
11502 0.060015176371649936
11548 0.11246590312373708
11616 0.20545673348855448
11694 0.06457545622439392
11815 0.1840311333480566
12057 0.036544530094256324
12064 0.024823770010033677
12316 0.0541299528348401
12354 0.0966599461478841
12618 0.08310140195366077
12881 0.05011609369382985
12948 0.0434623613123804
12994 0.052421734580537144
13016 0.14565372496491344
13336 0.02037613573036955
13689 0.11246590312373708
13705 0.06509774503588642
14034 0.21396401404642787
