10 0.030055412765592104
11 0.02409206985784893
79 0.022659126799608846
149 0.03384032848079361
153 0.048999836220402306
163 0.06185119102301536
166 0.06870170491110501
244 0.06373822029520765
272 0.05427324775214355
337 0.025715264363888456
338 0.03803041114427412
461 0.06185119102301536
483 0.028243026769145103
527 0.03617912338446103
538 0.045326118068087125
557 0.046767954304556075
636 0.032029570229750726
637 0.030587733993281782
639 0.04728894609201677
712 0.06870170491110501
811 0.040824630140920394
842 0.0659701022110539
960 0.02656636482964847
1065 0.04403635160450494
1092 0.07869593507746478
1113 0.05173143892045344
1127 0.02362118644691774
1133 0.04546101154647576
1145 0.037783100525025384
1151 0.06870170491110501
1156 0.13740340982221003
1397 0.0231677472274581
1451 0.03384032848079361
1519 0.043534395141489414
1609 0.06185119102301536
1618 0.03249745365064272
1635 0.05336605802768957
1672 0.042504172084969455
1676 0.06373822029520765
1771 0.06373822029520765
1828 0.06870170491110501
1870 0.06373822029520765
1917 0.04962774099568419
1928 0.042504172084969455
1940 0.023776143696948138
1967 0.043246305925127654
2026 0.06870170491110501
2028 0.06373822029520765
2034 0.34003337667975564
2052 0.05631823352938397
2111 0.0418044696886587
2182 0.06451601456803767
2202 0.05427324775214355
2384 0.05475202505939447
2425 0.11401151697133374
2458 0.06021657191577923
2462 0.031144259794934633
2528 0.06373822029520765
2564 0.037783100525025384
2609 0.029545278148948338
2625 0.05427324775214355
2648 0.021900258220967972
2649 0.09680514682358442
2662 0.04728894609201677
2716 0.03143230742114062
2730 0.025091928149694732
2793 0.04237139936582881
2852 0.03366418933698686
2857 0.043246305925127654
2870 0.0659701022110539
2927 0.05927368132145794
3020 0.07814573397721515
3099 0.06200547691622173
3151 0.032029570229750726
3157 0.02769399038913525
3184 0.0287007047210895
3185 0.039917440416466415
3236 0.027271829268566736
3245 0.06373822029520765
3307 0.040824630140920394
3408 0.0659701022110539
3459 0.06021657191577923
3512 0.025715264363888456
3519 0.028584671062815113
3536 0.03934796753873239
3560 0.04728894609201677
3606 0.02769399038913525
3633 0.010696908485693215
3648 0.04786617526493786
3693 0.03661636483868126
3721 0.06950324168237429
3734 0.02015741741547408
3742 0.03828282130923028
3814 0.04214932233231265
3871 0.05173143892045344
3911 0.05631823352938397
3914 0.034571379061440845
3916 0.04488092503236378
3938 0.03575696226389252
3940 0.029545278148948338
3995 0.07556620105005077
4093 0.06373822029520765
4191 0.08573923183632162
4219 0.020332715770840396
4295 0.05336605802768957
4355 0.05336605802768957
4391 0.04403635160450494
4393 0.05604089730044851
4493 0.039629392790260426
4652 0.043246305925127654
4660 0.03072451149772934
4685 0.031144259794934633
4864 0.03514982332784585
4893 0.04840257341179221
4901 0.06185119102301536
4914 0.04488092503236378
4922 0.019984593943218925
5118 0.06870170491110501
5151 0.046767954304556075
5158 0.033150486301925866
5160 0.04146906626144741
5185 0.041142608000358405
5228 0.07110243721835831
5231 0.03934796753873239
5242 0.0659701022110539
5247 0.013415125225642182
5260 0.021312555318578705
5358 0.02769399038913525
5390 0.0594425293332912
5582 0.03476117292980186
5610 0.04403635160450494
5689 0.014032472467459287
5840 0.08102940645015304
5903 0.028243026769145103
5991 0.05336605802768957
5994 0.06870170491110501
6067 0.031144259794934633
6068 0.03143230742114062
6102 0.023242163622546292
6199 0.06870170491110501
6238 0.045326118068087125
6245 0.045523827782302934
6315 0.048289981613175534
6430 0.05427324775214355
6434 0.046767954304556075
6632 0.13536131392317444
6633 0.15113240210010154
6720 0.02656636482964847
6733 0.05173143892045344
6749 0.06185119102301536
6775 0.019757893773819313
6898 0.04840257341179221
6911 0.036395792037037994
6925 0.06870170491110501
6936 0.06914275812288169
6957 0.05525308729988186
6982 0.048999836220402306
7087 0.057484969215728106
7099 0.027994692609564123
7201 0.03415675826035191
7239 0.04445135606933402
7242 0.018179557337194268
7360 0.06870170491110501
7374 0.03684098507276133
7406 0.03218355288009957
7431 0.03730298176149197
7456 0.06870170491110501
7580 0.014032472467459287
7587 0.0659701022110539
7591 0.0771868379064308
7598 0.023776143696948138
7633 0.01987071908210976
7833 0.04021242961319787
7835 0.06870170491110501
7867 0.05028960268398449
7891 0.020630576190592786
8002 0.05525308729988186
8020 0.039629392790260426
8124 0.019757893773819313
8244 0.05217249213223012
8264 0.021312555318578705
8293 0.06797738039882653
8294 0.0418044696886587
8306 0.03018633871194848
8370 0.045326118068087125
8413 0.05336605802768957
8463 0.025266809113810393
8466 0.0771868379064308
8497 0.05525308729988186
8585 0.03575696226389252
8621 0.06373822029520765
8633 0.06373822029520765
8644 0.08890271213866804
8691 0.027481090078682442
8744 0.014363917158739258
8751 0.04214932233231265
8877 0.06185119102301536
8885 0.05252148459983073
8995 0.07854232553711181
8996 0.013448617611223157
8997 0.009669768826396455
9028 0.0965506586402987
9094 0.017184539288697138
9099 0.02339236746153818
9334 0.10504296919966145
9350 0.04783310053405817
9383 0.02163556770792261
9497 0.06995961116451825
9608 0.06373822029520765
9611 0.04626823352035118
9645 0.0594425293332912
9654 0.052937645610486514
9676 0.03384032848079361
9696 0.07222335329053343
9718 0.06021657191577923
9719 0.02004193109391453
9770 0.05336605802768957
9782 0.05028960268398449
9827 0.01490723446621239
9852 0.07222335329053343
9890 0.026180775179037268
9902 0.008473958682095613
9932 0.027271829268566736
9949 0.03575696226389252
10108 0.04146906626144741
10125 0.12235093597312713
10316 0.022947174425814836
10396 0.03265747500503262
10415 0.04488092503236378
10451 0.02769399038913525
10506 0.10371413718432253
10567 0.0367999402579959
10574 0.03438448292283502
10587 0.11034830960525624
10588 0.07556620105005077
10595 0.0292979675296996
10616 0.03031868010136519
10806 0.03331933669333292
10893 0.07222335329053343
10904 0.10486186740170712
10922 0.04146906626144741
10938 0.06021657191577923
10949 0.026180775179037268
10976 0.14444670658106687
11000 0.044671361543076306
11097 0.02137647953325764
11314 0.06698109741027537
11325 0.0250054157098119
11328 0.03617912338446103
11365 0.01894330556436665
11438 0.042504172084969455
11456 0.04728894609201677
11502 0.038540545760917894
11552 0.06870170491110501
11633 0.041142608000358405
11634 0.06375500091372795
11744 0.06021657191577923
11776 0.05336605802768957
11815 0.059090556297896675
11869 0.07235824676892207
11878 0.04146906626144741
12064 0.031882657083455376
12182 0.032029570229750726
12215 0.044616689305338735
12222 0.06870170491110501
12231 0.031144259794934633
12235 0.05252148459983073
12254 0.03880381309669098
12354 0.10345513982138253
12377 0.07279158407407599
12406 0.029176160959602297
12407 0.03018633871194848
12455 0.05098930508029524
12510 0.057484969215728106
12523 0.023776143696948138
12581 0.05098930508029524
12601 0.07222335329053343
12618 0.16009817408306873
12641 0.04051470322507652
12651 0.05173143892045344
12662 0.057484969215728106
12764 0.07132843109084441
12876 0.045788114756817766
12928 0.03265747500503262
12948 0.0558213180834244
12992 0.03684098507276133
13016 0.046767954304556075
13051 0.03401903908964366
13109 0.05028960268398449
13184 0.04626823352035118
13311 0.05028960268398449
13336 0.013085146774940522
13445 0.05877473567931028
13511 0.06870170491110501
13514 0.05336605802768957
13705 0.0418044696886587
13741 0.06870170491110501
13762 0.06021657191577923
13770 0.03401903908964366
13810 0.05098930508029524
13820 0.05877473567931028
13832 0.02769399038913525
13919 0.027376012529697236
14039 0.03514982332784585
14065 0.0500108314196238
14072 0.018328542453571416
14083 0.03534887583219112
14088 0.03803041114427412
