45 0.1000171669996368
127 0.04773781458595682
153 0.06349301169911663
272 0.070326193315746
570 0.1000171669996368
583 0.059331327003999845
705 0.07448787801086279
976 0.03355986172178592
1018 0.08548274432260895
1037 0.06516426539051681
1123 0.1254381808983541
1378 0.05815580863024471
1451 0.08769924709415028
1564 0.052899742511186
1567 0.02855223042420381
1595 0.1000171669996368
1656 0.04384962354707514
1689 0.06915930845224097
1718 0.05965838346032894
1830 0.04384962354707514
1846 0.0499400714704717
2034 0.05507605950585918
2063 0.09358558250682297
2105 0.046880187394522446
2111 0.05416939907877065
2137 0.08145871565136943
2425 0.14773385258542587
2426 0.08014554125373703
2435 0.059331327003999845
2558 0.04855271184411303
2561 0.08902230068789063
2597 0.030508412763878136
2697 0.08902230068789063
2813 0.07159584988333065
2929 0.04273992368727039
2959 0.08014554125373703
2969 0.046880187394522446
3010 0.023240086190090416
3099 0.08034546184078344
3130 0.022505024680370262
3139 0.07802743437614447
3181 0.05210646526237946
3216 0.052899742511186
3225 0.048336460692253676
3236 0.03533829311218056
3297 0.037341594380507506
3301 0.05654130719653317
3384 0.0670325680643983
3478 0.3215331909954122
3481 0.04035611144954714
3606 0.03588532108277628
3633 0.013860840933662265
3721 0.03002030535650424
3734 0.052239159903631406
3742 0.049606117259838316
3789 0.03480950284305148
3955 0.1000171669996368
4393 0.1815416959722828
4452 0.05623998016045403
4590 0.05062984271348897
4593 0.048644475013045356
4636 0.07802743437614447
4652 0.056037701752652144
4660 0.11943662990220635
4689 0.04252700452927495
4895 0.060600983571584485
5059 0.02704836653551627
5151 0.060600983571584485
5278 0.09358558250682297
5347 0.06271909044917705
5459 0.04895858902208878
5689 0.054548994890698185
5840 0.10499629077474093
5938 0.03121802420848536
5961 0.1000171669996368
5991 0.06915067494199087
6066 0.07159584988333065
6109 0.03962757414136736
6245 0.0196629564023374
6278 0.02567481513888724
6310 0.04512999082007951
6632 0.08769924709415028
6681 0.030116732638887145
6836 0.06516426539051681
7201 0.014753215650718328
7491 0.023685148146073313
7571 0.08222319790126663
7580 0.018182998296899393
7617 0.057599181724951716
7649 0.03780588818319379
7693 0.02545702353757191
7717 0.03142674089219388
7837 0.08548274432260895
7892 0.03981220996740212
7914 0.0670325680643983
8002 0.07159584988333065
8087 0.03911485639197318
8097 0.02936124513780098
8157 0.05554959434527826
8250 0.021518754354165545
8293 0.05872249027560196
8509 0.07448787801086279
8563 0.06516426539051681
8706 0.0783587398554471
8717 0.09489351232212848
8996 0.03485290160911999
8997 0.025059787647474
9099 0.030311363781396823
9134 0.03560944910145939
9334 0.06805629351804895
9350 0.12396235767618416
9417 0.14595209029967648
9497 0.11655291928321074
9719 0.025969935076822933
9749 0.05995345533383494
9857 0.08548274432260895
9949 0.04633315942392673
10079 0.03417237948537539
10125 0.0792699528034856
10316 0.02973449151393855
10330 0.05554959434527826
10362 0.03217966645527832
10587 0.1787339268143056
10595 0.11389116813102784
10817 0.059331327003999845
10904 0.13587791893385115
10945 0.046880187394522446
11000 0.04502109144969682
11097 0.027699216360358495
11325 0.032401519569636765
11386 0.05172422413743088
11406 0.08548274432260895
11617 0.048644475013045356
11646 0.1000171669996368
11674 0.1340651361287966
11729 0.08548274432260895
11849 0.038777349210308426
11910 0.03616607600675238
11911 0.06198117883809208
12042 0.12861327639816486
12064 0.05164113993395035
12140 0.06430663819908243
12254 0.10056241607977795
12256 0.042955739793334
12406 0.03780588818319379
12407 0.03911485639197318
12565 0.05098631252634592
12591 0.051350977761293305
12726 0.05461625226496303
12764 0.061617306764859686
12881 0.041702806726616505
12914 0.07159584988333065
12948 0.03616607600675238
12963 0.0492790491960911
12992 0.04773781458595682
12994 0.2181069297660843
13389 0.09358558250682297
13464 0.03911485639197318
13466 0.070326193315746
13512 0.30005150099891037
13557 0.0499400714704717
13614 0.03718980146040304
13761 0.03796372271034261
14065 0.032401519569636765
14088 0.0492790491960911
14163 0.012819770219559158
