10 0.024397556946056567
11 0.019556798334114063
14 0.03679359040365032
79 0.01839360320062743
137 0.055768781847466274
149 0.027469971802503608
153 0.039775740358598904
163 0.050207859959687094
166 0.055768781847466274
244 0.051739660720044406
272 0.04405644543987925
337 0.02087443055911423
340 0.039775740358598904
461 0.050207859959687094
483 0.04585269610524631
486 0.03755835499283228
527 0.029368494451066166
538 0.03679359040365032
554 0.1071027929633993
557 0.07592800919388736
636 0.026000084235498166
637 0.024829670042204818
639 0.03838692099147583
653 0.05862748878159478
705 0.04666356842014928
712 0.055768781847466274
811 0.03313949625090703
842 0.05355139648169965
960 0.021565313503964918
1002 0.02197096310807631
1065 0.03574661923117705
1092 0.06388162333520336
1113 0.04199312572436553
1127 0.057523672620978086
1133 0.05535463578628183
1145 0.03067052693128191
1151 0.055768781847466274
1156 0.11153756369493255
1230 0.05079531044638231
1386 0.050207859959687094
1397 0.018806477112862825
1451 0.027469971802503608
1460 0.024188348473842936
1489 0.02853295753990462
1519 0.05300873221374765
1567 0.017886789012212183
1604 0.01704505556192433
1609 0.050207859959687094
1618 0.0263798897798225
1635 0.08664006379627344
1672 0.034502868650508146
1676 0.051739660720044406
1689 0.014441813478164053
1718 0.018686752346674315
1748 0.04263444729272742
1771 0.051739660720044406
1828 0.055768781847466274
1870 0.10347932144008881
1871 0.018686752346674315
1917 0.040285443640038394
1928 0.034502868650508146
2026 0.055768781847466274
2028 0.051739660720044406
2034 0.41403442380609773
2052 0.09143293558140483
2111 0.06786976693904363
2182 0.052371037178311236
2343 0.055768781847466274
2384 0.022222547061934803
2425 0.09254913580820393
2435 0.03716861737832889
2458 0.0488809537859159
2462 0.05056286252435559
2564 0.03067052693128191
2625 0.04405644543987925
2649 0.07858182154142973
2662 0.03838692099147583
2716 0.025515254647614123
2730 0.020368435818634706
2763 0.025397655223191155
2779 0.035105297662815164
2793 0.05159263509244046
2852 0.05465398081853872
2857 0.035105297662815164
2864 0.04771053959262256
2870 0.05355139648169965
2927 0.04811555997321836
2989 0.03838692099147583
3099 0.0251665509608767
3137 0.021329641539714426
3151 0.026000084235498166
3157 0.022480666389515798
3184 0.023297869281847502
3185 0.0324030827091645
3227 0.027469971802503608
3236 0.022137976037537914
3245 0.051739660720044406
3307 0.03313949625090703
3328 0.0310761765353933
3408 0.05355139648169965
3459 0.0488809537859159
3478 0.040285443640038394
3536 0.03194081166760168
3560 0.03838692099147583
3609 0.0488809537859159
3633 0.017366484763451862
3648 0.03885548822517525
3721 0.09403238556431412
3734 0.03272566862515174
3742 0.0310761765353933
3763 0.030871281948807172
3814 0.03421481847081973
3871 0.04199312572436553
3911 0.04571646779070242
3914 0.02806340395101189
3916 0.036432203836586345
3938 0.029025804099088285
3940 0.023983453887256808
3956 0.01874643442029518
3995 0.06134105386256382
4052 0.0263798897798225
4093 0.051739660720044406
4191 0.06959903720346039
4219 0.01650513319367778
4295 0.04332003189813672
4393 0.06823700911343306
4452 0.01761600835093239
4542 0.022835598240284683
4652 0.035105297662815164
4660 0.024940699525636805
4702 0.028217469601264793
4808 0.017509728884506196
4817 0.0220541187011786
4864 0.02853295753990462
4893 0.039290910770714865
4901 0.050207859959687094
4914 0.036432203836586345
4922 0.01622254442406742
4985 0.020510395881338545
5118 0.055768781847466274
5151 0.03796400459694368
5160 0.03366261889344991
5223 0.016084207590575068
5228 0.05771758233925336
5242 0.05355139648169965
5247 0.021779523321388477
5260 0.051901561236877704
5358 0.022480666389515798
5359 0.07677384198295166
5390 0.048252622771725207
5434 0.030091506729298258
5459 0.03067052693128191
5582 0.028217469601264793
5610 0.0714932384623541
5613 0.02230784402674819
5689 0.045563579351103854
5840 0.0986637368911456
5903 0.022926348052623155
5981 0.041390696712058514
5991 0.04332003189813672
5994 0.055768781847466274
6067 0.025281431262177793
6068 0.025515254647614123
6102 0.0188668848088424
6109 0.04965006566573328
6155 0.0324030827091645
6199 0.055768781847466274
6210 0.02239387950260847
6238 0.07358718080730065
6245 0.03695408176169586
6294 0.024940699525636805
6310 0.02827206883415816
6315 0.026133009396569165
6606 0.013066504698284583
6632 0.13734985901251803
6633 0.2146936885189734
6695 0.019112256173947798
6720 0.021565313503964918
6733 0.04199312572436553
6775 0.032077039982145575
6925 0.055768781847466274
6936 0.05612680790202378
6982 0.039775740358598904
7087 0.04666356842014928
7099 0.011362381086828742
7201 0.027726834472346557
7229 0.055768781847466274
7239 0.03608350014984893
7242 0.014757301416803878
7245 0.020228475260014665
7360 0.055768781847466274
7374 0.02990576234209996
7406 0.026125080039411774
7422 0.01719754503081349
7431 0.030280789316778512
7456 0.055768781847466274
7495 0.03339761557848802
7580 0.011390894837775964
7587 0.05355139648169965
7633 0.016130106218999216
7758 0.039290910770714865
7821 0.05355139648169965
7833 0.03264254093194314
7835 0.055768781847466274
7847 0.16730634554239882
7867 0.040822711531072184
7891 0.03349384427793803
7941 0.02885879116962668
8002 0.044851832658494045
8020 0.03216925932372817
8027 0.0263798897798225
8087 0.024503836412482757
8097 0.01839360320062743
8124 0.016038519991072787
8244 0.06352672766838457
8264 0.017300520412292564
8293 0.07357441280250972
8294 0.033934883469521816
8306 0.024503836412482757
8344 0.019621959455387288
8370 0.03679359040365032
8412 0.022745669704477684
8413 0.04332003189813672
8463 0.020510395881338545
8484 0.05612680790202378
8497 0.044851832658494045
8585 0.029025804099088285
8621 0.051739660720044406
8633 0.051739660720044406
8644 0.07216700029969786
8658 0.023717212717489625
8666 0.030871281948807172
8688 0.01794184198065445
8691 0.02230784402674819
8706 0.03272566862515174
8744 0.011659945899993572
8751 0.03421481847081973
8877 0.050207859959687094
8885 0.04263444729272742
8893 0.027186037189404107
8931 0.04004432523257844
8995 0.08500924053902377
8996 0.010916949188972227
8997 0.015698918357048387
9028 0.07837524011823534
9094 0.01394959301200185
9099 0.018988813153127733
9129 0.041390696712058514
9334 0.08526889458545484
9350 0.0776572794583041
9383 0.01756272653219393
9385 0.028694538911216833
9497 0.04867704892642252
9608 0.051739660720044406
9611 0.03755835499283228
9645 0.032168415181150135
9654 0.02148613352019227
9676 0.027469971802503608
9719 0.016269088000431878
9722 0.024292402151171035
9770 0.04332003189813672
9782 0.040822711531072184
9783 0.015208130850439549
9820 0.03716861737832889
9827 0.012100985091577362
9890 0.021252310134755942
9902 0.006878757284665934
9920 0.035105297662815164
9932 0.04427595207507583
9949 0.029025804099088285
10079 0.021407579471690332
10081 0.050207859959687094
10108 0.03366261889344991
10125 0.09931868016881927
10137 0.051739660720044406
10316 0.01862742658606376
10386 0.02109942965182353
10396 0.02650978751693766
10415 0.036432203836586345
10451 0.022480666389515798
10488 0.04771053959262256
10506 0.08419021185303567
10567 0.03982992548056802
10574 0.027911690540179817
10587 0.13436327701565084
10588 0.09201158079384573
10595 0.02378269886973154
10616 0.024611264868375102
10893 0.05862748878159478
10904 0.11349584632697055
10922 0.03366261889344991
10938 0.0488809537859159
10945 0.029368494451066166
10949 0.021252310134755942
10976 0.05862748878159478
11000 0.07252418029359343
11097 0.01735241105442165
11213 0.040318454692842155
11279 0.050207859959687094
11314 0.05437207437880821
11325 0.02029820912785374
11328 0.029368494451066166
11365 0.015377275962161645
11456 0.03838692099147583
11495 0.03194081166760168
11502 0.031285385007606935
11552 0.055768781847466274
11626 0.050207859959687094
11633 0.03339761557848802
11634 0.0517532824293562
11733 0.016457473460173802
11744 0.0488809537859159
11776 0.04332003189813672
11815 0.07195036166177043
11869 0.08810548335319852
11878 0.06732523778689982
11930 0.026641405803860055
12064 0.025880827119290174
12170 0.040285443640038394
12215 0.03621770982023211
12219 0.034502868650508146
12231 0.025281431262177793
12235 0.04263444729272742
12329 0.041390696712058514
12354 0.08397997009190968
12377 0.05908875155007197
12406 0.023683822079932304
12407 0.024503836412482757
12455 0.041390696712058514
12510 0.04666356842014928
12523 0.01930034447798369
12581 0.041390696712058514
12618 0.08664006379627344
12641 0.03288791229704854
12651 0.04199312572436553
12695 0.022137976037537914
12764 0.05790103343395108
12834 0.008236797798434945
12867 0.055768781847466274
12876 0.03716861737832889
12881 0.07837524011823534
12910 0.03679359040365032
12928 0.02650978751693766
12948 0.04531309542697123
12992 0.02990576234209996
12994 0.02732699040926936
13016 0.03796400459694368
13051 0.05523008117791556
13109 0.040822711531072184
13286 0.05355139648169965
13311 0.040822711531072184
13336 0.010621900822955827
13385 0.051739660720044406
13466 0.04405644543987925
13511 0.055768781847466274
13514 0.08664006379627344
13557 0.031285385007606935
13590 0.051739660720044406
13614 0.023297869281847502
13705 0.033934883469521816
13741 0.055768781847466274
13762 0.0488809537859159
13810 0.041390696712058514
13832 0.044961332779031596
13851 0.03608350014984893
13919 0.022222547061934803
14065 0.06089462738356122
14072 0.014878240459939813
14083 0.028694538911216833
14088 0.030871281948807172
