10 0.023401252967527417
11 0.018758172634391314
14 0.07058215857621584
79 0.017642477992116185
93 0.05349139565854559
137 0.05349139565854559
149 0.026348202018035845
153 0.07630289902880709
163 0.04815756079482108
166 0.05349139565854559
244 0.049626808603863135
272 0.04225734678550768
337 0.020021997741289103
340 0.07630289902880709
461 0.04815756079482108
483 0.021990122682661904
486 0.03602461378304213
527 0.028169196179944074
554 0.10272911985436835
557 0.07282739638216502
636 0.024938339101622912
637 0.023815720198648326
639 0.03681934427910861
653 0.05623336381025345
705 0.04475800472079386
712 0.05349139565854559
811 0.03178620452443492
842 0.051364559927184174
960 0.02068466763890008
971 0.020608721066285234
1002 0.04214750409388093
1065 0.03428686245972109
1083 0.034609986435420965
1092 0.06127293937457218
1113 0.04027828524576496
1127 0.03678308221873875
1133 0.05309416175661392
1145 0.02941805857665181
1151 0.05349139565854559
1156 0.05349139565854559
1230 0.0487210220247896
1386 0.04815756079482108
1397 0.0180384916948519
1451 0.026348202018035845
1460 0.023200587778301883
1489 0.02736777943706981
1519 0.05084405601612208
1604 0.03269799988023986
1609 0.04815756079482108
1618 0.025302634823561574
1635 0.08310201117686153
1672 0.033093901950146526
1676 0.049626808603863135
1718 0.017923656035435262
1748 0.040893417666111403
1771 0.049626808603863135
1828 0.05349139565854559
1870 0.09925361720772627
1871 0.017923656035435262
1917 0.03864033844101684
1928 0.033093901950146526
2026 0.05349139565854559
2028 0.049626808603863135
2034 0.36403292145161176
2052 0.08769916020013342
2111 0.032549111136400063
2182 0.03348826802320556
2343 0.05349139565854559
2425 0.07101582322401793
2458 0.046884840452155276
2462 0.07274709959551949
2564 0.02941805857665181
2625 0.04225734678550768
2649 0.07537283706749663
2662 0.03681934427910861
2716 0.024473308120967686
2730 0.01953666591284496
2763 0.0243605110123948
2779 0.03367173003937465
2793 0.049485786946986736
2848 0.03269799988023986
2852 0.07863317833286618
2857 0.03367173003937465
2864 0.04576222154918069
2870 0.051364559927184174
2927 0.04615070242881478
2989 0.03681934427910861
3099 0.02413884417434819
3137 0.02045861962659402
3151 0.024938339101622912
3157 0.02156264097355376
3184 0.02234647238960627
3185 0.031079863327358
3227 0.05269640403607169
3236 0.02123394479983864
3242 0.03681934427910861
3245 0.049626808603863135
3307 0.03178620452443492
3328 0.029807142984692194
3408 0.051364559927184174
3421 0.024938339101622912
3459 0.046884840452155276
3536 0.03063646968728609
3544 0.02234647238960627
3560 0.03681934427910861
3633 0.01665730318838069
3648 0.037268776998636156
3721 0.0721539667794076
3734 0.03138927605423347
3742 0.029807142984692194
3763 0.02961061551831594
3814 0.03281761465067904
3871 0.04027828524576496
3893 0.03367173003937465
3911 0.04384958010006671
3916 0.03494445038204045
3938 0.027840500006228956
3940 0.023004060311925627
3956 0.01798090091882733
3995 0.05883611715330362
4052 0.025302634823561574
4093 0.049626808603863135
4191 0.0667568756779879
4213 0.038151449514403545
4393 0.06545046766532993
4452 0.016896637175997046
4542 0.02190307874953435
4652 0.0673434600787493
4702 0.027065174832984335
4803 0.05349139565854559
4808 0.016794697761137102
4817 0.021153511880031704
4864 0.02736777943706981
4901 0.04815756079482108
4914 0.03494445038204045
4922 0.015560077047218991
4985 0.019672828863338883
5022 0.04576222154918069
5051 0.04680250593505483
5118 0.05349139565854559
5151 0.03641369819108251
5223 0.015427389366954983
5228 0.08304092175999235
5242 0.051364559927184174
5247 0.020890129937307246
5260 0.04978209771573471
5358 0.04312528194710752
5359 0.07363868855821722
5390 0.046282168100864954
5434 0.02886268337044214
5582 0.027065174832984335
5595 0.04302025339747283
5610 0.06857372491944218
5613 0.021396876022640333
5689 0.04370293504627026
5840 0.15772447154006614
5903 0.021990122682661904
5983 0.049626808603863135
5991 0.041551005588430764
6067 0.0242490331985065
6102 0.01809643256892913
6109 0.04762254471081246
6155 0.031079863327358
6191 0.04576222154918069
6199 0.05349139565854559
6238 0.07058215857621584
6245 0.0354450167859086
6294 0.023922215657779355
6310 0.02711754443964601
6315 0.012532918050852862
6606 0.012532918050852862
6632 0.15808921210821505
6633 0.20592641003656267
6695 0.0183317838952326
6720 0.02068466763890008
6733 0.04027828524576496
6775 0.01538356747627159
6925 0.05349139565854559
6936 0.05383480128273127
6982 0.038151449514403545
7099 0.021796768808797103
7175 0.051364559927184174
7201 0.02659457538764
7219 0.04302025339747283
7229 0.05349139565854559
7239 0.034609986435420965
7245 0.019402420814248172
7311 0.05349139565854559
7360 0.05349139565854559
7374 0.028684524081717604
7406 0.02505823054951375
7422 0.016495262315662243
7431 0.02904423637272705
7456 0.05349139565854559
7468 0.012308643128391675
7495 0.03203378323462652
7580 0.010925733761567564
7587 0.051364559927184174
7758 0.037686418533748316
7821 0.051364559927184174
7833 0.03130954298170975
7835 0.05349139565854559
7847 0.16047418697563678
7867 0.03915566634279037
7891 0.03212608231783164
7941 0.02768030725333078
8002 0.04302025339747283
8020 0.030855588404896817
8027 0.025302634823561574
8097 0.017642477992116185
8105 0.05349139565854559
8124 0.01538356747627159
8244 0.06093253630492597
8264 0.016594032571911572
8293 0.10585486795269712
8294 0.032549111136400063
8306 0.023503192382387357
8344 0.037641345643691794
8370 0.03529107928810792
8411 0.015831125959946426
8412 0.021816822555109975
8413 0.041551005588430764
8463 0.019672828863338883
8484 0.05383480128273127
8497 0.04302025339747283
8585 0.027840500006228956
8621 0.049626808603863135
8633 0.049626808603863135
8644 0.06921997287084193
8658 0.01137434571243702
8666 0.02961061551831594
8688 0.01720916499225801
8691 0.021396876022640333
8744 0.01677569669352916
8751 0.03281761465067904
8877 0.04815756079482108
8878 0.02768030725333078
8885 0.040893417666111403
8893 0.026075862220978723
8931 0.038409066397648996
8995 0.10192223071912025
8997 0.030115667777894352
9028 0.07517469164854125
9094 0.013379944376794291
9099 0.01821338182064484
9129 0.03970045715653684
9334 0.040893417666111403
9350 0.07448604978735279
9383 0.01684553118527734
9385 0.0275227624361167
9417 0.13154874030020014
9497 0.054470806012186034
9577 0.060097950864935905
9608 0.049626808603863135
9611 0.03602461378304213
9645 0.030854778733909967
9654 0.020608721066285234
9676 0.026348202018035845
9719 0.015604719959905958
9722 0.023300392296874792
9770 0.041551005588430764
9782 0.03915566634279037
9783 0.014587088288440984
9820 0.035650791579117366
9827 0.011606826614254526
9890 0.02038444614382405
9902 0.006597854845737238
9920 0.03367173003937465
9932 0.04246788959967728
9949 0.027840500006228956
10079 0.02053337486811131
10081 0.04815756079482108
10108 0.032287964816182735
10125 0.1905257615891866
10316 0.035733505829154744
10386 0.020237808721773585
10396 0.025427228028236215
10415 0.03494445038204045
10451 0.02156264097355376
10488 0.04576222154918069
10506 0.0807522019240969
10508 0.03494445038204045
10516 0.011431936488461586
10567 0.03820342192086535
10574 0.02677188263260363
10587 0.12887638880979937
10588 0.08825417572995543
10595 0.022811503370261495
10616 0.02360623386632798
10785 0.02736777943706981
10904 0.1360763813633777
10922 0.032287964816182735
10938 0.046884840452155276
10945 0.028169196179944074
10949 0.02038444614382405
10999 0.005829598110458099
11000 0.06569797992960168
11097 0.016643804196414588
11213 0.03867200144723886
11279 0.04815756079482108
11314 0.052151724441957446
11325 0.019469307014588412
11328 0.028169196179944074
11365 0.014749326153337914
11456 0.03681934427910861
11495 0.03063646968728609
11502 0.030007808173917728
11552 0.05349139565854559
11553 0.03494445038204045
11626 0.04815756079482108
11633 0.03203378323462652
11634 0.07445981108110548
11733 0.015785412469757332
11744 0.046884840452155276
11776 0.041551005588430764
11815 0.06901218093577689
11869 0.05633839235988815
11878 0.032287964816182735
11905 0.020994654128807206
11930 0.02555347152196936
12023 0.019010670696657867
12064 0.031029939993912223
12170 0.03864033844101684
12215 0.03473871549031238
12219 0.033093901950146526
12231 0.0242490331985065
12235 0.040893417666111403
12329 0.03970045715653684
12354 0.08055054564157131
12377 0.056675790351300284
12406 0.045433328669409155
12407 0.023503192382387357
12455 0.03970045715653684
12510 0.04475800472079386
12513 0.02038444614382405
12523 0.01851219138409343
12581 0.03970045715653684
12618 0.08310201117686153
12641 0.06308978861602646
12651 0.04027828524576496
12695 0.02123394479983864
12764 0.0555365741522803
12834 0.00790043811967427
12867 0.05349139565854559
12876 0.035650791579117366
12881 0.100232922198055
12910 0.03529107928810792
12928 0.025427228028236215
12940 0.030212789072718297
12948 0.04346267993851965
12992 0.028684524081717604
12994 0.02621105944428872
13016 0.03641369819108251
13051 0.052974693487512436
13079 0.013667701913275425
13109 0.03915566634279037
13286 0.051364559927184174
13311 0.03915566634279037
13336 0.010188142554746786
13385 0.049626808603863135
13511 0.05349139565854559
13514 0.08310201117686153
13590 0.049626808603863135
13614 0.04469294477921254
13705 0.032549111136400063
13762 0.046884840452155276
13832 0.02156264097355376
13851 0.034609986435420965
13919 0.021315062263362147
13990 0.03602461378304213
14065 0.038938614029176824
14072 0.014270669374173893
14082 0.060097950864935905
14083 0.0275227624361167
14088 0.02961061551831594
