13 0.09928946211674258
52 0.08354460657182333
79 0.027554597606913027
338 0.04624682518322038
340 0.0595861783112108
437 0.03971307414357325
486 0.05626441689085608
515 0.09386293999195225
637 0.07439233729931058
1008 0.04051793007001
1092 0.04784903768658743
1107 0.024725568918697833
1123 0.058859877756808565
1127 0.028724508817079473
1344 0.0659989025992135
1550 0.09282423525996686
1618 0.039518480412414875
1882 0.04784903768658743
1972 0.3100350738044401
2034 0.20674854221417505
2066 0.16708921314364666
2215 0.04507868035792168
2462 0.07574586205408389
2597 0.02863117805082404
2659 0.027816531786345838
2850 0.09437463896549086
2852 0.12281186285072795
2927 0.04805311496002763
3036 0.04594608347072717
3145 0.04964473105837129
3218 0.09386293999195225
3236 0.03316386761703287
3478 0.06034974098383108
3560 0.05750565290287435
3633 0.03902387919463049
3693 0.04452727626623273
3721 0.028173104725390512
3728 0.03577736144516084
3734 0.04902479522622709
3756 0.03504390233882675
3844 0.16044569030293726
3904 0.07521404929765077
3916 0.05457738245739294
3956 0.056166315145691245
4028 0.03971307414357325
4182 0.09072447151791133
4264 0.07147293033039676
4278 0.05168713555354376
4393 0.034074225108066694
4452 0.052779438183531535
4542 0.034208942846103804
4556 0.07521404929765077
4597 0.08782710187123895
4660 0.037362496731494485
4808 0.026230506788482457
4899 0.03341833891544736
4928 0.026960766967447314
5059 0.02538403437294632
5228 0.08646401354073717
5329 0.06990451173133971
5383 0.0540550057557052
5390 0.0240949999383065
5527 0.09386293999195225
5551 0.023688987267653155
5689 0.034128334749210315
5981 0.062005468973672685
6210 0.033547224642261814
6245 0.01845306113163224
6278 0.0240949999383065
6294 0.11208749019448347
6310 0.04235306545123261
6429 0.034760346937792765
6446 0.04031259980145475
6632 0.08230296272406427
6633 0.18378433388290868
6695 0.08589353415247211
6696 0.04227127289130766
6983 0.09386293999195225
7025 0.03316386761703287
7099 0.017021452256471715
7242 0.022107223792350143
7350 0.09386293999195225
7491 0.02222776055178059
7495 0.05003140756370217
7507 0.09386293999195225
7586 0.0659989025992135
7633 0.024163758529167783
7693 0.02389060942597489
7851 0.03316386761703287
7867 0.061154596910267825
8087 0.11012415753568405
8213 0.07322627315169442
8377 0.05457738245739294
8931 0.029994266381325834
8997 0.023517816138248146
9094 0.04179446713440088
9095 0.07322627315169442
9099 0.05689250765716682
9409 0.030513002087898082
9497 0.04861387520540612
9511 0.1081100115114104
9873 0.061154596910267825
9941 0.04890026551275171
10048 0.03577736144516084
10079 0.0962090839374502
10125 0.18598084324827643
10245 0.375451759967809
10316 0.027904877496421815
10506 0.08408094867720192
10567 0.02983367525545367
10587 0.10064167392678544
10657 0.022845534196903956
10752 0.04348220103716179
10904 0.0850114124319327
10945 0.08799113888597776
10999 0.045524282420948595
11091 0.16708921314364666
11135 0.036868986062616516
11314 0.040726132183554455
11495 0.04784903768658743
11671 0.08354460657182333
11694 0.05042839664890889
11815 0.03592849176309147
11849 0.03639131272321854
12090 0.08022284515146863
12182 0.03894951147095295
12212 0.06386867361062641
12333 0.03639131272321854
12392 0.13980902346267943
12393 0.06489571587752185
12406 0.07095925470263442
12407 0.18354026255947342
12513 0.031837092906328655
12582 0.03291367335023966
12614 0.03434489090014273
12662 0.06990451173133971
12695 0.03316386761703287
12726 0.05125562103703824
12763 0.034620569305602436
12764 0.02891294435162686
12865 0.01845306113163224
12881 0.03913676184500009
12894 0.05003140756370217
12903 0.0240949999383065
12932 0.05003140756370217
12948 0.0678814312342702
12963 0.04624682518322038
12994 0.04093728761690932
12997 0.09386293999195225
13006 0.04926784489108187
13022 0.0330382448592423
13051 0.04136880213341485
13079 0.021346662674020783
13235 0.06386867361062641
13468 0.09386293999195225
13786 0.02014197406954049
13832 0.10103170806857988
13919 0.06658111903505817
14065 0.06081559752685108
14083 0.042985948135899635
14163 0.012030947875512885
14246 0.0540550057557052
