721 0.34864192356205254
729 0.1812790980803174
1097 0.38816917766614223
1368 0.1928049307146923
1555 0.25495604884131995
1684 0.1680648991764448
1718 0.11670710654185729
2126 0.20237170996147436
2768 0.18451780958628908
2973 0.23456868568526174
3547 0.2979736084743836
3789 0.13619263953655558
5377 0.2979736084743836
5718 0.17338769276626778
9094 0.08712143274895952
11378 0.2212186110402964
11678 0.1812790980803174
12354 0.10489847711437977
12638 0.20539968707157383
12854 0.1903221508439075
14041 0.12590336994212922
