153 0.03231606240218043
336 0.02243602172746433
476 0.04530971436429072
663 0.031922159408163696
1005 0.03273017419246
1091 0.023446515083848967
1096 0.15271732700440793
1111 0.021328340835903112
1127 0.015578495646364938
1230 0.02063449237304454
1344 0.10738184837423947
1403 0.0250815764810091
1445 0.034638637691539464
1550 0.033561628598147424
1567 0.014532239618471936
1604 0.013848367729218105
1823 0.038762742335318304
1900 0.05090577566813597
1914 0.10558693626794974
1939 0.043508185009870935
1940 0.04704207621864637
1943 0.028521530452754965
2006 0.0197365222303497
2084 0.04530971436429072
2102 0.10181155133627194
2144 0.028521530452754965
2152 0.05090577566813597
2182 0.028366129543001547
2303 0.04763228965364976
2321 0.04079170672649516
2352 0.03478545806311927
2382 0.022555629987586517
2384 0.054164564464250706
2435 0.03019788815423458
2445 0.0420362283498045
2462 0.020540065449928216
2692 0.025418017240337768
2697 0.04530971436429072
2927 0.013030601270959813
2942 0.0420362283498045
3099 0.04089346038400141
3216 0.026924402139748366
3432 0.00791126698074225
3467 0.028273098239294837
3478 0.03273017419246
3516 0.03231606240218043
3598 0.04530971436429072
3606 0.036529131140566565
3615 0.05090577566813597
3633 0.01410951500242533
3679 0.05863255502066434
3721 0.03055889255436909
3817 0.09950004309441912
3956 0.030461328391775618
3984 0.010188137441816769
3986 0.11028247891051117
3991 0.01870107240929633
4036 0.03644016704595925
4182 0.39362922960622926
4188 0.019821955936492514
4343 0.10181155133627194
4367 0.033628144335154826
4393 0.07391947704026874
4428 0.025418017240337768
4493 0.026136126753773466
4577 0.011333438779434728
4660 0.020263235704933123
4697 0.04530971436429072
4859 0.04763228965364976
4881 0.014576967765517498
4901 0.04079170672649516
4913 0.022318159635812577
4914 0.029599584118804655
4922 0.013180113134386254
4957 0.021432515312140236
5002 0.02102364769865537
5051 0.019821955936492514
5059 0.013766817440964984
5065 0.0420362283498045
5070 0.02372021620648692
5144 0.05090577566813597
5151 0.030844105742114006
5181 0.027349416578398646
5185 0.027134112888614743
5249 0.05090577566813597
5259 0.04763228965364976
5297 0.02372021620648692
5390 0.01306772046228625
5412 0.02652064751559941
5528 0.01885198166085115
5559 0.05090577566813597
5584 0.05090577566813597
5610 0.029042576387694214
5665 0.037912123706025674
5726 0.0420362283498045
5736 0.03316668103147304
5772 0.038762742335318304
5793 0.018928507446053407
5938 0.06355619879396762
5942 0.04530971436429072
6044 0.013526995553489116
6081 0.047721253748257066
6109 0.03025389230711061
6235 0.016780814299073712
6245 0.030023587278572697
6278 0.01306772046228625
6294 0.08105294281973249
6310 0.03445474298327725
6315 0.04246387143532956
6322 0.04079170672649516
6412 0.042656681671806224
6430 0.03579394945807982
6434 0.030844105742114006
6441 0.043508185009870935
6446 0.06558959784132527
6514 0.05090577566813597
6519 0.015784198745662018
6599 0.03579394945807982
6632 0.022318159635812577
6681 0.015328524907908907
6734 0.02186319928044176
6737 0.021538051584769492
6741 0.03644016704595925
6873 0.03971365306044547
6918 0.03519564542264991
6957 0.0728803340919185
7006 0.03816754022734068
7099 0.009231441399429085
7235 0.084072456699609
7352 0.033628144335154826
7401 0.018264565570283282
7495 0.1356705644430737
7533 0.018054854821416902
7571 0.02092458621175416
7572 0.05118329130059758
7580 0.009254607584310204
7590 0.0420362283498045
7616 0.019485515177163855
7633 0.013105011105451078
7671 0.02628494958332635
7693 0.025913741975651012
7722 0.03519564542264991
7785 0.12768863763265478
7801 0.08158341345299032
7842 0.05090577566813597
7859 0.0420362283498045
7862 0.027533634881929968
7867 0.03316668103147304
7877 0.5090577566813597
7891 0.040818441794538335
7892 0.020263235704933123
8087 0.01990830338944085
8124 0.013030601270959813
8202 0.017456550785986985
8250 0.021904817236322104
8463 0.0166638063105586
8484 0.11400148747984767
8502 0.03154658425378105
8688 0.014576967765517498
8706 0.039882277736717944
8733 0.043508185009870935
8744 0.014209799839543938
8821 0.05090577566813597
8976 0.02243602172746433
8984 0.0371426455576263
9028 0.02122549345918267
9095 0.03971365306044547
9099 0.01542758639481012
9148 0.10181155133627194
9279 0.05090577566813597
9402 0.020826725499733065
9423 0.03231606240218043
9481 0.043508185009870935
9497 0.006591331535580877
9511 0.02931627751033217
9515 0.025950522949935797
9593 0.0420362283498045
9611 0.030514533047760636
9695 0.02372021620648692
9781 0.018407461511114154
9821 0.026720001098335174
9890 0.017266579435442003
10125 0.02017302906936275
10236 0.05090577566813597
10240 0.04530971436429072
10316 0.060535901986511785
10330 0.028273098239294837
10339 0.04079170672649516
10524 0.029599584118804655
10531 0.021123939794489923
10564 0.06384431881632739
10587 0.018194054992033748
10595 0.01932241044007013
10606 0.0371426455576263
10650 0.05090577566813597
10720 0.03316668103147304
10856 0.024448042964696402
10904 0.0691578362694967
10922 0.027349416578398646
10945 0.023860626874128533
10992 0.02400352281495941
11000 0.022914402101403483
11016 0.05090577566813597
11102 0.04487204345492866
11108 0.09701775460481686
11115 0.05090577566813597
11123 0.043508185009870935
11161 0.03411759175660022
11200 0.019568320107066505
11213 0.016378497119937288
11365 0.01249336920164543
11434 0.03519564542264991
11450 0.0371426455576263
11478 0.031922159408163696
11481 0.04763228965364976
11502 0.025418017240337768
11516 0.04530971436429072
11623 0.028273098239294837
11627 0.168144913399218
11674 0.03411759175660022
11722 0.026924402139748366
11733 0.026741965556210147
11812 0.15271732700440793
11815 0.09742757588581927
11842 0.036388109984067496
11849 0.0197365222303497
11890 0.06463212480436085
11947 0.05090577566813597
12153 0.05090577566813597
12167 0.04079170672649516
12182 0.021123939794489923
12221 0.03519564542264991
12245 0.01990830338944085
12255 0.03231606240218043
12354 0.05458406414676215
12377 0.02400352281495941
12387 0.01885198166085115
12392 0.11373637111807704
12393 0.07039129084529983
12394 0.04530971436429072
12398 0.024448042964696402
12437 0.04079170672649516
12486 0.05090577566813597
12507 0.03644016704595925
12582 0.017850453780003713
12669 0.04763228965364976
12695 0.01798614453526794
12732 0.04763228965364976
12733 0.015133975496627946
12763 0.018776174438231503
12814 0.04530971436429072
12834 0.006692040657159555
12842 0.05090577566813597
12843 0.030844105742114006
12877 0.022135490013426698
12895 0.06725628867030965
12903 0.01306772046228625
12914 0.03644016704595925
12932 0.027134112888614743
12966 0.02559164565029879
12994 0.04440398692107923
13016 0.030844105742114006
13022 0.035836028179337544
13025 0.05090577566813597
13079 0.034731548621007725
13112 0.014576967765517498
13466 0.03579394945807982
13614 0.03785701489210681
13686 0.0420362283498045
13705 0.027570619727627792
13719 0.05863255502066434
13754 0.0415968760193153
13775 0.02186319928044176
13786 0.010923830146225465
13824 0.04800704562991882
13832 0.018264565570283282
13915 0.043508185009870935
14009 0.04763228965364976
14039 0.06954536821178119
14043 0.02632609810431845
14062 0.009982434342519688
14076 0.0733441288940892
14088 0.0250815764810091
14163 0.006524883342439589
14198 0.020446730192000703
