370 0.08215688972057283
450 0.13559349824160674
506 0.09534137844288398
575 0.1086534905262881
705 0.10098338374374888
898 0.13274653849178208
917 0.050214462084730745
1107 0.03571831849703017
1127 0.041495148523087236
1230 0.1648871646828978
1451 0.11889406652254089
1550 0.04469766513308288
1567 0.038708323000513384
1640 0.13559349824160674
1963 0.02835014343484163
2034 0.14933347547805395
2086 0.0677038672085334
2182 0.03777825488196719
2194 0.07343757615892935
2359 0.19066672645512317
2425 0.08011324648233828
2817 0.13559349824160674
2848 0.03688675009260725
2927 0.06941706662283202
2969 0.06355557548504105
3003 0.10324910613185626
3308 0.0677038672085334
3633 0.07516469290807046
3648 0.042043062830781214
3734 0.03541037328402723
3742 0.06725112473410938
3832 0.057369124060221106
3867 0.07404337602843027
4393 0.09844659420791402
4808 0.07578467447121298
4922 0.0351067756783092
4928 0.03894726405018183
4957 0.05708801583213967
5038 0.06637326924589104
5059 0.03666953134440589
5151 0.08215688972057283
5185 0.1445497780933691
5228 0.06245254020917847
5613 0.048275810233065805
5614 0.24137546651028652
5685 0.04501391308589143
5749 0.08834334114539279
5775 0.09087620328221636
5962 0.04332942805950136
6068 0.05521688200525422
6109 0.08058478707974424
6245 0.026657114216950453
6278 0.06961480925371395
6294 0.10794700518220078
6310 0.03059141502642442
6528 0.04666891973449665
6632 0.17834109978381135
6633 0.06637326924589104
6749 0.1086534905262881
7099 0.04917805167418316
7206 0.09655162046613161
7401 0.048649810498577584
7418 0.04136032379789505
7491 0.032110008609906426
7566 0.09066976266273187
7616 0.051901952838042574
7627 0.04122633910759533
7633 0.06981346524871782
7649 0.051253527635999545
7671 0.03500652154229309
7717 0.08521060661357457
7736 0.0812790342323545
7851 0.047908203448566375
8031 0.11196841969349976
8344 0.04246335907375765
8706 0.03541037328402723
8744 0.012616488956103667
8931 0.04332942805950136
9085 0.2711869964832135
9204 0.03931072858806793
9212 0.13559349824160674
9251 0.08043561345642054
9367 0.06209708627791381
9497 0.07022713546738567
9645 0.034807404626856976
9699 0.08502841197818113
9719 0.035207499390445825
10079 0.04632757172254831
10125 0.053733226647534944
10331 0.050214462084730745
10371 0.06725112473410938
10516 0.025792830501493492
10567 0.02154871983360984
10587 0.09692399462303915
10588 0.13274653849178208
10708 0.13274653849178208
10904 0.061403333430074154
10999 0.02630557580627478
11102 0.1792829182576906
11108 0.05168363143770781
11213 0.08725209237200483
11490 0.09534137844288398
11634 0.05599894903564231
11744 0.1057819682686798
11795 0.11588914873021236
11911 0.08402802354745831
12015 0.09374772553982465
12116 0.1268741846799632
12316 0.06106467330928944
12377 0.06393619556689774
12406 0.051253527635999545
12407 0.10605619756106417
12582 0.09509355044543001
12725 0.12212934661857888
12764 0.08353472135942308
12834 0.017825034412495992
12865 0.053314228433900906
12903 0.034807404626856976
12963 0.13361543564901204
12994 0.059137611041966805
13112 0.07765492332214297
13196 0.1268741846799632
13354 0.1268741846799632
13754 0.027699538320323826
13775 0.05823519304596482
13832 0.048649810498577584
13860 0.07064085214447685
14040 0.050012540664772655
14062 0.026589383536623778
14065 0.04392681295208934
