153 0.09196451921905416
340 0.09196451921905416
461 0.11608436852670738
556 0.05592529059283775
575 0.11608436852670738
702 0.06957383882707763
811 0.07662102106460114
1083 0.2502833420399782
1092 0.07384957167346147
1133 0.04266136779802881
1230 0.1761638977050846
1244 0.1775069276626405
1519 0.08170679797114085
1545 0.04843536131323417
1567 0.04135560864614155
1718 0.08641036872395606
1963 0.060578053817404574
1976 0.08116610256645147
2033 0.1448668196802739
2425 0.0427961199565726
2648 0.04110313163099633
3157 0.10395400098637386
3216 0.07662102106460114
3321 0.03575148782473685
3504 0.12381487777596538
3560 0.08875346383132025
3633 0.04015262588193689
3648 0.0898368267047822
3722 0.0691443837594327
3905 0.07603933994059857
3914 0.06488471185545075
3938 0.13421970753296283
3991 0.05321920448097709
4052 0.060992299798350566
4393 0.05258970819472081
4452 0.08145908656617179
4487 0.11962600770666015
4843 0.08423400996979617
4895 0.08777564914974895
4922 0.03750774932204581
4948 0.1775069276626405
5520 0.05766478311110121
5663 0.03872015024797065
5808 0.11962600770666015
5903 0.05300745019702395
5983 0.11962600770666015
6109 0.028698676485832655
6210 0.05177634264855613
6245 0.05696042079513895
6278 0.11156371230939933
6294 0.05766478311110121
6315 0.030210746842615953
6519 0.0898368267047822
6632 0.12702530371541304
6696 0.06524092328799586
6720 0.04986063541043713
7201 0.02136884592406589
7418 0.044188981383687355
7627 0.04404583339929814
7633 0.03729402520252149
7833 0.1509440455830746
7891 0.03872015024797065
8011 0.06453393897830334
8264 0.04000011131438214
8463 0.04742158610284659
8502 0.08977475095191706
8683 0.12906787795660668
8744 0.026958676548713832
8997 0.018148543131429398
9094 0.03225251379570843
9182 0.1448668196802739
9204 0.04199921311655027
9299 0.08189553453515522
9423 0.09196451921905416
9497 0.07503001178041864
9611 0.08683775659320125
9783 0.0351623484383184
10125 0.22963229820112924
10162 0.060992299798350566
10316 0.04306801871772685
10331 0.053648659548622024
10587 0.2071053705942245
10588 0.07091257731474565
10789 0.10186183303821487
10847 0.18168711310618732
10904 0.06560274457947993
10930 0.03718790410313312
10994 0.07437775992773367
11135 0.05690310527440905
11197 0.1448668196802739
11213 0.04660965789767962
11325 0.04693099428499589
11502 0.07233417567765227
12100 0.08342778067999275
12215 0.08373808358573537
12247 0.10569993023037268
12407 0.11330944512308297
12582 0.050798527966984836
12641 0.07603933994059857
12725 0.1304818465759917
12764 0.044623855764288255
12834 0.019044099307981205
12865 0.05696042079513895
12900 0.05386643537032954
12948 0.10476730282576995
12994 0.06318206806548766
13006 0.07603933994059857
13016 0.08777564914974895
13309 0.10186183303821487
13344 0.07662102106460114
13545 0.08777564914974895
13614 0.05386643537032954
13643 0.07910724734394327
13674 0.07721781246680065
13770 0.06384806186088111
14039 0.13194071051339923
14072 0.03439961691192117
14246 0.1668555613599855
