636 0.16909191160892828
820 0.28652170933941207
1127 0.12470200324668279
1139 0.34827225628966246
1567 0.11632698260612317
2648 0.1156168034959438
3328 0.202104348904064
4052 0.17156198228053743
4452 0.11456595678682921
4922 0.10550354464164152
5689 0.07408084395457752
6109 0.08072497418551922
6632 0.3573026919341205
7491 0.09649760370650802
8264 0.11251417656369694
8411 0.1073413646586779
8463 0.1333896465880036
10387 0.2007718140933934
10506 0.18251074024796257
10614 0.11813734324366255
11000 0.02620344562613024
11374 0.4074881392109284
12377 0.3842845224534041
12582 0.14288846598279809
12865 0.08011046259491807
13822 0.10611036270262951
