1027 0.1154485478162174
1153 0.2886170833026007
2479 0.12359813675928934
2730 0.105411636092203
2831 0.18167849976754769
2934 0.14766503248516563
2995 0.07162219878074048
3333 0.17707005219847005
3974 0.17421228435521122
4881 0.09285341960123718
5063 0.14603230525586336
5421 0.13926578210693158
7099 0.05880310058811401
7448 0.1676938766048533
7491 0.07678905535677251
7938 0.19647300719648442
8996 0.05649788159443198
9366 0.3821079417940115
9484 0.20584918279010117
9783 0.07870579602300536
9902 0.07119850204642757
9905 0.0823003828558581
9964 0.18167849976754769
10361 0.1091947079302107
10431 0.2886170833026007
10657 0.07892324492224058
10707 0.36999499141470704
11000 0.02085168708274763
11259 0.12681334540241798
11849 0.12571912139772418
12064 0.03348490225704898
12865 0.06374880318860122
13284 0.30341159073153745
13336 0.05497093415158192
13608 0.12793135873934985
