498 0.2549851326089051
721 0.3050373708948213
729 0.15860656949009325
1097 0.3396209618394056
1319 0.06318796576558615
1368 0.16869086930189625
1559 0.3423763875626881
1684 0.14704506692913943
2973 0.20523124254433164
3624 0.2407389525296974
4508 0.1901560503366203
5374 0.15334769757591432
5718 0.15170214014014824
8744 0.03185689556307843
9094 0.07622517832283193
9102 0.14485822482708927
9594 0.1567964272159837
11378 0.1935508581850908
11678 0.15860656949009325
11965 0.1576939557443391
12050 0.1901560503366203
12351 0.20975880051283302
12638 0.17971040283048575
12854 0.16651861004931678
12900 0.1273072439477576
12943 0.16546422275127812
13616 0.11129985305641417
13989 0.10651105584776625
