11 0.0184043079028667
15 0.0706900503655032
49 0.02626684276305761
79 0.017309660352584334
132 0.05517254596966282
181 0.05896422927795095
283 0.05517254596966282
290 0.04600037842045617
295 0.04724908944989401
300 0.029848372470653948
312 0.03841701180387993
314 0.05896422927795095
315 0.034285238592399236
318 0.028863099754004213
326 0.02183627602967546
328 0.052819231276318816
556 0.022762918825925894
700 0.0353450251827516
800 0.05896422927795095
804 0.05896422927795095
886 0.05896422927795095
961 0.03049355528411112
968 0.05652674421078447
1044 0.043022376928840506
1057 0.08153432804229326
1058 0.05517254596966282
1099 0.020833375708048364
1103 0.04146018040013278
1107 0.015532478685143233
1111 0.04940929246869976
1117 0.02814340306684442
1127 0.03608918544277467
1240 0.050648346998017756
1244 0.03612476343521811
1440 0.03462532849559181
1460 0.06828875647777768
1463 0.05517254596966282
1526 0.0379114053378327
1566 0.02148988673811975
1620 0.020833375708048364
1660 0.10926120454718301
1665 0.037431739087230194
1682 0.0379114053378327
1838 0.055943624333734274
1940 0.018162966981389396
1948 0.043022376928840506
2049 0.03094981365848281
2058 0.027971812166867137
2172 0.02670187197582299
2296 0.04724908944989401
2311 0.02192491595088514
2316 0.08782732903195517
2340 0.026554602134214015
2396 0.03895152537693772
2425 0.03483807037243393
2523 0.048690620540915434
2542 0.06549753638361
2597 0.017985962800988034
2608 0.054630602273591504
2659 0.017474206093567222
2776 0.018906519400036025
2793 0.01618408639866177
2895 0.026851498234647785
2917 0.04489893723262732
2929 0.025196941037407005
2973 0.0706900503655032
3078 0.08291338980239159
3112 0.043913664515977585
3147 0.022860840575859336
3150 0.02336644704190656
3163 0.036975480712858506
3220 0.01943724005409172
3256 0.0353450251827516
3281 0.01978491733431022
3313 0.03497825497138539
3341 0.061108718417701186
3388 0.0353450251827516
3430 0.031935086375132545
3432 0.01832726263411242
3443 0.048989478305189724
3444 0.11034509193932564
3490 0.028863099754004213
3517 0.024585517977840945
3519 0.06550882808902636
3527 0.041043264236761
3642 0.033333423663395166
3643 0.048690620540915434
3666 0.022014404113890617
3734 0.07699282768768208
3740 0.052482303849203556
3746 0.02423697670338046
3751 0.02446788822973542
3789 0.041043264236761
3790 0.0366867724865776
3799 0.03142947990908532
3801 0.048690620540915434
3865 0.06733085175810884
3970 0.052482303849203556
3984 0.011800933472674415
3986 0.031935086375132545
4144 0.031186571663097268
4211 0.031935086375132545
4219 0.015532478685143233
4258 0.033640055778942066
4262 0.02123826326161136
4356 0.04220869511216806
4383 0.03366542587905442
4384 0.01642826323878748
4388 0.03612476343521811
4507 0.08604475385768101
4686 0.0679141683240188
4722 0.02670187197582299
4735 0.029642838006470728
4784 0.1781721266246961
4852 0.03246959994819033
4881 0.016884521613159172
4885 0.029642838006470728
4887 0.021575288625477317
4928 0.016936618915988265
4985 0.03860341908331527
5000 0.05039558994472497
5106 0.034285238592399236
5247 0.010248023381344994
5314 0.02814340306684442
5358 0.042311742344099616
5503 0.04489893723262732
5571 0.020833375708048364
5661 0.025071416445716088
5663 0.01576001890520507
5754 0.03841701180387993
5767 0.037431739087230194
5785 0.05896422927795095
5798 0.0811620718507916
5802 0.04489893723262732
5816 0.0243517197585563
5847 0.05848968850934655
5954 0.035726769683420666
6039 0.03497825497138539
6067 0.02379158578133172
6088 0.04076716402114663
6154 0.01936922926943522
6182 0.032748768191805
6321 0.05896422927795095
6387 0.04146018040013278
6391 0.05896422927795095
6481 0.03462532849559181
6528 0.02029446042077823
6566 0.0330365275629614
6579 0.05431626070038937
6588 0.05896422927795095
6606 0.024592980054613592
6694 0.04489893723262732
6702 0.1524677764205556
6706 0.033333423663395166
6715 0.05896422927795095
6737 0.024947554480337933
6789 0.02059859915098268
6846 0.0353450251827516
7057 0.03462532849559181
7064 0.05310920426842803
7099 0.01069279114398448
7100 0.15537193847808373
7161 0.037431739087230194
7163 0.03612476343521811
7194 0.043913664515977585
7201 0.008697626780602262
7208 0.05896422927795095
7338 0.029441723982772314
7418 0.017985962800988034
7422 0.03236817279732354
7448 0.06098711056822224
7451 0.05517254596966282
7453 0.050648346998017756
7497 0.05225243386004091
7535 0.05517254596966282
7566 0.05914302024308514
7572 0.029642838006470728
7580 0.02143924913495822
7598 0.018162966981389396
7602 0.03895152537693772
7652 0.037431739087230194
7655 0.05896422927795095
7670 0.04489893723262732
7671 0.030445892896211482
7728 0.04724908944989401
7906 0.034285238592399236
8041 0.03841701180387993
8063 0.1179284585559019
8115 0.01608817333559492
8124 0.015093363196729931
8130 0.07903690598341757
8411 0.015532478685143233
8574 0.036540451500093114
8638 0.05517254596966282
8688 0.016884521613159172
8691 0.04198646660902924
8706 0.030797131075072835
8715 0.026554602134214015
8737 0.02423697670338046
8744 0.0054864101681695605
8746 0.036540451500093114
8865 0.04489893723262732
8868 0.04076716402114663
8906 0.03219852468792065
8982 0.024947554480337933
8993 0.04076716402114663
8996 0.010273608737035509
9184 0.08979787446525464
9227 0.05896422927795095
9244 0.03841701180387993
9372 0.029052024193089693
9381 0.272660677638564
9426 0.027803313163651856
9483 0.10079117988944994
9484 0.11229521726169057
9497 0.007634748293487907
9500 0.02257009876434231
9719 0.015310343735379433
9720 0.04012198120768946
9749 0.0353450251827516
9757 0.058104048386179385
9902 0.006473389196596946
9944 0.3045824419563992
9961 0.022381174325256825
9975 0.04012198120768946
9989 0.028496329542638005
9991 0.04600037842045617
10031 0.026851498234647785
10037 0.023576600642598346
10044 0.03951845299170879
10091 0.029052024193089693
10092 0.05517254596966282
10278 0.04012198120768946
10361 0.019856031301895966
10382 0.04802325971072746
10471 0.1511867698341749
10499 0.0733735449731552
10516 0.011216278001084245
10569 0.02558395247241494
10580 0.06728011155788413
10595 0.04476234865051365
10604 0.0353450251827516
10614 0.03418935042770192
10640 0.05896422927795095
10732 0.06341043277193976
10740 0.04146018040013278
10761 0.07145353936684133
10784 0.05517254596966282
10791 0.03841701180387993
10794 0.027803313163651856
10924 0.01604058319893377
10930 0.03027271681318169
10999 0.017158875866959772
11000 0.037916833082881234
11047 0.02670187197582299
11112 0.037431739087230194
11194 0.04600037842045617
11232 0.03562449362967214
11255 0.02330261442769925
11326 0.09105167530370357
11356 0.016477873125277542
11365 0.028942173118521763
11371 0.03971206260379193
11504 0.05039558994472497
11525 0.024825311672036186
11651 0.048690620540915434
11676 0.08292036080026556
11850 0.048690620540915434
11929 0.027475158733262006
11957 0.016628301704181024
11965 0.027158130350194685
12050 0.032748768191805
12064 0.05480023271857179
12069 0.02192491595088514
12121 0.04600037842045617
12150 0.05039558994472497
12164 0.03497825497138539
12175 0.01709467521385096
12181 0.025987674519442946
12215 0.01704169239976024
12254 0.029642838006470728
12264 0.031186571663097268
12335 0.019927690209412027
12383 0.029244844254673275
12401 0.03219852468792065
12413 0.01903640262227495
12449 0.04220869511216806
12599 0.0379114053378327
12611 0.017364187863761683
12678 0.4097325388666661
12725 0.026554602134214015
12733 0.03505940885323269
12764 0.018162966981389396
12809 0.048690620540915434
12834 0.03100559922461736
12935 0.032748768191805
12956 0.029244844254673275
13024 0.024123624507383423
13079 0.013409866687938372
13336 0.009995947696530153
13464 0.023059814926359657
13614 0.08769966380354056
13632 0.043022376928840506
13659 0.0330365275629614
13754 0.012045429534554123
13786 0.012653087334029351
13810 0.03895152537693772
13824 0.027803313163651856
13874 0.019942219710887672
13918 0.020219946547075606
14040 0.021748468420483728
14051 0.04012198120768946
14163 0.030231125043542924
14203 0.03951845299170879
