11 0.019408900511187044
14 0.10954601925021576
39 0.062182770784676614
81 0.03947493726681237
93 0.05534703175925553
137 0.05534703175925553
149 0.02726223079316007
153 0.03947493726681237
163 0.04982816421118058
178 0.0581841197900891
244 0.051348380764668015
272 0.043723269617582446
340 0.07894987453362474
461 0.04982816421118058
483 0.045505936179953695
486 0.07454864165042274
536 0.062182770784676614
554 0.05314641531765453
637 0.024641896252216272
639 0.038096620813168655
702 0.029863940424332387
705 0.046310676292233455
720 0.062182770784676614
790 0.05534703175925553
842 0.05314641531765453
971 0.021323645145742316
1002 0.04360961644276542
1083 0.03581061953695022
1092 0.031699260037960954
1113 0.04167555370841338
1127 0.019029550404323796
1230 0.10082234423504427
1313 0.04451264173924694
1329 0.0300517915667403
1386 0.04982816421118058
1460 0.04801084932596743
1489 0.028317177726167934
1519 0.03507190329022708
1567 0.017751520595119263
1609 0.04982816421118058
1615 0.030637818612263463
1635 0.0429924251857595
1652 0.04167555370841338
1672 0.034241941525783144
1676 0.051348380764668015
1689 0.0429977928201872
1718 0.018545434225863685
1748 0.08462405059529188
1771 0.051348380764668015
1829 0.051348380764668015
1846 0.03104879002651601
1870 0.051348380764668015
1871 0.018545434225863685
1917 0.03998078592929145
1928 0.034241941525783144
1932 0.04982816421118058
1933 0.062182770784676614
1943 0.0348398146829923
1963 0.013001290576486656
2028 0.051348380764668015
2034 0.20545164915469888
2052 0.04537073808880311
2084 0.05534703175925553
2111 0.03367825171923835
2135 0.05314641531765453
2137 0.02532229614032983
2157 0.03688753059216138
2182 0.06929997660461922
2343 0.05534703175925553
2382 0.027552307199200543
2393 0.05314641531765453
2435 0.03688753059216138
2462 0.07527072311607765
2560 0.03688753059216138
2564 0.030438581799790296
2648 0.01764314712218858
2779 0.0348398146829923
2793 0.017067489004960322
2821 0.033956069718737415
2848 0.016916152734058006
2864 0.04734972977008051
2870 0.05314641531765453
2918 0.04734972977008051
2927 0.03183445812911154
2959 0.04982816421118058
2965 0.017377311975673857
3137 0.021168336632150144
3157 0.02231065688386178
3216 0.03288887959757386
3236 0.02197055811953182
3242 0.038096620813168655
3245 0.051348380764668015
3328 0.030841163688404786
3385 0.0429924251857595
3408 0.05314641531765453
3459 0.048511292733834456
3478 0.03998078592929145
3544 0.04624335939745766
3553 0.05534703175925553
3558 0.05534703175925553
3560 0.038096620813168655
3606 0.02231065688386178
3625 0.0581841197900891
3633 0.017235151134882942
3648 0.019280822259145854
3693 0.02949864359635995
3721 0.0933212678817568
3734 0.04871727230011489
3742 0.030841163688404786
3763 0.030637818612263463
3893 0.0348398146829923
3916 0.07231337232067685
3940 0.023802079586842387
3956 0.018604664955220243
3995 0.06087716359958059
4093 0.051348380764668015
4182 0.0300517915667403
4191 0.13814539227517808
4222 0.030841163688404786
4262 0.022397546316360355
4304 0.0601035831334806
4338 0.03853499906338203
4391 0.035476286272224856
4393 0.04514731223509622
4406 0.04167555370841338
4452 0.017482787706159342
4542 0.022662904570938874
4561 0.048511292733834456
4652 0.0348398146829923
4660 0.024752086077816753
4702 0.08401222697271367
4789 0.07303067950014384
4803 0.05534703175925553
4808 0.017377311975673857
4816 0.04734972977008051
4881 0.017806157226795193
4922 0.01609986181714647
4928 0.017861098242390436
4956 0.03453634806879452
4985 0.02035528649960862
5002 0.025680949730063327
5051 0.048426102002189865
5070 0.028974880511529143
5228 0.028640547246803788
5242 0.05314641531765453
5260 0.017169685637562635
5347 0.03899377419117199
5358 0.04462131376772356
5390 0.04788771345801569
5434 0.029863940424332387
5528 0.02302820139891131
5551 0.01569359393080908
5610 0.07095257254444971
5689 0.02260950293219895
5840 0.2284743876897391
5903 0.022752968089976847
5938 0.019408900511187044
5983 0.051348380764668015
5991 0.0429924251857595
6044 0.01652358799896377
6062 0.026706484512451754
6066 0.08902528347849388
6109 0.024637294111663575
6155 0.09647410549725273
6235 0.020498214896913555
6238 0.03651533975007192
6245 0.0366746173960339
6278 0.015962571152671898
6294 0.024752086077816753
6310 0.05611652397012514
6315 0.025935379133667592
6446 0.026706484512451754
6488 0.023903228030381397
6632 0.13631115396580035
6633 0.15219290899895146
6693 0.024213051001094932
6695 0.01896772019054914
6720 0.021402226332768216
7024 0.043723269617582446
7099 0.02255290669943318
7175 0.05314641531765453
7201 0.018344767296775217
7210 0.05534703175925553
7229 0.05534703175925553
7242 0.014645699675325778
7338 0.03104879002651601
7406 0.025927509742085388
7422 0.017067489004960322
7466 0.017806157226795193
7479 0.01696634056142131
7566 0.04158088066074868
7587 0.05314641531765453
7602 0.04107768055120422
7651 0.030438581799790296
7671 0.01605388557167047
7821 0.05314641531765453
7833 0.03239568249140693
7837 0.10629283063530906
7847 0.11069406351851106
7867 0.04051399074465943
7891 0.06648109575213244
8002 0.04451264173924694
8011 0.02770060904337344
8027 0.026180392489885997
8087 0.02431852673158042
8137 0.04982816421118058
8244 0.06304630829915465
8293 0.10952701207962882
8344 0.01947356885302822
8370 0.03651533975007192
8411 0.03276062703179629
8419 0.04167555370841338
8463 0.02035528649960862
8484 0.05570235025027859
8497 0.08902528347849388
8505 0.05314641531765453
8585 0.028806297144952902
8633 0.051348380764668015
8644 0.03581061953695022
8658 0.023537851859598332
8666 0.030637818612263463
8706 0.03247818153340992
8728 0.04734972977008051
8744 0.005785883918024519
8751 0.033956069718737415
8877 0.04982816421118058
8931 0.03974149097406134
8997 0.02337029348973469
9028 0.051855019484170775
9094 0.013844099546151963
9307 0.03899377419117199
9310 0.03515291675158901
9334 0.12693607589293782
9385 0.028477537142197164
9417 0.09074147617760622
9497 0.056360418216664626
9602 0.030841163688404786
9608 0.051348380764668015
9645 0.031925142305343795
9661 0.035476286272224856
9718 0.048511292733834456
9770 0.0429924251857595
9782 0.04051399074465943
9783 0.015093119722076798
9817 0.0581841197900891
9821 0.0326391982413913
9827 0.012009471679221171
9932 0.04394111623906364
9994 0.03651533975007192
10081 0.04982816421118058
10104 0.05314641531765453
10125 0.19713517001773018
10137 0.051348380764668015
10180 0.03147763527763735
10316 0.055459671344726263
10382 0.02532229614032983
10415 0.036156686160338423
10451 0.02231065688386178
10499 0.019344653464464918
10531 0.05160691843194044
10567 0.009882178153770873
10574 0.02770060904337344
10587 0.11112263160362751
10588 0.15219290899895146
10616 0.024425142762326504
10785 0.028317177726167934
10809 0.062182770784676614
10904 0.25343445754047056
10945 0.029146395909282863
10999 0.012063658006712523
11000 0.059979764918812684
11215 0.048511292733834456
11268 0.05534703175925553
11325 0.020144704403407595
11365 0.015260985677908697
11502 0.06209758005303202
11531 0.035476286272224856
11576 0.04143313634755893
11631 0.03126088178774759
11633 0.03314504690387037
11634 0.025680949730063327
11726 0.03651533975007192
11733 0.016333014207996873
11744 0.048511292733834456
11745 0.03340804613755669
11776 0.1289772755572785
11815 0.07140623876052717
11856 0.038096620813168655
11878 0.03340804613755669
11905 0.02172296636750853
11930 0.02643993080520278
12023 0.01967015782368315
12064 0.032106379973588985
12215 0.017971907124944307
12231 0.02509024103869255
12235 0.04231202529764594
12247 0.04537073808880311
12254 0.03126088178774759
12256 0.026706484512451754
12354 0.06667589885009371
12359 0.03688753059216138
12377 0.029320947134917345
12407 0.02431852673158042
12457 0.03899377419117199
12458 0.03688753059216138
12513 0.021091590044105036
12523 0.038308772162505736
12582 0.02180480822138271
12618 0.0429924251857595
12641 0.0652783964827826
12764 0.019154386081252868
12867 0.05534703175925553
12881 0.12963754871042693
12903 0.031925142305343795
12904 0.07706999812676406
12928 0.026309307878449296
12940 0.03126088178774759
12948 0.08994083243798506
12963 0.030637818612263463
12994 0.02712033069331634
13016 0.037676902713825865
13079 0.014141839496933041
13109 0.04051399074465943
13129 0.03853499906338203
13184 0.03727432082521137
13235 0.04231202529764594
13286 0.05314641531765453
13311 0.04051399074465943
13336 0.021083145900505557
13385 0.051348380764668015
13396 0.04982816421118058
13404 0.046310676292233455
13466 0.043723269617582446
13509 0.062182770784676614
13514 0.085984850371519
13537 0.048511292733834456
13590 0.051348380764668015
13614 0.02312167969872883
13674 0.03314504690387037
13775 0.026706484512451754
13832 0.04462131376772356
13851 0.07162123907390044
13912 0.01896772019054914
13919 0.04410897915513055
13965 0.02740620250036207
13967 0.048511292733834456
14039 0.028317177726167934
14065 0.06043411321022278
14088 0.030637818612263463
14163 0.007970320065933935
14198 0.024976229516941627
