11 0.033401148541477854
79 0.03141452206138885
482 0.044405667062893055
557 0.1296778066745153
637 0.04240671111635387
663 0.06710513267876625
1099 0.03780955417163777
1230 0.04337677569826399
1386 0.25725072578029357
1489 0.09746314676217757
1550 0.03527577052663607
1620 0.03780955417163777
1718 0.031915192876960936
1928 0.058927612854321944
2137 0.04357762431246134
2182 0.029814914182769693
2225 0.06283994739071848
2425 0.03161302151511153
2462 0.04317827624454131
2558 0.025974038740670714
2648 0.030362429722781168
2676 0.10701152095156084
2697 0.0952477667684084
2779 0.05995650421895103
2821 0.05843565058755411
2848 0.029111331159378577
2852 0.18668758561760662
2864 0.08148505663871676
2927 0.05478452857723881
2940 0.036165866398564665
3216 0.05659910267292926
3376 0.05843565058755411
3388 0.06414609245629246
3439 0.0557503503289305
3481 0.04317827624454131
3544 0.039790541339555834
3558 0.0952477667684084
3633 0.04449045242355959
3734 0.027946162255024127
3742 0.0530751491541052
3956 0.03201712417329161
3995 0.10476467654628001
4052 0.04505433875169015
4191 0.11886852542328132
4219 0.02818919518831772
4304 0.10343340710924526
4384 0.029814914182769693
4393 0.07769487412971966
4784 0.04619379408925939
4789 0.06283994739071848
4881 0.030642956933201418
4946 0.08348401258525594
5059 0.028939900309627925
5151 0.06483890333725766
5228 0.049288066181199706
5297 0.04986342669845375
5358 0.03839483664756218
5359 0.06556120425139832
5598 0.10013016588671503
5610 0.12210364072870429
5630 0.0952477667684084
5644 0.057492546312858106
5793 0.039790541339555834
5840 0.05616942124604552
6066 0.07660265752041011
6068 0.04357762431246134
6102 0.03222284196262559
6191 0.08148505663871676
6237 0.06556120425139832
6245 0.021038017113862034
6310 0.12071500081091642
6488 0.04113552282899287
6528 0.03683150111708204
6563 0.03515234082024758
6632 0.14074828501020012
6851 0.0471638586711695
6910 0.09146068379550289
7175 0.09146068379550289
7242 0.025204065014783873
7245 0.034548308745853164
7330 0.06483890333725766
7387 0.0706913670374744
7422 0.05874353729168083
7468 0.02191699721974499
7486 0.037666333829525625
7566 0.03577866687076414
7580 0.01945456326730301
7627 0.03253617104344954
7651 0.10476467654628001
7693 0.0272372722541236
7821 0.18292136759100577
7851 0.03780955417163777
7867 0.0697213024555643
7891 0.05720429534731485
7941 0.09857613236239941
7965 0.04317827624454131
8002 0.07660265752041011
8497 0.07660265752041011
8505 0.09146068379550289
8644 0.0616271808816062
8666 0.05272520871881575
8795 0.029111331159378577
8996 0.018645109247998278
9028 0.04461914798866899
9272 0.10701152095156084
9350 0.06631561777648647
9383 0.02999546386240003
9417 0.07807937195963893
9497 0.013855960418259643
9518 0.07969692961235043
9520 0.10701152095156084
9602 0.0530751491541052
9647 0.035906754345335745
9661 0.061051820364352145
9725 0.02648285872903544
9812 0.0952477667684084
9817 0.10013016588671503
9842 0.06483890333725766
9906 0.037383468784564555
9957 0.04819275003579857
10079 0.1096863192478912
10125 0.04240671111635387
10244 0.15939385922470087
10316 0.031813870129308884
10432 0.049288066181199706
10451 0.03839483664756218
10493 0.04527619171240801
10499 0.033290584568537694
10506 0.04792962058171712
10509 0.08148505663871676
10531 0.08881133412578611
10567 0.017006429613939056
10574 0.0476705085284882
10587 0.11473983873656368
10588 0.10476467654628001
10616 0.042033695885093404
10836 0.049288066181199706
10904 0.1453800702923039
10999 0.02076058006498328
11000 0.02752542025938329
11183 0.10013016588671503
11456 0.13112240850279663
11531 0.061051820364352145
11576 0.03565153886193734
11586 0.06793317542919798
11654 0.10701152095156084
11674 0.07172025840210348
11726 0.06283994739071848
11733 0.02810779690363854
11745 0.057492546312858106
11776 0.07398648774361206
11815 0.1638458181426532
11905 0.037383468784564555
12064 0.011050496817260344
12215 0.0618563982135839
12221 0.07398648774361206
12254 0.10759490013649173
12354 0.02868595776902571
12406 0.04044971195217817
12407 0.041850218316242964
12425 0.09146068379550289
12472 0.05995650421895103
12581 0.1413827340749488
12834 0.014067665988646928
12877 0.02326604812769386
12922 0.10701152095156084
12928 0.04527619171240801
12948 0.038695225194154706
12960 0.09146068379550289
12963 0.05272520871881575
13129 0.06631561777648647
13184 0.06414609245629246
13385 0.08836641170356258
13396 0.08575024192676453
13404 0.07969692961235043
13674 0.05703994589556046
13705 0.17387264481723552
13813 0.08836641170356258
13832 0.07678967329512436
13851 0.0616271808816062
13912 0.0326419128797406
13919 0.037953993424930985
14065 0.03466740754915788
14163 0.013716276421322077
