153 0.053309680260874515
244 0.06934439799045526
337 0.027977083737515784
421 0.034681327285002644
483 0.030727178758110617
535 0.0411063620538168
617 0.050881490281246576
703 0.0360662802483477
917 0.031098872817996417
1127 0.025698818485915105
1133 0.12364898420157665
1230 0.06807872673734149
1274 0.044078226406270175
1313 0.060112944135850915
1329 0.08116802764554398
1451 0.03681679838927553
1519 0.023681759617566276
1550 0.02768220439939402
1676 0.13868879598091052
1748 0.17142323935019263
1771 0.13868879598091052
1823 0.06394434365837395
1871 0.025045034579727052
1928 0.04624268157572845
1932 0.06729139261527411
2034 0.0924853631514569
2084 0.07474445232253657
2135 0.07177258797008321
2144 0.04705009075872355
2182 0.023396868055217155
2234 0.04008138161708395
2311 0.03122511236692641
2425 0.17365536659846484
2617 0.03643625328055181
2659 0.02488648303221608
2821 0.09171324110722412
2840 0.0839759061771409
2918 0.06394434365837395
2935 0.04033032667260076
2994 0.0839759061771409
3020 0.04250957159671189
3099 0.03372962446199454
3157 0.030129851172396638
3216 0.2664924800717701
3247 0.0479096259287932
3307 0.044415413345295016
3385 0.05805993876066977
3454 0.03720853759212013
3467 0.04664026849445019
3484 0.06254113411547886
3516 0.053309680260874515
3557 0.052040322826531496
3560 0.05144830657596119
3606 0.060259702344793276
3625 0.1571517036901192
3633 0.011637768922066383
3667 0.0785758518450596
3693 0.07967400923894757
3734 0.02193038916437186
3810 0.050881490281246576
3956 0.02512502384537868
3995 0.0822127241076336
4072 0.05904692153198066
4222 0.04165003642664223
4284 0.05471288980376961
4338 0.10408064565306299
4355 0.05805993876066977
4406 0.05628154461332789
4652 0.04705009075872355
4665 0.13102599693586445
4864 0.03824147155115339
4895 0.050881490281246576
5059 0.022710212242261177
5185 0.08952271871816457
5223 0.021556957989286592
5231 0.042808868971927164
5247 0.07297534967482235
5390 0.021556957989286592
5526 0.0839759061771409
5528 0.031098872817996417
5593 0.07177258797008321
5613 0.029898224939471512
5637 0.0839759061771409
5767 0.053309680260874515
5938 0.052422238113922985
5983 0.06934439799045526
6044 0.08925837546323351
6066 0.060112944135850915
6067 0.03388359349124255
6068 0.10259093015813935
6155 0.043428430573984114
6173 0.06394434365837395
6210 0.030013534514299136
6235 0.11072881759757608
6278 0.021556957989286592
6294 0.03342692568906031
6310 0.07578362772254867
6446 0.0360662802483477
6632 0.03681679838927553
6668 0.06394434365837395
6836 0.05471288980376961
6942 0.0839759061771409
7025 0.029670558323848108
7099 0.030457002045976983
7338 0.04193042936618343
7418 0.025615318697061493
7472 0.06551299846793222
7479 0.022912517489594296
7566 0.028076845797215495
7571 0.03451791207286609
7651 0.0411063620538168
7693 0.021374096910265105
7837 0.07177258797008321
7891 0.04489033046441812
7902 0.0839759061771409
8087 0.03284141721907208
8124 0.08598289961402511
8157 0.09328053698890038
8244 0.056761391231428544
8401 0.030485023492542677
8484 0.11283644841095583
8497 0.060112944135850915
8507 0.044761359359082285
8556 0.06551299846793222
8621 0.06934439799045526
8633 0.27737759196182105
8689 0.03720853759212013
8795 0.02284474038303066
9099 0.025449873430398305
9307 0.05265988442858846
9310 0.047472925405757725
9402 0.03435647769998302
9414 0.05805993876066977
9462 0.0839759061771409
9696 0.0785758518450596
9699 0.05265988442858846
9718 0.06551299846793222
9719 0.06541423528159848
10079 0.057383279682856024
10081 0.06729139261527411
10087 0.05904692153198066
10104 0.07177258797008321
10125 0.09983435322632266
10260 0.08815645281254035
10303 0.06127177668113584
10362 0.027018528239956586
10483 0.053992813213686625
10493 0.03552990550447795
10506 0.037612149470318615
10587 0.06002706902859827
10588 0.0822127241076336
10904 0.038028376241902806
10994 0.04311504734584689
11000 0.005400054332081312
11070 0.0785758518450596
11102 0.03701122772112411
11108 0.03200876030776453
11182 0.07177258797008321
11213 0.027018528239956586
11365 0.02060948853335045
11490 0.05904692153198066
11576 0.027977083737515784
11586 0.10661936052174903
11905 0.02933619333052643
11910 0.0607311543937135
11930 0.0357063077217355
11967 0.04624268157572845
12175 0.048691922525436956
12215 0.024270503991766796
12256 0.0721325604966954
12354 0.06753280235976292
12359 0.049815467677376324
12407 0.06568283443814416
12523 0.05173481040302568
12582 0.029446718219584524
12763 0.030973818634444476
12831 0.06934439799045526
12834 0.011039418827891539
12903 0.021556957989286592
12904 0.10408064565306299
12948 0.03036557719685675
12994 0.07325033339801544
13051 0.03701122772112411
13052 0.27737759196182105
13103 0.0839759061771409
13129 0.052040322826531496
13336 0.028472135604740812
13705 0.04548143594916527
13775 0.0721325604966954
13832 0.030129851172396638
13851 0.048361132648680194
13861 0.05714107978339754
13912 0.05123063739412299
13919 0.029783905158609365
13967 0.06551299846793222
13968 0.06254113411547886
14039 0.11472441465346017
14062 0.03293472926262153
14065 0.05440959885189495
14083 0.03845803197625446
14094 0.05471288980376961
14198 0.03372962446199454
