149 0.13486039458964547
340 0.19527402788841033
705 0.22908895922232805
1127 0.09413509466123852
1600 0.18845579271836588
1689 0.07090027897581452
1830 0.26972078917929093
1846 0.15359168903953213
2060 0.2540094001845182
2182 0.08570302134168124
2730 0.09999629091081169
2959 0.2464892157278425
3606 0.11036602300596349
3734 0.08033129075865503
3940 0.11774377047461095
3984 0.061563151171847325
4052 0.12950877308923844
4393 0.1116670236724464
4789 0.1806335352609951
5390 0.07896340767736176
5840 0.1614590965544926
5938 0.09601165808289502
6278 0.07896340767736176
6632 0.26972078917929093
6775 0.07873911011560854
7643 0.18845579271836588
8011 0.27405791509182825
10125 0.12189816296488722
10316 0.09144902359736891
10582 0.1441809543398812
10806 0.13278413938796232
10904 0.13929841947040167
10999 0.029838161288473292
11215 0.23997493564540315
11856 0.18845579271836588
12064 0.031764671826999887
12354 0.08245783421728414
12407 0.12029852346795518
12881 0.1282578165034751
12904 0.19062435567463457
13919 0.1090988184154726
14072 0.07304286271761812
