149 0.031939487808666595
556 0.028123926254692202
599 0.03945627628072522
639 0.04463268487620899
693 0.04812519148296042
705 0.054255988516464425
762 0.0352076408440981
917 0.05395809047442894
1008 0.031447760582866746
1065 0.08312558289784407
1092 0.07427551598457056
1099 0.1029597876318246
1118 0.07285118611366848
1127 0.15606054707271383
1194 0.032990561713683586
1318 0.024710178275216658
1385 0.14570237222733695
1460 0.028123926254692202
1519 0.08217806063368725
1545 0.02435736167399053
1567 0.020797068293301815
1601 0.04882563902009307
1635 0.05036844015090992
1689 0.033583152457318376
1703 0.0368781100792381
1768 0.038238957120747485
1830 0.06387897561733319
1946 0.06484267041581
2034 0.040116675785101946
2058 0.06911918358159633
2111 0.11836882884217567
2182 0.020297364646141194
2218 0.06484267041581
2234 0.034771594911041294
2262 0.05315478938800222
2384 0.025838278104730245
2435 0.04321615654195657
2462 0.029394859644900587
2573 0.03853147517227264
2595 0.04882563902009307
2716 0.05933345477101809
2730 0.04736498546034908
2734 0.07285118611366848
2736 0.02952999388575637
2740 0.034987560935072944
2744 0.034146910569206705
2848 0.019818380165519844
2852 0.031773242553705866
2927 0.03729615140538566
2935 0.034987560935072944
3003 0.055473307676442166
3010 0.016927772452684262
3157 0.05227678974269646
3208 0.02697904523721447
3321 0.017978846357701257
3328 0.03613244195255067
3357 0.054255988516464425
3402 0.03767524308336752
3432 0.10189623045322907
3478 0.0468401076367491
3535 0.060157989046126084
3609 0.05683415471795153
3633 0.030288161507929463
3734 0.01902515775404316
3742 0.03613244195255067
3746 0.029945146782591442
3810 0.08828191530081828
3817 0.09492958395716737
3823 0.03913971275562586
3914 0.032629474642610984
3938 0.10124538781744388
3940 0.05577138837630271
4052 0.03067204342524365
4143 0.04278011060889976
4197 0.07766318387778125
4383 0.04159413658660363
4393 0.23801864119275123
4450 0.03067204342524365
4452 0.06144669037236084
4577 0.016219268776318407
4652 0.0408171233222346
4660 0.05799737794897133
4814 0.04514627369014374
4815 0.03637568979771694
4817 0.025642445520201854
4895 0.04414095765040914
4906 0.04812519148296042
4922 0.01886204192648026
4989 0.049571307146780506
4990 0.025642445520201854
4997 0.0322793313051363
5018 0.062264504214322905
5051 0.028367174099858467
5062 0.03795366248044991
5063 0.03280860762437613
5151 0.04414095765040914
5228 0.13421710300425424
5247 0.012661585978378357
5390 0.03740239385352516
5459 0.035660790919260374
5610 0.04156279144892203
5613 0.025937453356432733
5793 0.054177122368043874
5816 0.03008691354135737
5840 0.07647791424149497
5903 0.0266565914005513
5993 0.07285118611366848
6043 0.07285118611366848
6062 0.03128839466474645
6109 0.057728405344983094
6155 0.03767524308336752
6210 0.10414994911601975
6245 0.07161119132762643
6250 0.04414095765040914
6260 0.054255988516464425
6278 0.01870119692676258
6304 0.031773242553705866
6310 0.01643604522688441
6315 0.045577491361826865
6429 0.05395809047442894
6442 0.05837695584876838
6528 0.05014821803982958
6567 0.038831591938890624
6606 0.03038499424121791
6632 0.15969743904333297
6633 0.07132158183852075
6693 0.028367174099858467
6775 0.0559442271080785
7025 0.02573994690795615
7099 0.026422206386619955
7165 0.062264504214322905
7175 0.062264504214322905
7226 0.06816650474398454
7242 0.13726716636756586
7245 0.023519759816290307
7351 0.04366930661711884
7401 0.02613839487134823
7406 0.06075154946778521
7479 0.019877178490292878
7604 0.029666727385509045
7620 0.05683415471795153
7643 0.04463268487620899
7649 0.05507462126449535
7671 0.018808177745555002
7674 0.032629474642610984
7691 0.054255988516464425
7718 0.04871472334798106
7892 0.028998688974485664
7965 0.029394859644900587
8011 0.1298123064904054
8027 0.03067204342524365
8040 0.04568375878122599
8078 0.031773242553705866
8087 0.056981491643957494
8097 0.021386343947042117
8213 0.05683415471795153
8250 0.01567397703231607
8293 0.08554537578816847
8306 0.028490745821978747
8344 0.022814560543173688
8363 0.060157989046126084
8411 0.01919060944838116
8498 0.07706295034454529
8658 0.013788067055401428
8666 0.03589420988600982
8706 0.26635220855660424
8744 0.02711416688739485
8795 0.05945514049655954
8931 0.02327987896688798
8997 0.018253219008710457
9084 0.049571307146780506
9094 0.016219268776318407
9099 0.04415679568699779
9270 0.042359924453051444
9334 0.049571307146780506
9339 0.055473307676442166
9401 0.14570237222733695
9417 0.05315478938800222
9497 0.06602991898132382
9645 0.03740239385352516
9654 0.02498204601582512
9661 0.04156279144892203
9827 0.014069882145640422
9890 0.024710178275216658
9920 0.0408171233222346
9932 0.02573994690795615
9949 0.06749692521162926
9994 0.04278011060889976
10048 0.1388419762645871
10094 0.04463268487620899
10125 0.05773918876275927
10303 0.10630957877600444
10386 0.024532423294035436
10460 0.02266352772738518
10506 0.13051789857044394
10522 0.034559591790798164
10531 0.030230441422889012
10567 0.023155237079470863
10574 0.0649061532452027
10582 0.034146910569206705
10587 0.07811246183701483
10595 0.027652275221401897
10624 0.0339459690542912
10714 0.05683415471795153
10752 0.03374846260581463
10806 0.031447760582866746
10904 0.032990561713683586
10999 0.021200047462549675
11108 0.02776839525291742
11112 0.04624747281860596
11135 0.028615653480492054
11150 0.06911918358159633
11219 0.05315478938800222
11252 0.04624747281860596
11259 0.056981491643957494
11365 0.01787924362118206
11425 0.042359924453051444
11456 0.04463268487620899
11475 0.14570237222733695
11505 0.034771594911041294
11511 0.056981491643957494
11524 0.06484267041581
11622 0.07285118611366848
11733 0.019135195213224366
11849 0.028244910039545046
11875 0.028367174099858467
11905 0.025449876964477484
11929 0.0339459690542912
11959 0.08390896950429935
12017 0.09632448026173046
12064 0.022568835386812404
12117 0.024099644389385007
12254 0.07324833835670105
12256 0.03128839466474645
12407 0.056981491643957494
12413 0.023519759816290307
12523 0.04488123406820849
12563 0.06484267041581
12582 0.02554576005320509
12641 0.038238957120747485
12648 0.10537157222933802
12764 0.06732185110231274
12785 0.07285118611366848
12834 0.009576970255265708
12877 0.015839034780632852
12881 0.030375774733892604
12885 0.03740337534275905
12948 0.026342893057334504
12959 0.03767524308336752
13016 0.04414095765040914
13079 0.016568090617064882
13459 0.06816650474398454
13466 0.051224672239815035
13514 0.05036844015090992
13545 0.04414095765040914
13557 0.03637568979771694
13614 0.08126568355206583
13675 0.15946436816400666
13700 0.10124538781744388
13804 0.06816650474398454
13806 0.026551076092939694
13822 0.037941059078712
13832 0.02613839487134823
13840 0.14570237222733695
13919 0.05167655620946049
14062 0.028571696339344154
14065 0.04720167953851064
14072 0.06919604915522307
14083 0.06672659748755845
14156 0.07285118611366848
