420 0.10712123209809264
498 0.10712123209809264
721 0.12814856565121532
729 0.066631850134925
1097 0.3566935011695058
1319 0.05309150911918929
1368 0.0708683427085676
1558 0.12802322724917786
1683 0.0871504491723835
1684 0.18532431968363872
1875 0.09501678888491649
1901 0.06055786969361457
1919 0.11937197056529134
2017 0.05043670508281596
2558 0.03491189743441585
2602 0.07920503994643417
2706 0.11221147831069553
2744 0.067418532636389
2973 0.2586577108410223
3130 0.032364540869424106
3232 0.06587139532451504
3633 0.0199333153041767
3786 0.04627767109558914
3789 0.10011929277206544
3984 0.028786723846299923
3985 0.048786960012745524
4202 0.07607527220259522
4236 0.1558023379451076
4734 0.11607248042515045
4990 0.10125519535225809
5043 0.14383497618766017
5336 0.07854378982778751
5487 0.2010654010343535
5663 0.07688871614895872
5718 0.12746249161636544
5903 0.05262989381339823
6155 0.0743847558405607
6310 0.03245078494864302
6567 0.1533356256724374
6606 0.02999556463177325
6967 0.07281092275995091
7021 0.14383497618766017
7099 0.05216713178170038
7580 0.026149022267990128
7627 0.043732107960511545
7862 0.07779666777734696
8017 0.12612054006197393
8097 0.042224491274092904
8107 0.0828335492832668
8124 0.0368181448749159
8732 0.10113630134090724
8976 0.06339329100795185
9094 0.06404557736597553
9270 0.0836340360403904
9409 0.04675793160861083
9592 0.08131221687434977
9647 0.04826253388712534
9781 0.052010538163425754
10145 0.08446363771120641
10324 0.066631850134925
10331 0.10653307204101863
11000 0.02774784059948912
11258 0.13730377754544817
11343 0.08058798043373087
11365 0.035300188201377786
11378 0.08131221687434977
11617 0.06995575974660448
11631 0.07230955023081669
11648 0.07988603176409
11678 0.13326370026985
11820 0.09639972937221321
11910 0.052010538163425754
12050 0.07988603176409
12064 0.014853054441604707
12192 0.0871504491723835
12245 0.11250237547207549
12317 0.10494706090240202
12440 0.11877394704934813
12638 0.15099546844225598
12830 0.11877394704934813
12834 0.018908453823480345
12854 0.13991151949320896
12865 0.0848320628573534
12885 0.07384798915105756
12903 0.036923025665562326
12943 0.1390256069278852
13336 0.024383713931475894
13577 0.07727615640208578
13616 0.04675793160861083
13874 0.04864625099606312
13982 0.04627767109558914
13989 0.13423836226539676
13997 0.058036240212575224
14040 0.10610468332020107
14041 0.09255534219117828
14053 0.14383497618766017
14192 0.14383497618766017
