93 0.2228469060639532
149 0.1097674724650649
340 0.15894018807082108
643 0.2503700314070023
703 0.10752983956451305
1230 0.10148668664213058
1600 0.15339059403644584
1689 0.05770815400565854
1830 0.2195349449301298
2034 0.2757405585844271
2058 0.11877206870145772
2194 0.1356006629211913
2738 0.1500797207637872
2743 0.13451271879907678
2927 0.12817689178261352
3184 0.09309613578332109
3321 0.06178848372099158
3734 0.06538437599314878
3742 0.12417753380647402
3914 0.11213877257012471
3938 0.11598443475404883
3940 0.0958356686025677
4052 0.1054116052923725
4197 0.13345379000630755
4393 0.1817791944553917
4702 0.11275440469175675
5390 0.06427100932298471
5840 0.13141706272777198
5903 0.09161157123435586
6310 0.056486289094061545
6632 0.32930241739519467
7201 0.036931290663712146
7643 0.15339059403644584
8344 0.07840753932020936
8484 0.11213877257012471
9028 0.1043934090828731
9497 0.09725449785909002
10079 0.0855427121329732
10460 0.07788847994932341
10567 0.07957835340907357
10587 0.1789677520866275
10662 0.2228469060639532
10752 0.11598443475404883
10999 0.04857259327479575
11259 0.09791506915382107
11385 0.2503700314070023
12064 0.025854349238273268
12354 0.06711524220669579
12881 0.1043934090828731
13775 0.10752983956451305
14065 0.08110977060881973
14072 0.059452075952484716
14083 0.11466072963160674
