46 0.04007022390291968
79 0.017013740903138678
210 0.02954465680383856
318 0.028369667045648105
319 0.030892173329891158
337 0.01930846007492513
339 0.02567957294206519
390 0.028369667045648105
420 0.043162933007558975
472 0.03191451186762295
482 0.02404959440613881
483 0.042412891195695995
492 0.05795619896946985
499 0.03550718805306983
721 0.051635589377399156
729 0.026848329012028663
1095 0.03138913613777172
1097 0.5461528223296421
1117 0.055324548045265466
1255 0.03861692014985026
1368 0.02855536170350956
1446 0.043162933007558975
1451 0.025409213070790793
1458 0.015907409338608545
1483 0.025543399000482907
1555 0.03776024900491177
1567 0.01654494720384667
1615 0.02855536170350956
1684 0.07467372283256973
1754 0.05795619896946985
1810 0.05795619896946985
1846 0.028938399332013802
1875 0.11485687420428906
1878 0.05795619896946985
1919 0.02404959440613881
1920 0.03247174750090963
1927 0.1159123979389397
1942 0.0362998951912221
1963 0.012117590998316153
2006 0.06741006070536104
2017 0.020322732290999828
2081 0.04644133677005973
2094 0.05795619896946985
2155 0.05795619896946985
2236 0.05795619896946985
2237 0.04521397323518973
2287 0.04644133677005973
2371 0.02276496231878972
2425 0.017121245905712092
2614 0.03591576967097861
2618 0.02855536170350956
2716 0.04720227210700117
2768 0.08198399450591871
2973 0.13896311965115263
3026 0.03884286036804969
3037 0.03884286036804969
3103 0.032188907555839634
3128 0.0363433617877807
3265 0.05795619896946985
3332 0.01706733623247314
3441 0.10317017220465957
3598 0.051585086102329786
3633 0.008031837724801979
3666 0.021638054132864903
3814 0.03164807080814887
3984 0.02319837829623074
3985 0.019657991655139755
4023 0.05422933685433086
4149 0.03591576967097861
4155 0.034033386889772796
4202 0.030653417752006033
4219 0.045800823797174546
4350 0.05795619896946985
4384 0.016147411823222622
4399 0.06329614161629774
4427 0.1159123979389397
4577 0.012903114121888723
4606 0.03679182014041892
4663 0.02954465680383856
4676 0.044131361872051834
4758 0.030892173329891158
4779 0.0363433617877807
4815 0.057876798664027604
4892 0.035115998252910695
4922 0.01500555190900961
4965 0.039436070892419996
4985 0.018971734767769335
4991 0.02639245511002624
5002 0.023935411907493757
5059 0.03134702891029144
5061 0.04785822398719081
5106 0.033699111035779626
5247 0.01007282702421595
5282 0.05422933685433086
5348 0.1159123979389397
5374 0.0259581267723742
5487 0.054010907486181446
5509 0.05795619896946985
5551 0.029253796217912156
5596 0.03726328619703122
5601 0.17386859690840956
5718 0.1797570105944563
5746 0.022184248836369512
5861 0.03776024900491177
5962 0.018520128077049853
5987 0.03884286036804969
6141 0.04521397323518973
6207 0.04474754503726118
6210 0.02071392209115896
6304 0.05055391588201762
6310 0.013075568954419465
6505 0.08623465615731193
6563 0.019038100203650737
6571 0.03726328619703122
6575 0.05422933685433086
6579 0.026693845158139887
6620 0.03679182014041892
6696 0.02610063463376957
6775 0.029670665461415887
6880 0.027005453743090723
6882 0.049534045874699034
6926 0.043162933007558975
6995 0.028009167000004963
6998 0.04228688253811867
7020 0.038344572266685695
7025 0.020477216144888608
7099 0.010509991204302656
7158 0.04521397323518973
7242 0.013650229375746128
7306 0.03828562473476302
7418 0.03535696307799751
7511 0.05795619896946985
7538 0.05795619896946985
7616 0.022184248836369512
7627 0.01762121298651966
7637 0.04521397323518973
7671 0.014962700675507921
7693 0.04425417252578307
7838 0.039436070892419996
7862 0.06269405782058288
7865 0.02615113790883893
7891 0.015490591543680607
7932 0.033699111035779626
7965 0.023384853770278734
8016 0.05795619896946985
8017 0.025409213070790793
8065 0.10845867370866172
8107 0.03337656661023078
8124 0.029670665461415887
8245 0.05422933685433086
8337 0.05795619896946985
8433 0.013145467184335768
8666 0.02855536170350956
8689 0.02567957294206519
8706 0.015135317446972914
8744 0.00539261656140157
8747 0.05795619896946985
8874 0.03679182014041892
9094 0.06451557060944363
9102 0.024521060462751106
9298 0.028938399332013802
9372 0.02855536170350956
9426 0.027327998168639567
9588 0.03474077991278816
9592 0.03276356797716629
9647 0.03889336364311904
9708 0.016393849451649664
9805 0.05795619896946985
9827 0.011193186173213642
9843 0.03337656661023078
9925 0.03247174750090963
9949 0.026848329012028663
9994 0.034033386889772796
10218 0.033699111035779626
10283 0.05795619896946985
10316 0.034460046372721057
10331 0.021462971259447534
10368 0.04785822398719081
10438 0.031137296468085232
10569 0.02514657883387613
10616 0.02276496231878972
10645 0.022470020235120347
10657 0.01410610327774855
10732 0.01558159795978615
10749 0.028744885385770642
10765 0.08014044780583936
10835 0.051585086102329786
10870 0.05795619896946985
10930 0.014877592910616124
10995 0.03306495802527994
10999 0.011243689448283002
11000 0.03354175903625084
11290 0.051585086102329786
11303 0.03276356797716629
11371 0.039033160102951645
11490 0.04075139273428507
11511 0.022665592994887258
11525 0.0244009074715685
11576 0.01930846007492513
11663 0.04148711112005076
11666 0.04521397323518973
11678 0.18793830308420062
11730 0.04644133677005973
11738 0.05422933685433086
11745 0.031137296468085232
11788 0.10845867370866172
11855 0.05795619896946985
11945 0.05795619896946985
12057 0.03524242597303932
12105 0.05795619896946985
12123 0.05795619896946985
12256 0.024891240944189912
12354 0.03107196423914044
12435 0.049534045874699034
12451 0.04785822398719081
12520 0.044131361872051834
12638 0.12168282909311547
12735 0.0432692564414162
12750 0.05795619896946985
12794 0.03776024900491177
12810 0.024165213200268994
12850 0.03306495802527994
12854 0.25368884777235584
12865 0.011393946137126795
12877 0.012600621900629282
12903 0.014877592910616124
12937 0.05422933685433086
12943 0.0840275010000149
13053 0.05422933685433086
13112 0.04978761052758254
13363 0.033699111035779626
13754 0.023679010794376554
13860 0.03019374332361563
13912 0.017678481538998755
13923 0.051585086102329786
13974 0.17386859690840956
13988 0.035115998252910695
13989 0.10817876762657067
14041 0.14917528322793286
14062 0.022729992554336994
14072 0.013762095741598696
14088 0.02855536170350956
14155 0.05795619896946985
14163 0.05200003390550414
14200 0.0363433617877807
