10 0.01811991957896577
79 0.013660819052484964
259 0.038426736470501904
420 0.03465675308844144
452 0.04141914062654985
498 0.06931350617688288
604 0.02654880023934252
721 0.041459691150165325
729 0.02155729104980343
916 0.02584539426813364
917 0.034466466648720204
941 0.03465675308844144
1063 0.04653468931960082
1095 0.025203234928352018
1097 0.6462425309577714
1133 0.013703852274882357
1305 0.03395334711723255
1368 0.0229279164077278
1376 0.03272045844880121
1479 0.022778816857282048
1555 0.03031878362140299
1576 0.039772301781492415
1591 0.039772301781492415
1648 0.04141914062654985
1657 0.04168504443528366
1674 0.02584539426813364
1684 0.0399717781605166
1716 0.03331118777745093
1718 0.01387853916941129
1875 0.0307406228171992
1901 0.019592186314770554
1942 0.014573111893927264
1963 0.00972956029614155
2006 0.0180418217419208
2017 0.032635405706481144
2046 0.019592186314770554
2112 0.04354228516355288
2142 0.039772301781492415
2157 0.02760490975575024
2244 0.0246125055997023
2248 0.04354228516355288
2320 0.039772301781492415
2371 0.018278639174307283
2385 0.04354228516355288
2386 0.0311880432404479
2407 0.03217352851713882
2471 0.023235468272016745
2487 0.04653468931960082
2564 0.022778816857282048
2574 0.02339418786735826
2618 0.0229279164077278
2740 0.044697564034822154
2804 0.02850973656040923
2881 0.04653468931960082
2895 0.021191256858883283
2904 0.04354228516355288
2973 0.3905211177046623
3037 0.0311880432404479
3130 0.020941691572503383
3184 0.0173031881299315
3206 0.029181124361090882
3220 0.015339909267429187
3294 0.03395334711723255
3321 0.022968466931343284
3357 0.03465675308844144
3376 0.025411140979030414
3427 0.04354228516355288
3440 0.03331118777745093
3443 0.051550127498826974
3477 0.03543433231445396
3527 0.01619571368360238
3544 0.0173031881299315
3606 0.016696256430930295
3633 0.025795968668407554
3728 0.01773744141903472
3751 0.01931010700928851
3764 0.04354228516355288
3771 0.03465675308844144
3799 0.049608418560058425
3832 0.01968866058697824
3928 0.01751712127504931
3984 0.009313320627723899
3985 0.031567927178975996
3992 0.018862686586039814
4051 0.04653468931960082
4114 0.02654880023934252
4140 0.03543433231445396
4267 0.0311880432404479
4275 0.03543433231445396
4286 0.029181124361090882
4304 0.022489361062699265
4383 0.01328441118689958
4384 0.012965218662893055
4510 0.03630359193349887
4556 0.0745781544203796
4570 0.03395334711723255
4577 0.04144111709146051
4598 0.03217352851713882
4626 0.038426736470501904
4660 0.018523308323325136
4678 0.023080090391348982
4689 0.019786412701234112
4841 0.0246125055997023
4864 0.08476502743553313
4881 0.013325298697192631
4922 0.048193546752280575
4923 0.03031878362140299
4990 0.032758924029474404
5002 0.01921842661625614
5049 0.03918437262954111
5059 0.02516942583141768
5161 0.020087686235301043
5170 0.04354228516355288
5210 0.04711279216658917
5258 0.0311880432404479
5377 0.07086866462890792
5384 0.029919757973080188
5391 0.01921842661625614
5412 0.024243419857475128
5447 0.04354228516355288
5487 0.021683450989109496
5599 0.04653468931960082
5663 0.012437838879698475
5666 0.04653468931960082
5718 0.04123772676494979
5759 0.02584539426813364
5790 0.03031878362140299
5801 0.0307406228171992
5860 0.04653468931960082
5938 0.01452471711900137
5945 0.024804209280029212
5966 0.04653468931960082
5974 0.01931010700928851
5979 0.03395334711723255
6065 0.03465675308844144
6138 0.0372890772101898
6182 0.05169078853626728
6210 0.01663180032924985
6245 0.009148525145597749
6301 0.03217352851713882
6304 0.02029559228597944
6310 0.02099749637796143
6322 0.0372890772101898
6411 0.0316643489323935
6423 0.04141914062654985
6430 0.03272045844880121
6432 0.0828382812530997
6481 0.08197913839606516
6520 0.02679899968216047
6533 0.04354228516355288
6547 0.04653468931960082
6563 0.04585870505477803
6720 0.016016429319173638
6756 0.07964640071802755
6802 0.04653468931960082
6866 0.014102877923205163
6880 0.04336690197821899
7099 0.016877544909444403
7105 0.02654880023934252
7192 0.0316643489323935
7233 0.02207541088607317
7242 0.010960159472781332
7327 0.02562507412414822
7418 0.014194558316237537
7429 0.0372890772101898
7495 0.049608418560058425
7566 0.015558597170618188
7580 0.016919898893919216
7598 0.014334250374356712
7671 0.012013980207427529
7680 0.04653468931960082
7692 0.026306805551934254
7773 0.03465675308844144
7862 0.01258471291570884
7891 0.02487567775939695
7965 0.018776367745535937
8017 0.02040178371131032
8027 0.019592186314770554
8130 0.0311880432404479
8166 0.0311880432404479
8189 0.04354228516355288
8244 0.015726973524590855
8279 0.05000205131319724
8306 0.018198852702835343
8401 0.016893072807499708
8433 0.03166461442923377
8467 0.04653468931960082
8484 0.06252756665292548
8577 0.039772301781492415
8691 0.01656790229605852
8706 0.012152579148943816
8731 0.038426736470501904
8732 0.03272045844880121
8737 0.019127871164424156
8795 0.025318521578529856
8820 0.04354228516355288
8894 0.04354228516355288
8931 0.014870340387207326
8972 0.029541204395390458
9021 0.0311880432404479
9067 0.04354228516355288
9094 0.04144111709146051
9204 0.013491152345028654
9347 0.055788731100666046
9409 0.03025503084583566
9426 0.021942431131036878
9515 0.023722249731130605
9531 0.016893072807499708
9534 0.03395334711723255
9541 0.04653468931960082
9592 0.05261361110386851
9594 0.02131126237665336
9645 0.011945644749472257
9647 0.031228593764063377
9666 0.04442166154460815
9699 0.029181124361090882
9708 0.05265236192502524
9781 0.016826882437985902
9821 0.024425655702339486
9890 0.015783963589487998
9897 0.03395334711723255
9908 0.019786412701234112
9941 0.024243419857475128
9999 0.03543433231445396
10079 0.015899281197089086
10110 0.020618863382474897
10152 0.04141914062654985
10159 0.05082228195806083
10218 0.05411595964817569
10242 0.015899281197089086
10316 0.02766895656387592
10322 0.02339418786735826
10324 0.04311458209960686
10362 0.014972137542250068
10464 0.03272045844880121
10522 0.02207541088607317
10567 0.0073953618403250045
10657 0.02265238732740296
10688 0.0828382812530997
10732 0.02502182106675196
10815 0.04653468931960082
10884 0.03547488283806944
10890 0.0679066942344651
10999 0.013541819630654504
11000 0.02693163740443146
11080 0.04354228516355288
11135 0.018278639174307283
11138 0.01921842661625614
11180 0.04653468931960082
11225 0.0307406228171992
11232 0.028114922615376216
11234 0.04354228516355288
11272 0.02562507412414822
11303 0.026306805551934254
11320 0.022210830772304076
11364 0.024425655702339486
11365 0.01142061085845601
11371 0.01567042016946223
11425 0.027057979824087846
11456 0.02850973656040923
11525 0.019592186314770554
11560 0.03543433231445396
11606 0.023235468272016745
11631 0.07018256360207478
11636 0.038076826762953216
11651 0.038426736470501904
11656 0.059082408790780916
11663 0.03331118777745093
11665 0.03543433231445396
11667 0.03543433231445396
11678 0.04311458209960686
11745 0.05000205131319724
11764 0.03465675308844144
11769 0.03543433231445396
11789 0.04653468931960082
11905 0.01625645622181331
11921 0.06321951453597591
11922 0.02607249454739692
11941 0.059839515946160375
11965 0.021433251546291547
11981 0.038426736470501904
12015 0.03217352851713882
12041 0.032032858638347275
12051 0.03630359193349887
12057 0.014148575757947236
12103 0.0311880432404479
12220 0.026306805551934254
12245 0.03639770540567069
12354 0.04989713708381155
12355 0.08708457032710576
12472 0.02607249454739692
12520 0.03543433231445396
12533 0.09306937863920164
12584 0.0199858890802583
12614 0.0170272615357111
12620 0.039772301781492415
12638 0.09770262280935794
12695 0.016441742356752456
12725 0.04191389170869189
12726 0.025411140979030414
12735 0.03474212321363797
12763 0.01716393538112112
12787 0.0307406228171992
12790 0.0372890772101898
12834 0.018352261338195237
12851 0.04653468931960082
12854 0.06789800990430085
12865 0.009148525145597749
12903 0.023891289498944514
12940 0.02339418786735826
12943 0.022489361062699265
12968 0.022632669968100285
13008 0.025411140979030414
13022 0.016379462014737202
13053 0.04354228516355288
13112 0.013325298697192631
13158 0.0372890772101898
13303 0.04354228516355288
13310 0.03272045844880121
13450 0.024243419857475128
13529 0.0372890772101898
13554 0.039772301781492415
13616 0.01512751542291783
13674 0.024804209280029212
13754 0.028518832246717304
13786 0.05991505309911788
13824 0.021942431131036878
13827 0.017663268164231073
13860 0.024243419857475128
13870 0.03031878362140299
13874 0.02360766035492968
13966 0.04653468931960082
13989 0.01447663762171958
13997 0.018776367745535937
14003 0.0307406228171992
14014 0.01968866058697824
14041 0.05988855016900027
14062 0.01825056095052238
14075 0.03543433231445396
14095 0.04653468931960082
14163 0.04175231408250304
14180 0.027057979824087846
14195 0.03465675308844144
14198 0.018691046833061557
