13 0.016313585400047938
15 0.018488857737060996
110 0.02886056377524814
175 0.0133144585203432
202 0.026361754963976653
249 0.013666531726294215
288 0.02009580307985039
315 0.017934487117734585
320 0.016313585400047938
326 0.011422478805217665
337 0.03082757833962186
341 0.02037540524054191
390 0.015098185457307404
439 0.02067196307187793
482 0.012799065844962274
483 0.011285957216608383
484 0.017934487117734585
487 0.021687673815692098
556 0.011907202376480176
558 0.024062635351631518
636 0.012799065844962274
639 0.018896736060741843
641 0.02009580307985039
802 0.026361754963976653
1003 0.023486475359603985
1016 0.026361754963976653
1027 0.054907430678181386
1101 0.02512079740418085
1111 0.012922913120294345
1127 0.009439062669327097
1397 0.0277736029659477
1403 0.030394022327182482
1443 0.022079219215740954
1454 0.030843979911138707
1470 0.26488026812704485
1479 0.015098185457307404
1481 0.018297001535938506
1538 0.017762830695143467
1545 0.010312501611005996
1562 0.025469891495494546
1567 0.02641539791740583
1604 0.02517231711544837
1620 0.02179573038396472
1622 0.030843979911138707
1657 0.013814776588776447
1658 0.02886056377524814
1660 0.08573122483041573
1718 0.009198930724502912
1719 0.01811238694395982
1722 0.022971082684223057
1742 0.022079219215740954
1799 0.026361754963976653
1832 0.030843979911138707
1940 0.038003935305240245
1942 0.019318610570791487
1944 0.04697295071920797
1963 0.019346751855846087
2025 0.21590785937797094
2044 0.015001316824897753
2137 0.012560398702090424
2222 0.030843979911138707
2340 0.013890618512370738
2346 0.02886056377524814
2373 0.024062635351631518
2384 0.01093949698440378
2399 0.06168795982227741
2424 0.01561357813268833
2456 0.016984732960788316
2479 0.035270029399762176
2485 0.024337706604083142
2488 0.01463195607096006
2547 0.025469891495494546
2558 0.014973018269519339
2565 0.02859672252162225
2575 0.01020338840128113
2659 0.08226625896442706
2743 0.016571103071385155
2760 0.014543814837980992
2776 0.009889933468227812
2789 0.042650318794976355
2793 0.016931676776690118
2816 0.01606894912149547
2852 0.013452262170572528
2918 0.023486475359603985
2965 0.01723903437314681
2972 0.20737548950549198
2981 0.045942165368446114
2989 0.037793472121483686
2995 0.17031790303818842
3010 0.028667748670901022
3106 0.030843979911138707
3130 0.006940253858055605
3152 0.022079219215740954
3163 0.07736697304639045
3168 0.017281290792124333
3179 0.052723509927953306
3184 0.011468846034681963
3185 0.01595107098184402
3200 0.022504853297875712
3225 0.029812658512369822
3251 0.06334386681807985
3257 0.05466612690517686
3281 0.010349420322724364
3307 0.06525434160019175
3328 0.030595749312467533
3333 0.03368586890065224
3341 0.05327625766649403
3343 0.017934487117734585
3353 0.012922913120294345
3419 0.05546657321118299
3432 0.01438038945225667
3454 0.013666531726294215
3517 0.012860597550403828
3590 0.029626302169942515
3593 0.030843979911138707
3605 0.02886056377524814
3633 0.017098004757960018
3642 0.017436596092805994
3688 0.026361754963976653
3711 0.026361754963976653
3745 0.015197011163591241
3756 0.03454697092929395
3758 0.03599227999898284
3763 0.030394022327182482
3780 0.01868854693598736
3789 0.010734793222164597
3841 0.017187132860618588
3852 0.011907202376480176
3865 0.07044106111308222
3882 0.030801723492161183
3908 0.02187899396880756
3984 0.03086513293068374
3991 0.02266208476890527
4028 0.013049977565149338
4029 0.01606894912149547
4079 0.013049977565149338
4146 0.022971082684223057
4151 0.023486475359603985
4262 0.022219320880144996
4311 0.047853212945532055
4376 0.019831322124656523
4450 0.012986032784225181
4452 0.00867183539740824
4477 0.013522647645097684
4542 0.011241283791206466
4577 0.006866968501097106
4591 0.018297001535938506
4658 0.019341743261597613
4700 0.015098185457307404
4729 0.02098766654833249
4735 0.015506063780988252
4763 0.01606894912149547
4784 0.0266289170406864
4817 0.010856584726891383
4842 0.01684293445032612
4887 0.022571914433216766
4903 0.015506063780988252
4913 0.027045295290195368
4916 0.06168795982227741
4922 0.015971749350948684
4956 0.01713076488223155
4970 0.03269359557594708
4985 0.020193312068818785
4988 0.07640967448648363
5000 0.1581705297838599
5001 0.021325159397488178
5038 0.015098185457307404
5059 0.008341360779131146
5063 0.027781237024741477
5087 0.0342615297644631
5098 0.027453307631385114
5158 0.013246985642559814
5211 0.015506063780988252
5223 0.03167110231662185
5247 0.005360704806520438
5274 0.048125270703263036
5279 0.011907202376480176
5350 0.054090590580390736
5390 0.007917775579155463
5391 0.05095319411326266
5421 0.026493971285119627
5474 0.013180430791631566
5508 0.02886056377524814
5551 0.02335307142929982
5571 0.02179573038396472
5607 0.02886056377524814
5677 0.013740092602477959
5689 0.0672887726399054
5730 0.12157608930872993
5798 0.016982237158814646
5800 0.014045923813052398
5938 0.009627228409253593
5945 0.01644064984490293
5962 0.009856313362806218
5979 0.022504853297875712
5987 0.02067196307187793
6013 0.027453307631385114
6044 0.03278420757831926
6086 0.02471583167724177
6109 0.042772180825895276
6154 0.020263950730688183
6183 0.09944425392177714
6245 0.0060637973506037545
6278 0.015835551158310927
6310 0.034793740214853854
6315 0.10291600749109585
6323 0.02098766654833249
6400 0.023486475359603985
6429 0.011422478805217665
6441 0.026361754963976653
6446 0.06623492821279905
6484 0.01595107098184402
6488 0.011856510668098653
6499 0.022971082684223057
6573 0.043375347631384197
6591 0.03622477388791964
6606 0.0064322504681934905
6618 0.031671933409039926
6630 0.030843979911138707
6637 0.015297874656233766
6677 0.015400861746080591
6681 0.027862813685964837
6712 0.017436596092805994
6720 0.010615960510145347
6734 0.013246985642559814
6789 0.021550108809718246
6813 0.02668367044426136
6821 0.010131975365344091
6866 0.01869525249712414
6898 0.019341743261597613
6923 0.031671933409039926
7007 0.18506387946683223
7011 0.06168795982227741
7020 0.01020338840128113
7023 0.02098766654833249
7025 0.01089786519198236
7078 0.04237639650575457
7099 0.016780083753035035
7100 0.10449580090629741
7144 0.030843979911138707
7162 0.018896736060741843
7163 0.018896736060741843
7206 0.010981486135636277
7233 0.01463195607096006
7242 0.007264579253545211
7244 0.02037540524054191
7245 0.00995787492267551
7418 0.028225180695626042
7422 0.008465838388345059
7442 0.021713169453782766
7453 0.2384457415660766
7497 0.02733306345258843
7536 0.026099955130298676
7544 0.027453307631385114
7551 0.017596994268578896
7580 0.01682219315997635
7598 0.009500983826310061
7616 0.05903169441918825
7627 0.009377915547091314
7641 0.015001316824897753
7643 0.018896736060741843
7646 0.024062635351631518
7647 0.030843979911138707
7671 0.007963069477604313
7692 0.03487319218561199
7732 0.015098185457307404
7788 0.023486475359603985
7807 0.026361754963976653
7865 0.006958748042970771
7891 0.008244010181492937
7899 0.024062635351631518
7927 0.023486475359603985
7938 0.01868854693598736
7947 0.026361754963976653
7965 0.01244529442476637
7988 0.06168795982227741
8011 0.013740092602477959
8020 0.015835966704519963
8027 0.012986032784225181
8036 0.06168795982227741
8115 0.008415666604084056
8124 0.00789528493685479
8131 0.01644064984490293
8139 0.02009580307985039
8144 0.021325159397488178
8156 0.012678276841741875
8182 0.015506063780988252
8207 0.03916082080893892
8259 0.02009580307985039
8264 0.00851653009672658
8265 0.02067196307187793
8292 0.021325159397488178
8352 0.030843979911138707
8412 0.011197014655741
8417 0.01713076488223155
8433 0.03497973754022179
8504 0.030843979911138707
8601 0.02009580307985039
8658 0.005837638149180984
8659 0.02067196307187793
8691 0.03294445840690883
8744 0.005739843531697552
8782 0.02886056377524814
8795 0.016781544743632245
8813 0.030843979911138707
8891 0.022504853297875712
8894 0.02886056377524814
8898 0.026361754963976653
8906 0.01684293445032612
8931 0.009856313362806218
8968 0.028091847626104796
8979 0.08658169132574442
8982 0.013049977565149338
8984 0.022504853297875712
8995 0.010461878288875804
8996 0.06986314940337407
8997 0.061824873466283785
9055 0.02886056377524814
9104 0.015835966704519963
9126 0.031048260968173088
9174 0.015400861746080591
9221 0.02471583167724177
9295 0.01868854693598736
9298 0.015400861746080591
9366 0.5088464430518557
9387 0.03190214196368804
9392 0.01595107098184402
9398 0.022504853297875712
9402 0.03785694812606451
9450 0.02098766654833249
9497 0.03194967876281548
9500 0.01180633888383765
9531 0.011197014655741
9584 0.028091847626104796
9645 0.015835551158310927
9647 0.031048260968173088
9670 0.02037540524054191
9730 0.015835966704519963
9781 0.011153142558227398
9783 0.007486509134759669
9813 0.015001316824897753
9821 0.016189738124715868
9827 0.017870861906425426
9864 0.048125270703263036
9902 0.04063448408267034
9905 0.023485280596025126
9906 0.010775054404859123
9925 0.017281290792124333
9926 0.030843979911138707
9941 0.01606894912149547
9944 0.00995787492267551
9964 0.017281290792124333
9966 0.05829419541794359
9978 0.04134392614375586
9982 0.021325159397488178
9989 0.014906329256184911
10025 0.017934487117734585
10031 0.014045923813052398
10032 0.018896736060741843
10068 0.009408393565208681
10070 0.017934487117734585
10075 0.02886056377524814
10110 0.02733306345258843
10156 0.007985874675474342
10172 0.04415843843148191
10180 0.01561357813268833
10197 0.017596994268578896
10260 0.016189738124715868
10268 0.015723508738368527
10277 0.06397547819246453
10290 0.02067196307187793
10316 0.009169726422336832
10322 0.015506063780988252
10324 0.014288537471735956
10326 0.022971082684223057
10330 0.01713076488223155
10361 0.01038661978779795
10363 0.02471583167724177
10366 0.08658169132574442
10374 0.03190214196368804
10382 0.012560398702090424
10493 0.026099955130298676
10499 0.00959536050447159
10502 0.02471583167724177
10516 0.011734390751124616
10522 0.01463195607096006
10557 0.017762830695143467
10569 0.05353150042117306
10570 0.027453307631385114
10575 0.010775054404859123
10582 0.043371701127037095
10583 0.012922913120294345
10586 0.030843979911138707
10608 0.014543814837980992
10628 0.019645845495894168
10657 0.0075071929122287676
10672 0.044718987768554735
10704 0.02886056377524814
10707 0.07038797707431559
10821 0.015297874656233766
10827 0.015197011163591241
10836 0.02841264397765061
10849 0.021325159397488178
10856 0.014813151084971258
10887 0.013814776588776447
10888 0.019341743261597613
10924 0.008390772371816122
10945 0.028914467418024732
10999 0.011967663084758558
11000 0.06148590021260754
11118 0.013594060681034725
11138 0.012738298528315666
11193 0.02886056377524814
11194 0.024062635351631518
11213 0.019847572481179215
11255 0.006094757619037802
11259 0.024125015354323667
11311 0.05327625766649403
11314 0.013382875105293264
11325 0.00999220282553967
11326 0.059536011882400874
11328 0.014457233709012366
11356 0.008619517186573404
11359 0.008219972265390564
11456 0.056690208182225525
11576 0.020551718893081244
11577 0.01684293445032612
11617 0.015001316824897753
11709 0.06168795982227741
11866 0.030002633649795506
11869 0.014457233709012366
11919 0.01561357813268833
11957 0.008698205844469507
11970 0.024062635351631518
12017 0.02718812136206945
12022 0.022971082684223057
12023 0.009756817605691486
12042 0.019831322124656523
12048 0.026361754963976653
12057 0.009377915547091314
12083 0.025469891495494546
12092 0.017934487117734585
12103 0.02067196307187793
12117 0.01020338840128113
12139 0.02886056377524814
12213 0.030843979911138707
12227 0.024062635351631518
12291 0.018297001535938506
12316 0.013890618512370738
12378 0.013625432243055074
12379 0.01958041040446946
12387 0.011422478805217665
12572 0.01606894912149547
12573 0.030843979911138707
12648 0.022306285116454796
12678 0.02381440475296035
12763 0.022753093910455872
12764 0.009500983826310061
12834 0.024328379035758744
12877 0.006705983754655799
12885 0.015835966704519963
12928 0.026099955130298676
12957 0.013246985642559814
12959 0.01595107098184402
12999 0.013382875105293264
13057 0.013814776588776447
13112 0.008832233573181143
13155 0.01868854693598736
13174 0.034562581584248665
13295 0.022971082684223057
13343 0.030843979911138707
13348 0.030843979911138707
13363 0.017934487117734585
13380 0.030843979911138707
13399 0.030843979911138707
13439 0.030843979911138707
13487 0.016189738124715868
13540 0.018488857737060996
13659 0.034562581584248665
13669 0.018297001535938506
13744 0.013382875105293264
13761 0.023415026355107622
13770 0.013594060681034725
13784 0.022971082684223057
13786 0.019856355776566872
13822 0.00803180652546407
13869 0.023486475359603985
13912 0.009408393565208681
13947 0.030843979911138707
13948 0.1467156227573893
13969 0.027453307631385114
13973 0.010615960510145347
13982 0.009923786240589608
14014 0.013049977565149338
14038 0.026361754963976653
14040 0.011376546955227936
14041 0.009923786240589608
14060 0.024125015354323667
14062 0.05443551350616154
14094 0.02009580307985039
14163 0.01186034598797223
14189 0.012168853302041571
