10 0.06260488934108624
11 0.05018335230368406
13 0.08503697727582164
108 0.06052220233206153
251 0.14310442738046883
484 0.09348616727012263
597 0.16077880824356944
636 0.06671702416849477
779 0.15043995821519196
797 0.08254731916804599
840 0.12883492899632382
1010 0.07201156668152689
1519 0.09068136949641971
1521 0.10620981408664021
1714 0.07405255500321792
1901 0.06769161699867564
2137 0.06547293637864454
2182 0.08959047264377917
2425 0.04749679173776677
2462 0.12974587660989076
2597 0.09808528661078836
2852 0.0701219066474504
2927 0.041155340735794646
2961 0.09741681562589015
3096 0.09741681562589015
3184 0.05978305661907292
3432 0.024986635802440305
3544 0.05978305661907292
3648 0.14955658548165537
3722 0.0767391155691352
3861 0.13741454762089722
3865 0.04589805648380286
3914 0.07201156668152689
3995 0.07870152527202375
4034 0.08853543322353961
4102 0.16077880824356944
4262 0.05791074857043771
4346 0.11305020816729972
4393 0.11673219068500923
4477 0.07048880134600795
4654 0.15043995821519196
4689 0.06836267524364628
4886 0.13741454762089722
4928 0.046181378750020284
5186 0.21551133130853525
5260 0.04439367303658834
5341 0.08569931949212359
5581 0.09741681562589015
5779 0.13741454762089722
5821 0.15043995821519196
5938 0.05018335230368406
6062 0.06905187237725093
6109 0.03185090287578266
6179 0.10206578589469599
6245 0.06321688149644453
6278 0.04127257653597843
6443 0.08569931949212359
6669 0.12883492899632382
6695 0.04904264330539418
6866 0.04872588467765712
6923 0.08254731916804599
7201 0.023715972979833383
7327 0.08853543322353961
7380 0.08254731916804599
7509 0.11509119648899076
7633 0.041390353842933984
7649 0.12154684698689004
7718 0.05375544024487799
7767 0.14310442738046883
7833 0.0837617744831819
8081 0.11730987710902185
8244 0.05433718581842628
8264 0.08878734607317668
8344 0.050350557765922385
8499 0.08569931949212359
8658 0.030429552453558988
8717 0.07627123562324901
8976 0.070861052360439
8997 0.02014195619444222
9497 0.06245341015551733
9719 0.041746985413310345
9757 0.07921666888597761
9902 0.017651104967717175
10068 0.04904264330539418
10125 0.06371370497484044
10209 0.06905187237725093
10595 0.061027144408923144
10611 0.15043995821519196
10669 0.16077880824356944
10999 0.015595803571486997
11000 0.02067770005675495
11031 0.15948486952557908
11032 0.09637590613512437
11047 0.07280846721336766
11073 0.09963549624592125
11144 0.16077880824356944
11182 0.13741454762089722
11465 0.09850203223748603
11502 0.08027927020418685
11533 0.11305020816729972
11722 0.08503697727582164
12308 0.0944134964322358
12328 0.062068053899688946
12354 0.04309904263034441
12594 0.11509119648899076
12764 0.04952528373888327
13064 0.07201156668152689
13614 0.05978305661907292
13719 0.09259138277308085
13789 0.13276557735209135
13874 0.027188401833710532
13918 0.05513408635026707
14062 0.09458438905379109
14065 0.052085835441687815
14083 0.07363107860357233
14246 0.09259138277308085
