248 0.12349471888433623
338 0.08339315065461773
340 0.1074469247381469
1127 0.05179657807368214
1466 0.25776268200708197
1550 0.05579413941581377
1567 0.09663581145067458
1748 0.11516920133263703
1963 0.0353882434474441
2034 0.093203221303205
2244 0.08952031885338702
2361 0.12115906440905085
2384 0.06003016713521568
2425 0.10000185982825943
2738 0.10145706166173307
2770 0.06424463334907159
2940 0.057201965026152324
2965 0.047299346402540854
3103 0.0940045671661649
3242 0.10369528193605651
3321 0.04177032027353194
3432 0.026303987697642434
3484 0.12605313889447764
3721 0.0508022757770896
3728 0.06451441544799355
3938 0.07840792805820677
3984 0.033874301370915856
3995 0.08285084750540232
4052 0.14252094398340653
4300 0.10145706166173307
4391 0.09656298717630629
4393 0.12288657552680433
4452 0.04758644104181982
4542 0.0616862133389302
4660 0.06737276140401247
4705 0.1506492161272222
4734 0.06829318618861623
4974 0.062178760972708164
5358 0.06072742952968072
5390 0.043448560023688916
5610 0.19312597435261258
5689 0.030770429646322546
5759 0.0940045671661649
5903 0.061931357443563435
5932 0.11343678781456072
6109 0.06706030888092325
6210 0.06049299054698122
6245 0.06654981832341729
6250 0.10255285025272012
6278 0.043448560023688916
6287 0.1397652785653816
6294 0.06737276140401247
6310 0.038185924697172684
6488 0.0650622526850325
6632 0.14841026043577035
6633 0.08285084750540232
6693 0.06590556055887158
6775 0.0433251432872327
7024 0.11901047057155836
7201 0.024966332660046702
7338 0.08451177471520233
7491 0.04008151861377849
7547 0.09841496923458921
7627 0.05146103504342355
7785 0.10613724582907937
8074 0.06424463334907159
8089 0.1088237954041828
8306 0.06619265519815054
8308 0.12349471888433623
8344 0.0530051529351906
8346 0.0798087550782585
8412 0.06144328776340217
8795 0.046044115976428
9270 0.09841496923458921
9367 0.2325392262967255
9402 0.06924629552518988
9497 0.065746095048382
9941 0.08817788448828055
10125 0.06707283545813496
10335 0.06397753569366336
10386 0.056996269821215334
10516 0.032196061620758866
10519 0.08884071058181617
10587 0.12098598109396244
10588 0.16570169501080464
10806 0.07306269853454878
10904 0.07664709411090802
10922 0.0909334394815735
10970 0.10040425641522763
11000 0.010883937561840605
11112 0.1074469247381469
11150 0.08029242749526094
11189 0.16925543028355292
11745 0.0909334394815735
12064 0.017478086256703662
12182 0.14046899285097084
12215 0.04891777634003543
12407 0.06619265519815054
12764 0.05213636859679236
12903 0.043448560023688916
12994 0.14763778400368935
13016 0.10255285025272012
13614 0.06293495444000408
13643 0.18485021231635082
13786 0.03632038894362928
14039 0.07707659275999117
14062 0.03319036391735141
14065 0.05483191837077074
14072 0.04019085926554244
14083 0.07751307543224183
14101 0.10145706166173307
14112 0.16925543028355292
14198 0.06798285795898401
