1173 0.20811671050248634
1516 0.18736458480945475
1564 0.12366924144608323
2479 0.17824889193832377
2542 0.12986407625454008
2793 0.06417741937273266
2831 0.1310051758128485
2995 0.05164550981750074
3523 0.1109212269280011
3728 0.08912444596916189
3974 0.12562141898966245
4201 0.15446088940368452
4294 0.1780451397248219
4589 0.13339844550173693
4985 0.0765402431346428
5247 0.040638172466783834
5459 0.11445559617519793
6315 0.04876129414140715
6606 0.04876129414140715
6618 0.12004853267312159
7543 0.2338205553990323
7550 0.21878477001020005
7938 0.14167323532056222
9011 0.23839203349365276
9094 0.05205678364011449
9366 0.18368755120816183
9722 0.09065385074633706
9827 0.045158189360973607
9894 0.21878477001020005
9902 0.10267997908544815
9905 0.05934536083956769
9941 0.1218147145436962
9975 0.15910229039828286
10446 0.1824128656059404
10569 0.10145225418284969
10677 0.19984192068366108
10707 0.26679689100347387
10999 0.02268097078723777
11000 0.03007157077766448
12565 0.11919601674682638
12733 0.06951341983443873
12834 0.030737900418427087
12900 0.0869424749121594
13022 0.08230107391756103
13079 0.1595290491470845
13112 0.0669549703198128
13281 0.2338205553990323
13608 0.09224905624533794
13948 0.06951341983443873
13979 0.2338205553990323
14088 0.11520476932333126
