153 0.05608405432960594
440 0.062119876521301375
486 0.052957526445972375
527 0.04140976946055128
557 0.10705899008736382
637 0.03500999732698015
639 0.05412580992893571
641 0.057560290537634895
701 0.07079341126942951
703 0.03794326304372295
855 0.05087797146103848
874 0.07079341126942951
960 0.030407233235317625
1001 0.11743489926949813
1033 0.04602619643477509
1133 0.02601679962748308
1230 0.10743258045283263
1244 0.10825161985787142
1319 0.01630491696397249
1451 0.07746568019173504
1718 0.02634844315671439
1882 0.045036753577616745
1928 0.048649270698088366
2023 0.07550781965662713
2034 0.19459708279235347
2182 0.02461450177022493
2194 0.09569681574824863
2204 0.02036305155919714
2359 0.04140976946055128
2382 0.03914496642316604
2425 0.07829693246230086
2558 0.021443564071420652
2693 0.02953803769576709
2716 0.035976676109340126
2724 0.07079341126942951
2770 0.03353376111895119
2852 0.03853123539526416
2876 0.08834623020377128
2927 0.06784325458957835
2993 0.06727217320114551
3000 0.08266514303421368
3003 0.06727217320114551
3014 0.05040296716004834
3020 0.04472187999049075
3099 0.03548500162797028
3220 0.02912285813573556
3328 0.04381761238017131
3421 0.03666028900258476
3432 0.013729888302667373
3504 0.07550781965662713
3533 0.0689224648767501
3536 0.09007350715523349
3557 0.05474863624112734
3633 0.0489737144403472
3648 0.02739324639815269
3666 0.032984228530769606
3721 0.026517255860914985
3914 0.1187087499319399
3916 0.05136964594240832
3938 0.16370629528225414
3956 0.026432595271276667
3984 0.017681363734642103
3985 0.02996589643540383
3992 0.10743258045283263
4052 0.03719581730678555
4182 0.0853922223885604
4190 0.045036753577616745
4210 0.07295326037070309
4219 0.023272345867259018
4262 0.031821335040162164
4288 0.08834623020377128
4391 0.05040296716004834
4393 0.06414308641238997
4428 0.044112597695744625
4452 0.04967737422445733
4652 0.049498699549728915
4660 0.10549964887669008
4758 0.04709085663010887
4808 0.02468883236872344
4843 0.05136964594240832
4895 0.05352949504368191
4913 0.03873284009586752
4922 0.022873893851912994
4928 0.025376172163162097
4957 0.0743916346135711
4974 0.03245543804105612
5038 0.04324564378246178
5059 0.02389211060728586
5151 0.05352949504368191
5260 0.024393847053150133
5288 0.0632413777071925
5347 0.05540044143636131
5391 0.03648623353500912
5438 0.05608405432960594
5459 0.04324564378246178
5613 0.031454206134017296
5644 0.04746451303926317
5689 0.016061236300949102
5783 0.08834623020377128
5793 0.03285014822570657
5798 0.02432106099358902
5945 0.04709085663010887
5954 0.05352949504368191
5962 0.0564627607604247
5981 0.05836115336159896
6067 0.03564698360496142
6109 0.017501729415726044
6173 0.13454434640229102
6210 0.03157551671828096
6230 0.057241215537759134
6238 0.051879203368077303
6250 0.05352949504368191
6278 0.0680365140328652
6294 0.035166549625563356
6315 0.018423857174998347
6419 0.04045948773676992
6429 0.03271733884313124
6620 0.05608405432960594
6632 0.11619852028760257
6695 0.026948406339074166
7006 0.033119604317776746
7046 0.04709085663010887
7099 0.04806309517627572
7201 0.026063345428069876
7242 0.10403945809137835
7351 0.052957526445972375
7402 0.049498699549728915
7418 0.026948406339074166
7428 0.08266514303421368
7479 0.02410494434455595
7491 0.02092134393819631
7566 0.05907607539153418
7571 0.0363143137712645
7580 0.06424494520379641
7616 0.03381682700806654
7633 0.022743555377545528
7693 0.08994584146784797
7716 0.12002241480987937
7718 0.02953803769576709
7732 0.04324564378246178
7833 0.04602619643477509
7867 0.057560290537634895
7891 0.023613269863186105
7965 0.07129396720992284
8043 0.07863434754026069
8087 0.034550569775739254
8293 0.025935100941450833
8308 0.06446051890463793
8401 0.032071543206194986
8484 0.1187087499319399
8521 0.08266514303421368
8634 0.15726869508052138
8658 0.03344142521553215
8683 0.07871133281611829
8689 0.03914496642316604
8717 0.08382045138796636
8744 0.008220300030117911
8931 0.02823138038021235
8997 0.011067788834537783
9028 0.03683653390448884
9099 0.026774350871498525
9171 0.07079341126942951
9350 0.05474863624112734
9382 0.08266514303421368
9497 0.03431747884491837
9600 0.09648623611754951
9611 0.052957526445972375
9629 0.07079341126942951
9645 0.02267883801095507
9783 0.021443564071420652
9842 0.05352949504368191
9932 0.03121469115705294
10120 0.06579593699311655
10125 0.1400399893079206
10190 0.033256300865020176
10260 0.046372171666095356
10396 0.07475794793319657
10506 0.03956958331064663
10524 0.05136964594240832
10567 0.014040113926587253
10587 0.12630206687312384
10588 0.04324564378246178
10595 0.06706752223790238
10641 0.17669246040754255
10732 0.02375199659009785
10790 0.059210582213239514
10847 0.11080088287272262
10884 0.03367457923850154
10887 0.03956958331064663
10904 0.08001494320658624
10930 0.02267883801095507
10999 0.025709180225768284
11102 0.07787477606915556
11135 0.06940408920382905
11188 0.061081528605918915
11365 0.021682059786393773
11371 0.029750333953513678
11563 0.17669246040754255
11574 0.0524079938577908
11656 0.05608405432960594
11706 0.06446051890463793
11722 0.0934538133764664
11837 0.08834623020377128
11842 0.0947265501548429
12041 0.030407233235317625
12173 0.03914496642316604
12182 0.07332057800516951
12254 0.044413927265425125
12255 0.11216810865921188
12262 0.04216732070456672
12325 0.11512058107526979
12406 0.03339434419795757
12582 0.030979201833027162
12614 0.032326300860036704
12735 0.021986004133530086
12764 0.08164083623770992
12816 0.08266514303421368
12865 0.017368499077902562
12900 0.13140059290282627
12928 0.03737897396659828
12948 0.0958376418461614
12994 0.03853123539526416
13015 0.06727217320114551
13079 0.020092031794902095
13122 0.04069108449653776
13157 0.08834623020377128
13336 0.014976949705212848
13497 0.06011484982355894
13545 0.05352949504368191
13614 0.03285014822570657
13631 0.05352949504368191
13643 0.04824311805877476
13719 0.05087797146103848
13827 0.03353376111895119
13832 0.06339577359408137
13842 0.04116608879752789
13874 0.014939735115057981
13912 0.026948406339074166
13919 0.031333936855165
14060 0.06910113955147851
14065 0.057241215537759134
14163 0.011323839746238141
14195 0.06579593699311655
14196 0.07295326037070309
14198 0.03548500162797028
14236 0.07079341126942951
