326 0.04685618651643041
398 0.037149439949771414
762 0.030573650247618652
974 0.04304678673967454
1008 0.027308641251735242
1054 0.05152405133262705
1070 0.0493537063775455
1085 0.056363277421066296
1101 0.15457215399788116
1276 0.29597252537790836
1318 0.02145785204660826
1319 0.011675555797216046
1397 0.01898836412827312
1461 0.017209906972693898
1470 0.04179100721388875
1524 0.03180373669530336
1526 0.0406750646766734
1604 0.017209906972693898
1653 0.025517527498124522
1672 0.03483656346024165
1689 0.01458148760931001
1715 0.0632625938848397
1742 0.04528561756828747
1871 0.018867481442913357
1942 0.01981173341573211
1963 0.01322706201959325
1973 0.05406931930257968
2006 0.024527346340766278
2064 0.02529528376614408
2114 0.02305645293753115
2204 0.02916297521862002
2558 0.015355216427060581
2648 0.01794952584384583
2659 0.0749921514853556
2770 0.02401271345937835
2793 0.01736387124487616
2919 0.03513608246418025
2925 0.05919450507558166
2940 0.021380375665358626
2954 0.0493537063775455
2965 0.017679074387565247
2981 0.14134462664679776
3092 0.01329578243561813
3121 0.04304678673967454
3186 0.05224006132193457
3187 0.11838901015116332
3228 0.09231723005417074
3241 0.03320598804163838
3276 0.0406750646766734
3297 0.023619206493971555
3419 0.03792160096667255
3432 0.009831640193050129
3443 0.03504047011329626
3496 0.032480384609513385
3673 0.0632625938848397
3675 0.05224006132193457
3758 0.03691101147006662
3789 0.11008807326551931
3852 0.024422286307346178
3867 0.034545727400605734
3899 0.042399262623898405
3984 0.025322391927642136
4029 0.03295824356513107
4063 0.0493537063775455
4144 0.033460005192007716
4183 0.0632625938848397
4184 0.032024254176769414
4188 0.04926703628242469
4262 0.022786486654563145
4384 0.017625848047797463
4404 0.04307186272591421
4452 0.01778638173682306
4535 0.044874945258205186
4586 0.03158796189485944
4630 0.032024254176769414
4682 0.05224006132193457
4747 0.06391047893606054
4763 0.06591648713026214
4795 0.03271646941996063
4817 0.04453483062382962
4835 0.02689906840376742
4917 0.035763358053375285
4928 0.018171261752845783
4970 0.04470416735053945
4974 0.02324055244247721
4978 0.10813863860515936
4985 0.020708762362703026
5053 0.03295824356513107
5223 0.016239766151401346
5260 0.017467842553699077
5279 0.024422286307346178
5421 0.027170250898812257
5455 0.025181913729218842
5613 0.06757078363287403
5689 0.03450318594415863
5870 0.036432482051585544
5938 0.019745942088078495
6109 0.012532564182485804
6151 0.03019499619612431
6537 0.03483656346024165
6563 0.020781204132398225
6606 0.03957863255396006
6781 0.2925370504972213
6789 0.02210019241568395
6813 0.027364792279328868
6866 0.03834492726643836
7064 0.17094225069962524
7116 0.0632625938848397
7167 0.03320598804163838
7168 0.11838901015116332
7201 0.009331664935183014
7342 0.02529528376614408
7422 0.01736387124487616
7442 0.06680224593574444
7453 0.1901917562916858
7466 0.018115366669475216
7491 0.014981267248578848
7497 0.11212304623536624
7520 0.04448253775491285
7862 0.017108561247199373
7865 0.014272751203238948
7905 0.04615861502708537
8186 0.0406750646766734
8310 0.39415705091834824
8357 0.05406931930257968
8386 0.050693445736512854
8389 0.0758432019333451
8411 0.06665905096129782
8623 0.10138689147302571
8688 0.018115366669475216
8691 0.022523594544291342
8744 0.01177271517341293
8972 0.04016043179528548
8985 0.0632625938848397
8995 0.02145785204660826
8997 0.007925375294764283
9101 0.11499352144392112
9116 0.0632625938848397
9150 0.02564328887798163
9251 0.11258428200379726
9497 0.008191304908389754
9537 0.0632625938848397
9783 0.015355216427060581
9855 0.04615861502708537
9859 0.04016043179528548
9899 0.028808914299728195
9966 0.04782576076360439
9979 0.0696731269204833
10030 0.03483656346024165
10031 0.08642674289918457
10048 0.02411354990127511
10156 0.032758881821688235
10285 0.0632625938848397
10322 0.03180373669530336
10569 0.02744896719673822
10583 0.05301112287672124
10670 0.03792160096667255
10708 0.03096715721302545
10732 0.051024686987809285
10881 0.04817197251267655
10924 0.13767925578155119
10988 0.0632625938848397
10999 0.012273147169445773
11000 0.0528851545203544
11009 0.05406931930257968
11052 0.030382537011862307
11054 0.32311030518959766
11093 0.05919450507558166
11094 0.042399262623898405
11098 0.05013962084624463
11245 0.051764368971804454
11581 0.03271646941996063
11608 0.04817197251267655
11636 0.025882184485902227
11705 0.03678455822921865
11810 0.0493537063775455
11861 0.03019499619612431
12069 0.11761597418850303
12170 0.0406750646766734
12245 0.024740825490470162
12382 0.04448253775491285
12383 0.03137673006099327
12413 0.10212057571755713
12523 0.03897401587226581
12552 0.03372062092302631
12614 0.023148080437509693
12666 0.047432291626918865
12672 0.08032086359057096
12764 0.019487007936132904
12770 0.06317592378971888
12834 0.008316460063680291
12877 0.013754318609055927
12926 0.04304678673967454
12956 0.03137673006099327
12981 0.050693445736512854
13022 0.02226741531191481
13024 0.025882184485902227
13079 0.014387416925775278
13150 0.0632625938848397
13255 0.04304678673967454
13338 0.056363277421066296
13480 0.015312971558267711
13499 0.0632625938848397
13545 0.03833117381464037
13616 0.020565429331954314
13659 0.035444818870251305
13660 0.04666776932898242
13786 0.01357546999603426
13806 0.02305645293753115
14018 0.04179100721388875
14090 0.023912880381802195
14110 0.03224972751979118
14113 0.03096715721302545
14146 0.0632625938848397
14170 0.015187293820841606
