340 0.13888479720782565
1099 0.07729908443804666
1386 0.17531058846105355
1519 0.06169679438921873
1635 0.15126038612901857
1718 0.06524846016045702
1946 0.19472763769030327
1999 0.21877784002233824
2137 0.08909151496595158
2311 0.08134907914754398
2435 0.12978151608354646
2530 0.18065917119130628
2864 0.16659070469230933
2866 0.21877784002233824
3142 0.0895070541557784
3216 0.11571304958454946
3432 0.03400026576886482
3995 0.10709215905738304
4052 0.09211055807898721
4182 0.10573131375151144
4393 0.07942096604066437
4589 0.1248163307088287
4702 0.09852682836216328
4758 0.11661432383220173
5210 0.11074786420983172
5228 0.2015322567535874
5279 0.08445836186316633
5390 0.05616116480362794
5613 0.07789221183230445
5840 0.11483459487579065
5929 0.15383171841558146
5945 0.11661432383220173
6109 0.043340735076034
6505 0.1085085641952013
6632 0.09591679321867413
6633 0.10709215905738304
7020 0.07237312700152297
7201 0.032271226533137375
7495 0.11661432383220173
7540 0.08482168568175912
7891 0.05847516260305473
8089 0.14066452616423672
8293 0.06422487243252757
8411 0.057630909087441465
8517 0.06851391916813174
8658 0.041406649491708414
8744 0.020356493772022755
8935 0.16659070469230933
9497 0.05665515385234124
9531 0.15884193208132874
9890 0.07420660826556559
9932 0.07729908443804666
10125 0.08669766187779672
10316 0.06504131263391659
10493 0.09256412150016674
10506 0.09798887793310383
10567 0.0347684987966265
10587 0.07819262156722849
10999 0.021221803147176036
11000 0.014068466498996972
11465 0.1340354620497061
11478 0.13719191963002159
11482 0.0600486007939417
11910 0.07910977913291357
12170 0.14066452616423672
12614 0.08005183992298052
12940 0.1099852597176711
12948 0.07910977913291357
12968 0.106405065166596
12994 0.19083509129308188
13514 0.30252077225803714
13700 0.10134928677008166
13719 0.12599261649637444
13754 0.04469274148040909
13919 0.07759438075351752
