1099 0.09350337860440755
1230 0.21454233828526284
1344 0.3721592697493585
1567 0.07554779182117309
1604 0.07199259231455131
2194 0.28665911026074437
2359 0.12404266094800984
2382 0.11725846004710826
2462 0.1067802781501076
3090 0.13490726529036348
3130 0.059547184028106825
3273 0.1538773979585598
3633 0.036675100675673804
3721 0.07943224559993277
3722 0.12631190014775154
3956 0.07917864542410545
4895 0.16034721011299283
4974 0.09722002680263823
5390 0.06793429306018375
6278 0.06793429306018375
6632 0.1160239386539491
7423 0.12119609900855266
7491 0.06266973244501221
7586 0.18607963487467924
7758 0.1659516163210525
8115 0.07220618413127951
8484 0.11853039682175584
8744 0.049247696995667195
8795 0.07199259231455131
8973 0.18007359209540938
9028 0.11034356735473477
9497 0.03426591879488688
9511 0.15240459065284787
10125 0.1048721904225621
10567 0.042057058374260964
10587 0.1891684578575193
10588 0.1295420090251066
10662 0.2355486117858401
10731 0.22618312042314334
10904 0.23968417598663708
10999 0.02567055365227495
11849 0.1026029512228204
12182 0.10981562704269004
12392 0.19709124707803002
12407 0.1034959785597301
12582 0.09279797206006941
12877 0.057537153091956006
12898 0.14451190659586305
13700 0.12259525194952087
13822 0.0689126753908036
14065 0.08573282082584774
14163 0.033920478973212716
