15 0.12849827877346226
341 0.1416098571342899
1230 0.08689291588209123
1768 0.11251930824525799
1909 0.1222997930567834
2182 0.05972562018294183
2194 0.23220261468020906
2390 0.16723624949745666
3790 0.06668812787519757
3956 0.06413711560602789
4295 0.1482106853823705
4338 0.13284429984388565
4393 0.0778196863822406
4881 0.061384366087905866
5010 0.2143668573510586
5210 0.10851497394150783
5228 0.09873448912998244
5390 0.05502884754186875
5528 0.07938667097073683
5571 0.07574058599996357
5689 0.03897163176137681
5840 0.337557924735774
6235 0.0706648779607106
6278 0.05502884754186875
6632 0.09398292590958522
6633 0.10493297484666128
6695 0.06538870039165605
6789 0.07488704626351368
7170 0.09707574322501837
7418 0.06538870039165605
7627 0.06517687698297367
7758 0.13442586626709493
8087 0.0838348964684803
8293 0.06292997529241458
8411 0.11293791789971026
8744 0.019946067646290658
9028 0.08938165205914932
9497 0.08326931522973523
10340 0.2143668573510586
10506 0.19202646680972071
10587 0.22984832309838932
10904 0.09707574322501837
10999 0.10396965358828004
11070 0.20058203823578302
11102 0.09447924928068796
11273 0.2143668573510586
11325 0.06944619740696195
11465 0.13133304895166176
11478 0.13442586626709493
11482 0.05883790533452212
11910 0.0775147736019676
12064 0.02213649758287473
12254 0.10776774502486079
12328 0.08275551860177818
12377 0.10108007752876856
12407 0.0838348964684803
12695 0.07574058599996357
12898 0.11705904805697281
12968 0.10425973409221334
12996 0.16723624949745666
13438 0.13782845836454155
13789 0.17701673430898204
13832 0.07691303139566405
14065 0.1388923948139239
14072 0.05090287608828472
14163 0.027476621627760833
