14 0.03408590499062438
38 0.05166468883958114
54 0.05804563319217332
79 0.03407999079478959
149 0.025448422909615628
152 0.04013205765654799
175 0.02505662945089488
340 0.07369718975076901
382 0.05804563319217332
436 0.04235213689464301
535 0.02841344526378005
545 0.05804563319217332
551 0.05804563319217332
587 0.03949692606252182
636 0.024086706170200145
676 0.06817180998124876
723 0.11609126638434664
811 0.03070072010513826
840 0.04651300200914017
850 0.05804563319217332
968 0.018548707129651495
981 0.027370168951363634
1002 0.020354093004745288
1099 0.02050881524803224
1107 0.015290500212816582
1113 0.03890280013439679
1123 0.036399444491093134
1125 0.05804563319217332
1127 0.07105391340030473
1217 0.029383368544474785
1230 0.023528610647262124
1238 0.05804563319217332
1332 0.05804563319217332
1397 0.017422485412399342
1460 0.02240829826375756
1604 0.015790689032240388
1618 0.024438561359017688
1635 0.04013205765654799
1748 0.1974846303126091
1794 0.11609126638434664
1827 0.05804563319217332
1870 0.09586415134825256
1872 0.04961048358056887
1928 0.031963760258866575
1940 0.035760016945647476
1963 0.012136290073673802
2028 0.04793207567412628
2034 0.19178256155319945
2052 0.04235213689464301
2058 0.08260812879133915
2116 0.04651300200914017
2144 0.0325218557818046
2182 0.1293786356399924
2194 0.031437573803487065
2234 0.027704960638032197
2357 0.03093984411504453
2382 0.07715759994778053
2384 0.020587162587091222
2425 0.08573833147334975
2435 0.03443333327059312
2495 0.05804563319217332
2558 0.014088945861658469
2593 0.036848594875384506
2608 0.026889759600624424
2659 0.0344039554032102
2667 0.02878924261634974
2693 0.019407212932011385
2730 0.037738995325269115
2764 0.03834470461145876
2850 0.029181036075070492
2935 0.02787703586812322
2947 0.05166468883958114
3020 0.029383368544474785
3099 0.046629027261718074
3137 0.01975996707662024
3144 0.04235213689464301
3181 0.030240336337178826
3242 0.03556198042766267
3271 0.04961048358056887
3281 0.01947669067141161
3432 0.01804174458486676
3454 0.02571919998259351
3467 0.03223857937659598
3469 0.05431302002671846
3470 0.05804563319217332
3478 0.07464157693527343
3504 0.04961048358056887
3505 0.05804563319217332
3506 0.11609126638434664
3614 0.05804563319217332
3633 0.016088463864875172
3634 0.033115981709929646
3648 0.05399409783651816
3653 0.11609126638434664
3721 0.034844970824798684
3817 0.037818518156079235
3908 0.020587162587091222
3956 0.0347337226703354
3984 0.011617088259580542
4052 0.07331568407705305
4072 0.0408142776231853
4143 0.03408590499062438
4182 0.028052388918000944
4213 0.07369718975076901
4364 0.0415511313215341
4393 0.042143575986432175
4405 0.030240336337178826
4420 0.023637555785908773
4452 0.03263924941146027
4542 0.042310197155708405
4577 0.012923025365249476
4593 0.02823114709341172
4612 0.03375111330395581
4621 0.03169690804494354
4652 0.0325218557818046
4660 0.04621056575909618
4702 0.052281822858424844
4835 0.024680832098325195
4881 0.04986443951787127
4928 0.016672765524990887
4985 0.038002021420667845
4991 0.026433182223777177
5038 0.02841344526378005
5051 0.022602110828089418
5223 0.059602204162976104
5228 0.02673503735733747
5247 0.010088370753296801
5260 0.03205470782233076
5279 0.02240829826375756
5384 0.037320788467636715
5390 0.029801102081488052
5438 0.07369718975076901
5491 0.037818518156079235
5551 0.02929893876646426
5592 0.05804563319217332
5689 0.021105249851349362
5730 0.028599426473514843
5771 0.04235213689464301
5777 0.05166468883958114
5798 0.01597953169051099
5840 0.09140295156837697
5932 0.03890280013439679
5938 0.018117589575364683
5963 0.03118534551126313
6074 0.05431302002671846
6077 0.033428071148906086
6081 0.027207230949589677
6109 0.034497192360694665
6154 0.0381349571140469
6189 0.05804563319217332
6191 0.13259838752601427
6237 0.03556198042766267
6278 0.04470165312223207
6294 0.04621056575909618
6310 0.039287238956458304
6398 0.04961048358056887
6434 0.03517018696894192
6513 0.05804563319217332
6519 0.01799803261217272
6528 0.0199782956521756
6567 0.03093984411504453
6606 0.012104924602875626
6632 0.17813896036730936
6633 0.0568268905275601
6655 0.033428071148906086
6756 0.033115981709929646
6775 0.014858225647685077
6918 0.04013205765654799
7004 0.05804563319217332
7006 0.02176038976723111
7099 0.01052620953660689
7120 0.05804563319217332
7201 0.025686382740766983
7202 0.035971192542050834
7245 0.018739836973062817
7338 0.0579661103613632
7392 0.10862604005343691
7401 0.020826286596997493
7566 0.019407212932011385
7572 0.058362072150140984
7633 0.014943071932847841
7651 0.02841344526378005
7661 0.09302600401828034
7665 0.23218253276869327
7671 0.014985790138382526
7716 0.052571773946092186
7767 0.05166468883958114
7833 0.06048067267435765
7865 0.013095746318819435
7892 0.02310528287954809
7966 0.031963760258866575
8087 0.022700569058322316
8168 0.05804563319217332
8244 0.019617239306396486
8264 0.06410941564466152
8293 0.06815998158957919
8301 0.03046765052279233
8308 0.08470427378928602
8309 0.04651300200914017
8367 0.05804563319217332
8411 0.12232400170253266
8484 0.07799455097696599
8505 0.04961048358056887
8507 0.03093984411504453
8576 0.05804563319217332
8658 0.010985916982575521
8744 0.005400938095233712
8795 0.015790689032240388
8872 0.05063192738470272
8893 0.025185383392692072
8935 0.08839892501734284
8937 0.11609126638434664
8995 0.01968832658453212
8997 0.021815423571200244
9139 0.05804563319217332
9204 0.03365671896854859
9339 0.04419946250867142
9391 0.04235213689464301
9497 0.03006323015734468
9645 0.07450275520372013
9722 0.02250469450344008
9821 0.03046765052279233
9890 0.01968832658453212
9932 0.061526445744096714
9949 0.026889759600624424
9961 0.02203250091118787
9966 0.021940900585536032
9975 0.03949692606252182
10044 0.03890280013439679
10120 0.2593772353678601
10125 0.11501212095941303
10167 0.04013205765654799
10239 0.11609126638434664
10281 0.02753604293044638
10288 0.05804563319217332
10324 0.026889759600624424
10362 0.0186756850983027
10461 0.0325218557818046
10493 0.07367669928735705
10495 0.021940900585536032
10506 0.025998183658988667
10567 0.01844939622390858
10569 0.025185383392692072
10587 0.0622376593903981
10588 0.02841344526378005
10595 0.02203250091118787
10608 0.027370168951363634
10613 0.02823114709341172
10614 0.016828359484274295
10765 0.04013205765654799
10772 0.05431302002671846
10790 0.03890280013439679
10922 0.03118534551126313
10930 0.014900551040744026
10945 0.027207230949589677
11000 0.044791357985458316
11044 0.05804563319217332
11066 0.05804563319217332
11072 0.05804563319217332
11087 0.033115981709929646
11108 0.04425004371709787
11131 0.05804563319217332
11246 0.01782155902711333
11255 0.011469793008849457
11266 0.05804563319217332
11302 0.05804563319217332
11314 0.025185383392692072
11421 0.17413689957651995
11430 0.03046765052279233
11456 0.03556198042766267
11600 0.02878924261634974
11617 0.02823114709341172
11620 0.05804563319217332
11634 0.023972347472577343
11745 0.03118534551126313
11815 0.02221848212092267
11821 0.04651300200914017
11869 0.027207230949589677
11878 0.03118534551126313
12014 0.08839892501734284
12041 0.0199782956521756
12057 0.01764840489203734
12064 0.023976225331338658
12161 0.04961048358056887
12175 0.016828359484274295
12215 0.01677620208257738
12221 0.04013205765654799
12351 0.03556198042766267
12354 0.015559956232943851
12377 0.05474033790272727
12406 0.043881801171072064
12407 0.06810170717496694
12455 0.03834470461145876
12565 0.02959024818945866
12580 0.04419946250867142
12582 0.020354093004745288
12584 0.024929651482243676
12623 0.04419946250867142
12641 0.03046765052279233
12692 0.09922096716113774
12693 0.11609126638434664
12695 0.02050881524803224
12877 0.012620066357741742
12894 0.03093984411504453
12903 0.029801102081488052
12928 0.024558899762452357
12940 0.029181036075070492
12959 0.06003700027700191
13011 0.04013205765654799
13016 0.03517018696894192
13057 0.025998183658988667
13064 0.07799455097696599
13336 0.019680444245810117
13351 0.0415511313215341
13514 0.12039617296964397
13614 0.043166701053793
13719 0.033428071148906086
13804 0.05431302002671846
13860 0.030240336337178826
13878 0.03949692606252182
13912 0.017705761817607968
13919 0.041174325174182444
14044 0.02959024818945866
14046 0.11503411383437628
14062 0.03414760199245201
14065 0.03760887808019979
14094 0.037818518156079235
14163 0.007440039566159481
