194 0.01650223433651352
251 0.05303640536306229
300 0.030163507805027412
960 0.10254363381166162
1002 0.0626835050192026
1111 0.024965474758896544
1456 0.059586766139143287
1461 0.03241987528760089
1524 0.029955803334015204
1534 0.046486044586981294
1538 0.03431559875379371
1593 0.027929592955245032
1604 0.016209937643800444
1660 0.055207385249997944
1689 0.01373424070657631
1820 0.07143638695992595
1842 0.035718193479962974
1881 0.0399356838109003
1919 0.02472621709326964
2425 0.017602943152497826
2479 0.045424898680803835
2599 0.03431559875379371
2645 0.05303640536306229
2659 0.017658696547297025
2759 0.1164678412397312
2773 0.05575505071894117
2793 0.032709911864254954
2857 0.0333853230348193
2886 0.040545584001310524
2889 0.032538472631609576
2921 0.05303640536306229
2969 0.027929592955245032
2995 0.18425858558639685
3071 0.035347550955179656
3142 0.024378318678159684
3151 0.02472621709326964
3152 0.042654329166779185
3165 0.025087414166984085
3186 0.09840937988572035
3227 0.02612408791381309
3236 0.021053331848917972
3249 0.0429249883079341
3250 0.03127657786935064
3257 0.026402054217840767
3281 0.019993803984523034
3289 0.05575505071894117
3297 0.022246829403017664
3328 0.05910721522923437
3332 0.01754751675896192
3333 0.06507694526321915
3419 0.035718193479962974
3517 0.02484508876135047
3527 0.04147659381986463
3636 0.03782693864543164
3687 0.042654329166779185
3728 0.022712449340401918
3758 0.08691580890714802
3789 0.020738296909932313
3841 0.033203421520781796
3855 0.040545584001310524
3974 0.03201332792418527
3984 0.059627631164746266
4063 0.046486044586981294
4079 0.1008437903974646
4172 0.059586766139143287
4176 0.05575505071894117
4197 0.03176130837544714
4219 0.031392937253873335
4362 0.059586766139143287
4399 0.032538472631609576
4450 0.025087414166984085
4489 0.024533897852265136
4532 0.0333853230348193
4591 0.035347550955179656
4709 0.046486044586981294
4724 0.046486044586981294
4729 0.040545584001310524
4762 0.029553607614617186
4795 0.030815502376876122
4808 0.01665184442177631
4814 0.03692624095688714
4841 0.03151583553497755
4863 0.04437729942151263
4887 0.021803077788919257
4917 0.0336853537266609
4922 0.015427725218176255
4994 0.11917353227828657
5149 0.059586766139143287
5153 0.059586766139143287
5203 0.05092766019759363
5223 0.015296166160676847
5350 0.02612408791381309
5421 0.051183085827827525
5455 0.02371873665266558
5551 0.015038418192652147
5576 0.05575505071894117
5596 0.4597400298183376
5613 0.021214877201631715
5663 0.015926411187809655
5685 0.0197814316087443
5730 0.05871750356651235
5810 0.05575505071894117
5837 0.030815502376876122
5920 0.03831166915152814
5962 0.019041182137832763
5975 0.059586766139143287
6182 0.03309452553668503
6183 0.027444862449148528
6296 0.03650616411009619
6310 0.02688688641688408
6315 0.049705259243568285
6446 0.025591542913913762
6519 0.0369517740180605
6578 0.059586766139143287
6606 0.024852629621784143
6608 0.041197578573159234
6627 0.059586766139143287
6758 0.03309452553668503
6813 0.025774780606733175
6826 0.0399356838109003
6866 0.0361169227080217
6880 0.02776523797771271
6898 0.037365863152957125
7020 0.03942337663593297
7100 0.022430333673845365
7219 0.042654329166779185
7242 0.04210281419525373
7344 0.03309452553668503
7370 0.05575505071894117
7401 0.021379232179164032
7416 0.04347660173296814
7448 0.030815502376876122
7468 0.024407895078817674
7497 0.026402054217840767
7501 0.03201332792418527
7512 0.04537297452265807
7536 0.02521094759936615
7540 0.02310220243389749
7633 0.015339815998131964
7674 0.02668844501363
7719 0.14324381804772068
7849 0.040545584001310524
7862 0.01611448053916074
7865 0.02688688641688408
7938 0.07220793678139636
8029 0.09074594904531615
8052 0.09840937988572035
8097 0.017492413553230897
8144 0.041197578573159234
8153 0.03882261374657706
8264 0.016452886062455194
8301 0.03127657786935064
8411 0.04708940588081001
8412 0.0648937551837065
8488 0.07565387729086329
8520 0.10607281072612458
8744 0.027721674957632725
8931 0.019041182137832763
8996 0.04152830478513243
9011 0.030375880180806145
9101 0.14441587356279273
9104 0.03059313510539289
9198 0.03692624095688714
9218 0.05092766019759363
9305 0.042654329166779185
9366 0.3042707532531447
9383 0.01670224546395333
9387 0.030815502376876122
9588 0.035718193479962974
9652 0.01403427139841791
9666 0.028440537550293955
9671 0.0333853230348193
9725 0.029492673232769096
9781 0.021546496244916245
9827 0.011508100577929852
9902 0.0850425474531511
9905 0.015123555462245844
9949 0.027603692624998972
9952 0.04437729942151263
9970 0.05575505071894117
9982 0.041197578573159234
10037 0.02382551940472515
10156 0.015427725218176255
10162 0.025087414166984085
10172 0.042654329166779185
10197 0.03399522322522952
10451 0.042758464358328065
10548 0.031043228408359873
10567 0.00946961724547666
10575 0.04163215310142399
10627 0.1621823360052421
10670 0.035718193479962974
10707 0.27196178580183616
10732 0.016019978021557656
10777 0.05092766019759363
10821 0.029553607614617186
10884 0.022712449340401918
10924 0.016209937643800444
10947 0.059586766139143287
10978 0.049204689942860175
10999 0.011560024736075626
11000 0.04214886962222324
11139 0.04437729942151263
11310 0.16466917469489117
11311 0.14409242522149238
11328 0.027929592955245032
11364 0.03127657786935064
11600 0.029553607614617186
11803 0.05575505071894117
11804 0.1304298051989044
11805 0.05092766019759363
11849 0.02310220243389749
11876 0.020584632174498907
11901 0.03831166915152814
11905 0.020816076550711996
11912 0.02809685702099724
11941 0.03831166915152814
11955 0.05017482833396817
12057 0.03623395308822428
12069 0.02215639643532647
12183 0.029752565973938303
12191 0.05575505071894117
12333 0.04620440486779498
12354 0.015973078803673837
12378 0.01316132754188549
12458 0.035347550955179656
12465 0.06799044645045904
12490 0.07662333830305627
12523 0.018354729285297987
12572 0.062086456816719746
12611 0.01754751675896192
12648 0.021546496244916245
12659 0.03431559875379371
12834 0.01566647620621185
12850 0.03399522322522952
12877 0.012955133769143251
12885 0.03059313510539289
12948 0.021546496244916245
12957 0.051183085827827525
12958 0.042654329166779185
12979 0.04774793934924022
12984 0.029955803334015204
13021 0.046486044586981294
13022 0.02097358308022542
13057 0.05337689002726
13079 0.013551446361227489
13347 0.040545584001310524
13374 0.05303640536306229
13443 0.05303640536306229
13618 0.059586766139143287
13659 0.0333853230348193
13723 0.016906581489730205
13763 0.049204689942860175
13786 0.0255733540535871
13874 0.010076383569830078
13948 0.07085912329885652
13973 0.04101745352466465
14060 0.02330327753037779
14062 0.011684744468777365
14163 0.022912726073310966
14164 0.059586766139143287
14189 0.023508724165276603
