46 0.17322979566141977
2058 0.11885917066569898
2479 0.09550252938340249
2796 0.20689852849600487
2831 0.1403804031137926
2929 0.1070680546956548
2995 0.05534145839821875
3157 0.08989654610932712
3176 0.16551469653978015
3249 0.09024665054218546
3250 0.13151343794817147
3455 0.15905674748356183
3490 0.12264647278255032
3633 0.06944576158216825
3974 0.13461136423104517
4079 0.10600834933328594
4197 0.1335516588686763
4311 0.1295746829020706
4576 0.1379713870043898
4589 0.14294494425960302
4910 0.250553641255354
5063 0.11283709357840226
5247 0.043546394234413414
5279 0.09672529035444347
5421 0.10760869699575101
5689 0.04555034469477213
5798 0.06897555647911686
6044 0.06657865333919556
6109 0.04963564402535095
6315 0.05225083730813637
6693 0.09756188117176841
6866 0.07593319021795739
7468 0.05131581543707124
7938 0.15181190942522416
8088 0.17322979566141977
8156 0.10298892804020707
8411 0.06600135607537023
8658 0.04742064736205642
8707 0.250553641255354
8996 0.08731022551869833
9187 0.1907867252720461
9366 0.09841646456176951
9897 0.18281275490210083
9902 0.082521110900551
10025 0.1456864861260294
10508 0.1456864861260294
10677 0.21414336655434255
10707 0.14294494425960302
11000 0.01611180322395881
11317 0.08560544521773604
11325 0.08116925277846136
11359 0.06677296470965029
11430 0.13151343794817147
11796 0.1379713870043898
11929 0.11674876698951164
12064 0.025873309627087355
12208 0.15711799243746097
12297 0.21414336655434255
12565 0.12772613583132014
12572 0.1305322375755974
13079 0.05698185100620368
13608 0.0988507486229974
13948 0.0744880638312899
