108 0.056987838335339984
270 0.14165459430746785
338 0.07459058900681745
439 0.10146297090000793
812 0.12501235855772833
960 0.052105689651788835
994 0.050080686427359106
1123 0.09493393186139355
1127 0.0926583834937437
1133 0.04458226358943664
1402 0.06817849940052885
1597 0.15138967814922655
2111 0.08199280321649059
2359 0.07095958318093484
2505 0.134747442399487
2597 0.0461786604012093
2648 0.04295386536596372
3117 0.09493393186139355
3145 0.08007100414046407
3149 0.10146297090000793
3220 0.049904790615122194
3284 0.10301251955840879
3426 0.12501235855772833
3432 0.04705494204724799
3439 0.07887027039662227
3491 0.12501235855772833
3633 0.020980280793519927
3817 0.19727007793246024
3852 0.05844341555877018
3938 0.07013158143991964
4393 0.16487292980819043
5247 0.02631162961622418
5299 0.0761074936479728
5390 0.038862348504943585
5663 0.04046358646422442
5840 0.07946313190068838
5981 0.10000739367657772
6109 0.029990879941230494
6154 0.0497301740564746
6210 0.05410765464865326
6420 0.08482073515026839
6632 0.464606868643499
6633 0.07410552865110837
6962 0.15138967814922655
7201 0.022331012125513312
7374 0.07225771937473191
7479 0.04130611750733837
7663 0.10644832373196228
7692 0.08558301095101789
8020 0.07772673661071117
8411 0.039879380733004136
8631 0.15138967814922655
8744 0.028172533745452432
8995 0.10269883403842595
8997 0.037931420177626386
9310 0.25674903285305367
9311 0.23055454943193934
9390 0.14165459430746785
9654 0.20765750608062325
10124 0.15138967814922655
10125 0.05999296421717105
10281 0.07181716259244204
10308 0.15138967814922655
10460 0.047096339145687276
10506 0.20341874694870965
10762 0.07829169611165401
10999 0.014685042817266979
11000 0.029205251525276
11325 0.04904413678514796
11849 0.058694828023373974
12064 0.01563318735850277
12254 0.0761074936479728
12641 0.07946313190068838
12764 0.04663311569097004
12894 0.08069466702269351
12992 0.07225771937473191
13088 0.04543984300094384
13112 0.0433507284674315
13614 0.05629185711233448
13634 0.15138967814922655
13787 0.04180117980903064
14062 0.02968695599713231
