12 0.027206634700704523
300 0.030072843728178318
313 0.02784564347634403
326 0.02200049323598544
423 0.0555874647658822
437 0.02513516969895211
558 0.046346318983908626
817 0.026464379537701366
960 0.020447082579856064
966 0.049056792761300545
971 0.020372008333123068
976 0.019933707533119713
994 0.01965243983678726
1054 0.0241922065603128
1107 0.01564928890742093
1184 0.05264539228847127
1240 0.07654386311311166
1249 0.023861584282212855
1420 0.0555874647658822
1458 0.06522318784768616
1461 0.03232242912571837
1483 0.026183111841368914
1545 0.039725199023418624
1546 0.0555874647658822
1566 0.021651498963540242
1604 0.03232242912571837
1620 0.041980101435315435
1660 0.02752072272223937
1718 0.03543556816936784
1821 0.05940766299307193
1830 0.026045565338470054
2095 0.027681782509402585
2098 0.049056792761300545
2172 0.02690268033770472
2332 0.12379968043201582
2381 0.05940766299307193
2382 0.026322696144235633
2565 0.018359762684812854
2575 0.07860975934714905
2576 0.03981564697932698
2662 0.036396435570241435
2667 0.029464776747555595
2780 0.03191710374356693
2793 0.03261159392384308
2848 0.03232242912571837
2944 0.0555874647658822
3130 0.02673482886926917
3147 0.023032762902182907
3184 0.0220897997635436
3198 0.03924445585053221
3249 0.06419394954471595
3250 0.031182568177976124
3251 0.09150353902401742
3273 0.034543076792084175
3291 0.038196513708115415
3297 0.02217996091200258
3328 0.029464776747555595
3332 0.017494773244572652
3358 0.037713240182557776
3396 0.049540821085025194
3417 0.030284577764891095
3432 0.01846509070813901
3443 0.06581053073476227
3496 0.030501179674672467
3519 0.04400098647197088
3532 0.038196513708115415
3536 0.030284577764891095
3559 0.05077458419172108
3583 0.05077458419172108
3590 0.02853116524056709
3648 0.0368407060845516
3728 0.06793254393153492
3840 0.025514621037703886
3908 0.021070236462204774
3984 0.023779362075388305
4037 0.05940766299307193
4045 0.07122166677157714
4103 0.03299505154228302
4134 0.03924445585053221
4139 0.04760442080124748
4144 0.03142110669397615
4197 0.03166584170353376
4219 0.03129857781484186
4422 0.04177197692574753
4489 0.08561054248834771
4492 0.024534854070568064
4577 0.013226261710470562
4593 0.028893585618760837
4629 0.05077458419172108
4671 0.05077458419172108
4735 0.029865763565659783
4772 0.0555874647658822
4820 0.03217525052494752
4840 0.04177197692574753
4852 0.032713783845950556
4881 0.03402299943803003
4913 0.026045565338470054
4928 0.01706398881362743
4964 0.058160322762413834
4970 0.020990050717657718
4974 0.021824380293176137
5011 0.049056792761300545
5062 0.030949920108003955
5063 0.053508605940327345
5070 0.027681782509402585
5123 0.03561083338578857
5158 0.025514621037703886
5347 0.0372535505694761
5350 0.026045565338470054
5352 0.05287699098849028
5391 0.024534854070568064
5402 0.05940766299307193
5421 0.025514621037703886
5422 0.1345134016885236
5434 0.02853116524056709
5485 0.29703831496535965
5551 0.029986432821400483
5689 0.010800240273049553
5714 0.05940766299307193
5736 0.03870592252952917
5780 0.038196513708115415
5798 0.016354488378377982
5814 0.036815249769472744
5825 0.038196513708115415
5938 0.01854271538698946
6132 0.05287699098849028
6207 0.022934104742973947
6414 0.05940766299307193
6508 0.030072843728178318
6511 0.0433459217740544
6521 0.03421245451398423
6622 0.15863097296547085
6629 0.02283646896650319
6636 0.024651896173394472
6672 0.0433459217740544
6677 0.05932627417408219
6723 0.02333509156107813
6737 0.02513516969895211
6770 0.03524130492116588
6813 0.03854596194471007
6821 0.03902978666777681
6836 0.07741184505905833
6840 0.03870592252952917
7038 0.03924445585053221
7046 0.03166584170353376
7064 0.053508605940327345
7069 0.03561083338578857
7070 0.04177197692574753
7099 0.021546410103749903
7193 0.04760442080124748
7242 0.027984175668926706
7245 0.01917956370214835
7327 0.032713783845950556
7380 0.030501179674672467
7418 0.01812122416881282
7422 0.01630579696192154
7432 0.03599544875213725
7448 0.061445757129788905
7464 0.05940766299307193
7468 0.012167265478266371
7486 0.04182108330825223
7540 0.023032762902182907
7572 0.029865763565659783
7598 0.018299559488826594
7616 0.022739834600259735
7651 0.029080161381206917
7717 0.018666687808712144
7826 0.05287699098849028
7865 0.013403035528538063
7891 0.015878540317578137
7901 0.034543076792084175
7911 0.034543076792084175
8044 0.033584103848208306
8097 0.017439835665509166
8115 0.016209162595678082
8176 0.041073748796665824
8250 0.025563189701376127
8264 0.016403432738392294
8293 0.017439835665509166
8384 0.03561083338578857
8411 0.01564928890742093
8412 0.021566233511795558
8429 0.49156605703831124
8451 0.0628422133879523
8610 0.05940766299307193
8658 0.02248739889217758
8700 0.033584103848208306
8982 0.02513516969895211
8995 0.020150309442901092
8996 0.010350870231771378
9040 0.14717037828390164
9102 0.02513516969895211
9105 0.016652042626933032
9337 0.03217525052494752
9383 0.049956127880799096
9468 0.0433459217740544
9493 0.05287699098849028
9497 0.00769216454129191
9538 0.1345134016885236
9542 0.11557434247504335
9647 0.019933707533119713
9652 0.013992087834463353
9699 0.0372535505694761
9725 0.029404025519454556
9783 0.02883908062148244
9827 0.01147351006140476
9902 0.02608828630671033
9905 0.015078097778626169
9911 0.03217525052494752
9925 0.03328497497474533
9966 0.0449114793333247
9991 0.046346318983908626
10003 0.02217996091200258
10068 0.03624244833762564
10268 0.030284577764891095
10422 0.03328497497474533
10432 0.027362369950786395
10499 0.018481335573066644
10567 0.009441153907882603
10581 0.05077458419172108
10624 0.027681782509402585
10655 0.03524130492116588
10664 0.06488133999062996
10672 0.057421265833168464
10992 0.02801240478750253
11000 0.011460594681569186
11118 0.026183111841368914
11135 0.02333509156107813
11139 0.044243912187139425
11179 0.03924445585053221
11255 0.011738929531772219
11262 0.03958404827930796
11297 0.040423713959949696
11332 0.02690268033770472
11365 0.029159829407881928
11402 0.03870592252952917
11537 0.0372535505694761
11708 0.033584103848208306
11857 0.05940766299307193
11864 0.05287699098849028
11866 0.028893585618760837
11910 0.021481732782920877
11989 0.037713240182557776
12057 0.018062521373835336
12064 0.006134705730637884
12072 0.05077458419172108
12092 0.034543076792084175
12104 0.04523659453411082
12117 0.01965243983678726
12262 0.02835505229775779
12302 0.0555874647658822
12377 0.02801240478750253
12378 0.013121767832205611
12383 0.05892955349511119
12398 0.02853116524056709
12413 0.01917956370214835
12414 0.03524130492116588
12441 0.036815249769472744
12472 0.03328497497474533
12513 0.020150309442901092
12519 0.049056792761300545
12554 0.18626775284738054
12568 0.05077458419172108
12648 0.021481732782920877
12659 0.03421245451398423
12712 0.03389304195536804
12763 0.02191202527975218
12854 0.028893585618760837
12910 0.034885724302339445
13075 0.034885724302339445
13169 0.10575398197698056
13344 0.03142110669397615
13422 0.0555874647658822
13437 0.0433459217740544
13464 0.023233233616436925
13516 0.03166584170353376
13567 0.05940766299307193
13615 0.040423713959949696
13617 0.3404491211880435
13660 0.02191202527975218
13696 0.030501179674672467
13723 0.03371152893786628
13726 0.026464379537701366
13746 0.05940766299307193
13874 0.030138289326234566
13948 0.017661534555731148
13975 0.0372535505694761
13978 0.04760442080124748
14163 0.022843856060878708
