11 0.021763122431173752
15 0.0835910933945337
108 0.02624679378105695
152 0.04820723422181825
153 0.044263089102103845
175 0.0601968040156802
185 0.06972529190494389
193 0.05309306240584315
270 0.06524162055506069
338 0.034354063338026965
340 0.08852617820420769
439 0.046730631506940845
487 0.04902672715696606
513 0.0365982023027695
529 0.06972529190494389
599 0.03776328880717445
636 0.02893331550343515
676 0.040944504256625595
730 0.06524162055506069
731 0.06972529190494389
821 0.06206040510560954
876 0.05757673375572634
905 0.05757673375572634
960 0.023998230693761155
974 0.047444304551554996
981 0.03287746062314956
1092 0.03554425335871667
1123 0.04372356287193506
1127 0.0640132760257261
1133 0.020533178883520225
1230 0.08478876817830945
1319 0.012868292084185879
1386 0.1676163630634578
1460 0.026917186558388952
1519 0.03932598473363064
1550 0.02298456629034241
1567 0.019904708967332176
1615 0.06870812667605393
1620 0.02463549885069436
1657 0.031229411153460375
1882 0.03554425335871667
1940 0.021477736419948375
1942 0.021835634783952278
2034 0.153581407721098
2058 0.03307671095387967
2111 0.11328986642152336
2182 0.038852893146999926
2359 0.03268173703273777
2384 0.024729610858530975
2425 0.0411960718535376
2505 0.06206040510560954
2595 0.046730631506940845
2597 0.021268428704100804
2625 0.04902672715696606
2674 0.04271758838132578
2692 0.06962976787864916
2730 0.022666325790107033
2848 0.018968014329484712
2926 0.03687816900774852
2927 0.01784792521849957
2965 0.019485110340655885
3099 0.028005746154090225
3105 0.03807480501764691
3117 0.04372356287193506
3145 0.03687816900774852
3216 0.07375633801549704
3278 0.044263089102103845
3321 0.01720741112504218
3353 0.029213282208414168
3421 0.0578666310068703
3432 0.0325080244233746
3478 0.04483029518195532
3491 0.05757673375572634
3508 0.06972529190494389
3516 0.044263089102103845
3536 0.1421770134348667
3633 0.009662852979540063
3648 0.04323901759995451
3721 0.0837126112186485
3734 0.036417654912810786
3742 0.0691641467154466
3790 0.043382164949850754
3812 0.06206040510560954
3817 0.09085635121301759
3852 0.053834373116777905
3914 0.031229411153460375
3938 0.032300385650028705
3956 0.0208613363223769
3993 0.04320914015805102
3995 0.068261319795865
4340 0.06524162055506069
4364 0.049911846956392
4393 0.10124700088441387
4535 0.024729610858530975
4542 0.05082364830909064
4652 0.0390657447076065
4660 0.1110176600530231
4702 0.15700428954136078
4817 0.02454218104648321
4922 0.018052710592729435
4928 0.02002757794447532
4974 0.025614730657956903
4985 0.022824301250720724
4991 0.031751938004148605
5009 0.11515346751145268
5018 0.05959286270077255
5038 0.068261319795865
5039 0.04606023872960884
5059 0.01885631545880155
5151 0.042246960157057645
5247 0.01211830342672124
5260 0.03850459951810921
5299 0.03505270158199143
5390 0.01789876712035731
5391 0.028795946107408054
5454 0.05959286270077255
5571 0.02463549885069436
5588 0.04320914015805102
5613 0.024824530704639074
5663 0.037272493240364274
5676 0.05439551830627519
5689 0.025351945110843058
5726 0.11515346751145268
5746 0.02668917653869262
5771 0.05087402695738536
5775 0.046730631506940845
5793 0.05185249373685873
5840 0.146392809211078
5991 0.04820723422181825
6035 0.06206040510560954
6068 0.05678757854653272
6081 0.06536347406547555
6109 0.06906424810307013
6154 0.04580828686554777
6158 0.03746030837032101
6210 0.024920272377820085
6245 0.013707700547768355
6278 0.03579753424071462
6294 0.027754415013255776
6310 0.015730808410164773
6315 0.029081236778950144
6599 0.04902672715696606
6606 0.014540618389475072
6619 0.03941682480348294
6632 0.24455224185686583
6633 0.068261319795865
6688 0.05439551830627519
6695 0.06380528611230242
6696 0.03140085790827215
6775 0.01784792521849957
7025 0.02463549885069436
7099 0.012644241990825282
7170 0.03157500472271751
7176 0.27890116761977557
7374 0.09983885237187376
7431 0.033696953558297375
7616 0.02668917653869262
7641 0.0339116805803913
7674 0.031229411153460375
7833 0.03632514906733381
7837 0.05959286270077255
7851 0.02463549885069436
7865 0.015730808410164773
8011 0.06212116401766694
8054 0.06972529190494389
8087 0.027268266654265398
8097 0.0204687000176002
8264 0.05775689927716383
8293 0.0818748000704008
8294 0.03776328880717445
8411 0.018367179959628676
8433 0.01581490078632492
8463 0.022824301250720724
8484 0.031229411153460375
8621 0.05757673375572634
8641 0.06972529190494389
8688 0.0399319456073375
8706 0.036417654912810786
8744 0.019463065412893766
8795 0.018968014329484712
8931 0.022280987353388897
8995 0.07094974640115405
8997 0.03494002202246694
9099 0.04226211861614741
9204 0.020214479760047973
9270 0.04054234742248391
9310 0.19708412401741476
9311 0.1061861248116863
9334 0.047444304551554996
9367 0.031931748375273135
9390 0.06524162055506069
9497 0.02708430483547138
9531 0.025311750221103466
9614 0.04606023872960884
9654 0.14346070754029897
9676 0.03056903023210823
9757 0.034354063338026965
9821 0.0365982023027695
9906 0.02435787521049249
9957 0.03140085790827215
10079 0.04764540340785632
10099 0.06206040510560954
10125 0.08289257880900931
10268 0.03554425335871667
10281 0.03307671095387967
10292 0.06972529190494389
10396 0.14750260791643316
10460 0.021691082474925377
10506 0.1249176446138415
10516 0.013263266005327776
10531 0.0578666310068703
10556 0.04054234742248391
10567 0.011080846796201783
10587 0.024920272377820085
10588 0.0341306598979325
10613 0.0339116805803913
10752 0.032300385650028705
10762 0.07211735214520142
10806 0.0300984020078401
10904 0.03157500472271751
10922 0.11238092511096302
10980 0.04271758838132578
10999 0.006763465710398374
11000 0.04932038484871519
11096 0.06972529190494389
11213 0.04486703041701151
11232 0.021063009283015785
11262 0.023229404945419332
11320 0.03327961745729125
11325 0.02258817638940802
11365 0.017112082136609568
11371 0.023479787585659266
11531 0.07955883550444129
11576 0.023229404945419332
11656 0.044263089102103845
11674 0.046730631506940845
11694 0.03746030837032101
11795 0.05959286270077255
11798 0.03807480501764691
11815 0.05337835307738524
11849 0.027032979178449625
11957 0.03932598473363064
12057 0.06359859209460042
12064 0.028800604249962957
12074 0.04136184035763172
12172 0.06206040510560954
12223 0.049911846956392
12316 0.03140085790827215
12328 0.026917186558388952
12407 0.10907306661706159
12565 0.03554425335871667
12611 0.020533178883520225
12641 0.073196404605539
12659 0.08030860860661555
12763 0.025717597392063783
12807 0.017746937355210973
12834 0.009166042205153345
12877 0.03031882890277276
12881 0.05814482572335512
12894 0.03716540838262097
12948 0.07563772147144564
12963 0.06870812667605393
12992 0.03327961745729125
12994 0.06081983643662512
13006 0.0365982023027695
13088 0.14649706963263487
13112 0.0399319456073375
13125 0.035798473616268894
13336 0.011820223541321537
13614 0.025926246868429367
13787 0.019252299759054604
13832 0.05003370046680685
13872 0.020089528213921425
13919 0.024729610858530975
14010 0.03687816900774852
14065 0.04517635277881604
14076 0.03348631682445957
14101 0.0835910933945337
14117 0.06972529190494389
14236 0.0558721210211526
