326 0.04732447638077225
898 0.12510659608148825
1012 0.07550250034627516
1099 0.045150949515723925
1107 0.0336626272570907
1112 0.06255329804074412
1276 0.23914442600560823
1319 0.14150692294106892
1403 0.06296274286288783
1408 0.07430438055326478
1458 0.035074818319615716
1566 0.04657376724774504
1653 0.1546353278609961
1674 0.07097447864673725
1689 0.029454435679324455
1942 0.040019471484996
2064 0.15328853858596259
2204 0.08836330703797336
2558 0.031017358908167248
2573 0.06758882201625308
2720 0.07742852607956614
2909 0.22741894254098602
2955 0.0686557435805341
2965 0.03571152500833031
2969 0.059897770603079055
3092 0.05371465231108026
3130 0.028754168458783782
3157 0.04584987496199973
3225 0.06175841853924934
3281 0.0428786873645786
3358 0.0811236059627326
3391 0.0750414373924943
3439 0.06657526935542886
3633 0.01770968754078138
3984 0.07672640655023064
4028 0.05406736712607532
4030 0.04810406593105045
4535 0.09064686842219633
4970 0.3612075961257914
5059 0.03455909508846488
5363 0.07580631418032867
5435 0.0883522761943441
5551 0.032251373107372465
5663 0.034155761789524626
5685 0.042423233829426504
5689 0.02323201167474667
5962 0.040835695727143385
6484 0.0660868883891892
6571 0.08216315840823396
6720 0.04398299011875565
6781 0.08441734937728468
7020 0.08454732490809345
7167 0.06707571032165327
7168 0.11957221300280411
7342 0.15328853858596259
7468 0.026172570840501477
7475 0.05885821815757769
7491 0.030261985909194638
7633 0.03289775046925633
7693 0.03252587160666573
7726 0.05692658300565793
7792 0.13517764403250615
7865 0.028830791723499283
7891 0.06831152357904925
8131 0.06811526276715463
8154 0.25875448653832567
8389 0.07660119368182344
8433 0.028984912841714717
8463 0.04183145954334592
8623 0.10240017183542344
8658 0.024185920886473124
8673 0.03153704967420166
8744 0.035671121953109154
8997 0.048027498244780496
9113 0.06707571032165327
9134 0.04549739947990158
9150 0.05179914581421689
9385 0.05852322161522298
9496 0.17528600233613714
9652 0.03009788113098602
9680 0.15161262836065734
9765 0.07502841706175686
10048 0.04870909084158233
10156 0.16543140237067444
10234 0.051096179528654195
10361 0.04303280848279404
10445 0.04430988155027396
10628 0.04069735505773293
10810 0.0883522761943441
10999 0.04958322958139242
11000 0.008217492164075588
11102 0.05632155809512604
11325 0.041398699413049765
11482 0.10522445495884716
11875 0.04975942064940963
11912 0.12051296982437094
12667 0.1021685108699134
12670 0.07580631418032867
12768 0.09503316093440148
12877 0.0833506917067998
12900 0.04751658046720074
13024 0.05228171216863176
13174 0.07159812260256242
13263 0.09147642172064548
13466 0.08985420982140799
13480 0.06186404952733954
13676 0.03949303073409443
13806 0.18629506899098017
13816 0.10708185275034751
13855 0.08564601824364175
13893 0.1277897051668797
13912 0.03897991903949463
13924 0.09323986645189215
14163 0.016379534691985012
14170 0.12271262877276443
14171 0.04334461200788216
14189 0.0504167808488724
14242 0.16432631681646792
