15 0.04582389659363243
108 0.028776519490202022
245 0.05693291238082422
421 0.06314272983671575
638 0.0448908287460168
685 0.05963828213752722
917 0.028310158207559225
940 0.03897008937830728
994 0.025288691256883374
1131 0.04140300051269815
1240 0.03283212564533951
1249 0.030705003695440856
1461 0.020796194712239157
1471 0.034054271581137135
1482 0.053752034680574136
1604 0.020796194712239157
1655 0.027534850364270044
1692 0.044449911121093456
1756 0.10403418916730815
1800 0.04534838865008536
1940 0.023547809528649308
1942 0.02394020295137292
1959 0.028895967731811592
2105 0.03583167721518036
2137 0.03113044729343453
2150 0.05693291238082422
2311 0.02842507753673153
2340 0.03442734404606085
2352 0.05223757580532578
2371 0.030027514692327388
2395 0.061257203182071035
2462 0.030845165932271285
2564 0.03742025056314364
2565 0.023625278791937633
2664 0.068041928168016
2770 0.029016604532654845
2780 0.0410708181319094
2793 0.02098224284068696
2935 0.036713804238048015
2961 0.04631881830986829
3173 0.05577738143928486
3204 0.07484050112628728
3227 0.033515342925646036
3236 0.027009924287952694
3238 0.07634084334919106
3270 0.068041928168016
3282 0.04402446752309979
3297 0.028541096589107775
3316 0.03869763075599515
3332 0.022512213387521428
3432 0.023760814526162712
3517 0.031874478167503426
3532 0.04915114104283929
3728 0.029138453783966997
3746 0.06284520712351757
3786 0.04919141690344114
3792 0.06312611037084587
3814 0.041744541364390465
3832 0.12937539592744685
3840 0.03283212564533951
3841 0.0425976233981885
3852 0.029511526248890713
3938 0.03541357031844148
3992 0.030986967530669166
4020 0.204125784504048
4066 0.0764455741985048
4067 0.07152975640133465
4164 0.1494199396295608
4217 0.05472246434035708
4253 0.04852926635033543
4383 0.021823170110729137
4420 0.03113044729343453
4421 0.03266717210142061
4422 0.053752034680574136
4452 0.021492798212801
4489 0.04721286361465657
4533 0.06533655841131301
4577 0.017019507585654948
4611 0.07152975640133465
4711 0.041744541364390465
4714 0.058210292573675736
4721 0.036713804238048015
4778 0.04793773935441211
4808 0.02136312961361795
4817 0.026907612301427193
4881 0.04378067739003514
4922 0.01979267191856358
4964 0.03742025056314364
5223 0.019623891024026164
5247 0.0398588792584916
5260 0.04221576043680385
5279 0.05902305249778143
5374 0.034239372862893566
5390 0.019623891024026164
5434 0.036713804238048015
5689 0.1250794047101695
5798 0.042089797572198016
5886 0.04209598331786095
6044 0.02031358777456699
6091 0.06533655841131301
6109 0.015144163498160517
6286 0.061257203182071035
6315 0.01594207627700077
6403 0.06312611037084587
6419 0.03500940294431158
6420 0.04283099007654964
6563 0.025111696895157246
6566 0.04283099007654964
6591 0.0448908287460168
6606 0.01594207627700077
6629 0.02938588887117575
6637 0.07583034455875899
6641 0.06533655841131301
6679 0.058210292573675736
6694 0.058210292573675736
6775 0.019568148863976734
6859 0.08348908272878093
6866 0.023167718887869084
6909 0.068041928168016
7025 0.027009924287952694
7284 0.3424931590692933
7442 0.026907612301427193
7448 0.03953409332392332
7466 0.02189033869501757
7468 0.04697038474751258
7486 0.026907612301427193
7497 0.03387195388301218
7540 0.029638479225158706
7571 0.09426781068527634
7580 0.013897711634463279
7616 0.0292615401046597
7627 0.023242789706382418
7671 0.019736150145079498
7714 0.03172197428935785
7851 0.027009924287952694
7862 0.020673730050229
7892 0.030429448687349273
7965 0.06169033186454257
8076 0.04683480675330497
8238 0.05577738143928486
8264 0.021107880218401924
8268 0.38067250392504326
8274 0.11386582476164844
8293 0.08976607960712998
8324 0.07152975640133465
8373 0.068041928168016
8411 0.020137450558618986
8427 0.05963828213752722
8428 0.04631881830986829
8658 0.02893670671313583
8706 0.01996383568080424
8744 0.02133895994555492
8857 0.061257203182071035
8885 0.052017094583654076
8996 0.02663892765531786
9028 0.031874478167503426
9105 0.06428337167592305
9168 0.036944742619596564
9179 0.05693291238082422
9191 0.068041928168016
9375 0.14165428127376592
9383 0.04285558111728203
9384 0.05472246434035708
9409 0.024850957846936597
9457 0.0292615401046597
9497 0.009898250588598547
9644 0.07152975640133465
9645 0.019623891024026164
9676 0.033515342925646036
9721 0.052017094583654076
9725 0.0189184989051356
9783 0.018555014339844494
9813 0.03718016552069081
9827 0.029528145714760583
9902 0.04196289514881352
9905 0.019402443799930297
9932 0.05401984857590539
9971 0.10750406936114827
10003 0.028541096589107775
10005 0.03817042167459553
10031 0.03481226204045993
10091 0.07533037227029697
10516 0.014541609763456559
10557 0.04402446752309979
10574 0.13621708632454854
10631 0.06312611037084587
10657 0.0186062782574639
10678 0.051234636107038434
10732 0.020552490055353246
10752 0.03541357031844148
10924 0.020796194712239157
10930 0.019623891024026164
10999 0.01483068785163856
11000 0.03932654237736112
11052 0.18356902119024007
11097 0.02117119053695965
11148 0.061257203182071035
11169 0.04074749501235049
11259 0.05979288848657958
11262 0.025468307852523384
11331 0.07583034455875899
11338 0.09211501108632257
11339 0.06566425129067902
11364 0.040125620319846636
11511 0.02989644424328979
11714 0.05223757580532578
11734 0.04534838865008536
11797 0.0410708181319094
11901 0.04915114104283929
11955 0.0321853643923623
12057 0.023242789706382418
12064 0.015788236011645907
12270 0.03982624959224757
12354 0.0614769651039684
12401 0.041744541364390465
12434 0.12625222074169173
12565 0.07794017875661456
12582 0.026806156492187712
12754 0.07152975640133465
12903 0.019623891024026164
13022 0.026907612301427193
13030 0.08643181614189743
13332 0.035209802522676505
13336 0.012959483583129157
13446 0.03869763075599515
13450 0.03982624959224757
13464 0.02989644424328979
13551 0.06533655841131301
13616 0.024850957846936597
13660 0.02819631794905237
13709 0.029138453783966997
13712 0.04915114104283929
13723 0.021689939116652658
13727 0.07152975640133465
13787 0.04221576043680385
13822 0.01990651217707044
13918 0.02621462949626439
13919 0.054226214050512575
13972 0.05963828213752722
13995 0.05963828213752722
14163 0.019596929705690436
14211 0.09703154694558512
14212 0.23252154149164297
14247 0.04793773935441211
