48 0.07526133147789824
79 0.025850438242603493
103 0.08805783224075872
108 0.0331477387972932
505 0.07837765310518263
636 0.03654061493559388
704 0.0566173120912586
748 0.08805783224075872
811 0.04657437109417691
911 0.08805783224075872
1110 0.08805783224075872
1123 0.055219591903524524
1127 0.10779197748672478
1133 0.025931870230955736
1230 0.10708187689375243
1319 0.01625169109537965
1344 0.06191709202432835
1519 0.0496657794003605
1550 0.029027789303210646
1567 0.05027631940031168
1846 0.0439685962676214
1857 0.08805783224075872
1868 0.06191709202432835
1956 0.07837765310518263
2034 0.14547137918233388
2086 0.0439685962676214
2111 0.04769221124487977
2182 0.07360245012966495
2194 0.09538442248975953
2340 0.03965693656287828
2352 0.03008629168632279
2359 0.12382377348332149
2360 0.07837765310518263
2382 0.03901718136032185
2425 0.026013779829008057
2505 0.07837765310518263
2597 0.026860435800017794
2692 0.0439685962676214
2781 0.06869747396960654
2796 0.07271511131060729
2848 0.023955184383353444
2906 0.07526133147789824
2927 0.06762178666295998
3057 0.08805783224075872
3105 0.04808563293523938
3145 0.04657437109417691
3184 0.03274291200508795
3216 0.04657437109417691
3235 0.07056231283367595
3355 0.10240390912504756
3385 0.06088213369809987
3432 0.013685068373059214
3442 0.039876870973373085
3481 0.03553061737817958
3560 0.05394912131082596
3606 0.03159441202553108
3633 0.024406922176804013
3721 0.026430692772061823
3742 0.04367457390387903
3748 0.08239529044618338
3817 0.05737239038045585
4052 0.037074395057990976
4143 0.05170984858588051
4191 0.0489073726704984
4340 0.08239529044618338
4393 0.06393369733693079
4395 0.08805783224075872
4452 0.04951520710650446
4477 0.038606400380674526
4535 0.031231650164025484
4542 0.0962797036999115
4652 0.04933711569845438
4660 0.07010350346068268
4895 0.05335475303945511
4922 0.022799224175823342
5018 0.07526133147789824
5102 0.08239529044618338
5185 0.04693713295568251
5200 0.08239529044618338
5247 0.015304511476948965
5299 0.044268942175249876
5358 0.06318882405106216
5390 0.022604805076320896
5663 0.07060855969085063
5676 0.06869747396960654
5685 0.02923316868744393
5793 0.03274291200508795
5798 0.12120833588207251
5840 0.09244158814233994
5932 0.05901729483403046
5938 0.027485197002717853
6032 0.0489073726704984
6109 0.03488919333079517
6206 0.049780503618979746
6245 0.017311801245486855
6278 0.04520961015264179
6310 0.019866835263770137
6315 0.03672742845057917
6539 0.07056231283367595
6606 0.018363714225289585
6632 0.038606400380674526
6633 0.08620894488777113
6775 0.045081191108639986
7025 0.031112793732284538
7041 0.17611566448151744
7201 0.025978264087152318
7320 0.07837765310518263
7338 0.0439685962676214
7374 0.04202966945030442
7387 0.05817063886302072
7468 0.018035097971096817
7491 0.020853048177739475
7495 0.09387426591136502
7566 0.029441613548599754
7580 0.032017611809944245
7616 0.06741287031088204
7633 0.022669311179152243
7641 0.04282791793286928
7649 0.06657066300149553
7651 0.043104472443885565
7833 0.04587594824346699
7851 0.031112793732284538
7892 0.03505175173034134
8045 0.08239529044618338
8230 0.05394912131082596
8264 0.024314215632726854
8308 0.06425009360064983
8401 0.06393369733693079
8484 0.03944041212589177
8515 0.08239529044618338
8548 0.08805783224075872
8656 0.08805783224075872
8675 0.08805783224075872
8688 0.025215531346443186
8744 0.016386931266930888
8783 0.07526133147789824
8817 0.08805783224075872
8973 0.05991861054774679
8995 0.029868075583604232
9028 0.0367162845025846
9204 0.025529377058345487
9310 0.049780503618979746
9358 0.08239529044618338
9382 0.08239529044618338
9497 0.02280363510762537
9594 0.04032741154267648
9603 0.08805783224075872
9654 0.09059007551339099
9676 0.038606400380674526
9699 0.055219591903524524
9708 0.024908583904097698
9718 0.06869747396960654
9837 0.08805783224075872
9966 0.033285331500747764
9974 0.04849045972744463
10079 0.06017258337264558
10099 0.07837765310518263
10125 0.034895710482019275
10276 0.06558115234232215
10281 0.041773413702213255
10316 0.026179054496796264
10361 0.029653216785171046
10460 0.027394215922414897
10506 0.19720206062945886
10587 0.12588976564955753
10588 0.08620894488777113
10595 0.033424293308309476
10735 0.08805783224075872
10762 0.045539412767948435
10785 0.04010032448340366
10837 0.05170984858588051
10904 0.07975374194674617
10922 0.14192870879585046
10999 0.008541751674619444
11000 0.022650167178301386
11031 0.04367457390387903
11034 0.06088213369809987
11108 0.06712930348069392
11213 0.05666370594745518
11232 0.026601006424726563
11325 0.028527178485460356
11482 0.02416949364919822
11506 0.08239529044618338
11576 0.029337002224745758
11623 0.0489073726704984
11722 0.04657437109417691
11733 0.02312939431557363
11776 0.06088213369809987
11890 0.05590097320674606
11896 0.08805783224075872
11927 0.23513295931554787
11957 0.02483288970018025
12064 0.018186505270807594
12182 0.03654061493559388
12254 0.044268942175249876
12262 0.04202966945030442
12406 0.06657066300149553
12407 0.06887556537765661
12419 0.08805783224075872
12510 0.06558115234232215
12582 0.09263421942305561
12583 0.08239529044618338
12752 0.0566173120912586
12764 0.02712477580097367
12834 0.023152052426355686
12894 0.04693713295568251
12904 0.05456991446507374
12948 0.03184159629137161
12968 0.04282791793286928
12985 0.05456991446507374
12992 0.04202966945030442
12994 0.03840545379966329
13079 0.02002644324597286
13088 0.07929207831618547
13109 0.05737239038045585
13110 0.16479058089236676
13151 0.06869747396960654
13172 0.08805783224075872
13336 0.014928058860893148
13445 0.06705256951603195
13474 0.08805783224075872
13614 0.03274291200508795
13706 0.06869747396960654
13719 0.15213565531882717
13754 0.01798877770828903
13761 0.033424293308309476
13832 0.06318882405106216
14047 0.06425009360064983
14062 0.08633907618052555
14065 0.05705435697092071
14246 0.05071188510627573
