15 0.04054056110529282
82 0.054194461260354175
107 0.04293401116273009
112 0.052762196167034
201 0.06763166606076729
341 0.08935439635554242
390 0.03310582615842617
440 0.047554612516397005
576 0.04532746122016736
583 0.040119877569530366
676 0.039715072726879755
681 0.05780348105646337
776 0.060196931113900634
811 0.03577083642281228
819 0.05036874610959673
897 0.06763166606076729
1008 0.029194643979864557
1064 0.03332252151307443
1091 0.031150235069145372
1092 0.03447697396252251
1099 0.023895774201734662
1123 0.21205342583384731
1127 0.041394109075271864
1133 0.019916633684509143
1145 0.03310582615842617
1230 0.082242834679802
1344 0.047554612516397005
1397 0.020299747811500506
1417 0.044064113873597835
1451 0.08895342226510713
1550 0.044588827652933365
1567 0.01930703469482238
1615 0.06664504302614886
1618 0.028474504108976034
1657 0.030291692565226454
1689 0.015588521432700802
1703 0.03423592886929392
1718 0.06051155000114361
1793 0.042410685166769456
1846 0.03376950515659035
1871 0.020170516667047868
1914 0.046759726313487536
1940 0.06249848760513253
1942 0.021179981031078668
2023 0.05780348105646337
2027 0.060196931113900634
2034 0.14896985292361828
2058 0.03208352390508523
2111 0.0366293789267312
2137 0.055082430546072356
2182 0.09421566489800007
2371 0.02656544695488715
2425 0.17981588951760621
2435 0.20059938784765183
2558 0.01641568588819176
2617 0.029344661183860005
2625 0.047554612516397005
2648 0.0191891647697836
2763 0.027414278226600662
2770 0.05134218242311907
2852 0.029496806362316986
2927 0.017312009534513274
2965 0.05670010578857122
3015 0.07512533552534212
3020 0.03423592886929392
3021 0.04191170890938914
3062 0.052762196167034
3076 0.046019704962878646
3089 0.043484185871678585
3099 0.05432964767672052
3157 0.024265674831227227
3216 0.10731250926843686
3220 0.06688324147940006
3227 0.02965114075503571
3328 0.03354368512658264
3332 0.019916633684509143
3355 0.0393249913666209
3383 0.04467719817777121
3432 0.010510637732881963
3478 0.043484185871678585
3512 0.022531900765660917
3523 0.03208352390508523
3527 0.023538205916501676
3543 0.054194461260354175
3544 0.025147765215598906
3560 0.041434916848620426
3633 0.02811812592183093
3648 0.1048517230699615
3666 0.02525040767579708
3721 0.020299747811500506
3728 0.025778891669086337
3734 0.01766207504112895
3742 0.03354368512658264
3790 0.0210397691621094
3820 0.052762196167034
3845 0.16754366990154768
3865 0.01930703469482238
3908 0.023987060329227563
3914 0.030291692565226454
3956 0.040469875225758935
3984 0.013535609667125663
4052 0.05694900821795207
4071 0.07209890184962389
4182 0.032685142622663726
4191 0.03756266776267106
4219 0.017815672728930445
4278 0.03724246323090457
4291 0.054194461260354175
4295 0.046759726313487536
4355 0.046759726313487536
4371 0.05780348105646337
4383 0.01930703469482238
4391 0.038584970016012
4393 0.07365515976760685
4452 0.019014753524711492
4542 0.02464878895821859
4593 0.06578684416837298
4652 0.037892726273300724
4702 0.12183196530573631
4762 0.03354368512658264
4805 0.043484185871678585
4817 0.02380525843049147
4827 0.034137555809375913
4881 0.019366458975560642
4922 0.017510645863822945
4974 0.024845602833146473
4989 0.046019704962878646
5009 0.05584788996718256
5051 0.02633477020972371
5089 0.04841315502031592
5151 0.040978420073449276
5160 0.03633549601612033
5172 0.06621165231685235
5210 0.03423592886929392
5228 0.12460094027658149
5260 0.018674215232849362
5299 0.034000181901753794
5358 0.024265674831227227
5359 0.041434916848620426
5438 0.04293401116273009
5455 0.026921039361835434
5489 0.105524392334068
5520 0.026921039361835434
5551 0.034137555809375913
5571 0.023895774201734662
5610 0.038584970016012
5613 0.024079130038211702
5689 0.036886061833880955
5775 0.04532746122016736
5798 0.03723699068014675
5840 0.10649782864759035
5929 0.047554612516397005
5938 0.04221929198120354
5945 0.036049450924811946
5991 0.046759726313487536
6032 0.03756266776267106
6044 0.01797150193807388
6062 0.029046696044755276
6068 0.027541215273036178
6102 0.020364951995511152
6108 0.04841315502031592
6154 0.02221640580816907
6155 0.03497595021990282
6245 0.03988830740952115
6250 0.08195684014689855
6278 0.03472264963576622
6294 0.026921039361835434
6310 0.01525846292207114
6405 0.052762196167034
6420 0.037892726273300724
6446 0.05809339208951055
6528 0.023277641154122262
6606 0.014104010472623078
6618 0.034723560804899495
6632 0.14825570377517855
6633 0.09931747847527853
6775 0.03462401906902655
7029 0.05149884882046448
7056 0.060196931113900634
7099 0.03679372843992606
7169 0.060196931113900634
7197 0.054194461260354175
7218 0.047554612516397005
7219 0.04841315502031592
7239 0.03894859993194499
7242 0.015929059724562933
7313 0.060196931113900634
7352 0.04467719817777121
7401 0.048531349662454454
7479 0.01845305161934116
7491 0.016015910848793072
7495 0.036049450924811946
7580 0.012295353944626983
7633 0.017410867886279838
7641 0.03289342208418649
7671 0.017460640853728948
7693 0.01721405401135195
7736 0.04054056110529282
7760 0.060196931113900634
7785 0.042410685166769456
7833 0.03523442188924443
7856 0.03332252151307443
8250 0.01455099411613899
8293 0.03970818182233243
8344 0.021179981031078668
8493 0.054194461260354175
8556 0.052762196167034
8658 0.01280020266601283
8706 0.05298622512338686
8716 0.055082430546072356
8744 0.012585768182161042
8931 0.08644784439155453
8997 0.008472721436580267
9095 0.052762196167034
9099 0.020496561686428393
9134 0.024079130038211702
9152 0.12039386222780127
9196 0.05584788996718256
9310 0.03823326456516285
9334 0.13805911488863595
9367 0.03097294086336832
9497 0.043785084055721804
9611 0.04054056110529282
9645 0.01736132481788311
9654 0.023192174126318094
9661 0.038584970016012
9821 0.03549927621586345
9899 0.03079852961829621
9911 0.0366293789267312
9989 0.032685142622663726
10000 0.060196931113900634
10037 0.027042239015655865
10079 0.0693221482027715
10120 0.05036874610959673
10125 0.13400596961213643
10136 0.052762196167034
10219 0.060196931113900634
10234 0.027042239015655865
10238 0.060196931113900634
10261 0.060196931113900634
10316 0.02010648032616954
10386 0.045549530444015565
10460 0.0210397691621094
10506 0.030291692565226454
10553 0.034000181901753794
10567 0.021496249344152386
10583 0.02833610147594564
10587 0.14503198138469928
10588 0.03310582615842617
10785 0.03079852961829621
10856 0.032480830631220654
10866 0.03724246323090457
10884 0.025778891669086337
10904 0.06125381814636947
10922 0.03633549601612033
10938 0.052762196167034
10945 0.031700409778093866
10950 0.04180273305815801
11000 0.0478394526138989
11069 0.05780348105646337
11138 0.027931296633295036
11186 0.04532746122016736
11232 0.020430554984349352
11269 0.05584788996718256
11325 0.021909926236993366
11365 0.016598261449308316
11386 0.03497595021990282
11456 0.041434916848620426
11461 0.046759726313487536
11465 0.041434916848620426
11626 0.054194461260354175
11674 0.09065492244033473
11693 0.060196931113900634
11706 0.04934644385625578
11733 0.017764228720300448
11741 0.08023975513906073
11842 0.04834399379489975
11910 0.02445552147288762
11976 0.032280337780013116
12023 0.02139379652123435
12041 0.023277641154122262
12064 0.03491976863354835
12215 0.01954673305501658
12378 0.014938258390304654
12406 0.0255643634131904
12407 0.15869693082946879
12457 0.042410685166769456
12558 0.029807728284037934
12579 0.05036874610959673
12582 0.1660085008559511
12599 0.043484185871678585
12641 0.1419971048634538
12643 0.060196931113900634
12670 0.040119877569530366
12692 0.11560696211292674
12700 0.05584788996718256
12735 0.016830939884360588
12764 0.020832829201710843
12782 0.054194461260354175
12807 0.01721405401135195
12865 0.013296102469840384
12877 0.014704226082705538
12881 0.028199461981776478
12894 0.036049450924811946
12910 0.039715072726879755
12915 0.03497595021990282
12928 0.02861471597794531
12948 0.04891104294577524
12968 0.06578684416837298
12992 0.032280337780013116
13057 0.030291692565226454
13064 0.030291692565226454
13077 0.042410685166769456
13088 0.04059949562300101
13258 0.060196931113900634
13336 0.011465300315990431
13659 0.037892726273300724
13688 0.0632826249140492
13754 0.013816045385742007
13775 0.05809339208951055
13787 0.018674215232849362
13860 0.03523442188924443
13872 0.11691782648981278
13919 0.047974120658455126
13925 0.03310582615842617
14039 0.09239558885488865
14046 0.04467719817777121
14062 0.013262319590769293
14065 0.04381985247398673
14072 0.016059601561903884
14101 0.08108112221058564
14189 0.026682672769117264
14246 0.03894859993194499
