15 0.041584217663016745
82 0.05558961720651348
107 0.04403928353878326
339 0.0307380822594334
341 0.09165469263106066
390 0.033958086502809987
440 0.0487788354143943
500 0.06491174214086795
576 0.04649434941454977
583 0.041152704254187544
599 0.037572347905945616
676 0.040737478311850296
681 0.05929154585919677
776 0.06174661173496327
811 0.036691703499885465
819 0.05166541469899001
1064 0.03418036035765018
1091 0.03195215162427442
1092 0.07072906494293778
1099 0.02451093543205801
1123 0.17400994116801863
1127 0.042459738958275796
1133 0.020429357849787395
1145 0.033958086502809987
1230 0.08436005435805093
1344 0.0487788354143943
1397 0.02082233468119355
1417 0.04519847906615237
1451 0.06082893070531149
1550 0.0457367008227285
1567 0.01980406563914308
1615 0.06836072071530036
1618 0.0292075379430191
1703 0.0351172820301791
1718 0.06206933001836412
1793 0.04350248529200466
1846 0.0346388509314609
1871 0.020689776672788044
1914 0.04796348604630673
1928 0.03820121515532358
1940 0.06410741838109084
1942 0.021725228198184794
1958 0.05558961720651348
2023 0.05929154585919677
2027 0.06174661173496327
2034 0.1528048606212943
2058 0.032909466595702375
2111 0.037572347905945616
2137 0.028250222971591143
2182 0.09664110731493494
2371 0.027249334946751066
2425 0.12296332175486134
2435 0.2057635212709377
2558 0.016838283350083097
2595 0.04649434941454977
2617 0.03010009591993039
2625 0.0487788354143943
2648 0.01968316132787798
2763 0.02812001811935031
2770 0.05266391068520646
2852 0.030256157850126707
2927 0.017757681517965796
2965 0.05815976583314216
3015 0.07705932575474714
3020 0.0351172820301791
3021 0.04299066363167564
3076 0.04720441394468793
3089 0.04460362167880506
3099 0.027864141898233354
3216 0.1100751104996564
3220 0.06860505123409275
3332 0.020429357849787395
3355 0.04033735488609997
3383 0.04582734631553033
3432 0.010781218496855422
3478 0.04460362167880506
3512 0.023111951099226643
3527 0.02414416208218005
3536 0.03536453247146889
3543 0.05558961720651348
3544 0.025795157095824636
3560 0.04250159726716458
3633 0.0384559804380499
3648 0.10755097501387038
3666 0.025900441933774034
3721 0.02082233468119355
3728 0.026442530962864735
3734 0.018116758941329823
3742 0.03440721750004093
3790 0.021581406782812344
3820 0.05412048057475652
3845 0.11457122196132238
3865 0.03960813127828616
3908 0.024604571585376638
3914 0.031071507218214275
3956 0.02075585604022849
3984 0.013884063842567322
4052 0.0292075379430191
4071 0.0739549810371966
4182 0.03352657309398079
4191 0.03852966287737357
4219 0.018274310773567278
4278 0.03820121515532358
4291 0.05558961720651348
4295 0.04796348604630673
4355 0.04796348604630673
4371 0.05929154585919677
4383 0.01980406563914308
4391 0.039578282784481174
4393 0.0755513025048032
4452 0.019504260124238514
4542 0.025283335435495623
4593 0.06748042880204301
4652 0.03886821825434301
4702 0.12496834837654501
4805 0.04460362167880506
4817 0.024418089466667032
4827 0.03501637650188158
4881 0.019865019709765588
4922 0.017961431444671116
4974 0.025485215991436782
4989 0.04720441394468793
5009 0.05728561098066119
5038 0.033958086502809987
5051 0.02701271977125414
5073 0.06491174214086795
5089 0.04965947982045445
5151 0.04203334866024769
5160 0.0372708994161099
5172 0.06791617300561997
5210 0.0351172820301791
5228 0.1278086064970977
5260 0.019154955179627422
5299 0.034875466106957825
5358 0.02489035860408947
5359 0.04250159726716458
5438 0.04403928353878326
5455 0.02761408155229134
5489 0.10824096114951304
5520 0.02761408155229134
5551 0.01750818825094079
5571 0.02451093543205801
5582 0.031242087094136253
5610 0.039578282784481174
5613 0.024699011492328678
5689 0.037835638733459534
5775 0.04649434941454977
5798 0.03819560172187123
5840 0.1092394571357295
5929 0.0487788354143943
5938 0.04330616497302535
5945 0.0369774905185983
5991 0.04796348604630673
6032 0.03852966287737357
6044 0.01843415157435063
6062 0.029794460110688856
6068 0.028250222971591143
6102 0.020889217450117143
6108 0.04965947982045445
6154 0.02278833419244899
6155 0.0358763541317979
6245 0.04091517266420603
6250 0.08406669732049538
6278 0.035616532700181586
6294 0.05522816310458268
6310 0.015651269396753303
6405 0.05412048057475652
6412 0.02906557233967871
6420 0.03886821825434301
6446 0.029794460110688856
6606 0.014467097282934596
6618 0.03561746732601145
6632 0.2129012574685902
6633 0.10187425950842995
6696 0.031242087094136253
6775 0.017757681517965796
7029 0.05282461022635913
7056 0.06174661173496327
7099 0.03774092835335865
7169 0.06174661173496327
7197 0.05558961720651348
7218 0.0487788354143943
7219 0.04965947982045445
7239 0.03995127381274219
7242 0.01633912971833383
7313 0.06174661173496327
7352 0.04582734631553033
7401 0.04978071720817894
7479 0.018928098037236673
7491 0.016428216695815064
7495 0.0369774905185983
7580 0.012611879577819845
7633 0.017859084831230027
7641 0.033740214401021505
7736 0.041584217663016745
7760 0.06174661173496327
7785 0.04350248529200466
7833 0.03614147977053065
7856 0.03418036035765018
8163 0.05558961720651348
8250 0.01492558785674531
8293 0.04073041001119588
8344 0.021725228198184794
8493 0.05558961720651348
8658 0.013129724880021738
8706 0.05435027682398947
8716 0.056500445943182286
8744 0.012909770098740106
8931 0.08867331580192839
9095 0.05412048057475652
9099 0.02102421523713471
9134 0.024699011492328678
9152 0.06174661173496327
9310 0.0392175231989541
9334 0.1416132418340638
9367 0.03177029324238681
9423 0.04403928353878326
9497 0.04491226603987252
9611 0.041584217663016745
9645 0.017808266350090793
9654 0.023789222217289067
9661 0.039578282784481174
9821 0.0364131523785765
9880 0.041584217663016745
9899 0.03159139203874735
9911 0.037572347905945616
9989 0.03352657309398079
10000 0.06174661173496327
10037 0.027738401311262133
10079 0.07110674399017135
10120 0.05166541469899001
10125 0.10996460347988939
10136 0.05412048057475652
10219 0.06174661173496327
10234 0.027738401311262133
10238 0.06174661173496327
10261 0.06174661173496327
10316 0.020624091811384387
10386 0.04672213548087422
10396 0.02935135935839155
10460 0.021581406782812344
10506 0.031071507218214275
10567 0.044099276738871235
10587 0.14876561442590733
10588 0.033958086502809987
10785 0.03159139203874735
10856 0.03331700139364673
10866 0.03820121515532358
10884 0.026442530962864735
10904 0.06283070675499164
10922 0.0372708994161099
10938 0.05412048057475652
10945 0.032516489764296226
10950 0.042878882358943916
11000 0.04907100829732283
11069 0.05929154585919677
11138 0.028650346397341465
11186 0.04649434941454977
11232 0.020956509290506492
11269 0.05728561098066119
11325 0.022473964759723637
11365 0.017025559047962546
11456 0.04250159726716458
11461 0.04796348604630673
11465 0.04250159726716458
11626 0.05558961720651348
11674 0.09298869882909953
11693 0.06174661173496327
11706 0.05061679479188241
11733 0.01822154241531067
11741 0.08230540850837509
11842 0.04958853814196911
11910 0.025085092565686466
11976 0.03311134715164354
12023 0.021944548050696597
12064 0.04298247148069424
12215 0.02004993467775593
12247 0.05061679479188241
12406 0.0262224799955169
12407 0.1627823477066716
12457 0.04350248529200466
12579 0.05166541469899001
12582 0.17028214324847366
12599 0.04460362167880506
12641 0.145652609514306
12643 0.06174661173496327
12670 0.041152704254187544
12692 0.11858309171839354
12700 0.05728561098066119
12735 0.01726422744388272
12764 0.021369139460363614
12782 0.05558961720651348
12807 0.01765720427528887
12865 0.013638390888068678
12881 0.028925415264591928
12894 0.0369774905185983
12910 0.040737478311850296
12915 0.0358763541317979
12928 0.02935135935839155
12948 0.05017018513137293
12968 0.06748042880204301
12992 0.03311134715164354
13006 0.0364131523785765
13057 0.031071507218214275
13064 0.031071507218214275
13077 0.04350248529200466
13088 0.0416446693623871
13258 0.06174661173496327
13336 0.023520914901681258
13688 0.06491174214086795
13719 0.03995127381274219
13754 0.01417171896241479
13773 0.06491174214086795
13775 0.05958892022137771
13787 0.019154955179627422
13860 0.03614147977053065
13872 0.11992770235250749
13919 0.049209143170753276
13925 0.033958086502809987
14039 0.09477417611624203
14046 0.04582734631553033
14062 0.02720747663786229
14065 0.044947929519447274
14072 0.016473032161470162
14101 0.08316843532603349
14189 0.027369578565531
14246 0.03995127381274219
