12 0.017028955104630886
108 0.013997212670140887
300 0.01882294930443815
311 0.02661760298937395
321 0.018320756989865353
328 0.016654404081680254
436 0.027130726162177654
440 0.026145575427666243
482 0.015429913982337758
568 0.027692789004459945
937 0.031780414011834006
1001 0.016475687485943333
1041 0.03718396035044594
1091 0.06850572657355182
1092 0.018955476147429533
1230 0.015072398685226883
1313 0.0532352059787479
1364 0.19068248407100405
1451 0.0489066840904125
1461 0.01011549573310915
1466 0.028314120650424147
1479 0.018201617658473945
1519 0.01048612215974014
1528 0.03070522799674801
1549 0.03479285300412207
1577 0.03070522799674801
1604 0.0202309914662183
1612 0.023907650624355684
1667 0.024563570031212876
1718 0.033269313134543586
1788 0.03479285300412207
1928 0.020475945023838815
1942 0.0349343268067005
2034 0.020475945023838815
2086 0.018566509062021317
2095 0.017326355749414546
2160 0.056866428442288605
2182 0.031079922338246687
2321 0.029796171173842676
2344 0.027130726162177654
2357 0.03964005123396325
2359 0.017428918270657758
2360 0.03309633534307188
2382 0.04942706245783
2384 0.013188110720270393
2424 0.01882294930443815
2425 0.04393909471141129
2435 0.022057950420292186
2442 0.03479285300412207
2462 0.015003424842493163
2471 0.018566509062021317
2476 0.027130726162177654
2528 0.03070522799674801
2558 0.009025361176870174
2564 0.018201617658473945
2609 0.02846626396498259
2618 0.018320756989865353
2648 0.01055022275093296
2675 0.03479285300412207
2692 0.018566509062021317
2720 0.022529977981999887
2726 0.028314120650424147
2770 0.014113992651099885
2816 0.019371921805436083
2819 0.03309633534307188
2862 0.03718396035044594
2864 0.028314120650424147
2911 0.03479285300412207
2959 0.029796171173842676
3020 0.01882294930443815
3099 0.014935248403090679
3103 0.020651993808479728
3130 0.016733646243024137
3165 0.01565531197820033
3216 0.03933368614793664
3383 0.04912714006242575
3451 0.031780414011834006
3454 0.016475687485943333
3481 0.015003424842493163
3488 0.03309633534307188
3544 0.013826267474158757
3606 0.040023879789851086
3609 0.029008710335697813
3633 0.005153124960068178
3639 0.7436792070089189
3696 0.023907650624355684
3734 0.019421254459289862
3776 0.019091049849867224
3810 0.022529977981999887
3928 0.013997212670140887
3975 0.03718396035044594
3984 0.007441892274682244
3985 0.0126123174961693
3996 0.03718396035044594
4029 0.019371921805436083
4219 0.01959015079634
4300 0.02228924266584801
4338 0.023043101154803593
4355 0.025708546166468615
4356 0.0532352059787479
4391 0.021214056650762012
4393 0.06749280576014104
4530 0.03718396035044594
4575 0.024921085328323753
4577 0.024835421875665058
4593 0.01808483767751495
4660 0.014801215444313521
4784 0.01605124562830196
4815 0.018566509062021317
4820 0.040277741271352044
4854 0.026145575427666243
4881 0.031943097869070076
4902 0.03718396035044594
4905 0.03718396035044594
4913 0.0163022280301375
4922 0.03850948524178383
4948 0.022780960383835428
4957 0.01565531197820033
4991 0.01693306362066824
4997 0.016475687485943333
5012 0.03718396035044594
5059 0.010055927586957327
5064 0.037910952294859065
5138 0.027692789004459945
5185 0.03964005123396325
5193 0.03479285300412207
5195 0.027130726162177654
5197 0.01882294930443815
5228 0.017126431643387955
5231 0.018955476147429533
5247 0.006462597743558896
5278 0.03479285300412207
5336 0.020304999827856683
5390 0.009545274444064977
5515 0.03718396035044594
5520 0.014801215444313521
5561 0.029796171173842676
5595 0.02661760298937395
5634 0.031780414011834006
5685 0.012344216950740223
5689 0.006759998388342557
5739 0.022780960383835428
5798 0.010236468104869816
5829 0.020475945023838815
5840 0.01951753898971182
5841 0.03479285300412207
5884 0.03718396035044594
5929 0.026145575427666243
5938 0.034818315971451075
5962 0.01188227869230986
6044 0.029642251378350273
6049 0.03718396035044594
6067 0.030006849684986327
6068 0.015142188805396625
6077 0.021413980756788607
6108 0.02661760298937395
6235 0.0245149838247343
6245 0.0073102109684802016
6294 0.014801215444313521
6310 0.02516735635907263
6411 0.025301681658136076
6484 0.01922981381277069
6519 0.034588551846168915
6632 0.0163022280301375
6633 0.018201617658473945
6696 0.016745835313575628
6723 0.02921142073817461
6756 0.021214056650762012
6760 0.03718396035044594
6775 0.009518160849970645
6783 0.031780414011834006
6836 0.024226495643050083
6880 0.017326355749414546
6918 0.025708546166468615
6936 0.03330880816336051
6949 0.01808483767751495
7020 0.012300695009090694
7081 0.07267948692915026
7099 0.040458460337972756
7172 0.03718396035044594
7239 0.021413980756788607
7242 0.008757813605920114
7247 0.03718396035044594
7422 0.010205991570232617
7468 0.007615635665889904
7479 0.010145506975117232
7491 0.0088055644443641
7495 0.019820025616981624
7533 0.013188110720270393
7561 0.028314120650424147
7566 0.024864472880756723
7571 0.015284296798062027
7572 0.018693335376461367
7580 0.006759998388342557
7581 0.03309633534307188
7627 0.03391663859957432
7633 0.019145026549208067
7693 0.009464304801443538
7758 0.02331743882014475
7785 0.02331743882014475
7802 0.022529977981999887
7809 0.18591980175222972
7857 0.02360516399708588
7891 0.01987713314562257
7897 0.03718396035044594
7965 0.015003424842493163
8000 0.03070522799674801
8013 0.027130726162177654
8042 0.01951753898971182
8115 0.050727534875586164
8124 0.028554482549911938
8157 0.020651993808479728
8284 0.02331743882014475
8309 0.029796171173842676
8346 0.03506659230344099
8384 0.02228924266584801
8463 0.012172023802933063
8484 0.03330880816336051
8499 0.03964005123396325
8706 0.019421254459289862
8729 0.03070522799674801
8827 0.029796171173842676
8875 0.015504093530568102
8997 0.004658311059128738
9021 0.049842170656647505
9039 0.03718396035044594
9099 0.01126903093565423
9113 0.11710523393827092
9117 0.027692789004459945
9367 0.017028955104630886
9414 0.025708546166468615
9437 0.022057950420292186
9497 0.004814616951787189
9510 0.06958570600824414
9551 0.03479285300412207
9584 0.01693306362066824
9602 0.018442352974625827
9611 0.04457848533169602
9622 0.031780414011834006
9645 0.009545274444064977
9737 0.03718396035044594
9867 0.017533296151720494
10076 0.03718396035044594
10079 0.038113389190553806
10104 0.031780414011834006
10125 0.014735324297064088
10260 0.01951753898971182
10316 0.011054563798022566
10322 0.018693335376461367
10323 0.03479285300412207
10396 0.015732400609607563
10460 0.011567686970826272
10506 0.016654404081680254
10516 0.007073197455119673
10519 0.01951753898971182
10564 0.02331743882014475
10583 0.015579218066594258
10587 0.0797387342270966
10752 0.01722554651979333
10817 0.022057950420292186
10837 0.02183538829672622
10856 0.017857994467498063
10871 0.03718396035044594
10876 0.031780414011834006
10904 0.15154835819802143
10922 0.019977293505726135
10945 0.017428918270657758
10999 0.0036069040937098135
11000 0.02151996611691479
11019 0.025301681658136076
11087 0.021214056650762012
11102 0.04916496004939427
11135 0.02921142073817461
11161 0.024921085328323753
11171 0.03070522799674801
11183 0.03479285300412207
11232 0.011232740382191218
11365 0.009125741410286554
11369 0.020475945023838815
11375 0.03718396035044594
11490 0.05229115085533249
11502 0.018566509062021317
11511 0.014541956274344372
11522 0.03718396035044594
11531 0.042428113301524024
11553 0.021620921159094555
11569 0.02661760298937395
11576 0.012388062478569271
11587 0.04721032799417176
11632 0.03718396035044594
11634 0.015356655943028291
11726 0.02183538829672622
11733 0.009766791428713341
11815 0.02846626396498259
11890 0.04721032799417176
11905 0.012989866966535313
11955 0.01565531197820033
11967 0.020475945023838815
11995 0.022780960383835428
12057 0.011305546199858104
12064 0.0038397850236306197
12191 0.03479285300412207
12192 0.022529977981999887
12215 0.010746814166095405
12254 0.018693335376461367
12262 0.03549552657870431
12264 0.01966684307396832
12336 0.03995458701145227
12394 0.03309633534307188
12406 0.014055313596538634
12437 0.029796171173842676
12582 0.07823283981608335
12614 0.027211571714689412
12641 0.01951753898971182
12695 0.01313792151241927
12733 0.011054563798022566
12804 0.03309633534307188
12810 0.015504093530568102
12834 0.009776359212424306
12843 0.022529977981999887
12845 0.03718396035044594
12850 0.021214056650762012
12868 0.03309633534307188
12877 0.016168797591118004
12881 0.015504093530568102
12894 0.019820025616981624
12918 0.029008710335697813
12932 0.019820025616981624
12961 0.02228924266584801
12994 0.01621737482048262
13014 0.03718396035044594
13041 0.1568734525659975
13088 0.022321644924987467
13101 0.03070522799674801
13109 0.048452991286100165
13112 0.02129539857938005
13338 0.016564368801105667
13398 0.03718396035044594
13557 0.018566509062021317
13614 0.013826267474158757
13619 0.021020688628042298
13663 0.11155188105133781
13676 0.011491593059220196
13705 0.10069435317838013
13770 0.016388320016464758
13775 0.031939807399367845
13786 0.02393782994371535
13806 0.013551929808817599
13827 0.05645597060439954
13832 0.013341293263283696
13860 0.05811576541630826
13872 0.04285436174775784
13873 0.03309633534307188
13912 0.011342288974963696
13919 0.013188110720270393
13937 0.03718396035044594
13948 0.022109127596045133
13987 0.020833460320949692
13992 0.03718396035044594
14022 0.028314120650424147
14059 0.11155188105133781
14065 0.024092200471463994
14163 0.0047660800825087
14167 0.03479285300412207
14198 0.014935248403090679
