153 0.05263857297069616
210 0.04226995476514968
587 0.05642173959933258
637 0.03285918468321744
782 0.07380350601393794
836 0.16583749305771026
968 0.026497006929522546
995 0.06429634605111623
1384 0.08291874652885513
1567 0.023671087958196405
1618 0.03491072046969238
1635 0.05732903120356345
1689 0.019112062924434764
1770 0.043523332455778954
1791 0.08291874652885513
1871 0.12364873263422421
2034 0.13698161890521446
2052 0.06050043579498406
2144 0.04645778446918635
2182 0.023102328514886777
2194 0.04490887721154202
2234 0.07915360665052253
2425 0.024495606591829706
2780 0.04454856666481958
2793 0.02275895359482873
2927 0.04245023711844203
3020 0.04197442519813463
3137 0.08468191031805589
3181 0.04319861195050173
3220 0.027333717424988444
3345 0.05642173959933258
3454 0.03674012508781039
3543 0.06644427171848065
3633 0.022982525710997084
3648 0.025710363073238814
3679 0.047752321856287736
3721 0.024888188350544325
3756 0.030957867457212292
3852 0.03201047006798839
3882 0.04140257369925295
3914 0.1114159678761663
3985 0.02812496430584659
4230 0.08291874652885513
4287 0.04970412095728876
4298 0.037760055601563404
4355 0.05732903120356345
4393 0.06020250452724325
4660 0.03300611931002369
4808 0.023172092669418557
4922 0.02146865352443467
4974 0.030461562810344064
5059 0.02242431690537871
5070 0.03863708134137053
5247 0.028822669729943632
5260 0.0228952295530712
5390 0.02128558079118892
5548 0.03474103408584872
5610 0.09461299816883079
5685 0.027527110796936673
5689 0.01507452642525538
5699 0.05557302498410355
5840 0.043523332455778954
5929 0.05830358900196387
6109 0.04927957181280769
6245 0.03260295700915553
6310 0.037414799698069046
6528 0.057078375828093955
6632 0.07270663485797083
6693 0.03228733318433575
6725 0.05732903120356345
6730 0.054775780149988684
7170 0.03754964291608473
7422 0.02275895359482873
7479 0.022624075363354583
7572 0.04168539131526617
7633 0.02134632229542687
7649 0.03134278797930628
8124 0.06367535567766304
8207 0.05263857297069616
8293 0.024341797677210158
8463 0.027143126954374933
8645 0.08291874652885513
8688 0.023743944168300238
8758 0.03841228078543324
8996 0.014447314401197958
8997 0.010387847618276257
9028 0.034573509370833366
9126 0.11129056145580686
9204 0.048078947470630566
9287 0.04605312139378611
9402 0.033923969334964166
9497 0.053682017581807046
9695 0.03863708134137053
9719 0.021530248542369974
9932 0.02929704027051604
10005 0.04140257369925295
10044 0.05557302498410355
10079 0.11332178096370117
10125 0.06571836936643488
10237 0.07086905400053055
10256 0.7462687187596962
10281 0.03933550275174228
10316 0.02465123577253111
10354 0.054024117726459216
10460 0.05159095990955038
10483 0.0533131060687999
10567 0.02635514034339048
10587 0.14817849393470792
10657 0.020181799755598844
10904 0.03754964291608473
10930 0.02128558079118892
10945 0.03886579166760194
10992 0.03909855017372907
11000 0.026660369431403805
11102 0.07309059824030859
11108 0.031605806992588144
11186 0.05557302498410355
11213 0.02667839618170763
11255 0.0327694197456859
11356 0.023172092669418557
11511 0.03242798171528264
11536 0.06468826549902074
11616 0.1417381080010611
11815 0.03173931587827178
11957 0.023383633621577804
12041 0.028539187914046978
12057 0.025210916504891687
12064 0.00856256724940013
12175 0.024039473735315283
12215 0.02396496638423528
12254 0.04168539131526617
12407 0.03242798171528264
12582 0.029076018054581
12810 0.034573509370833366
12834 0.032701335893353556
12903 0.04257116158237784
12904 0.05138519528006686
12928 0.03508262503896551
12946 0.08291874652885513
12948 0.05996661931762373
13016 0.050240951097822784
13064 0.037138655958722094
13079 0.018857693053891813
13514 0.1146580624071269
13676 0.025625793570931532
13754 0.016938946385590535
13761 0.06294727985490874
13912 0.02529285142594457
13919 0.058817920399135935
14062 0.04878017860199936
14070 0.07380350601393794
14079 0.047752321856287736
14083 0.03797388978108697
14163 0.010628168236335384
