15 0.04157176788502241
82 0.055572974392679164
107 0.044026098745756
339 0.030728879674375705
341 0.09162725239917648
390 0.03394791989004602
440 0.048764231660714176
500 0.06489230840315938
576 0.04648042960648958
583 0.04114038366573779
599 0.03756109922997086
676 0.04072528203668789
681 0.059273794735708776
776 0.06172812559644235
811 0.036680718477478426
819 0.05164994674073239
1064 0.034170127198963215
1091 0.03194258556252025
1092 0.07070788957387296
1099 0.024503597174379686
1123 0.1739578448377737
1127 0.042447027060506994
1133 0.02042324156375172
1145 0.03394791989004602
1230 0.08433479804670563
1344 0.048764231660714176
1397 0.020816100742967147
1417 0.045184947224947244
1451 0.06081071930864532
1550 0.04572300784487689
1567 0.01979813655752393
1615 0.06834025439792643
1618 0.029198793583173295
1703 0.035106768369237276
1718 0.062050747262154836
1793 0.04348946120944343
1846 0.03462848050661438
1871 0.020683582420718282
1914 0.04794912639770278
1928 0.03818977820461185
1940 0.06408822544753363
1942 0.021718723945294057
1958 0.055572974392679164
2023 0.059273794735708776
2027 0.06172812559644235
2034 0.1527591128184474
2058 0.03289961392620289
2111 0.03756109922997086
2137 0.02824176521949065
2182 0.09661217421485964
2371 0.02724117684760563
2425 0.12292650812355295
2435 0.20570191832868892
2558 0.016833242185398622
2595 0.04648042960648958
2617 0.03009108433974754
2625 0.048764231660714176
2648 0.019677268443448973
2763 0.02811159934890188
2770 0.05264814379013927
2852 0.030247099547016425
2927 0.017752365097337557
2965 0.058142353549984815
3015 0.07703625518730702
3020 0.035106768369237276
3021 0.04297779278191286
3076 0.04719028155247302
3089 0.04459026793022322
3099 0.027855799733822646
3216 0.11004215543243528
3220 0.06858451176731534
3332 0.02042324156375172
3355 0.04032527840272639
3383 0.04581362619958824
3432 0.0107779907392027
3478 0.04459026793022322
3512 0.02310503167939932
3527 0.02413693363170833
3536 0.03535394478693648
3543 0.055572974392679164
3544 0.025787434358757067
3560 0.0424888728375584
3633 0.038444467213901067
3648 0.10751877564023186
3666 0.025892687675785012
3721 0.020816100742967147
3728 0.026434614410417754
3734 0.018111335017556046
3742 0.03439691642325383
3790 0.021574945588196906
3820 0.05410427760146596
3845 0.11453692081636598
3865 0.03959627311504786
3908 0.024597205294242683
3914 0.03106220481002781
3956 0.020749642004849078
3984 0.013879907133069986
4052 0.029198793583173295
4071 0.07393283987049366
4182 0.0335165356707614
4191 0.03851812759365351
4219 0.018268839680808627
4278 0.03818977820461185
4291 0.055572974392679164
4295 0.04794912639770278
4355 0.04794912639770278
4371 0.059273794735708776
4383 0.01979813655752393
4391 0.03956643355749663
4393 0.07552868342005836
4452 0.0194984208005206
4542 0.0252757659312265
4593 0.06746022603270499
4652 0.03885658161151319
4702 0.12493093446614721
4805 0.04459026793022322
4817 0.024410779005872282
4827 0.035005893050752426
4881 0.019859072379284495
4922 0.01795605402394485
4974 0.02547758604673511
4989 0.04719028155247302
5009 0.05726846040818299
5038 0.03394791989004602
5051 0.027004632511637993
5073 0.06489230840315938
5089 0.04964461241320661
5151 0.042020764418230216
5160 0.037259740989921866
5172 0.06789583978009205
5210 0.035106768369237276
5228 0.127770342250081
5260 0.019149220433301056
5299 0.03486502484258202
5358 0.024882906752011085
5359 0.0424888728375584
5438 0.044026098745756
5455 0.027605814252720396
5489 0.10820855520293192
5520 0.027605814252720396
5551 0.017502946525376213
5571 0.024503597174379686
5582 0.031232733616536803
5610 0.03956643355749663
5613 0.024691616927105618
5689 0.03782431123160961
5775 0.04648042960648958
5798 0.038184166451749026
5840 0.10920675225233882
5929 0.048764231660714176
5938 0.043293199666233496
5945 0.03696641993524683
5991 0.04794912639770278
6032 0.03851812759365351
6044 0.018428632627319468
6062 0.02978554003392211
6068 0.02824176521949065
6102 0.020882963488053054
6108 0.04964461241320661
6154 0.022781511659346273
6155 0.03586561321446704
6245 0.04090292318964823
6250 0.08404152883646043
6278 0.035605869570033546
6294 0.05521162850544079
6310 0.01564658360872434
6405 0.05410427760146596
6412 0.029056870482502037
6420 0.03885658161151319
6446 0.02978554003392211
6606 0.014462766020751078
6618 0.0356068039160485
6632 0.2128375175802586
6633 0.10184375967013805
6696 0.031232733616536803
6775 0.017752365097337557
7029 0.05280879521992364
7056 0.06172812559644235
7099 0.037729629206573995
7169 0.06172812559644235
7197 0.055572974392679164
7218 0.048764231660714176
7219 0.04964461241320661
7239 0.0399393129170584
7242 0.016334237993803572
7313 0.06172812559644235
7352 0.04581362619958824
7401 0.04976581350402217
7479 0.01892243120901044
7491 0.016423298299793693
7495 0.03696641993524683
7580 0.012608103743869871
7633 0.017853738051758723
7641 0.033730113016352495
7736 0.04157176788502241
7760 0.06172812559644235
7785 0.04348946120944343
7833 0.036130659478005825
7856 0.034170127198963215
8163 0.055572974392679164
8250 0.014921119328402245
8293 0.04071821585219145
8344 0.021718723945294057
8493 0.055572974392679164
8658 0.013125794009872693
8706 0.05433400505266813
8716 0.0564835304389813
8744 0.012905905080213373
8931 0.08864676815578289
9095 0.05410427760146596
9099 0.021017920858475755
9134 0.024691616927105618
9152 0.06172812559644235
9310 0.039205781978732736
9334 0.14157084465741906
9367 0.03176078162668472
9423 0.044026098745756
9497 0.044898819887152996
9611 0.04157176788502241
9645 0.017802934785016773
9654 0.02378210003123129
9661 0.03956643355749663
9821 0.03640225075077961
9880 0.04157176788502241
9899 0.031581933983756354
9911 0.03756109922997086
9923 0.06935197359141874
9989 0.0335165356707614
10000 0.06172812559644235
10037 0.027730096791960087
10079 0.07108545554887491
10120 0.05164994674073239
10125 0.10993168149704353
10136 0.05410427760146596
10219 0.06172812559644235
10234 0.027730096791960087
10238 0.06172812559644235
10261 0.06172812559644235
10316 0.02061791722451426
10386 0.046708147476606066
10396 0.029342571940270446
10460 0.021574945588196906
10506 0.03106220481002781
10567 0.04408607398465427
10587 0.14872107592123227
10588 0.03394791989004602
10785 0.031581933983756354
10856 0.03330702671348925
10866 0.03818977820461185
10884 0.026434614410417754
10904 0.06281189605241534
10922 0.037259740989921866
10938 0.05410427760146596
10945 0.03250675474698747
10950 0.0428660449750513
11000 0.04905631707085296
11069 0.059273794735708776
11138 0.028641768853452144
11186 0.04648042960648958
11232 0.020950235182134
11269 0.05726846040818299
11325 0.022467236344771158
11365 0.017020461815351506
11456 0.0424888728375584
11461 0.04794912639770278
11465 0.0424888728375584
11626 0.055572974392679164
11674 0.09296085921297915
11693 0.06172812559644235
11706 0.05060164077688926
11733 0.01821608712071734
11741 0.08228076733147557
11842 0.04957369197374409
11910 0.025077582412773625
11976 0.0331014340417115
12023 0.021937978136273028
12064 0.04296960308355572
12215 0.020043931986120325
12247 0.05060164077688926
12406 0.0262146293234891
12407 0.1627336127729819
12457 0.04348946120944343
12579 0.05164994674073239
12582 0.170231162972807
12599 0.04459026793022322
12641 0.14560900300311844
12643 0.06172812559644235
12670 0.04114038366573779
12692 0.11854758947141755
12700 0.05726846040818299
12735 0.0172590587570347
12764 0.021362741815844546
12782 0.055572974392679164
12807 0.01765191793625012
12865 0.013634307729882745
12881 0.028916755368634372
12894 0.03696641993524683
12910 0.04072528203668789
12915 0.03586561321446704
12928 0.029342571940270446
12948 0.05015516482554725
12968 0.06746022603270499
12992 0.0331014340417115
13006 0.03640225075077961
13057 0.03106220481002781
13064 0.03106220481002781
13077 0.04348946120944343
13088 0.04163220148593429
13258 0.06172812559644235
13336 0.02351387304337043
13719 0.0399393129170584
13754 0.014167476132687658
13773 0.06489230840315938
13775 0.05957108006784422
13787 0.019149220433301056
13860 0.036130659478005825
13872 0.11989179754646404
13919 0.049194410588485366
13925 0.03394791989004602
14039 0.09474580195126904
14046 0.04581362619958824
14062 0.027199331070554222
14065 0.044934472689542315
14072 0.016468100348276855
14101 0.08314353577004482
14189 0.027361384466998217
14246 0.0399393129170584
