46 0.06539229158729809
77 0.07201983424583529
421 0.03906121010226928
898 0.04629765843530533
917 0.035026329733718456
971 0.09730100233119625
1002 0.033165525579377325
1027 0.033674052796434525
1054 0.03851569121103789
1127 0.028944305966412648
1162 0.040215634667999524
1185 0.2345499654985476
1249 0.0379893173336059
1402 0.04259472856253813
1564 0.05002460771476703
1566 0.06894141270303708
1625 0.051225257636880905
1959 0.07150222802210061
1963 0.01977520878888254
1996 0.16831989444621853
2017 0.033165525579377325
2352 0.0323150888319462
2359 0.04433221926382442
2384 0.03354529564298403
2479 0.07210225267447821
2648 0.053671120721698974
2770 0.035900370130828134
2793 0.025959973480283043
2965 0.026431220076719605
2995 0.020890775577175245
3014 0.053960102188331714
3210 0.06247992879508402
3220 0.031178172428431915
3238 0.04722579668567399
3287 0.06539229158729809
3321 0.04668311982279221
3332 0.02785290719204141
3348 0.11862053563998458
3517 0.19718116271195504
3519 0.07005265946743691
3527 0.06583516825631058
3529 0.0643573904928089
3606 0.03393493095934722
3728 0.07210225267447821
3734 0.024699964096947732
3738 0.04213315010454492
3758 0.027592029029128714
3763 0.04660070139414927
3841 0.026351643676426274
3896 0.0884991463176183
3984 0.037858413808090394
4029 0.049274445591157345
4283 0.04660070139414927
4450 0.0398208719831791
4489 0.03894228393252096
4492 0.03906121010226928
4721 0.09084723607639131
4852 0.10416528098121364
4881 0.027083501812071517
5260 0.05223083298151026
5455 0.0376483909247024
5551 0.023870253095562597
5571 0.03341763430838017
5677 0.08426630020908984
5687 0.04307096272885458
5689 0.051584222173954565
5886 0.15624792147182046
6089 0.0884991463176183
6230 0.030640476283805756
6310 0.04267714699118106
6496 0.05554052217405229
6629 0.03635726178476024
6637 0.04690999309970951
6723 0.03715110396015735
6866 0.028663921797792088
6884 0.05931026781999229
7276 0.04690999309970951
7284 0.31780849385806614
7347 0.08418388178044692
7442 0.033291050297458005
7479 0.025806124785194885
7497 0.04190758019553917
7566 0.03162265283798141
7580 0.01719474072465152
7668 0.05554052217405229
7718 0.03162265283798141
7810 0.048560019318340364
7891 0.0252797509077629
8027 0.0398208719831791
8086 0.12495985759016803
8097 0.05553088541877196
8268 0.4081839625401577
8293 0.02776544270938598
8658 0.03580151772064517
8683 0.04213315010454492
8706 0.024699964096947732
8744 0.008800438835979895
8996 0.016479312071783003
8997 0.023697772181313886
9535 0.05499500328282089
9647 0.031735861800067725
9722 0.03666977551079804
9781 0.03420042667386651
9827 0.07306653397325957
9899 0.04307096272885458
9902 0.051917979097387636
9905 0.02400539019223276
9906 0.03304104257220894
9908 0.040215634667999524
9941 0.049274445591157345
10113 0.04082796933240371
10156 0.024488194232196343
10330 0.052530438409022114
10371 0.18763997239883803
10438 0.05081426983822805
10481 0.07201983424583529
10487 0.07810185801314108
10575 0.03304104257220894
10598 0.038338172970274635
10608 0.04459771497834371
10613 0.04600061672330102
10628 0.030121389322366268
10732 0.05085653624751234
10800 0.08083670256459193
10836 0.13068844165156357
10924 0.0257297881508484
10949 0.1604035362327868
10950 0.08769009331743793
10999 0.009174525960978914
11000 0.07906630897497552
11057 0.05669494673978252
11148 0.07578957989177529
11246 0.058077888475827635
11255 0.01868919992339989
11317 0.0323150888319462
11331 0.04690999309970951
11347 0.0884991463176183
11369 0.05208264049060682
11672 0.0643573904928089
11714 0.0323150888319462
11726 0.05554052217405229
11875 0.0368285083811968
11905 0.03304104257220894
12064 0.019533764396626272
12219 0.05208264049060682
12333 0.03666977551079804
12354 0.050707651413146225
12378 0.020890775577175245
12401 0.05164782406696591
12424 0.06162254594135809
12678 0.036512704795232324
12733 0.0281184029065607
12763 0.03488548253667354
12787 0.06247992879508402
12834 0.012433580027073806
12877 0.020563487329233653
13022 0.033291050297458005
13024 0.11608600640783094
13030 0.1604047530999953
13049 0.06338930517149252
13057 0.04236216396174065
13079 0.021510005261822902
13117 0.0737865934759697
13122 0.04356281388385452
13336 0.016033931772242407
13433 0.08418388178044692
13608 0.037315041288924024
13616 0.06149296922778197
13695 0.03924754934668313
13709 0.03605112633723911
13744 0.04103776458828295
13761 0.035900370130828134
13786 0.020296098497241594
13787 0.1828079154352859
13822 0.024629041429241265
13874 0.0319881816050753
13880 0.0643573904928089
13912 0.028850261042205942
13916 0.05669494673978252
13919 0.03354529564298403
14010 0.05002460771476703
14212 0.09589462697179037
