12 0.06031980874261922
438 0.10554372452246194
639 0.16138901827892554
681 0.11257229132242963
1092 0.06714391392853541
1230 0.053389312520892795
1244 0.16138901827892554
1305 0.09610220962447034
1344 0.09261261771919725
1932 0.10554372452246194
2034 0.07252970485114887
2137 0.10727304489020231
2194 0.07133572304186653
2382 0.05836002925305782
2425 0.07782032934585065
2471 0.06576611828254084
2558 0.031969551665200074
2564 0.06447360329623861
2567 0.11723353580471825
2617 0.05714873372973284
2961 0.07980548157532491
2993 0.10029401873780147
3012 0.1317126836526857
3020 0.06667447855957791
3157 0.04725740675666137
3512 0.043880881405090354
3633 0.018253352017681967
3845 0.10876377727125984
3905 0.2074045433355817
3938 0.06101617305212491
3956 0.03940754518959115
3995 0.06447360329623861
4143 0.1546902247127512
4182 0.06365432202326232
4346 0.09261261771919725
4356 0.09428462942329238
4388 0.08069450913946277
4393 0.047814479631194035
4585 0.0846854609860547
4864 0.05998014280673923
4922 0.06820397288878366
4928 0.0756651127893849
4974 0.04838681666044066
5151 0.07980548157532491
5228 0.06066508924506884
5358 0.04725740675666137
5384 0.0846854609860547
5426 0.07020631313808723
5438 0.0836139956264947
5498 0.08700885269911635
5610 0.07514423709303629
5629 0.10554372452246194
5661 0.05600384476278022
5784 0.12324292511922731
5793 0.04897527796281254
5800 0.05998014280673923
5903 0.0481942899999122
5938 0.04111103993626462
6062 0.05656844655964942
6072 0.0676241418551066
6109 0.10437116533853076
6245 0.025894162312226077
6250 0.07980548157532491
6278 0.10143355102954639
6315 0.027467563314877392
6434 0.07980548157532491
6519 0.04083975047648314
6521 0.07585240642958495
6632 0.11549120551607384
6986 0.11723353580471825
7025 0.04653702520415744
7099 0.04777052916855523
7201 0.019428520964505733
7338 0.06576611828254084
7422 0.03615156982695913
7495 0.07020631313808723
7627 0.040046402161271547
7693 0.03352437375031187
7716 0.05964591175961022
7802 0.07980548157532491
8244 0.044513929693006236
8264 0.03636803803142253
8412 0.047814479631194035
8683 0.11734831079015404
8706 0.03439689479854019
8744 0.012255393069967853
9028 0.05491845804662593
9270 0.07658542882652701
9367 0.06031980874261922
9497 0.01705429205235259
9588 0.07895275114420608
9594 0.06031980874261922
9611 0.07895275114420608
9645 0.033811183676515456
9821 0.06913484777852723
9961 0.04999445544827114
10120 0.09809314347446217
10125 0.05219533071161044
10299 0.1317126836526857
10506 0.1769792326229211
10587 0.09414993792247847
10657 0.03205787735618997
10785 0.11996028561347846
10847 0.1651896362820722
10904 0.05964591175961022
10939 0.1317126836526857
10999 0.03832902789667591
11069 0.11257229132242963
11102 0.11610111400636283
11150 0.0624826694462468
11213 0.08475485469186318
11297 0.08962338494100376
11390 0.1317126836526857
11465 0.08069450913946277
11656 0.0836139956264947
11867 0.11257229132242963
11995 0.08069450913946277
12022 0.09809314347446217
12041 0.04533321096598252
12181 0.058050557003181416
12182 0.05465569993055976
12256 0.05656844655964942
12377 0.06210628097855955
12507 0.09428462942329238
12526 0.10029401873780147
12568 0.11257229132242963
12582 0.046185941397101374
12623 0.10029401873780147
12843 0.07980548157532491
12865 0.05178832462445215
12900 0.1469258338884376
12948 0.04762713313059208
13261 0.06210628097855955
13466 0.09261261771919725
13643 0.0719241843442384
13783 0.08827524010878332
13832 0.04725740675666137
13973 0.04533321096598252
14003 0.08700885269911635
14039 0.05998014280673923
14046 0.08700885269911635
14065 0.08533917176353076
14163 0.016882365198716817
14246 0.07585240642958495
