313 0.03608161957924397
811 0.040714606557899345
916 0.042754081038119736
940 0.03924192360500259
968 0.02459887945153012
998 0.04886778021573542
1001 0.06821645255806032
1123 0.09654425409604116
1458 0.021128603597049666
1515 0.13158462167745236
1519 0.06512560299273439
1604 0.020941257697672116
1655 0.02772691856004146
1657 0.03447820817462108
1721 0.04949399276911759
1942 0.02410719683463144
2017 0.05398628342873286
2065 0.06356644391050907
2086 0.038436677852707435
2227 0.06005428647739192
2334 0.05616645422799335
2335 0.0769788171003827
2425 0.25014935565060875
2426 0.06168450023789419
2428 0.04475996961490342
2617 0.03340029068802495
2621 0.05015407072063546
2678 0.1082539594955459
2919 0.042754081038119736
2927 0.019704645667016112
2965 0.02151214722971667
3010 0.017886872802851894
3014 0.04391767233735719
3062 0.2402171459095677
3099 0.06183837032606517
3130 0.017321128269071166
3157 0.08285806280324577
3216 0.08142921311579869
3301 0.3481388706252225
3321 0.01899749886413585
3332 0.02266924638937036
3648 0.023868587255000923
3916 0.08951993922980685
3938 0.03566059619535395
3940 0.029465652752414924
3985 0.0261102172172989
3992 0.031203115825187085
4052 0.03240987205400946
4128 0.13158462167745236
4383 0.021975396720052554
4393 0.11177973085675891
4402 0.04566471443627758
4452 0.021642720326783813
4590 0.07793512891795792
4612 0.04475996961490342
4652 0.08625951170880232
4698 0.05085188739833897
4742 0.05616645422799335
4818 0.05861633603213085
4864 0.03505509351665743
4923 0.05015407072063546
4962 0.04827212704802058
5002 0.03179158965238362
5064 0.03924192360500259
5390 0.019760776654168925
5455 0.06128341606504031
5939 0.0769788171003827
5962 0.07379663835459035
6278 0.0790431066166757
6279 0.10644446985279761
6315 0.01605327956254131
6412 0.032252341246403964
6519 0.04773717451000185
6531 0.04391767233735719
6579 0.035455407025861814
6606 0.01605327956254131
6620 0.04886778021573542
6632 0.033749127796863
6720 0.026494767692422417
6775 0.019704645667016112
7006 0.02885814094539994
7025 0.054396661767717125
7026 0.08625951170880232
7099 0.05583849217363854
7202 0.04770418891649796
7206 0.02740702772991544
7242 0.12691394025566663
7245 0.02485235156388824
7330 0.04664191328751831
7352 0.05085188739833897
7401 0.02761935426774859
7466 0.022043033835988192
7497 0.03410822627903016
7530 0.05412697974777295
7540 0.05969044239193141
7580 0.04198396362012548
7627 0.02340491881275273
7649 0.058195060689574654
7693 0.019593152031850705
7718 0.07721223178540111
7736 0.0461435392655743
7851 0.027198330883858562
7865 0.03473457020726718
7914 0.05159202116589655
8074 0.02921900864258354
8309 0.06168450023789419
8666 0.0379279180639103
8688 0.022043033835988192
8706 0.020103092580666122
8770 0.07202870922200447
9238 0.0769788171003827
9299 0.04351735882815281
9387 0.03980986173652519
9497 0.0299018862633536
9645 0.05928232996250676
9749 0.0461435392655743
9783 0.037368888130865904
9821 0.04040551490424004
9844 0.23093645130114807
9899 0.03505509351665743
9916 0.03952259040717251
9918 0.03566059619535395
9949 0.03566059619535395
9957 0.10400247162871734
9966 0.029097530344787327
9979 0.12716886626053076
10019 0.2631692433549047
10125 0.030505299147483577
10133 0.06168450023789419
10156 0.019930734872768956
10162 0.03240987205400946
10276 0.05733004552723081
10303 0.05616645422799335
10331 0.028507634530727667
10349 0.09328382657503662
10381 0.06005428647739192
10387 0.0379279180639103
10460 0.04789521348502817
10483 0.04949399276911759
10495 0.029097530344787327
10506 0.03447820817462108
10614 0.02231739298201182
10754 0.03586929304141082
10911 0.0769788171003827
10942 0.053222234926398805
10980 0.04716150098673661
10999 0.014934138693754252
11219 0.1123329084559867
11582 0.11466009105446162
11604 0.1466033406472063
11605 0.0769788171003827
11606 0.038436677852707435
11636 0.03149380737257575
11734 0.04566471443627758
11861 0.0734833950615237
12041 0.026494767692422417
12100 0.17732623341162482
12219 0.04238962208684358
12226 0.0769788171003827
12236 0.07202870922200447
12255 0.04886778021573542
12302 0.07202870922200447
12316 0.03466749054290578
12374 0.05412697974777295
12387 0.057015269061455334
12413 0.02485235156388824
12513 0.0522204344345978
12523 0.023712066288017992
12580 0.05861633603213085
12589 0.13158462167745236
12591 0.11856777122151753
12614 0.02816691097851149
12648 0.02783543899191266
12733 0.022885331113534427
12735 0.038314177912506416
12834 0.020239171960923914
12940 0.038699235675241236
12968 0.037439514208465356
12983 0.06168450023789419
13079 0.017506811973158974
13306 0.06579231083872618
13338 0.06858363145324871
13637 0.1539576342007654
13676 0.023790075934908582
13775 0.0330611447630255
13822 0.04009073843846457
13842 0.03586929304141082
13919 0.027302233368025734
14062 0.04528578402256216
14066 0.06579231083872618
14163 0.009866813634143037
