12 0.0319070111131575
436 0.05083461526827482
527 0.03265641876059459
556 0.026896334035956274
559 0.139342552592701
636 0.02891090110253636
639 0.042684495417911514
968 0.022263726456244203
1001 0.030870358191733498
1008 0.030075085024035168
1069 0.0696712762963505
1127 0.021321228489575204
1135 0.04051093960030058
1148 0.13038215681936774
1319 0.012858323124436919
1329 0.033670848806284626
1460 0.026896334035956274
1519 0.019647759608795334
1618 0.029333227446970426
1620 0.024616413932911065
1643 0.27914418674895813
1656 0.03054534865649937
1940 0.021461097794677166
1976 0.03903548079736841
2006 0.027012036952429156
2111 0.07546806779756138
2205 0.057532129534938345
2244 0.03684959979436353
2311 0.025906162018801915
2384 0.024710453032951378
2462 0.028111791959253583
2617 0.030229626390196124
2659 0.020647267940455318
2662 0.042684495417911514
2770 0.026445270282449827
2852 0.030386359905468535
2927 0.017834098578029985
2950 0.0696712762963505
3010 0.01618888551509031
3020 0.03526840307869415
3090 0.035516717518783776
3103 0.116086405520588
3157 0.024997469885849066
3307 0.03684959979436353
3321 0.017194080685558284
3328 0.06911056582140358
3419 0.04176316803194087
3432 0.021655227149971482
3434 0.05305193164827174
3442 0.03155054382696734
3516 0.04422879885202741
3536 0.035516717518783776
3633 0.009655367247029256
3734 0.018194721227948574
3810 0.08442846357089462
3814 0.03804530878021406
3887 0.139342552592701
3938 0.03227536280765659
3945 0.04669442967211394
3984 0.013943811470066955
4013 0.0696712762963505
4052 0.05866645489394085
4197 0.11140984994178363
4202 0.03684959979436353
4219 0.03670590211358717
4393 0.0758764242508823
4452 0.05876457983469715
4577 0.01551130759184214
4633 0.05582883734979163
4660 0.02773291389684398
4689 0.05924804254105745
4741 0.13106907176513846
4835 0.029624021270528725
4922 0.018038725306719357
4949 0.049873180660192834
4985 0.02280661945278064
4989 0.047407549840106304
4990 0.049046336842466426
5228 0.06417930418123052
5301 0.05305193164827174
5358 0.024997469885849066
5390 0.017884901093085662
5391 0.028773638125447438
5417 0.03629700827393574
5434 0.033460375250987356
5489 0.054353378546859454
5520 0.02773291389684398
5551 0.017583531660598957
5574 0.051887747726772925
5644 0.03743128817837291
5661 0.029624021270528725
5689 0.012666152584025387
5772 0.10610386329654348
5798 0.07671993955583177
5840 0.14627939990912753
5962 0.022263726456244203
6068 0.028371792838888445
6072 0.03577074083399911
6109 0.08281289351958986
6111 0.059546696601518456
6191 0.26525965824135866
6210 0.024900966848333938
6245 0.013697081305205512
6249 0.0826595953620603
6265 0.057532129534938345
6429 0.02580142637624183
6519 0.021602760344812476
6528 0.02397963946236329
6605 0.059546696601518456
6606 0.01452935389232958
6632 0.03054534865649937
6633 0.1705210957859767
6635 0.0696712762963505
6775 0.017834098578029985
6821 0.022886399781753847
7042 0.12402465484320996
7194 0.10377549545354585
7206 0.04961059869087507
7219 0.049873180660192834
7233 0.033051086698697246
7242 0.032818884580306976
7401 0.024997469885849066
7468 0.014269353012694719
7580 0.025332305168050774
7627 0.021183107596607124
7632 0.139342552592701
7649 0.026335323827456455
7691 0.051887747726772925
7716 0.09465163148090201
7717 0.04378330667577912
7732 0.03410421915719535
8074 0.026445270282449827
8075 0.06519107840968387
8089 0.04479556552200673
8124 0.017834098578029985
8250 0.014989817499707897
8264 0.01923738516121075
8292 0.048169888475046115
8306 0.027247142152977903
8378 0.0453929827735262
8401 0.02529214141696076
8412 0.05058428283392152
8484 0.031205217986198096
8502 0.0863513327870586
8517 0.02181871889777017
8630 0.0696712762963505
8639 0.06519107840968387
8658 0.026372452684864246
8691 0.024805299345437536
8706 0.0727788849117943
8739 0.03172734003964453
8744 0.01944798753663612
8795 0.018953319965218554
8995 0.023631594072586963
9134 0.024805299345437536
9287 0.038695468506862674
9367 0.063814022226315
9386 0.03903548079736841
9417 0.20333846107309927
9497 0.09923218377558826
9600 0.03804530878021406
9661 0.03974860096536077
9821 0.03656984997728188
9842 0.08442846357089462
9850 0.13106907176513846
9873 0.0453929827735262
9989 0.033670848806284626
10003 0.026011899931539104
10048 0.10622528698180209
10125 0.027609454203948634
10162 0.029333227446970426
10234 0.027857768644038255
10240 0.12402465484320996
10300 0.0696712762963505
10318 0.051887747726772925
10331 0.07740427912872548
10335 0.026335323827456455
10396 0.029477667772515696
10493 0.029477667772515696
10506 0.09361565395859428
10508 0.04051093960030058
10567 0.022144525111151656
10569 0.030229626390196124
10613 0.03388540948112546
10732 0.01873121143032135
10752 0.03227536280765659
10758 0.139342552592701
10904 0.09465163148090201
10930 0.017884901093085662
10999 0.013516452218585714
11135 0.027366597668420475
11250 0.13038215681936774
11314 0.030229626390196124
11320 0.03325383601211406
11359 0.018567511731634418
11364 0.03656984997728188
11430 0.03656984997728188
11438 0.03836560736779208
11456 0.042684495417911514
11465 0.12805348625373453
11495 0.035516717518783776
11524 0.12402465484320996
11572 0.049873180660192834
11674 0.04669442967211394
11872 0.06201232742160498
11878 0.03743128817837291
11905 0.024339005365453612
11910 0.02519304185080955
12021 0.03410421915719535
12023 0.02203898255470406
12057 0.021183107596607124
12064 0.02158371949453329
12245 0.027247142152977903
12377 0.03285199072555507
12378 0.01538876074355552
12426 0.06201232742160498
12623 0.26525965824135866
12626 0.048169888475046115
12735 0.017338521011103544
12764 0.0643832933840315
12828 0.0696712762963505
12834 0.009158941347852109
12881 0.02904989070320252
12963 0.03432744952848724
13015 0.05305193164827174
13079 0.015844903572104285
13122 0.03208965209061526
13336 0.023622133023258003
13532 0.139342552592701
13614 0.10362464807520766
13700 0.03227536280765659
13719 0.08024639418985716
13786 0.07475352043485971
13874 0.02356343695921645
13875 0.0620730392642343
14040 0.025697674181464878
14062 0.013662279614829687
14072 0.03308784191781934
14083 0.0319070111131575
14161 0.04132979768103015
14198 0.02798405033351643
