440 0.20048414334909023
451 0.145350497551881
1689 0.06571920577496777
2816 0.14854380080228663
3236 0.10074151732066382
3321 0.14073193454723654
3355 0.16578911674716967
3512 0.09499160194970911
3734 0.1489220833485773
3790 0.08870096660494665
4143 0.16743364970011887
4393 0.10350690029740316
4452 0.0801637605622679
4630 0.1443342823738524
5009 0.23544753674660288
5228 0.13132539332135354
5571 0.10074151732066382
5840 0.1496603926526819
5932 0.1910947593102768
6109 0.056484645906149024
6250 0.1727597599789484
6278 0.0731931173304892
6429 0.10559112506248856
6433 0.20410364836277567
6632 0.12500540408245187
6695 0.08697261588502739
6775 0.07298521042478134
6935 0.1746842917976075
7338 0.14236789986055073
7491 0.06752102470330375
7703 0.20410364836277567
8011 0.1270154982205526
8293 0.08370229926545297
9099 0.08641087360113599
9821 0.1496603926526819
9961 0.108226025995087
10033 0.16118653666125077
10125 0.11299039399002513
10303 0.2080382743195355
10316 0.0847663406481868
10506 0.1277058883076681
10567 0.04531271423455347
10587 0.10190603675618538
10614 0.0826627207842265
10745 0.15569863847340207
10904 0.1291191180845129
10999 0.027657722790241337
11255 0.05634086304309078
12064 0.0294434526115903
12117 0.09432166862491198
12377 0.13444522836334244
12407 0.11150764894609515
12764 0.17565706857995256
12881 0.23777062535720728
13719 0.16420229876355313
13874 0.04821612926705757
