32 0.2890570860704452
49 0.027523170794165892
194 0.017110872322617206
307 0.04204099256773433
315 0.03592508189924106
326 0.022880692593880213
328 0.027672772414035016
446 0.06178445456131738
902 0.054992502355269514
960 0.02126513282830108
976 0.020731218588118036
989 0.054992502355269514
994 0.06131609366235834
995 0.04790852294989194
1002 0.021665135949590762
1015 0.04820055014922166
1027 0.021997327618474245
1037 0.040254475454765
1085 0.055046341588331785
1099 0.021829824124812127
1101 0.025160092345964884
1131 0.03346252324871715
1133 0.018194707014748315
1162 0.026270567921379613
1217 0.03127600301445815
1249 0.02481624247729377
1265 0.06178445456131738
1311 0.05781141721408904
1331 0.06178445456131738
1412 0.040814554505596345
1459 0.04820055014922166
1479 0.030243605268607938
1618 0.02601269209746148
1653 0.03738196036732985
1655 0.02225407721794822
1660 0.057243552661719974
1689 0.014240789118982381
1830 0.02708760060745346
1861 0.06178445456131738
1887 0.06178445456131738
1997 0.047046427660812865
2064 0.07411276780603908
2204 0.09968552383287667
2352 0.04221918878334029
2357 0.032932733915252824
2367 0.04601402991496265
2384 0.06573965386151209
2396 0.040814554505596345
2479 0.04710026689387513
2659 0.03661997470682847
2793 0.050874485919302805
2919 0.03431512300021375
2934 0.02813579000179109
2995 0.013646745681404926
3010 0.014356295946854352
3019 0.04820055014922166
3089 0.03972468612130069
3092 0.01298512462587261
3127 0.037852590160729636
3174 0.054992502355269514
3241 0.03243012550286694
3291 0.03972468612130069
3321 0.0304954050883706
3341 0.021343837795743233
3353 0.02588625530106569
3429 0.044227512801993336
3432 0.00960192254962684
3448 0.04820055014922166
3512 0.020583866702104655
3519 0.13728415556328125
3554 0.040814554505596345
3575 0.04601402991496265
3722 0.02948948590148882
3728 0.023550133446937564
3729 0.04950898631133678
3738 0.027523170794165892
3780 0.03743556059594548
3789 0.021503170017966734
3847 0.024593534805135153
3865 0.03527562389914303
3882 0.03084990476252447
3915 0.018309987353414235
3922 0.04204099256773433
3928 0.046515225492544617
3944 0.06178445456131738
3992 0.02504412985924163
4068 0.06178445456131738
4404 0.04206548265006047
4507 0.045080112553489926
4535 0.04382643590767474
4577 0.013755420167966527
4590 0.03127600301445815
4676 0.047046427660812865
4747 0.04161146779201042
4817 0.021747134049567896
4881 0.01769209860236243
4899 0.021997327618474245
4922 0.031993465982062624
4928 0.017746687689319512
5028 0.06178445456131738
5172 0.0907308158058238
5247 0.032214541394071664
5262 0.03828816034744208
5383 0.035581232030569954
5412 0.032188169610583316
5465 0.06178445456131738
5551 0.03118613496588603
5689 0.022464676130396124
5793 0.02297357211170588
5837 0.03195204455201274
5938 0.019284575399043984
6258 0.06178445456131738
6286 0.04950898631133678
6499 0.04601402991496265
6558 0.04204099256773433
6567 0.032932733915252824
6645 0.03346252324871715
6734 0.0530708283992618
6752 0.06948604428306905
6758 0.03431512300021375
6775 0.015815270105710207
6813 0.04008811514051548
6821 0.020295648401405606
6851 0.027230650093500636
6866 0.018724496348212643
7064 0.02782469353107809
7100 0.16280328922390616
7186 0.054992502355269514
7201 0.018227258566690514
7342 0.04940851187069273
7343 0.06178445456131738
7442 0.08698853619827158
7468 0.012654055440038137
7491 0.014631227851259284
7556 0.32995501413161704
7557 0.32995501413161704
7566 0.02065726566527223
7571 0.025396217404535466
7580 0.04492935226079225
7588 0.06586546783050565
7604 0.025160092345964884
7627 0.018785169704701194
7654 0.05781141721408904
7688 0.047046427660812865
7851 0.021829824124812127
7865 0.01393926638207018
8015 0.03402260229954849
8027 0.02601269209746148
8100 0.2471378182452695
8115 0.05057298432963784
8247 0.032678207507113546
8250 0.05317185201280174
8345 0.02967264479992807
8370 0.03628143810753668
8375 0.06178445456131738
8391 0.06178445456131738
8530 0.054992502355269514
8532 0.10203893001608236
8567 0.02967264479992807
8658 0.023387078451781406
8673 0.0152477025441853
8738 0.0414085979431738
8744 0.005748822021265322
8982 0.026140781709204974
8997 0.04644118677828304
9094 0.013755420167966527
9113 0.03243012550286694
9126 0.04146243717623607
9134 0.021997327618474245
9150 0.02504412985924163
9174 0.03084990476252447
9281 0.04820055014922166
9301 0.03492774220783894
9328 0.2640299106050526
9381 0.040814554505596345
9405 0.05101946500804118
9497 0.007999913927518925
9524 0.047046427660812865
9725 0.015290213308327074
9783 0.014996439655065566
9831 0.05781141721408904
9902 0.033915038454036546
9966 0.02335415259875601
10030 0.03402260229954849
10047 0.04344319706038973
10091 0.030441565855308324
10109 0.06178445456131738
10156 0.031993465982062624
10326 0.04601402991496265
10327 0.026270567921379613
10382 0.025160092345964884
10497 0.04344319706038973
10505 0.054992502355269514
10516 0.01175274614781118
10569 0.026807618252408953
10613 0.06009912990464032
10614 0.08956151864649255
10628 0.03935315260406429
10675 0.03972468612130069
10732 0.016610829354876327
10794 0.02913312969319321
10797 0.024268685748633934
10849 0.042717034105288924
10924 0.01680779509759742
10970 0.036651244854341875
11000 0.03575733612505494
11003 0.014591476414325188
11052 0.05934528959985614
11169 0.032932733915252824
11171 0.05101946500804118
11173 0.06178445456131738
11232 0.018664196368589472
11255 0.024417165116859388
11317 0.04221918878334029
11320 0.02948948590148882
11326 0.047703312367699535
11360 0.0370355574746558
11836 0.05101946500804118
11950 0.03743556059594548
11961 0.05781141721408904
12042 0.07944937224260137
12064 0.03190072024090998
12068 0.06178445456131738
12225 0.05101946500804118
12231 0.07478857107005618
12316 0.02782469353107809
12370 0.052805982121010515
12413 0.019946902846514434
12414 0.036651244854341875
12513 0.020956486342790404
12666 0.16213410332716113
12667 0.032931321080448904
12768 0.02297357211170588
12834 0.008122144815162245
13024 0.17694210546590491
13047 0.06178445456131738
13235 0.04204099256773433
13255 0.04204099256773433
13336 0.05237024072190453
13349 0.03461664573712595
13383 0.06178445456131738
13480 0.014955181843520042
13581 0.18517778737327897
13603 0.06178445456131738
13614 0.02297357211170588
13628 0.05627158000358218
13631 0.03743556059594548
13822 0.016088740387832357
13858 0.026140781709204974
13872 0.10680949559452377
13879 0.042717034105288924
13982 0.01987861883662144
14189 0.02437577660436128
