68 0.03259588055730057
122 0.06302941578277825
339 0.027927443636223247
407 0.053870026474377275
408 0.06302941578277825
453 0.06302941578277825
704 0.04052514141554696
1104 0.0377818266324643
1160 0.06302941578277825
1545 0.021073511060287514
1602 0.04163697072649606
1652 0.0422429841822423
1653 0.012711736522814276
1657 0.028230380776695155
1674 0.03500657520689348
1683 0.03818988984553605
1726 0.053870026474377275
1940 0.019415181233394863
1943 0.035314173648730324
1965 0.053870026474377275
2162 0.06302941578277825
2357 0.03359633088203497
2570 0.04288812160415903
2594 0.03738977008509614
2604 0.03563153873579545
2770 0.02392420556544033
2853 0.04799441657585376
2857 0.07062834729746065
2872 0.06302941578277825
2936 0.06302941578277825
3045 0.09197696015422344
3090 0.032130859010087755
3128 0.03952469109081256
3150 0.024977406200428806
3227 0.02763341771595009
3267 0.056100605249266265
3281 0.021148954139869513
3298 0.05204751091256001
3355 0.03664897489400683
3512 0.020998633102711262
3527 0.02193646044677971
3786 0.020279174441805818
3882 0.03147153257145799
3942 0.0844859683644846
4040 0.053870026474377275
4052 0.05307369944370456
4142 0.053870026474377275
4149 0.07811933908719948
4542 0.02297146970168677
4661 0.04431858061860812
4788 0.3861532258616833
4827 0.015907268918849856
4991 0.05740545640456694
5247 0.03286366672968441
5280 0.032360665926285524
5699 0.0422429841822423
5747 0.03595931107064704
5945 0.03359633088203497
6022 0.0377818266324643
6097 0.03595931107064704
6103 0.06302941578277825
6177 0.04799441657585376
6418 0.1260588315655565
6497 0.03664897489400683
6563 0.041409214364876226
6601 0.03126107931202406
6606 0.013144250202041134
6648 0.04694121594086529
6821 0.020704607182438113
6936 0.1976126654368661
6947 0.06302941578277825
7026 0.035314173648730324
7201 0.009297269571587581
7268 0.1804748015161921
7316 0.029720164360494846
7508 0.252117663131113
7526 0.05897632144607199
7588 0.03359633088203497
7630 0.06302941578277825
7693 0.016042659168174787
7751 0.030083701172123528
7865 0.014220143606357531
7963 0.04106560604234177
8244 0.021301570243183174
8250 0.013560817167727767
8411 0.03320667696912038
8441 0.06302941578277825
8669 0.02306275947402518
8673 0.12443955881307234
8691 0.02244057535862532
8744 0.005864661200171607
8876 0.04598848007711172
8923 0.06210993121154271
8961 0.03168651205265635
8997 0.01579232668194356
9099 0.01910179630190529
9286 0.1689719367289692
9385 0.028865270980291693
9497 0.01632222554181848
9533 0.028865270980291693
9645 0.016179908380536012
9652 0.014845107135259501
9902 0.00691968578564337
10004 0.03629819642564929
10113 0.027207984975317803
10316 0.037476518980553215
10331 0.02334174020208201
10362 0.040558348883611636
10432 0.029030500537135063
10460 0.03921607837668059
10541 0.05204751091256001
10587 0.22527122744255365
10833 0.056100605249266265
10836 0.029030500537135063
10895 0.06302941578277825
10949 0.042757522112134565
10950 0.03895810936273183
11000 0.024318566020237548
11071 0.03386291096268091
11200 0.024228680695083056
11284 0.10774005294875455
11314 0.05469558739246243
11325 0.020418983162719236
11416 0.22440242099706506
11417 0.06302941578277825
11482 0.03459974032314214
11607 0.06302941578277825
11613 0.33660363149559763
11633 0.03359633088203497
11722 0.03333667574838988
11856 0.03861532258616833
11876 0.10886958834385743
11910 0.022791353826982864
11959 0.03629819642564929
12010 0.032130859010087755
12064 0.013017408823048988
12208 0.03952469109081256
12280 0.03905966954359974
12288 0.3973950836130567
12336 0.03386291096268091
12351 0.03861532258616833
12378 0.013921728592448135
12668 0.032360665926285524
12834 0.008285806619766044
12877 0.013703621890640519
12982 0.03664897489400683
12984 0.03168651205265635
13155 0.03818988984553605
13261 0.029720164360494846
13271 0.1171790086307992
13336 0.021370201941844084
13480 0.015256529837724643
13557 0.06294306514291598
13574 0.0422429841822423
13695 0.02615478434032933
13787 0.03480691649000019
13832 0.09045770404726693
13874 0.010658550727967174
13925 0.030853016098952312
14062 0.02471967066372754
14072 0.029933531527716776
14163 0.016157678759511494
