46 0.06190640039658201
77 0.06818064617549163
421 0.03697895965823287
898 0.043829651950550774
917 0.033159168157053324
971 0.09211414163796977
1002 0.031397558581336284
1027 0.031878977549039456
1054 0.036462520945278666
1127 0.02740136109109791
1162 0.03807184488459536
1185 0.22204672331712566
1249 0.03596420667575801
1402 0.040324115536706576
1465 0.06533102206442278
1548 0.08953929650007642
1564 0.047357927359649984
1566 0.06526632719397199
1625 0.04849457379014369
1959 0.06769063217909413
1963 0.018721044384509125
1996 0.1593472032768162
2017 0.031397558581336284
2352 0.030592456381665627
2359 0.04196898517544026
2384 0.031757084101020606
2479 0.06825867109432804
2648 0.05081005434249334
2744 0.04196898517544026
2770 0.0339866157578768
2793 0.02457611552593481
2821 0.048894614314493164
2965 0.025022241204916137
2995 0.01977714323941746
3014 0.05108363096668422
3210 0.05914928801011332
3220 0.02951614600340893
3238 0.044708313590264066
3250 0.04699840183996566
3287 0.06190640039658201
3321 0.044194565404598
3332 0.026368141916810882
3348 0.11229718666125321
3517 0.18666995318880888
3519 0.06631833631410665
3527 0.062325668474404156
3529 0.06092666715935818
3606 0.03212594898276629
3728 0.06825867109432804
3734 0.023383273931079956
3738 0.03988714261311944
3758 0.02612117048308405
3763 0.04411654048576158
3840 0.038455665533392205
3841 0.024946906813367843
3896 0.08378148943412099
3974 0.04810549467081742
3984 0.0358402812731275
4029 0.046647754407161617
4283 0.04411654048576158
4420 0.036462520945278666
4450 0.03769812596092838
4489 0.036866373130014264
4492 0.03697895965823287
4721 0.08600440869945458
4852 0.09861250363487871
4881 0.025639751515380865
5260 0.0494465445561544
5322 0.07174943658925599
5455 0.03564145415763936
5551 0.022597792642408094
5571 0.031636228056625866
5677 0.07977428522623888
5687 0.04077496291132657
5689 0.04883440287123025
5886 0.14791875545231808
6089 0.08378148943412099
6109 0.035476160913811304
6230 0.02900711302699935
6310 0.040402140455543
6315 0.018672661034458235
6496 0.05257980291686225
6566 0.05016715172938055
6629 0.03441915171860878
6637 0.04440934466342514
6723 0.03517067625413023
6866 0.0271359234655589
6884 0.056148593330626606
7276 0.04440934466342514
7284 0.30086695836231714
7347 0.07969626030740246
7442 0.031516391906618924
7468 0.03667703243538421
7479 0.024430468100413646
7497 0.0396735972430862
7566 0.02993693233057524
7571 0.03680471821448766
7580 0.01627813429041008
7668 0.05257980291686225
7718 0.02993693233057524
7810 0.045971412321186504
7862 0.02421476016287415
7891 0.023932153830892994
8027 0.03769812596092838
8077 0.06092666715935818
8086 0.11829857602022664
8097 0.05257067987167714
8268 0.41614972898939195
8293 0.02628533993583857
8658 0.03389303290986201
8683 0.03988714261311944
8706 0.023383273931079956
8744 0.016662621144527226
8996 0.01560084325862938
8997 0.02243450623235784
9535 0.052063364203908044
9647 0.030044106420445464
9676 0.039255905380848784
9722 0.034715006159306824
9781 0.03237729181856011
9783 0.0217331473791324
9827 0.06917154909153973
9899 0.04077496291132657
9902 0.04915036809030498
9905 0.022725725935642302
9906 0.03127971143609518
9908 0.03807184488459536
9941 0.046647754407161617
10091 0.04411654048576158
10113 0.038651537597469726
10156 0.023182792961213228
10330 0.04973017880579341
10371 0.17763737865370055
10438 0.04810549467081742
10481 0.06818064617549163
10487 0.07393845324144703
10575 0.03127971143609518
10598 0.03629446573535051
10608 0.042220328011234085
10613 0.04354844475148394
10628 0.0285156972271322
10732 0.048145507968913655
10800 0.07652751041798757
10836 0.12372178432203076
10897 0.07969626030740246
10924 0.02435820077140481
10949 0.15185284531278564
10950 0.08301556492290614
10999 0.008685456095860676
11000 0.08060929892337577
11052 0.08600440869945458
11057 0.05367268814322474
11148 0.07174943658925599
11246 0.05498190889017563
11255 0.0176929277972344
11317 0.030592456381665627
11331 0.04440934466342514
11347 0.08378148943412099
11369 0.049306251817439355
11672 0.06092666715935818
11714 0.030592456381665627
11726 0.05257980291686225
11875 0.0348652773975901
11905 0.03127971143609518
12064 0.01849247075820377
12219 0.049306251817439355
12333 0.034715006159306824
12354 0.0720068396906193
12378 0.03955428647883492
12401 0.048894614314493164
12424 0.05833760998281766
12678 0.03456630847075117
12733 0.026619484752604703
12763 0.033025829153887194
12787 0.05914928801011332
12834 0.011770778555625468
12877 0.019467301867745698
12984 0.045013712446804195
13022 0.031516391906618924
13024 0.10989776652083681
13030 0.15185399731200164
13049 0.060010187922054516
13057 0.040103948343516535
13079 0.020363363417128636
13117 0.06985322411472848
13122 0.04124059477401025
13336 0.015179205012242165
13433 0.07969626030740246
13608 0.03532587451478496
13616 0.05821494066326938
13695 0.03715536564729169
13709 0.03412933554716402
13744 0.03885014921967332
13754 0.01829141667367689
13761 0.0339866157578768
13786 0.019214166831595807
13787 0.17306290594654042
13822 0.023316131964379355
13874 0.030282975719832742
13880 0.06092666715935818
13912 0.02731232945461773
13916 0.05367268814322474
13919 0.031757084101020606
14010 0.047357927359649984
14212 0.15130456075421286
