11 0.04426199089737793
13 0.07500307853779303
149 0.062171507886989885
337 0.04724412654927124
555 0.07680324138800802
637 0.056195835873395446
638 0.08327321966026693
1107 0.03735529930296592
1127 0.0433968831099882
1550 0.09349234395392289
1689 0.03268548388092199
1718 0.04229285633258656
1728 0.14180778724991064
1882 0.07229015154388219
1959 0.10720498308646802
1963 0.029649438659285633
2017 0.04972585760113653
2049 0.07443368029144579
2058 0.06727164651055371
2204 0.03268548388092199
2300 0.1212003817352981
2347 0.14180778724991064
2680 0.09504108580605837
2907 0.07229015154388219
3010 0.03295059535255478
3152 0.1015110640783173
3157 0.050879445300820725
3216 0.07500307853779303
3432 0.022038349286652173
3521 0.07443368029144579
3633 0.019652378098579507
3648 0.04396990848793224
3746 0.058289442226615244
3840 0.06090412868620595
3841 0.03950964316466787
3885 0.14180778724991064
3914 0.06351459523220564
3938 0.06569275066777541
4219 0.03735529930296592
4258 0.08090365856370471
4271 0.14180778724991064
4383 0.040482336572486836
4388 0.08687933057729916
4405 0.07387834270789934
4420 0.11549497516543646
4422 0.09971090122810229
4576 0.07808873579671237
4663 0.07229015154388219
4720 0.0689698135876872
4893 0.08892528854528642
4922 0.03671572930104098
5002 0.058565396969957655
5125 0.09504108580605837
5260 0.03915546215318091
5279 0.054744362634465006
5384 0.18235233694482816
5455 0.05644712373253517
5459 0.06941517525811733
5513 0.13268886504088548
5551 0.035789235526878065
5689 0.02578048180530409
5769 0.13268886504088548
6068 0.05774748758271823
6267 0.14180778724991064
6278 0.07280527597645968
6310 0.03199342837228881
6429 0.052515805319013384
6519 0.04396990848793224
6569 0.0923921418692921
6579 0.13062951616484125
6995 0.13706620053106822
7006 0.10632299288976385
7284 0.15883259935275001
7468 0.029043609989445236
7566 0.09482518395363007
7571 0.11657888445323049
7598 0.043681570828013126
7633 0.036506518216414645
7718 0.047412591976815036
7747 0.09367763627799648
7798 0.2030221281566346
7865 0.03199342837228881
8097 0.0416293855224761
8264 0.07831092430636181
8268 0.09415382732874053
8293 0.0416293855224761
8433 0.03216445603616887
8658 0.026839031509097402
8662 0.07033326311574908
8683 0.126342458669714
8706 0.03703324087231508
8744 0.10555765017818576
8752 0.13268886504088548
8885 0.09649255904498881
8949 0.105611481254014
9112 0.09971090122810229
9168 0.06853310026553411
9190 0.14180778724991064
9676 0.062171507886989885
9677 0.11062998628734245
9725 0.0350941241001184
9758 0.05497986247651743
9827 0.027387596007389464
9902 0.015568371014393255
9961 0.05382627477683322
10159 0.07743680523969902
10162 0.05970437601085131
10327 0.06029625304909215
10349 0.08592216359703318
10616 0.055701529614730974
10679 0.08016621448382891
10922 0.07618703765251456
10924 0.03857728045449893
10999 0.055022335816953816
11017 0.11363311123559569
11034 0.09804421075431159
11052 0.13620941160059497
11108 0.05405230712583181
11336 0.13883035051623466
11338 0.05695828276787228
11521 0.1212003817352981
11714 0.04845077765402935
12057 0.0431157540817001
12154 0.11709996455960137
12181 0.062499835315428284
12316 0.06386328484349017
12324 0.08892528854528642
12354 0.03801359106194991
12544 0.0841220007468182
12565 0.07229015154388219
12735 0.035290544819536626
12807 0.03609384554798552
12834 0.01864196086441803
12865 0.08363645227674932
12892 0.07333638806400232
12985 0.08787905202516628
13112 0.04060693539211135
13290 0.12621888676862655
13446 0.07178473635467954
13709 0.05405230712583181
13723 0.04023519090498185
13761 0.05382627477683322
13787 0.03915546215318091
13888 0.12621888676862655
13925 0.06941517525811733
14065 0.04593999141888864
14163 0.03635262430287767
14212 0.09585138950184308
