855 0.07759348580294766
898 0.13190699827501687
976 0.09041887666019494
1107 0.035492422099322275
1461 0.036653464083643415
1620 0.04760521352532607
1653 0.05434693976788448
1959 0.10185876118929994
2179 0.16152998865497262
2250 0.09315482883068882
2425 0.03980328973401441
2471 0.06727568188635556
2743 0.07238765447785638
2915 0.0855332307564292
3130 0.030317154875046274
3150 0.05339339703495368
3332 0.03967796110108588
3396 0.056179029714983335
3432 0.04187863086895693
3517 0.28089514857491665
3519 0.09979377298793408
3529 0.09168055668065823
3532 0.08662929001253926
3633 0.018672330612938756
4190 0.06868510278582417
4219 0.07098484419864455
4278 0.07419451654291304
4420 0.05486766918498426
4421 0.05757615928787852
4489 0.02773768670552842
4721 0.06470838168394492
4799 0.07992690766925588
4852 0.07419451654291304
4985 0.044105286488903474
5070 0.0627819906129698
5158 0.05786689126462534
5247 0.023417200751244188
5260 0.03720281234968969
5350 0.05907106733585157
5374 0.0603471760503351
5391 0.0556447901223768
5689 0.04898966193453045
5734 0.10511296237534996
5886 0.14838903308582607
7064 0.12135695361083275
7099 0.0488670307418732
7201 0.019874473818192028
7242 0.03173390755384868
7276 0.06682580272964542
7284 0.050303917289300136
7468 0.027595229706850136
7479 0.03676220971609406
7566 0.04504816608792238
7571 0.05538259700884869
7580 0.04898966193453045
7671 0.03478512682256839
7693 0.034293875976925535
7717 0.04233585096565718
7802 0.08163729791962328
7891 0.03601236187833077
7968 0.09644879310960115
8074 0.05114200394753056
8085 0.05907106733585157
8268 0.4472922776920485
8293 0.03955336325151129
8377 0.07834333364071096
8658 0.025500591692013637
8744 0.02507339484520813
8872 0.05876360202179018
8996 0.023475664455726696
9028 0.056179029714983335
9105 0.03776665695338724
9129 0.0890060117328909
9204 0.03906211240586843
9375 0.12483341743060788
9645 0.03458726919916539
9827 0.10408719896968424
9902 0.014791989510249424
9908 0.05728932987175961
10037 0.05387360759584631
10156 0.03488474691283054
10165 0.09168055668065823
10451 0.048342130366834705
10516 0.05125941342235341
10567 0.021412437433136988
10657 0.0327937183353482
10679 0.07616839312378228
10949 0.045700689175740335
11000 0.00866416926574883
11052 0.06470838168394492
11135 0.05292374141162253
11314 0.05846049806515974
11336 0.26381399655003374
11338 0.10823564269444191
11576 0.04488810188886369
11634 0.0556447901223768
11714 0.09206915664577135
11842 0.04815550498267963
11849 0.05223806320364063
12014 0.10259611903383019
12041 0.046373767518587655
12064 0.013913447859198274
12066 0.11515622113638495
12245 0.10538545733611117
12378 0.029760030972979447
12406 0.05092938059464997
12523 0.04150320781036251
12735 0.06706127035371369
12834 0.017712302032243072
12865 0.052977048727336745
12892 0.06967916437496212
12942 0.09473840285923373
13024 0.11024716414393874
13079 0.030642156891494264
13332 0.06205756630070252
13446 0.06820489222493155
13628 0.061356897933804416
13709 0.051356764254326503
13754 0.027524355775679313
13786 0.02891288155756557
13787 0.2604196864478278
13852 0.10259611903383019
13918 0.046203499919235426
14055 0.20519223806766038
14178 0.059383021352935175
14212 0.09107136172071446
