68 0.17417017818033473
421 0.1390898283203897
920 0.1311395856560804
1567 0.09614348293009613
1674 0.18705128798560236
1848 0.18094032544103114
1942 0.10547021730205706
2182 0.09383338573786988
3512 0.11220238896793827
3776 0.17291335144351758
3956 0.10076417273426021
4149 0.20870826275469553
4150 0.14843391855663257
4630 0.17048508457508768
4827 0.08499760750712557
5775 0.22571772739676257
7316 0.31760862009029905
8124 0.08620883110618197
8885 0.22916490224845928
10587 0.12036959625496177
10655 0.19978545774810785
10730 0.2165387460148923
10949 0.11423353377014597
10950 0.1040827971704578
11200 0.258923125351305
11325 0.10910513460313727
12280 0.20870826275469553
12288 0.15167204158820574
12359 0.19978545774810785
12565 0.17168541985041713
12582 0.11809637353562406
12588 0.22571772739676257
12865 0.1324215366110801
12968 0.16379978669181777
13874 0.05695203343780804
14060 0.13171084962409554
