210 0.034778256482564815
268 0.06822267613049085
283 0.06383563019605923
288 0.044449175140450894
292 0.11267185127094173
295 0.05466804817893362
300 0.03453510497845428
301 0.048836221074882516
312 0.08889835028090179
318 0.033395126685320894
421 0.028175378710999302
682 0.045723562448725795
953 0.05466804817893362
976 0.022891505987544837
1011 0.06822267613049085
1057 0.04716834361834528
1111 0.028583721005145845
1133 0.020090678355417654
1223 0.06822267613049085
1403 0.03361371566678806
1426 0.04278129768391365
1451 0.029910251964114478
1458 0.018725279688454412
1461 0.018559243899661466
1566 0.02486418632056819
1604 0.018559243899661466
1881 0.045723562448725795
1940 0.021014880192854246
1959 0.12893880834261917
1962 0.044449175140450894
1963 0.014264125337056009
2006 0.02645040462287263
2204 0.015724744206372383
2225 0.04006212920601928
2244 0.0721668511314684
2250 0.18867337447338112
2252 0.056335925635470865
2337 0.043309196847317516
2565 0.021084016444557496
2575 0.09027401319021419
2598 0.06383563019605923
2675 0.06383563019605923
2736 0.02765384225673363
2776 0.021875183744084432
2793 0.018725279688454412
2852 0.0297545688957603
2879 0.0438641793454576
2929 0.029153314966111073
2964 0.05466804817893362
2965 0.019065196226782502
3041 0.07450854691269732
3097 0.0607229715699025
3151 0.028309787726140814
3159 0.03160429578546683
3188 0.03822385788813744
3198 0.0450676169793186
3204 0.033395126685320894
3219 0.04089483124590925
3297 0.07641318713696735
3327 0.056335925635470865
3339 0.0438641793454576
3354 0.06822267613049085
3467 0.03789091510872154
3483 0.06383563019605923
3517 0.028445887465026323
3527 0.09497559308927538
3529 0.04642185547347425
3756 0.02547106237898912
3776 0.03502699816328004
3786 0.021950061458685843
3789 0.04748779654463769
3810 0.041336516514294167
3830 0.06822267613049085
3841 0.03801559338774741
3852 0.026337107393117468
3890 0.0937308084987216
3908 0.024196675070714227
3945 0.045723562448725795
3984 0.027307785489694876
3985 0.023140247668260068
4086 0.05080890140790588
4134 0.0450676169793186
4164 0.08889835028090179
4182 0.03297076693957747
4191 0.03789091510872154
4227 0.06822267613049085
4281 0.05830860596849422
4298 0.031067667467432416
4383 0.019475752288011492
4388 0.04179700245913445
4452 0.038361833944824876
4489 0.042134393486428286
4598 0.04716834361834528
4711 0.03725427345634866
4720 0.03318086648429863
4743 0.06383563019605923
4852 0.07513582483746051
4881 0.01953569585727757
4922 0.017663665427522353
4986 0.06822267613049085
5027 0.06822267613049085
5059 0.018449952196886703
5260 0.018837402832529115
5279 0.052674214786234935
5343 0.0607229715699025
5350 0.029910251964114478
5358 0.02447772428984928
5360 0.035542323488455686
5374 0.030556401338169198
5390 0.01751303951587519
5548 0.028583721005145845
5581 0.041336516514294167
5707 0.056335925635470865
5886 0.037567912418730254
5938 0.042588231978557316
6109 0.013515175632265891
6155 0.0352815931233253
6207 0.026337107393117468
6230 0.022101389611876503
6421 0.05322326700931414
6484 0.0352815931233253
6520 0.0392889584666694
6563 0.04482109480705225
6570 0.06822267613049085
6586 0.06822267613049085
6606 0.014227260611179732
6616 0.06822267613049085
6626 0.0607229715699025
6629 0.05244996849808553
6637 0.03383681195370582
6661 0.06383563019605923
6704 0.06822267613049085
6726 0.049777665603741514
6737 0.0577295404485618
6738 0.05830860596849422
6741 0.048836221074882516
6751 0.056335925635470865
6894 0.1364453522609817
7006 0.0255756021929868
7025 0.02410459122487848
7028 0.0450676169793186
7070 0.09594035212150835
7099 0.012371752095805303
7124 0.121445943139805
7170 0.06178909437778736
7233 0.06472778176231309
7276 0.10151043586111744
7284 0.38206593568483677
7442 0.0720398534015191
7453 0.05860105043520991
7468 0.05589066260453788
7485 0.06383563019605923
7491 0.016155868432847362
7497 0.06045700784893468
7509 0.048836221074882516
7551 0.038922150912885894
7580 0.012402798850472728
7633 0.035126031048508435
7649 0.02578776166852383
7671 0.017613223440695068
7699 0.041336516514294167
7941 0.031422446352297545
8013 0.049777665603741514
8085 0.029910251964114478
8115 0.018614306545611355
8124 0.0523898798491762
8268 0.20383519035090872
8359 0.06822267613049085
8372 0.06383563019605923
8658 0.05164823709079756
8662 0.06767362390741163
8711 0.047970176060754176
8715 0.030724153327549086
8738 0.045723562448725795
8744 0.01269575091900772
8795 0.018559243899661466
8872 0.0297545688957603
8965 0.06822267613049085
8975 0.0450676169793186
8995 0.023140247668260068
8997 0.008546761660319284
9101 0.041336516514294167
9104 0.03502699816328004
9105 0.11473741135188553
9111 0.05830860596849422
9201 0.04227796104315316
9209 0.05830860596849422
9225 0.04716834361834528
9347 0.04089483124590925
9359 0.049777665603741514
9383 0.0764916075679237
9509 0.04642185547347425
9549 0.06383563019605923
9722 0.05290080924574526
9725 0.08441761587980562
9732 0.030556401338169198
9758 0.02645040462287263
9781 0.024669229936580224
9804 0.06822267613049085
9835 0.035809492286729167
9902 0.022469483958362978
9905 0.01731541234899358
9925 0.03822385788813744
9937 0.043309196847317516
9941 0.035542323488455686
9979 0.037567912418730254
9989 0.03297076693957747
10002 0.04278129768391365
10156 0.017663665427522353
10213 0.06383563019605923
10214 0.0607229715699025
10242 0.02330931027318001
10268 0.034778256482564815
10297 0.06383563019605923
10327 0.029008080750889273
10361 0.022973786129901766
10433 0.05080890140790588
10451 0.09791089715939712
10459 0.030556401338169198
10473 0.06822267613049085
10487 0.056335925635470865
10514 0.04716834361834528
10516 0.012977435825548216
10574 0.03039121054813319
10595 0.025895422124732545
10635 0.06383563019605923
10678 0.045723562448725795
10884 0.026004164613701565
10924 0.03711848779932293
10930 0.03502607903175038
10999 0.0330885477904662
11000 0.013161137803294866
11150 0.06472778176231309
11167 0.06383563019605923
11252 0.043309196847317516
11262 0.022728799363878987
11285 0.05830860596849422
11317 0.02330931027318001
11320 0.032562424645430924
11336 0.06679025337064179
11338 0.054804415943298865
11339 0.05860105043520991
11341 0.06822267613049085
11363 0.06383563019605923
11411 0.0392889584666694
11434 0.04716834361834528
11658 0.049777665603741514
11714 0.02330931027318001
11733 0.01791946425811992
11849 0.02645040462287263
11905 0.023832950516403835
11921 0.06178909437778736
11950 0.041336516514294167
12113 0.045723562448725795
12378 0.045206396210895596
12565 0.034778256482564815
12611 0.020090678355417654
12712 0.038922150912885894
12721 0.1364453522609817
12834 0.00896850929807649
12857 0.10933609635786724
12903 0.01751303951587519
12959 0.0352815931233253
12985 0.04227796104315316
13022 0.024013284467173032
13024 0.027911468393876097
13030 0.11570211608406228
13087 0.121445943139805
13112 0.01953569585727757
13233 0.06822267613049085
13238 0.05194887970103925
13261 0.03216893449716857
13263 0.048836221074882516
13338 0.03039121054813319
13366 0.06383563019605923
13616 0.02217785485293923
13709 0.10401665845480626
13723 0.01935685233788723
13726 0.03039121054813319
13735 0.056335925635470865
13754 0.013936779095590211
13770 0.0300682078581419
13786 0.043919550368638254
13787 0.05651220849758734
13788 0.05830860596849422
13912 0.020810083165552464
13918 0.023394842628305327
13919 0.024196675070714227
13973 0.02348105652332427
14041 0.021950061458685843
14043 0.0352815931233253
14113 0.033395126685320894
14163 0.008744489151142145
14211 0.0577295404485618
14212 0.1383401806654851
14247 0.04278129768391365
14248 0.06822267613049085
