68 0.12945581752393406
246 0.23422677273388115
1674 0.13902998583379209
1689 0.05769749709076689
1848 0.1344878784516287
1871 0.07465674866860202
1942 0.07839305986773343
1995 0.2503237957898335
2182 0.06974372874073416
2693 0.08369427534296726
3165 0.10539213902238781
3512 0.08339689459893379
3928 0.09422975317972543
4150 0.2206535524713556
4630 0.1267167906118439
5197 0.1267167906118439
5919 0.2503237957898335
7201 0.0369244705942051
7316 0.2360695958171824
7486 0.0881099490396164
7491 0.059279385385822204
8011 0.11151194316249685
8124 0.06407661073343054
8250 0.05385731702061994
8346 0.1180347979085912
8474 0.10387475138115812
8749 0.20058892592247687
8885 0.17033185633909148
8886 0.2552179324368984
8923 0.12333601338382504
8982 0.10591110253902866
9011 0.1276089662184492
9099 0.07586353288084322
9555 0.1906117070066336
9690 0.17307088325118167
9765 0.07348556805290059
9890 0.08490658766824348
10387 0.24667202676765007
10950 0.15472365864985688
11200 0.09622515524299396
11365 0.06143482855752352
11910 0.09051675523729596
12007 0.1180347979085912
12280 0.15512700888974443
12288 0.2254671648667147
12299 0.22280575311853829
12354 0.06710284809296173
12582 0.08777772832520579
