1107 0.042213498280231486
1397 0.048099411252563715
1719 0.09410321910173838
1959 0.18172109929233857
2269 0.11471296466240027
2352 0.05475198585845238
2763 0.0649569962571865
3023 0.1369629530860213
3332 0.04719163820425103
3375 0.3205008603811265
3391 0.09410321910173838
3432 0.02490452056523524
3633 0.022208244734930476
3695 0.12841153023074062
4398 0.09317893748290858
4420 0.06525776832866162
4421 0.06847915575554941
4489 0.03299027569222395
4577 0.03567745341477342
4721 0.15392396446135642
4722 0.14513838384449337
4808 0.08956570074048831
4852 0.08824447336172844
4881 0.045888022029695344
5087 0.08900318473102167
5474 0.06847915575554941
5780 0.10303397651274494
6109 0.03174622914277116
6155 0.08287406470257765
6563 0.052640852952644694
6655 0.09228709357546051
6737 0.06780138376491293
6859 0.08750775675228266
7099 0.029060404956435377
7153 0.06953095868264847
7284 0.358978767924885
7422 0.043984409520580414
7468 0.1312833684342951
7571 0.13174041247708645
7580 0.02913333167338151
7911 0.09317893748290858
8097 0.04704344569448039
8268 0.15959833686984126
8411 0.042213498280231486
8517 0.20074034956398765
8744 0.029821456174949783
8996 0.02792116915424696
8997 0.040151524697819664
9105 0.04491839705643383
9168 0.0774460910280635
9375 0.07423634314496401
9384 0.11471296466240027
9652 0.07548649388878963
9719 0.04160978952840152
9725 0.0396582486284337
9758 0.062130203034287
9827 0.09284837159897816
9902 0.017593096971650173
9908 0.06813801045331638
9966 0.06057369976411285
10001 0.11692435388526863
10098 0.14263413381664725
10110 0.07100470155476687
10271 0.0897852446948992
10516 0.030483114878647705
10531 0.06649776759035725
10567 0.025467236026603897
10999 0.06217820019444695
11052 0.2308859466920346
11255 0.03166541844378873
11338 0.06436592442121353
11359 0.04270700783356547
11714 0.10950397171690476
11822 0.14994555741023227
12204 0.16025043019056326
12378 0.1061867527199412
12565 0.0816917611374366
12668 0.08227603844231242
12865 0.031504563834569524
12953 0.11079523385682459
13270 0.11934665671210529
13332 0.14761838236788463
13446 0.08112061477752738
13700 0.14847268628992802
13709 0.06108201557677471
13919 0.05683634546740162
14060 0.0626709669118959
14211 0.13560276752982586
14212 0.1624758417705647
