11 0.018785485021113383
15 0.036077066556685536
108 0.02265569901495541
326 0.02228853366490739
328 0.026956593076055246
400 0.05356928052041379
421 0.049712151000413894
637 0.02385039650602688
638 0.03534246401646834
855 0.03466037947489202
960 0.041429570104804074
965 0.0331420875312168
1002 0.021104435977449546
1054 0.04901788378689258
1131 0.032596503487891004
1240 0.025848670020544886
1249 0.04834798191726125
1259 0.05631524104899112
1397 0.018064756207427573
1426 0.03774129093828501
1472 0.05356928052041379
1589 0.051439348060969024
1604 0.0327456090176102
1649 0.08782685245594492
1692 0.06999066081941535
1710 0.0482276794545464
1718 0.035899506688614434
1756 0.08190591908941526
1800 0.035702700057919375
1830 0.052773131369482446
1833 0.09939813305314352
2157 0.035702700057919375
2352 0.02056327199540818
2513 0.06744151390631142
2662 0.03687295420100262
2664 0.05356928052041379
2736 0.048791961098705344
2793 0.016519279846166322
2848 0.0163728045088051
2965 0.016819151277429594
3074 0.05631524104899112
3150 0.02385039650602688
3227 0.026386565684741223
3315 0.051439348060969024
3332 0.01772382274520005
3396 0.05018943196849101
3432 0.03741368808956983
3443 0.033336076015512785
3517 0.05018943196849101
3532 0.11608979933316851
3633 0.008340778327302761
3648 0.018661520653123376
3746 0.049477911934684426
3786 0.019364154443052287
3832 0.05092850146576823
3841 0.016768513905762224
4020 0.6428313662449655
4103 0.06685407542342213
4202 0.03183248606407735
4217 0.043082892004152405
4219 0.015854176490661294
4367 0.03975826205363617
4384 0.016768513905762224
4398 0.034995330409707676
4420 0.09803576757378515
4421 0.051437604818854205
4489 0.04956079686435536
4498 0.043082892004152405
4532 0.03372075695315571
4577 0.013399425923438592
4721 0.02890470818732675
4808 0.016819151277429594
4817 0.02118431194293005
4881 0.034468443967215025
4890 0.04161150493212704
4985 0.05910441903988346
5038 0.02946089203426617
5247 0.02092054650925392
5260 0.016618193914474954
5279 0.023234368436894318
5321 0.046953105997994425
5434 0.02890470818732675
5581 0.03646671748173304
5689 0.05470820956895951
5798 0.016568608752715853
5886 0.0662841750624336
6044 0.01599284898547808
6419 0.02756283629330771
6420 0.03372075695315571
6438 0.051439348060969024
6558 0.04095295954470763
6566 0.03372075695315571
6606 0.012551166305159539
6637 0.05970108591862735
6641 0.051439348060969024
6694 0.04582885253272973
6775 0.03081193270041193
6821 0.019770391162321863
6866 0.018239900977787587
6909 0.05356928052041379
7276 0.05970108591862735
7284 0.15729245709156456
7442 0.0423686238858601
7468 0.012326564832584238
7469 0.03286539795026291
7479 0.01642138029900157
7491 0.014252567451080821
7540 0.023334318273439344
7571 0.024738955967342213
7580 0.010941641913791902
7616 0.02303755482142093
7671 0.01553823343900686
7862 0.03255277662706241
7865 0.01357851414445298
7964 0.11263048209798224
7965 0.024284340420870985
8074 0.022844717511846805
8076 0.03687295420100262
8097 0.017668165898451625
8238 0.04391342622797246
8264 0.06647277565789982
8268 0.31968292019495753
8274 0.17929269415419866
8293 0.05300449769535488
8314 0.05631524104899112
8324 0.05631524104899112
8373 0.05356928052041379
8411 0.015854176490661294
8646 0.044823173538549664
8688 0.017234221983607512
8738 0.04033693147557507
8744 0.01680012254377354
8885 0.04095295954470763
9011 0.030681077183133735
9126 0.02019468866687234
9168 0.029086525535500014
9375 0.08364310949273208
9383 0.016870058716356107
9500 0.02303755482142093
9585 0.11263048209798224
9647 0.02019468866687234
9652 0.014175278590148785
9719 0.01562744083760239
9725 0.014894498174299763
9757 0.02965372934384029
9758 0.023334318273439344
9784 0.02624922342784355
9827 0.011623726455368223
9902 0.046252230456705866
9905 0.015275507068722388
9918 0.055762072995154725
9932 0.042529723950316
9961 0.022844717511846805
9989 0.05817305107100003
10001 0.08782685245594492
10030 0.0331420875312168
10031 0.02740762763498751
10091 0.05930745868768058
10110 0.026667324812622312
10224 0.04582885253272973
10257 0.04391342622797246
10440 0.030051500322268315
10459 0.026956593076055246
10516 0.011448581685008213
10574 0.0536217263785834
10582 0.028210211261461445
10732 0.032361872592721844
10924 0.0327456090176102
10930 0.03089970409340151
10977 0.05356928052041379
11000 0.034831925944578276
11052 0.115618832749307
11259 0.047074827282290954
11328 0.028210211261461445
11331 0.05970108591862735
11338 0.14504394575178375
11339 0.10339468008217954
11714 0.04112654399081636
11797 0.03233497693184646
12041 0.020714785052402037
12057 0.03659800818059301
12064 0.01864507223564957
12145 0.05631524104899112
12235 0.04095295954470763
12328 0.046468736873788635
12354 0.06453426346308276
12465 0.03433678502228827
12611 0.01772382274520005
12648 0.021762981364868955
12754 0.05631524104899112
12847 0.028379155887288322
12877 0.013085298490875127
13022 0.02118431194293005
13030 0.03402380215740687
13075 0.03534246401646834
13079 0.013687602442369232
13112 0.017234221983607512
13122 0.02772061049986891
13332 0.02772061049986891
13401 0.0482276794545464
13446 0.03046657102844624
13709 0.02294064919544967
13723 0.01707644777704632
13727 0.05631524104899112
13754 0.012294906023551008
13787 0.06647277565789982
13874 0.02035524897995648
13970 0.03869659977772283
14114 0.04582885253272973
14163 0.023142938178148886
14211 0.10185700293153646
14212 0.12204251132181532
