11 0.020582533960138198
108 0.024822978690296905
249 0.029218362899064695
326 0.024420689727416487
421 0.05446769327741817
855 0.03797604569759254
896 0.035149289013876324
960 0.022696393856151728
971 0.022613060956915305
979 0.03694653741278584
998 0.041861940422651935
1027 0.02347786940447635
1099 0.02329909199945694
1111 0.027628543424472046
1127 0.020180244997257773
1249 0.1589190769252544
1255 0.0219692747525066
1378 0.03834303856379082
1397 0.0197928590985594
1458 0.018099540046402976
1460 0.02545700453606904
1550 0.021737717909098103
1653 0.013299324336264622
1655 0.023751899671727496
1689 0.015199272973111565
1692 0.03834303856379082
1889 0.05284121485690701
1920 0.03694653741278584
1959 0.02492601620868329
1988 0.04559212671034892
2137 0.026853505687074022
2157 0.03911807630118886
2186 0.0481142534050844
2282 0.11738760370492025
2300 0.05636011671576813
2425 0.019480650137205527
2429 0.05144471370590203
2552 0.03487763157103014
2558 0.01600578296874776
2609 0.025241363421679625
2692 0.03292627394187622
2776 0.021144184267784343
2927 0.016879725236557508
3010 0.04596766214763111
3137 0.02244836111966966
3165 0.027763490116415105
3197 0.05869380185246013
3220 0.021737717909098103
3284 0.13461175151715393
3297 0.024619900008072668
3315 0.05636011671576813
3321 0.0162739572396983
3332 0.019419311407000806
3384 0.04419562555934394
3417 0.03361607711196822
3432 0.0307445550971439
3490 0.06455833427880366
3517 0.027495315845464566
3590 0.03166977787397458
3633 0.009138670254334427
3634 0.03762149569249322
3691 0.03834303856379082
3730 0.054453357122301406
3738 0.029375632381809503
3745 0.03249045156823771
3756 0.024619900008072668
3758 0.01923742467431764
3786 0.021216559805910324
3790 0.041028803939714024
3832 0.055800401734636476
3841 0.018372616226756594
4028 0.027900200867318238
4030 0.024822978690296905
4045 0.03952825528595992
4147 0.061702445268859506
4164 0.21481912122792304
4166 0.11738760370492025
4272 0.0502129123921427
4420 0.053707011374148045
4452 0.018539951372954076
4489 0.10860372073498331
4577 0.014681236007777305
4584 0.046367164447746946
4586 0.03292627394187622
4721 0.03166977787397458
4798 0.04135168198019021
4808 0.018428097648760033
4817 0.023210836424902515
4831 0.06594288999901822
4846 0.061702445268859506
4893 0.04135168198019021
4903 0.03315119064314419
4914 0.03834303856379082
4928 0.018941137903585547
4956 0.0366247205283676
4985 0.04317229359850156
5160 0.03542819150274833
5223 0.016927809107559675
5236 0.05284121485690701
5247 0.04584367755289915
5260 0.03641583277902189
5279 0.02545700453606904
5280 0.06771301326435875
5321 0.05144471370590203
5358 0.02365975613715952
5548 0.027628543424472046
5551 0.03328513429715563
5613 0.02347786940447635
5689 0.11988336527759545
5807 0.06594288999901822
6044 0.05256824995356785
6102 0.019856435121214624
6438 0.05636011671576813
6556 0.0481142534050844
6563 0.043323315532854755
6604 0.05144471370590203
6606 0.013751830544962818
6636 0.027363764129535742
6637 0.032706092682627134
6677 0.03292627394187622
6723 0.02590210249658609
6737 0.027900200867318238
6821 0.021661657766427377
6866 0.019984758492150992
7284 0.24619900008072668
7339 0.05869380185246013
7406 0.0824859475363937
7415 0.05869380185246013
7422 0.03619908009280595
7448 0.034102593833632115
7468 0.06752871671755038
7469 0.07201870685419764
7502 0.041861940422651935
7504 0.04720426897574332
7571 0.02710552326777272
7580 0.03596500958327864
7671 0.01702464520237118
7717 0.02072014414974496
7748 0.0429638242455846
7781 0.05869380185246013
7862 0.0356668262581593
7865 0.014877456088693316
7892 0.026248815690887824
7964 0.061702445268859506
8011 0.029375632381809503
8238 0.0481142534050844
8250 0.042562958755803966
8264 0.018207916389510945
8267 0.05869380185246013
8268 0.2845897351130301
8274 0.04911102856921003
8293 0.05807499101718956
8314 0.061702445268859506
8377 0.03834303856379082
8405 0.054453357122301406
8411 0.10422487116908748
8427 0.05144471370590203
8428 0.07991036165837044
8433 0.014956986688844041
8658 0.012480579076842685
8689 0.029218362899064695
8727 0.05144471370590203
8744 0.0736289943864772
8776 0.0481142534050844
8823 0.061702445268859506
8932 0.040865165258526306
8975 0.04356159971357181
8997 0.008261155908575847
9020 0.29346900926230063
9102 0.027900200867318238
9168 0.03186898815463076
9375 0.0916445404380451
9383 0.018483874973079902
9442 0.05144471370590203
9497 0.008538352371476307
9500 0.025241363421679625
9645 0.016927809107559675
9652 0.015531307956554692
9725 0.01631932921333599
9757 0.03249045156823771
9758 0.051133031461252455
9781 0.04768972454134929
9784 0.028760265280540726
9827 0.025471340691185795
9902 0.06515587454383727
9905 0.01673678601574245
9917 0.040865165258526306
9918 0.030548180146015035
9932 0.02329909199945694
9962 0.05636011671576813
9971 0.18546865779098778
10001 0.0962285068101688
10047 0.046367164447746946
10056 0.10288942741180405
10098 0.05869380185246013
10110 0.029218362899064695
10212 0.05869380185246013
10242 0.045060773645328296
10349 0.03995518082918522
10371 0.032706092682627134
10432 0.030372407545935128
10440 0.06585254788375244
10459 0.029535303017938754
10516 0.01254377095200131
10561 0.06676210192466901
10574 0.11750252952723801
10598 0.08018921485129085
10636 0.0429638242455846
10924 0.03587810529740709
10994 0.03385650663217937
11000 0.03816400257142843
11052 0.03166977787397458
11097 0.018262528646874783
11102 0.029063423420455623
11150 0.03128239197527621
11161 0.04419562555934394
11328 0.06181768856743523
11331 0.06541218536525427
11336 0.09683750141820549
11338 0.13243256410437865
11339 0.254892548758725
11364 0.03461285227609384
11412 0.04720426897574332
11434 0.04559212671034892
11576 0.0219692747525066
11714 0.022530386822664148
11769 0.0502129123921427
11797 0.03542819150274833
12035 0.06594288999901822
12041 0.022696393856151728
12064 0.013619126045034891
12069 0.024519820550382015
12074 0.03911807630118886
12084 0.061702445268859506
12117 0.0654430058216926
12183 0.03292627394187622
12245 0.02578903951951217
12250 0.0502129123921427
12256 0.028321394306525003
12354 0.017676928062125195
12378 0.043695741382018316
12383 0.032706092682627134
12441 0.040865165258526306
12465 0.03762149569249322
12543 0.04559212671034892
12648 0.023844862270674644
12682 0.05636011671576813
12957 0.028321394306525003
12984 0.06630238128628838
13022 0.023210836424902515
13049 0.04419562555934394
13057 0.029535303017938754
13079 0.014996979944158925
13332 0.030372407545935128
13338 0.029375632381809503
13446 0.033381050962334506
13635 0.06594288999901822
13695 0.027363764129535742
13709 0.025135187651650785
13723 0.018710007534782882
13754 0.02694211200637373
13786 0.014150632619697045
13787 0.018207916389510945
13819 0.06594288999901822
13842 0.030726957551034446
13874 0.011151231999763176
13919 0.02338809869431334
13989 0.020514401969857012
14044 0.03361607711196822
14065 0.0427256621013741
14163 0.008452275971825407
14211 0.13950100433659118
14212 0.17828971897104529
14247 0.04135168198019021
