126 0.060115126020852
482 0.03608026753177361
667 0.053269457381316346
818 0.0526825771035417
976 0.029174774047251613
1010 0.038943532383726574
1107 0.022904141997447697
1378 0.050556900096556896
1610 0.05388242963497526
1655 0.03131787317296664
1690 0.050556900096556896
1770 0.04563849345606873
1940 0.02678305138989865
1959 0.06573198987195603
2186 0.06344065555927036
2223 0.1547804653825307
2383 0.06967335194514711
2416 0.08694845861556046
2436 0.06620782521299845
2558 0.02110429430812824
2575 0.05752622694627667
2609 0.033281793426143555
2770 0.0330032060694623
3045 0.06344065555927036
3168 0.04871555491838004
3417 0.044324203710680174
3560 0.053269457381316346
3786 0.02797492151581804
4053 0.06620782521299845
4281 0.8174448835184943
4383 0.024821463153718862
4489 0.0357996370721778
4577 0.019357823739094636
5038 0.0425614319937574
5261 0.07739023269126535
5507 0.07179902895213189
5689 0.015807123140475516
5745 0.08694845861556046
5798 0.023936264857143
5853 0.08694845861556046
6044 0.023104478767654264
6245 0.017093703034144238
6695 0.026522041607478515
6734 0.03734294297433008
7085 0.04496569635742345
7201 0.012825491852389495
7284 0.0649247358434856
7468 0.03561577498932941
7479 0.023723567501848453
7486 0.06120891730263038
7649 0.03286599493597801
7717 0.027320376709898054
8194 0.06344065555927036
8227 0.07739023269126535
8268 0.11545952895467351
8411 0.022904141997447697
8427 0.06783200676697025
8428 0.0526825771035417
8433 0.01972141254573172
8507 0.09269161546407506
8932 0.05388242963497526
9094 0.019357823739094636
9105 0.07311528679631539
9134 0.03095655280390407
9383 0.07311528679631539
9409 0.028265239715521247
9497 0.011258174730094982
9500 0.09984538027843068
9902 0.009545638424433676
9905 0.022068152400796195
9971 0.0611370456946281
10037 0.034765977786385065
10040 0.02927963847002682
10056 0.06783200676697025
10190 0.032730135658299984
10242 0.05941451478005128
10244 0.06475494530465893
10451 0.03119637806860899
10459 0.038943532383726574
10478 0.0622408030278368
10537 0.1132991985774067
10574 0.038732999971546715
10598 0.035244277935122116
10604 0.052119657918052495
10616 0.03415300553272614
10657 0.0211626013934806
10924 0.023653391242806965
11000 0.0055912037391334475
11126 0.06967335194514711
11338 0.06984714997813145
11339 0.07468588594866016
11412 0.0622408030278368
11705 0.050556900096556896
11714 0.02970725739002564
11876 0.030036905083278373
11916 0.06783200676697025
11929 0.04051477872819917
11950 0.0526825771035417
12021 0.0425614319937574
12262 0.0415001696252748
12270 0.04529799207855579
12378 0.01920488754884323
12877 0.018904011500725435
13022 0.03060445865131519
13064 0.038943532383726574
13079 0.019774145325637173
13336 0.014739991606064486
13661 0.04829122589584182
13709 0.06628359246482653
13723 0.07400978251904554
13735 0.07179902895213189
13852 0.06620782521299845
13875 0.038732999971546715
14041 0.02797492151581804
14163 0.03343403819067526
14198 0.034923574989065724
14211 0.07357516361548488
14212 0.02938530645943148
