898 0.07400048459482032
1107 0.03982285199634034
1319 0.027900423050277137
1519 0.04263237124860657
1566 0.055096716778940055
1653 0.0304889045438211
1959 0.28571636785035887
1963 0.06321594148809599
2017 0.0530105635503215
2253 0.11030266216342687
2558 0.03669350237234172
2776 0.09694673195382905
2779 0.08470050236548568
2793 0.04149347251101341
2821 0.08255199373774323
2873 0.07818071819296243
2965 0.04224669584192321
3396 0.06303343230217323
3432 0.023494121001898134
3519 0.05598480487938819
3532 0.09719892840965819
3544 0.05621206380791173
3557 0.0936840166637088
3611 0.15117508436435786
3756 0.05644149749605839
3832 0.06396163741022211
3893 0.08470050236548568
3985 0.051276629588235735
4304 0.07306014299577644
4489 0.031121961451489887
4532 0.08470050236548568
4563 0.121139293622512
4577 0.03365695819643067
4721 0.07260345037910623
4857 0.0936840166637088
4881 0.04328927912020804
4893 0.0947993636926805
4948 0.09261825732035325
5070 0.07044202036196523
5160 0.08121967113337532
5350 0.06627832739052175
5685 0.05018664018981263
5689 0.027483444932415682
5798 0.041617377889878106
5847 0.07497921793537221
6235 0.04983405093172963
6256 0.0998656339120662
6304 0.13186669647605037
6637 0.07497921793537221
6765 0.15117508436435786
7242 0.03560576114659116
7693 0.07695614255844402
7718 0.05054449216809428
7792 0.15991500813076204
8268 0.3011198411388758
8412 0.05487974120354382
8463 0.04948657184310143
8659 0.10131914786520373
8744 0.0421988990708636
8995 0.051276629588235735
9011 0.07706537116399079
9251 0.08967878849549449
9276 0.0947993636926805
9372 0.07448485738094808
9497 0.019574303463341738
9645 0.0388072614041814
9781 0.054664711623639804
9827 0.0291967191453138
9957 0.06808185686576762
9982 0.10452064812279394
10162 0.06364822592186295
10459 0.1354202682208875
10567 0.024024968608637006
10595 0.057381839095102284
10598 0.061278334027297446
10616 0.05938096632091717
10627 0.10286650004947563
10679 0.17092339529149062
10754 0.07044202036196523
11000 0.009721284430113457
11272 0.08324698841234815
11338 0.060720735931851774
11459 0.15117508436435786
11476 0.15117508436435786
11665 0.11511387000441291
11714 0.10330251309060245
11842 0.10806191487116901
12017 0.13325668582526023
12023 0.047820927419791215
12064 0.015611027427351353
12164 0.08967878849549449
12378 0.033391051913194025
12387 0.05598480487938819
12704 0.11793779336492176
12729 0.15117508436435786
12733 0.04494342719352635
12735 0.0376217074803906
12807 0.07695614255844402
12865 0.08916116649215353
12900 0.11242412761582346
12995 0.10452064812279394
12999 0.0655932625721154
13309 0.10629743399521252
13332 0.06962920905003954
13336 0.025628050342205163
13607 0.30235016872871573
13681 0.09849522450469485
13786 0.03244054181009635
13787 0.041741926935936126
13827 0.057381839095102284
13884 0.07400048459482032
14010 0.07995750406538102
14065 0.04897461707239735
14072 0.07179511499235863
14079 0.08706066586168328
14163 0.019376972000022512
14212 0.05109148861072572
