11 0.021428235829479572
80 0.06110543192879133
337 0.022871955479877273
344 0.04827231362546535
686 0.04746543088469714
896 0.03659351446651617
1085 0.030582627947394102
1107 0.01808454944560947
1145 0.033605464088234435
1205 0.06423769546729803
1350 0.03631069507404413
1524 0.034513317578151126
1566 0.0750623761681647
1603 0.0388102865390515
1719 0.040314458364455574
1942 0.021499632376588224
2269 0.0491438133773701
2352 0.023456122705807242
2560 0.040725372580501386
2648 0.019478770427544354
2693 0.022953513422421974
2760 0.032371548794769195
2764 0.045351472932322036
2776 0.0440259268163513
2779 0.038464608793899416
2793 0.0376864397037369
2875 0.05355849088382736
2879 0.04414045551148013
3021 0.04254424649881533
3142 0.028087267271023394
3149 0.04601154983886339
3150 0.027205681428152405
3168 0.038464608793899416
3227 0.06019728014338772
3238 0.03427915942609402
3321 0.03388525380659983
3332 0.02021721840863767
3338 0.046714241024537605
3353 0.0575275080581603
3432 0.01066926580193213
3443 0.01901290538112304
3446 0.05867585957595885
3519 0.025424094992923602
3633 0.01902832583752611
3734 0.017928633639227
3794 0.05501237192966111
3841 0.038255032550794835
3865 0.019598419262586805
3984 0.013739891051327094
3985 0.023285995269195423
4123 0.05669075442233406
4219 0.01808454944560947
4421 0.02933693554686448
4489 0.028266516459722352
4499 0.05669075442233406
4526 0.04827231362546535
4560 0.05112891853099487
4577 0.03056892684371764
4734 0.027700672775652684
5247 0.02386365876516076
5297 0.03198947680597211
5360 0.03576618489453805
5412 0.03576618489453805
5459 0.033605464088234435
5613 0.02444253576100814
5689 0.07488550325752144
5793 0.025527298935479448
5798 0.01889948837203525
5949 0.05867585957595885
5978 0.05867585957595885
6048 0.06423769546729803
6102 0.02067230280461011
6138 0.11002474385932222
6245 0.013496769176684027
6604 0.05355849088382736
6645 0.03718219482594887
6681 0.02067230280461011
6723 0.02696637653318715
6726 0.05009118754377931
6789 0.02398306106883934
7031 0.04827231362546535
7062 0.04746543088469714
7085 0.0355038123332759
7099 0.012449674908610969
7209 0.04472913587091283
7216 0.05227607691587682
7442 0.04832906168652774
7449 0.05669075442233406
7468 0.028121343463116986
7598 0.042294482562926464
7671 0.017724159377856222
7693 0.017473851011090932
7779 0.06423769546729803
7865 0.015488745857466162
7892 0.027327335592313606
7990 0.04305075337823988
8115 0.03746309550135001
8268 0.022791003921695144
8293 0.020153731730688712
8411 0.07233819778243789
8433 0.031143088473717252
8458 0.0686523729737553
8463 0.02247308544030239
8507 0.07318702893303233
8514 0.0686523729737553
8536 0.5492189837900424
8744 0.019163571631370058
8775 0.0686523729737553
8996 0.01196161855142123
8997 0.034402371909289096
9073 0.0686523729737553
9094 0.01528446342185882
9104 0.03524761382061665
9105 0.21167681103120276
9134 0.02444253576100814
9168 0.06635686307107483
9191 0.06110543192879133
9204 0.019903423363923423
9214 0.0686523729737553
9375 0.1272134149464735
9383 0.1154600787442924
9387 0.0355038123332759
9458 0.08508849299763066
9497 0.017778357957822795
9584 0.031263345494087526
9719 0.0356518330299184
9722 0.0266170010687197
9725 0.05096958940617207
9730 0.03524761382061665
9758 0.07985100320615911
9783 0.01666343380042657
9827 0.02651791544621281
9873 0.04472913587091283
9902 0.01507400452685084
10003 0.05126298098114688
10016 0.05669075442233406
10040 0.023118485281822594
10068 0.020941154351138982
10110 0.06083779304968249
10362 0.022088312736020924
10438 0.03688387659182844
10464 0.0965446272509307
10495 0.02595018449348933
10531 0.02848809539610295
10604 0.0411524051331984
10628 0.021863811289181714
10657 0.03341894329338087
10679 0.0388102865390515
10752 0.03180335373661838
10797 0.02696637653318715
10837 0.040314458364455574
10924 0.01867613829562163
11000 0.017658710025829038
11065 0.06423769546729803
11133 0.04746543088469714
11161 0.04601154983886339
11169 0.03659351446651617
11218 0.06149771836540984
11245 0.028087267271023394
11326 0.026502990242478187
11364 0.036035036441066925
11600 0.03404993128744216
11708 0.0388102865390515
11714 0.023456122705807242
11733 0.018032329036540166
11752 0.040314458364455574
11874 0.06423769546729803
11876 0.023716404449123558
11921 0.06217826965363729
11972 0.05501237192966111
12117 0.02271064979743012
12127 0.04746543088469714
12215 0.019841735185197145
12378 0.030327417504932296
12382 0.04827231362546535
12584 0.02948507299418167
12640 0.040725372580501386
12648 0.024824607749805227
12834 0.009024996969811917
12877 0.01492614439533842
12897 0.05355849088382736
12903 0.017623344449993333
13003 0.06423769546729803
13043 0.027956871288311935
13081 0.48056661081628715
13261 0.032371548794769195
13338 0.030582627947394102
13356 0.05501237192966111
13371 0.05227607691587682
13443 0.06110543192879133
13446 0.06950524494623275
13461 0.05227607691587682
13659 0.038464608793899416
13660 0.050643720231557776
13661 0.07625913798471616
13669 0.040725372580501386
13702 0.06110543192879133
13723 0.019478770427544354
13726 0.030582627947394102
13728 0.034513317578151126
13754 0.04207367743944339
13786 0.014732058428687205
13806 0.10008316822421962
13884 0.033605464088234435
14041 0.022088312736020924
14163 0.00879956584407367
14212 0.0464038362754819
14238 0.1373047459475106
