194 0.0129976283562829
336 0.020684735596295144
421 0.019382607094911793
976 0.015747687756693354
997 0.018598385112337107
1047 0.02908415592488627
1054 0.019111914550981216
1111 0.019663516832766976
1112 0.0459468265584439
1127 0.02872497337962886
1133 0.013820922473751471
1240 0.020156625889315296
1249 0.15080577580742746
1256 0.04693222902038578
1397 0.014086780185030508
1403 0.023123786567422012
1460 0.018118010403814267
1461 0.012767407181126697
1614 0.030577792982919016
1653 0.009465265104020374
1726 0.040112071299263405
1770 0.0246343208508848
1820 0.02813266342868149
1920 0.02629522842254765
1980 0.030577792982919016
2017 0.01645710283215142
2058 0.02226399820376389
2090 0.029793571000344334
2091 0.034243406074345804
2186 0.06848681214869161
2189 0.04391426115111193
2223 0.04177297887092625
2266 0.04391426115111193
2278 0.02755982511364517
2282 0.0835459577418525
2311 0.01745100697931837
2352 0.016035106655090465
2361 0.03359576085219287
2372 0.02297341327922195
2384 0.03329109792698626
2390 0.03661372872146671
2425 0.013864577875172765
2429 0.07322745744293342
2565 0.014504266683307444
2575 0.01552548544683561
2608 0.021741452138208148
2609 0.01796453641796248
2648 0.026632207311770757
2692 0.023433965806641206
2713 0.04693222902038578
2763 0.019023828024632296
2770 0.017814163129762417
2776 0.0150485321240799
2848 0.012767407181126697
2852 0.020468974848592218
3010 0.0109052183764692
3041 0.102512899992207
3130 0.02112059367593179
3131 0.030577792982919016
3165 0.01975955977313415
3176 0.031003235895214212
3197 0.04177297887092625
3204 0.02297341327922195
3208 0.017380454559088276
3232 0.02149332167461876
3238 0.023433965806641206
3281 0.015747687756693354
3297 0.08761117276290643
3321 0.011582341754400772
3328 0.0232772605532738
3332 0.09674645731626026
3346 0.04693222902038578
3428 0.04693222902038578
3432 0.007293738066229273
3437 0.02392490577542674
3527 0.03266814305031845
3548 0.05816831184977254
3590 0.022539704708547808
3666 0.03504446910516258
3728 0.01788897003687904
3745 0.023123786567422012
3751 0.03895014140285053
3758 0.013691471826468902
3772 0.0387550110016524
3786 0.015100042534540418
3790 0.014600309623674616
3801 0.0387550110016524
3841 0.039227936437300555
3866 0.02943041484990028
3876 0.03661372872146671
3908 0.01664554896349313
3978 0.026775603131070486
4030 0.017666767727021294
4101 0.10721112939713565
4132 0.06599997000191977
4136 0.07322745744293342
4147 0.04391426115111193
4164 0.030577792982919016
4166 0.0835459577418525
4222 0.0232772605532738
4268 0.03760763286863366
4272 0.035737043132378556
4276 0.03244838271917413
4281 0.040112071299263405
4383 0.013397898155987822
4402 0.027840734851500362
4406 0.031454478572007186
4489 0.1449269595462493
4492 0.019382607094911793
4576 0.025843985745754677
4586 0.023433965806641206
4624 0.021020577130377974
4689 0.03991089081989621
4721 0.022539704708547808
4817 0.016519389594002558
4846 0.04391426115111193
4853 0.04693222902038578
4881 0.02687826992575514
4974 0.017241324814726105
4985 0.13826773238762652
4990 0.016519389594002558
5051 0.01827471565718167
5088 0.04693222902038578
5160 0.025214606114621684
5247 0.008156853506425844
5330 0.03661372872146671
5350 0.02057607345323533
5548 0.019663516832766976
5554 0.04693222902038578
5593 0.040112071299263405
5689 0.10238666012411239
5747 0.026775603131070486
5749 0.030577792982919016
5847 0.0465545211065476
5903 0.017172723180670285
5909 0.04391426115111193
5954 0.02843651070273333
6044 0.012471120318700327
6102 0.014132027890363177
6109 0.02789236749424812
6230 0.015204145274942914
6245 0.009226679786838101
6271 0.021741452138208148
6443 0.025016108361758698
6537 0.025843985745754677
6563 0.046250469911327384
6565 0.04693222902038578
6604 0.03661372872146671
6606 0.0097873183992291
6737 0.03971371642459833
6758 0.02606618805561242
6771 0.08625987441590612
6866 0.028446713890904515
7006 0.017594150325614046
7050 0.09386445804077156
7284 0.21026681463097546
7406 0.019568697402652466
7422 0.012881627702911949
7442 0.016519389594002558
7453 0.020156625889315296
7457 0.04177297887092625
7468 0.057673053731579195
7491 0.022228120042178657
7497 0.10397503803670595
7503 0.03299998500095989
7504 0.03359576085219287
7536 0.019856858212299166
7547 0.027289132569714596
7571 0.01929127803982271
7580 0.008532221677009367
7674 0.021020577130377974
7693 0.011945497904844823
7862 0.012692222454939143
7865 0.010588437607233821
7892 0.01868155049827183
7909 0.04693222902038578
7941 0.021616352981610954
7969 0.06848681214869161
8027 0.0395191195462683
8074 0.05344248938928725
8116 0.040112071299263405
8201 0.04391426115111193
8238 0.034243406074345804
8267 0.04177297887092625
8268 0.28044751037513865
8274 0.03495282114980387
8293 0.06888760812111223
8294 0.025418542833459488
8313 0.03495282114980387
8370 0.02755982511364517
8401 0.034074776191776616
8405 0.0387550110016524
8411 0.07417790641873054
8412 0.017037388095888308
8427 0.07322745744293342
8433 0.01064504034849157
8487 0.03359576085219287
8644 0.02702793999466182
8658 0.008882555731939207
8662 0.0232772605532738
8689 0.020795007607341195
8715 0.06340793481926434
8744 0.06113625944603494
8751 0.02562822499805175
8780 0.04693222902038578
8795 0.012767407181126697
8806 0.08782852230222386
8936 0.04391426115111193
8966 0.04177297887092625
8969 0.03299998500095989
8975 0.031003235895214212
9007 0.04693222902038578
9020 0.04177297887092625
9028 0.019568697402652466
9094 0.010448785769468052
9105 0.0789309767982882
9204 0.013606405476507669
9326 0.04693222902038578
9375 0.23915597352028964
9376 0.03760763286863366
9383 0.1183964651974323
9392 0.02427116470044075
9409 0.015256747787907823
9497 0.04253782875949057
9631 0.035737043132378556
9647 0.015747687756693354
9651 0.04391426115111193
9652 0.011053790666651358
9676 0.02057607345323533
9719 0.08530324183968346
9725 0.011614633451927264
9758 0.01819595064063632
9781 0.033941264541591055
9783 0.011391479383919085
9827 0.08157696116393451
9899 0.021372290965570428
9902 0.020609823144174345
9905 0.011911741726328787
9908 0.019955445409948105
9924 0.04693222902038578
9932 0.03316440397749723
9952 0.03495282114980387
9957 0.02113597827308811
9966 0.03548020116464987
10037 0.018765655625967204
10040 0.0474128714938533
10046 0.023433965806641206
10047 0.03299998500095989
10048 0.01788897003687904
10052 0.040112071299263405
10056 0.03661372872146671
10114 0.2088648943546312
10204 0.04391426115111193
10207 0.02813266342868149
10212 0.04177297887092625
10242 0.016035106655090465
10327 0.03991089081989621
10335 0.017740100582324937
10349 0.02843651070273333
10432 0.021616352981610954
10451 0.01683889034302532
10489 0.021372290965570428
10516 0.008927530035570976
10574 0.04181387581230578
10578 0.04693222902038578
10598 0.13316679617242608
10666 0.03244838271917413
10679 0.10612616446011983
10680 0.06719152170438573
10791 0.030577792982919016
10888 0.02943041484990028
10930 0.012047694813818309
10994 0.024096021923141517
10999 0.009105003737372254
11000 0.03017967869273847
11052 0.022539704708547808
11181 0.03495282114980387
11195 0.04693222902038578
11218 0.04204115426075595
11245 0.019201056030858275
11331 0.0232772605532738
11332 0.0212531968311669
11336 0.0459468265584439
11338 0.07540288790371373
11339 0.32250601422904474
11363 0.3073998280577835
11503 0.02943041484990028
11636 0.019201056030858275
11714 0.016035106655090465
11722 0.024822766982226508
11726 0.02755982511364517
11745 0.025214606114621684
11769 0.035737043132378556
11797 0.07564381834386505
11849 0.01819595064063632
11910 0.016970632270795528
11955 0.0395191195462683
11990 0.04693222902038578
12021 0.0459468265584439
12057 0.04280833551227117
12074 0.027840734851500362
12159 0.09386445804077156
12175 0.013606405476507669
12255 0.029793571000344334
12262 0.022400574964185637
12285 0.0246343208508848
12308 0.02755982511364517
12325 0.030577792982919016
12328 0.018118010403814267
12378 0.04146494118950431
12387 0.017380454559088276
12441 0.02908415592488627
12496 0.04693222902038578
12513 0.015918803904408137
12523 0.014456705980875575
12588 0.031454478572007186
12703 0.04391426115111193
12733 0.027905328803043365
12762 0.04693222902038578
12834 0.012339361520902474
12865 0.009226679786838101
12890 0.04693222902038578
12903 0.012047694813818309
13018 0.04693222902038578
13022 0.016519389594002558
13079 0.010673503957195052
13181 0.04391426115111193
13332 0.021616352981610954
13336 0.007956215358262604
13338 0.04181387581230578
13345 0.04693222902038578
13432 0.034243406074345804
13446 0.02375763526179664
13464 0.018354323096296577
13566 0.04693222902038578
13594 0.04693222902038578
13697 0.040112071299263405
13709 0.03577794007375808
13711 0.0387550110016524
13723 0.013316103655885378
13786 0.03021344973965431
13806 0.017104748054304356
13827 0.017814163129762417
13858 0.019856858212299166
13874 0.015872891651552784
13973 0.016153255558099572
14003 0.031003235895214212
14065 0.015204145274942914
14211 0.059570574636897494
14212 0.06344530792367378
14247 0.02943041484990028
