15 0.04764401195741374
326 0.029434631631580922
336 0.03503058971235187
421 0.06565074554969788
855 0.045773109949379616
896 0.04236597679196168
1027 0.028298235845455565
1062 0.15896395208394518
1111 0.03330110686036327
1127 0.0729706758113146
1145 0.07781314981090343
1249 0.0957737996088246
1318 0.05391851258534691
1375 0.07937308530574244
1443 0.05689602891023914
1460 0.03068371775435307
1461 0.0216222151146419
1519 0.022414441668359517
1567 0.06806994526838644
1620 0.028082752699011563
1689 0.018319916678238412
1800 0.04714961694013469
1830 0.06969313034492966
1871 0.04740952325628156
1919 0.032981964317826074
1951 0.07074453899001056
1959 0.15021854692370032
2058 0.03770514652226369
2137 0.03236694199624507
2195 0.07948197604197259
2197 0.07948197604197259
2204 0.036639833356476824
2243 0.07948197604197259
2282 0.07074453899001056
2300 0.06793171252567418
2429 0.06200710193804852
2513 0.044532227834124485
2565 0.07369100942520375
2597 0.024244527265864048
2793 0.021815653034926778
2857 0.044532227834124485
3010 0.03693701849765154
3130 0.017884368115282514
3137 0.027057353730200438
3165 0.03346376017653005
3282 0.045773109949379616
3307 0.0420385439123253
3315 0.06793171252567418
3332 0.04681278736876176
3384 0.05326966488608651
3432 0.0741137669789322
3517 0.03314052561736709
3532 0.05110341384392371
3544 0.029554115531908686
3633 0.011014979328648027
3790 0.02472632312456803
3832 0.06725707947999933
3913 0.07948197604197259
3984 0.01590729706864431
4025 0.03466518855971808
4028 0.033628539739999665
4030 0.029919516684542475
4164 0.05178495588242974
4202 0.0420385439123253
4272 0.060522392934391774
4383 0.022689981756128814
4420 0.06473388399249014
4489 0.08181358075199181
4535 0.028190033832553887
4566 0.038656953736504504
4577 0.01769551878381542
4663 0.04051797298660008
4721 0.03817206868354295
4808 0.022211668548947176
4817 0.027976376902281847
4893 0.09968363220033824
4914 0.04621545207601648
4964 0.03890657490545171
4985 0.1040724543775438
5063 0.03579479078216246
5172 0.03890657490545171
5247 0.013814021803524595
5260 0.043892561404782086
5280 0.04080776637244487
5321 0.06200710193804852
5374 0.03559935342383628
5548 0.03330110686036327
5689 0.07224862882842072
6054 0.03770514652226369
6062 0.03413621064803185
6109 0.031491372861191816
6230 0.02574894769981564
6235 0.026200804576260114
6245 0.015625823811732317
6403 0.06563346596220117
6528 0.027356311389153298
6563 0.026109128120502808
6566 0.044532227834124485
6606 0.03315058426842605
6637 0.03942115480631509
6677 0.03968654265287122
6737 0.033628539739999665
6771 0.04869507525223625
6775 0.04069078309631618
6812 0.07948197604197259
6821 0.026109128120502808
6859 0.043402625611680096
6968 0.07948197604197259
7070 0.055887053992096716
7153 0.06897276950355533
7284 0.17804845701726388
7415 0.07074453899001056
7422 0.021815653034926778
7468 0.0325573589169016
7479 0.021686365162022415
7533 0.028190033832553887
7540 0.03081571327566328
7571 0.03267070264900912
7671 0.02052006580418444
7862 0.04298977236494219
7865 0.017932025854866637
7892 0.03163809987557964
7968 0.05689602891023914
8097 0.02333289226852082
8238 0.05799284709052412
8250 0.03420119104227557
8268 0.3694065520090388
8271 0.07437090301416319
8274 0.05919427547371215
8293 0.13999735361112492
8294 0.04304751883046772
8405 0.06563346596220117
8411 0.06281191735274587
8428 0.04815859185827712
8474 0.09894589295347822
8658 0.015043033254841026
8662 0.07884230961263018
8744 0.02218653886684237
8776 0.05799284709052412
8823 0.07437090301416319
8995 0.026959256292673456
8997 0.019914595675567193
9020 0.1414890779800211
9168 0.038412179888172665
9375 0.11046056925292076
9383 0.02227889781286544
9393 0.06563346596220117
9408 0.05919427547371215
9497 0.010291406983189597
9500 0.03042380221398444
9645 0.04080669554974539
9652 0.018720123532980696
9654 0.027255868968435674
9719 0.020637874672006246
9721 0.05408320244590275
9781 0.028740577972092434
9784 0.03466518855971808
9827 0.01535049867092489
9902 0.04362965236168032
9932 0.028082752699011563
9962 0.06793171252567418
9971 0.055887053992096716
10001 0.11598569418104825
10068 0.048489054531728096
10162 0.03346376017653005
10212 0.07074453899001056
10242 0.027156220567251872
10316 0.023629504944283043
10349 0.04815859185827712
10371 0.03942115480631509
10440 0.03968654265287122
10451 0.05703493342438054
10459 0.07119870684767256
10516 0.04535759817159076
10527 0.07074453899001056
10531 0.032981964317826074
10567 0.012631393508989102
10595 0.030169137853489684
10598 0.03221776324801549
10636 0.05178495588242974
10717 0.060522392934391774
10949 0.026959256292673456
10950 0.049127339616802504
10994 0.04080776637244487
11000 0.010222146055618784
11052 0.03817206868354295
11259 0.031083924609095353
11328 0.037254903764152296
11331 0.07884230961263018
11336 0.03890657490545171
11338 0.06384919973921639
11339 0.3413621064803185
11509 0.05110341384392371
11551 0.14874180602832637
11714 0.027156220567251872
11828 0.05408320244590275
11842 0.028407374683975816
12064 0.008207670683224411
12074 0.1414488508204041
12084 0.07437090301416319
12117 0.052586305320779694
12160 0.07074453899001056
12175 0.023043098882676027
12183 0.03968654265287122
12206 0.05110341384392371
12215 0.02297167967120217
12296 0.05919427547371215
12308 0.046673882854620354
12378 0.05266714682528347
12648 0.028740577972092434
12682 0.06793171252567418
12843 0.04815859185827712
12957 0.03413621064803185
12999 0.03448638475177766
13088 0.023856636442492276
13332 0.036608328341978705
13336 0.01347423149698515
13446 0.04023469236613134
13464 0.031083924609095353
13551 0.13586342505134835
13628 0.03619499763690475
13660 0.029316269662374456
13676 0.049127339616802504
13697 0.06793171252567418
13709 0.030295826930981287
13723 0.022551458855486622
13734 0.07948197604197259
13786 0.017055974387447406
13787 0.043892561404782086
13874 0.013440750847541722
13918 0.027255868968435674
13935 0.04815859185827712
14060 0.031083924609095353
14065 0.02574894769981564
14163 0.010187657779371962
14200 0.04984181610016912
14211 0.13451415895999866
14212 0.10744766548749704
14247 0.04984181610016912
