337 0.02500002389207402
437 0.03174914493693233
626 0.07021454387086115
636 0.031138704610056335
764 0.05588609098051798
904 0.2106436316125835
947 0.043214992777947096
971 0.025732622972968525
976 0.05035797865536769
1057 0.10376348512998976
1099 0.026513294736031097
1107 0.03953436938222448
1180 0.04824740251724008
1338 0.07021454387086115
1460 0.05793779984018354
1461 0.04082763312590399
1483 0.03307283868412424
1504 0.07503997487672046
1550 0.12368261428944378
1566 0.08204638205294526
1589 0.06413521977067185
1649 0.10950361340800954
1653 0.015134019210949238
1672 0.041321967474278104
1703 0.037986100178645496
1842 0.04498133587446936
1860 0.07503997487672046
1959 0.028364659633573368
2432 0.06413521977067185
2558 0.018213844614255667
2565 0.02319088247540682
2659 0.04447659207316233
2692 0.03746858485303257
2693 0.025089170205514502
2716 0.030558053978827823
2776 0.024061108881744613
2793 0.020596443837728316
3149 0.050292588506258826
3150 0.029736971388491622
3188 0.042043459716104944
3202 0.0585417172964127
3281 0.025178989327683844
3432 0.011661963061875584
3443 0.020781917366182682
3448 0.0585417172964127
3517 0.06257680882053768
3523 0.035597922807802294
3527 0.026116558758589894
3557 0.04650267791385089
3633 0.02079877258343084
3634 0.04281153118450479
3657 0.07021454387086115
3698 0.06413521977067185
3758 0.021891304191780044
3841 0.0627215759013277
3847 0.029869944584127478
3852 0.02896889992009177
3890 0.03436568754874377
3905 0.07877566680042043
3919 0.08408691943220989
3984 0.06007315025772594
3988 0.07021454387086115
4025 0.032727858668792395
4045 0.08996267174893872
4262 0.02702856903401341
4489 0.015448254685973056
4577 0.016706571113265054
4598 0.05188174256499488
4650 0.0585417172964127
4711 0.040976987458946276
4721 0.07207750027485152
4827 0.018938475713333246
4881 0.04297568519667548
4899 0.02671673519763934
4922 0.019428745471326857
4956 0.0416772469079916
4974 0.027567166698527053
4990 0.026412863952706412
4998 0.03968914005571458
5049 0.031593574392279195
5054 0.4502398492603228
5210 0.037986100178645496
5223 0.01926306793906227
5260 0.020719771129937895
5337 0.07503997487672046
5358 0.026923713931073026
5359 0.04597365850111964
5798 0.0206579477327398
5981 0.049571096264431985
6109 0.014865708843784697
6154 0.024649969914952587
6245 0.014752544974992204
6278 0.07705227175624908
6411 0.05106065997465867
6419 0.03436568754874377
6573 0.05276369985172775
6618 0.03852714685586399
6619 0.042421300250787844
6677 0.03746858485303257
6711 0.07503997487672046
6720 0.025827451978266875
6737 0.03174914493693233
6775 0.01920835070613493
6777 0.048890855284694106
6789 0.05242901948227044
6821 0.024649969914952587
6866 0.022741735692667756
6882 0.06413521977067185
6911 0.07076696996937425
7000 0.0537162862905534
7017 0.07503997487672046
7046 0.1199948211812586
7100 0.028247407678264932
7195 0.042043459716104944
7201 0.0110689091182193
7242 0.03534782776065243
7276 0.18609014355122824
7284 0.056032626962532237
7291 0.07503997487672046
7453 0.06445688738443132
7466 0.02148784259833774
7468 0.030737829088276825
7469 0.040976987458946276
7486 0.026412863952706412
7497 0.033249152682227896
7566 0.025089170205514502
7604 0.030558053978827823
7671 0.019373262959661505
7693 0.01909966522749454
7696 0.0585417172964127
7862 0.02029360364994979
8085 0.06579819741021292
8131 0.0399982737270862
8250 0.06457958506746207
8268 0.1992923230610586
8293 0.04405777855111247
8316 0.07021454387086115
8401 0.027241092131487375
8428 0.09093431500079904
8433 0.0680814508056295
8451 0.03968914005571458
8567 0.03603875013742576
8658 0.02840464955015292
8716 0.030558053978827823
8744 0.03491100335104172
8776 0.10950361340800954
8807 0.06679084608656657
8976 0.03307283868412424
8981 0.02702856903401341
8996 0.013074559796013175
9105 0.021033799301562437
9126 0.025178989327683844
9198 0.04650267791385089
9204 0.021755291543389264
9385 0.03436568754874377
9387 0.03880718276898171
9409 0.024394025057019392
9457 0.028723510253269306
9486 0.0537162862905534
9515 0.03825354912369702
9645 0.01926306793906227
9652 0.017673913880326214
9719 0.03896897571037841
9725 0.09285322907381639
9827 0.028985213805027756
9902 0.016476530555162003
9905 0.019045692449285407
9944 0.16958482022200735
9964 0.042043459716104944
9974 0.041321967474278104
10032 0.04597365850111964
10040 0.050538982983122496
10068 0.04577915163980492
10072 0.040976987458946276
10209 0.03222844369221566
10335 0.028364659633573368
10362 0.024143468914232472
10432 0.06912480478870184
10459 0.10082944786657581
10499 0.14006667361275194
10516 0.02854846844327048
10567 0.05962732048030422
10569 0.03255904765120238
10571 0.05588609098051798
10628 0.023898079247410005
10653 0.07021454387086115
10664 0.040976987458946276
10732 0.10087296443107362
10924 0.061241449688855996
10999 0.007278998525811374
11000 0.03860344804687438
11326 0.05793779984018354
11338 0.09042129894580177
11339 0.09668533107664701
11359 0.01999827888811106
11371 0.050538982983122496
11576 0.02500002389207402
11688 0.07503997487672046
11714 0.02563854361191453
11824 0.07021454387086115
11880 0.03307283868412424
11929 0.034965863987793215
11930 0.09572032823536859
11987 0.0339817517631224
12034 0.2106436316125835
12064 0.023246908262835993
12182 0.031138704610056335
12235 0.05106065997465867
12325 0.048890855284694106
12383 0.03721802871024565
12405 0.048890855284694106
12413 0.024226402888858196
12466 0.07503997487672046
12763 0.027677874261480735
12807 0.01909966522749454
12834 0.03945882809534118
12903 0.01926306793906227
12948 0.02713435619453325
13024 0.030700582355384212
13088 0.022523363011789116
13321 0.050292588506258826
13336 0.012721198482570938
13344 0.03968914005571458
13614 0.0837072829887993
13653 0.07021454387086115
13659 0.042043459716104944
13672 0.05713998407484799
13709 0.028602687111978425
13770 0.03307283868412424
13786 0.016102768869965763
13787 0.12431862677962738
13874 0.025379177925601026
13935 0.09093431500079904
13973 0.05165490395653375
14014 0.03174914493693233
14103 0.06196541508070728
14116 0.03880718276898171
14163 0.02885490353484643
14211 0.09524743481079699
14212 0.02536068716537139
