89 0.08224915845977625
976 0.02759796610369271
994 0.027208554533539514
1001 0.07288688014905623
1179 0.08224915845977625
1249 0.09910818543516385
1250 0.12002376154722776
1319 0.015179659572910906
1397 0.024687210469448242
1412 0.054333453047876054
1461 0.022374997273298974
1469 0.052882590398416696
1519 0.02319480536813488
1567 0.023479938444456356
1618 0.03462880832210198
1689 0.03791545718598199
1871 0.024530048100145186
1882 0.04192861509738952
1909 0.046924488155610615
1942 0.025757691884080156
1948 0.06001188077361388
1959 0.21762781398640957
1963 0.017196808622599365
2086 0.08213647666869617
2234 0.07851442295737168
2254 0.053587860472382634
2352 0.02810167033875749
2384 0.02917147603949575
2414 0.08224915845977625
2776 0.026372689494949267
2814 0.12525898662098967
2988 0.07029676998741961
2995 0.018166921695427336
3010 0.019111494446493824
3099 0.09910818543516385
3130 0.03701403262269307
3157 0.08853092569982313
3184 0.03058304854221091
3284 0.0559661209937228
3287 0.05686608600826436
3360 0.06590771884637654
3432 0.012782342336921937
3532 0.052882590398416696
3728 0.031350582786220264
3799 0.04384095756030451
3841 0.04583154373057225
3985 0.02789784870978641
3991 0.06043115728114731
4025 0.03587206469779553
4188 0.0320266054962359
4222 0.04079361095174291
4276 0.05686608600826436
4404 0.027999361431103174
4434 0.054333453047876054
4489 0.0169323876997693
4500 0.05097024793550169
4577 0.018311592149009945
4689 0.034972099683253974
4700 0.040261115838838596
4720 0.04000280405417925
4734 0.03318686486537103
4741 0.051577069852679736
4985 0.05384787984433205
5247 0.028589920001105718
5260 0.022710345275518552
5374 0.03683875271642053
5663 0.0219836383539062
5685 0.02730482300632919
5689 0.07476398067748463
5938 0.025672155060482444
5954 0.04983524378985509
5997 0.06262949331049483
6044 0.021855751850571002
6067 0.03318686486537103
6077 0.04736671080541809
6230 0.053290805915953865
6244 0.08224915845977625
6429 0.030459404783703185
6540 0.07320752562166408
6563 0.05403624627791879
6636 0.06826047726994176
6737 0.03479932472219233
6771 0.050390404970768375
6775 0.06316116244343126
6921 0.03855194140471989
7099 0.01491536621352467
7107 0.07029676998741961
7153 0.07137407159217822
7206 0.05856689025838746
7242 0.019371868737103722
7276 0.12238083285522873
7284 0.24566300410042255
7468 0.05053627575591396
7533 0.02917147603949575
7540 0.12755427635179145
7572 0.041348772132656204
7580 0.014952796135496929
7627 0.05001466503851298
7674 0.03683875271642053
7693 0.02093459378692069
7718 0.0274995179469048
7733 0.04418882667860371
7748 0.053587860472382634
7799 0.07696014230419163
7851 0.029060459889773863
7891 0.0439672767078124
8074 0.031219483000726415
8097 0.02414523202725885
8115 0.022441380718640293
8143 0.08224915845977625
8250 0.0176959565025391
8268 0.2457434070569627
8279 0.04418882667860371
8293 0.0482904640545177
8294 0.04454622763427046
8311 0.08224915845977625
8401 0.11943271073962762
8428 0.04983524378985509
8432 0.07696014230419163
8517 0.10303076753632062
8658 0.031133519509875446
8724 0.18003564232084163
8744 0.03826494680104697
8758 0.03810209272788604
8909 0.08224915845977625
8958 0.08224915845977625
8995 0.02789784870978641
8997 0.051519816722886115
9028 0.03429432028091097
9094 0.018311592149009945
9097 0.054333453047876054
9169 0.06125513714930743
9204 0.023845349421165157
9289 0.06416589278355189
9355 0.06590771884637654
9375 0.03810209272788604
9383 0.023054542523601496
9497 0.04259881829245984
9645 0.02111369479992837
9708 0.04653101291286368
9719 0.10678193401196154
9722 0.03188856908794786
9725 0.020354750822187375
9827 0.11119450752813799
9835 0.043171871473083066
9898 0.04418882667860371
9902 0.03611890261757752
9922 0.06001188077361388
9932 0.029060459889773863
9957 0.0740819885384307
9966 0.03108968771234422
9971 0.05783277402688935
9981 0.04930274867695078
10040 0.05539432584570778
10048 0.031350582786220264
10158 0.08224915845977625
10174 0.03724642085898293
10180 0.041635472000026
10190 0.030961171216067066
10329 0.052882590398416696
10330 0.04568123177991708
10567 0.013071158242719125
10569 0.03568703579608911
10574 0.07327919788360979
10575 0.028732970249339317
10598 0.03333943173740722
10601 0.16537277983631915
10657 0.02001882705166168
10732 0.022112791080831307
10930 0.02111369479992837
10999 0.007978300954411282
11000 0.005289016155584625
11108 0.031350582786220264
11317 0.02810167033875749
11327 0.050390404970768375
11338 0.2642884944937703
11339 0.07064934060833127
11359 0.02191953837795489
11365 0.020185707607355472
11560 0.06262949331049483
11705 0.04782445317015218
11714 0.02810167033875749
11797 0.08837765335720742
11861 0.03925721147868584
11876 0.0284135015752159
11905 0.028732970249339317
11910 0.029741187493927825
12010 0.04192861509738952
12064 0.008493422537125823
12215 0.07131433120256771
12255 0.10442700862239049
12378 0.03633384339085467
12472 0.04608262710732753
12513 0.02789784870978641
12523 0.07600652637940632
12611 0.04844258482204617
12614 0.030095353652589262
12695 0.029060459889773863
12712 0.046924488155610615
12733 0.04890434267668639
12764 0.02533550879313544
12770 0.08213647666869617
12807 0.02093459378692069
12834 0.010812421679186961
12850 0.046924488155610615
12865 0.08084920146405435
12892 0.04253543701456755
12898 0.08982739507181543
13051 0.10875056211495508
13057 0.03683875271642053
13079 0.05611623845407345
13336 0.027886679640023088
13524 0.05097024793550169
13602 0.08224915845977625
13709 0.12540233114488106
13786 0.017649781874298644
13822 0.02141777194559101
13874 0.013908693534419016
13884 0.040261115838838596
13926 0.06590771884637654
13981 0.07029676998741961
14072 0.07812250033758328
14163 0.010542343318025303
14178 0.03625018737165169
14182 0.06001188077361388
14211 0.13919729888876933
14212 0.19457983914815846
14241 0.08224915845977625
14247 0.051577069852679736
