11 0.013597131011645036
209 0.031183848928181417
313 0.020418846676418766
336 0.019199733942389396
369 0.0317849983069834
762 0.0210531321355424
817 0.019405983870544978
917 0.016132674347167045
965 0.023988590427922514
976 0.014617127385011858
981 0.020541130567864715
1250 0.0317849983069834
1604 0.02370161512295955
1620 0.015391730045607056
1655 0.01569086159349444
1768 0.02286576997741069
1800 0.025841988621075517
1816 0.08712572672923967
1919 0.01807691349187757
1942 0.013642435170724707
1959 0.08233250304462968
1962 0.028382547462809233
1963 0.05464923204291593
2006 0.01688962421118116
2073 0.03723233943401005
2075 0.043562863364619835
2086 0.021751591003326538
2095 0.060896068708519574
2105 0.020418846676418766
2169 0.043562863364619835
2186 0.0317849983069834
2204 0.030122603897663996
2225 0.025581245997437052
2344 0.0317849983069834
2372 0.021324102532334025
2425 0.025738420023559225
2428 0.07598996116019349
2485 0.05156047584275927
2520 0.03723233943401005
2537 0.043562863364619835
2558 0.010573660579960916
2617 0.018901463472524336
2618 0.04292736039755038
2776 0.027936331277793477
2777 0.03244348294847693
2793 0.023913655892717375
2852 0.018999463122788048
2857 0.024407437422487358
2873 0.022528685588025652
2927 0.011150999965628254
3010 0.020244618592017777
3131 0.028382547462809233
3153 0.02340439531407842
3210 0.028777446913455636
3238 0.043503182006653075
3283 0.043562863364619835
3400 0.043562863364619835
3401 0.17425145345847934
3432 0.033850524621199904
3437 0.022207285335917162
3460 0.04076156189924765
3490 0.021324102532334025
3517 0.018163818530866214
3519 0.016132674347167045
3521 0.02286576997741069
3612 0.08712572672923967
3633 0.018111428402507686
3660 0.062367697856362835
3728 0.016604682405172794
3746 0.01790631570072356
3786 0.014015978006209876
3832 0.018431291656257825
3847 0.017340361810685885
3882 0.021751591003326538
3893 0.048814874844974716
3895 0.02919629390802048
3902 0.03490770002446407
3903 0.043562863364619835
3914 0.01951146469046573
3984 0.03487419126750597
3986 0.023593690977276115
4045 0.026112959017867143
4154 0.023988590427922514
4188 0.01696273451779342
4202 0.02304068715570334
4219 0.01147541916447616
4253 0.027654626462943813
4286 0.027317542073558774
4383 0.012436034233295657
4420 0.03547965820498506
4421 0.018615538828545303
4487 0.03597270541371453
4489 0.026904468286902378
4498 0.031183848928181417
4577 0.03879457986994876
4586 0.021751591003326538
4633 0.03490770002446407
4641 0.03877400687908671
4660 0.017340361810685885
4663 0.022207285335917162
4820 0.023593690977276115
4881 0.024948621122266416
4922 0.01127894546478529
4928 0.012512800128665937
4957 0.03668195696258903
4964 0.021324102532334025
5039 0.028777446913455636
5087 0.0241948403560781
5158 0.01870953836704821
5221 0.0339851503935536
5223 0.022365529785727267
5247 0.007571255450733083
5268 0.03244348294847693
5297 0.020298689569506527
5390 0.011182764892863633
5391 0.017991088046531756
5455 0.017340361810685885
5517 0.028382547462809233
5528 0.016132674347167045
5622 0.08514764238842769
5663 0.03493057868805228
5689 0.023759025399204315
5747 0.02485332499757163
5767 0.027654626462943813
5780 0.02800900462732406
5798 0.011992532726100135
5886 0.023988590427922514
5962 0.02784136376303017
5963 0.02340439531407842
6096 0.03244348294847693
6109 0.017259942963571414
6133 0.02919629390802048
6154 0.014310016402740027
6166 0.023220148141790943
6207 0.050451838414746174
6245 0.017128553203323814
6443 0.023220148141790943
6453 0.043562863364619835
6569 0.028382547462809233
6576 0.03877400687908671
6718 0.043562863364619835
6723 0.017111317868112208
6856 0.043562863364619835
6858 0.028777446913455636
6859 0.02378831960832117
6899 0.03490770002446407
6957 0.031183848928181417
6967 0.044104047064398896
7025 0.015391730045607056
7064 0.01961858093695424
7075 0.043562863364619835
7076 0.1306885900938595
7099 0.031599402233923345
7220 0.043562863364619835
7221 0.04076156189924765
7276 0.021606135957115177
7284 0.04879282695002784
7475 0.02006446851203851
7491 0.04126463099927305
7496 0.030630845106608635
7533 0.015450529204798037
7566 0.07282492400817592
7571 0.01790631570072356
7580 0.023759025399204315
7627 0.03973503304046869
7633 0.02242935308167539
7693 0.022175809839548505
7716 0.01972738412265347
7717 0.027376076738644766
7718 0.029129969603270363
7722 0.030118843538930955
7733 0.02340439531407842
7747 0.028777446913455636
7785 0.027317542073558774
7851 0.015391730045607056
7891 0.08150468360545533
7911 0.025329987053397833
7945 0.47579210550975026
8025 0.0744646788680201
8044 0.024626784718552515
8085 0.019098872888273142
8115 0.023771934455417906
8156 0.01790631570072356
8232 0.043562863364619835
8250 0.01874515313377624
8264 0.012028422986048939
8268 0.5640127576704718
8307 0.07754801375817343
8411 0.02295083832895232
8412 0.015814237363173122
8433 0.019761620016418797
8474 0.01807691349187757
8517 0.013642435170724707
8550 0.03877400687908671
8567 0.020921530832700163
8599 0.03723233943401005
8658 0.016489715905503254
8659 0.02919629390802048
8662 0.043212271914230355
8688 0.012474310561133208
8691 0.015509833083973405
8706 0.011376483924868045
8744 0.012160104835336383
8795 0.011850807561479776
8872 0.018999463122788048
8961 0.021900174353645326
8996 0.0151803159018106
9104 0.022366116687378028
9105 0.04884290148114431
9198 0.026996141821450274
9372 0.08585472079510076
9383 0.04884290148114431
9384 0.031183848928181417
9395 0.043562863364619835
9399 0.17425145345847934
9400 0.043562863364619835
9406 0.0635699966139668
9457 0.01667482371324207
9459 0.0339851503935536
9497 0.022562255170990402
9531 0.015814237363173122
9600 0.09515327843328468
9652 0.010260215261953158
9676 0.019098872888273142
9677 0.0339851503935536
9719 0.022622611043238077
9725 0.05390396968751211
9758 0.03377924842236232
9781 0.03150454816466319
9783 0.010573660579960916
9786 0.043562863364619835
9815 0.043562863364619835
9827 0.025240125226396546
9902 0.033477849328553286
9941 0.022695172186256676
9952 0.03244348294847693
9975 0.029642181483104747
10003 0.016264275650009277
10031 0.0198379282330194
10068 0.026576114012688907
10110 0.019302089288606904
10153 0.03723233943401005
10156 0.01127894546478529
10242 0.014883911862558072
10329 0.05601800925464812
10331 0.016132674347167045
10335 0.016466500608925936
10386 0.014669666493742515
10429 0.043562863364619835
10451 0.015629990190885644
10459 0.01951146469046573
10496 0.022528685588025652
10516 0.016573206908804147
10561 0.022052023532199448
10568 0.025087546055039645
10569 0.018901463472524336
10598 0.01765806649731273
10608 0.020541130567864715
10683 0.043562863364619835
10717 0.03317140394834236
10745 0.02378831960832117
10924 0.011850807561479776
10999 0.04648234765607816
11000 0.014006507326860903
11052 0.041843061665400326
11150 0.020665617890840492
11262 0.014513232803073784
11336 0.0852964101293361
11338 0.05249216431240303
11505 0.020792389511903934
11576 0.014513232803073784
11604 0.027654626462943813
11633 0.023220148141790943
11686 0.043562863364619835
11691 0.043562863364619835
11714 0.07441955931279037
11741 0.051683977242151034
11797 0.02340439531407842
11805 0.03723233943401005
11814 0.027654626462943813
11842 0.04670895126910661
11889 0.0815231237984953
11910 0.015752274082331597
11921 0.01972738412265347
11929 0.020298689569506527
12057 0.026490022026979122
12117 0.028821754913712555
12182 0.01807691349187757
12215 0.037771285740704624
12245 0.017036626767647216
12262 0.04158477902380787
12333 0.01688962421118116
12378 0.019244041942646315
12435 0.03723233943401005
12472 0.024407437422487358
12523 0.013418827967318829
12610 0.03741907673409642
12611 0.012828688725513463
12666 0.01633102843503098
12704 0.0339851503935536
12735 0.032523401116057574
12763 0.01606780195031841
12792 0.04076156189924765
12800 0.03597270541371453
12834 0.0057267461098878735
12903 0.011182764892863633
12910 0.025581245997437052
12932 0.023220148141790943
12948 0.06300909632932639
12982 0.025329987053397833
13022 0.030666854175533505
13112 0.012474310561133208
13122 0.02006446851203851
13174 0.024407437422487358
13195 0.03877400687908671
13261 0.020541130567864715
13446 0.022052023532199448
13614 0.01619816165741587
13642 0.03723233943401005
13676 0.013462974184637098
13705 0.023593690977276115
13706 0.0339851503935536
13709 0.03320936481034559
13723 0.012360111936266202
13726 0.019405983870544978
13754 0.03559672753515705
13784 0.03244348294847693
13786 0.01869624080303343
13787 0.048113691944195756
13824 0.020541130567864715
13874 0.022100013934485976
13875 0.019405983870544978
13918 0.029877055274240703
13919 0.015450529204798037
13973 0.044980735805172714
13993 0.044414570671834325
14010 0.02304068715570334
14060 0.017036626767647216
14065 0.01411260698699122
14072 0.02068859956526457
14109 0.031183848928181417
14113 0.021324102532334025
14116 0.022528685588025652
14163 0.022334801722288578
14198 0.017497388104134343
14200 0.05463508414711755
14206 0.043562863364619835
14208 0.043562863364619835
14211 0.03686258331251565
14212 0.05889043281973045
