1689 0.044505323588572766
1826 0.1506363912572023
1909 0.11016032428936211
1959 0.07298641317278465
2269 0.13821985230767275
3208 0.07150675565189928
3238 0.0964121428006171
3276 0.12414761538223715
3321 0.04765213009205509
3523 0.18319731212765034
3633 0.02675914022716281
3890 0.08842793471882912
4222 0.09576742524022093
4489 0.039750616220131686
4835 0.08210079627105148
5352 0.1718626047909282
5391 0.07974402192535818
6109 0.07650328132226569
6775 0.049425892611322575
6819 0.11338677440861364
7284 0.07209006763125897
8086 0.2551073455576606
8268 0.12820206571315418
8474 0.2403733085143195
8498 0.10212595574918124
8715 0.08695775065602458
8744 0.017966222389213277
8995 0.130986450002574
9105 0.05412303853631201
9457 0.07390978824355181
9460 0.18067227937512456
9890 0.065493225001287
9902 0.06359478038631235
9908 0.08210079627105148
10040 0.0650220933547267
10113 0.16670177258138275
10567 0.030685961370115446
10601 0.1294101777234764
10867 0.14380307677261758
10868 0.1930888183246541
10949 0.065493225001287
10950 0.17902058604518825
11000 0.012416538949529555
11576 0.06432871385337091
11714 0.13194343675414735
12069 0.07179702278253687
12117 0.12775006435530517
12133 0.2817687952317234
12523 0.05947785419485876
12640 0.11454249469871079
13068 0.10543977526579233
13365 0.16502929030634347
13692 0.3861776366493082
13709 0.07359889264935077
14110 0.0984319705484099
14212 0.26102701258669697
