86 0.08366945671771085
361 0.10035258633789383
483 0.03924299624932502
499 0.06570683621455634
528 0.0708483946985362
659 0.09166384661237
700 0.06428858101305394
920 0.04176126234885653
968 0.0342719063084499
994 0.07095747840912199
1008 0.04629640497012637
1012 0.2217827075419322
1054 0.043674423861079316
1059 0.0885627011732354
1313 0.07677281600857702
1319 0.059380793184451164
1435 0.0798739614477116
1458 0.02943701254088717
1461 0.058351993082439484
1493 0.10858158972957103
1498 0.0708483946985362
1550 0.03535412905852036
1567 0.06123358090067888
1653 0.02162996276525552
1779 0.11713090892974462
1839 0.0798739614477116
1963 0.022423869945750442
1996 0.12724293542280657
2176 0.1894677051518781
2204 0.024720030894418835
2464 0.09545934188236926
2558 0.026031735213701345
2571 0.06646292552830559
2648 0.06085974837255095
2786 0.07677281600857702
2940 0.03624620211208721
2951 0.050877545093647926
2953 0.06118743557391935
2995 0.02368885403990259
3035 0.05808629013478477
3078 0.05027000876660103
3092 0.11270185915876665
3154 0.0885627011732354
3308 0.05355114751351493
3512 0.03573073209295487
3633 0.01486309321641231
3634 0.06118743557391935
3678 0.08366945671771085
3790 0.06672906676161577
3810 0.06498293084391861
3847 0.04269095870365287
3865 0.03061679045033944
3915 0.09535078062131189
4219 0.02825181221742807
4441 0.07415083489952996
4460 0.08166606046410159
4535 0.0380383011284772
4569 0.05956628481917174
4827 0.08120219463189132
5161 0.04629640497012637
5181 0.05762025526027752
5208 0.053193045679260205
5223 0.02753131448155275
5279 0.08280632102920361
5417 0.05587418931355343
5844 0.08352252469771305
5962 0.10281571892534971
6054 0.050877545093647926
6068 0.043674423861079316
6102 0.03229441898423662
6160 0.09545934188236926
6235 0.07070825811704072
6245 0.04216949827458616
6294 0.04269095870365287
6310 0.02419662932519653
6315 0.022365916878240032
6384 0.08366945671771085
6528 0.03691331541373787
6601 0.15957913703778062
6695 0.09814326236723396
6696 0.048299801223735644
6861 0.11174837862710686
6862 0.04606179147310831
6864 0.0798739614477116
6916 0.06362146771140328
7099 0.019448970998362045
7201 0.03163998786335145
7242 0.050520102270150476
7245 0.034625051357339606
7401 0.038480123601942626
7468 0.02196568173321734
7616 0.04105244275203227
7649 0.0810791268560649
7751 0.05118964942565093
7862 0.029004184889873393
7893 0.09166384661237
8087 0.0419431807552582
8293 0.031484303551398224
8344 0.06717375829283613
8346 0.05057106457021316
8411 0.02825181221742807
8658 0.04059671813323962
8673 0.10587157068669621
8737 0.044084304148895026
8744 0.009979156125749096
8870 0.0472686243692194
8897 0.06725419419039612
8939 0.06570683621455634
8970 0.05355114751351493
8997 0.04030772320061812
9317 0.1606534425405448
9477 0.25100837015313254
9489 0.10934608072729436
9496 0.03677778315194548
9528 0.04752061725761327
9584 0.048839821464392044
9652 0.025260051135075238
9695 0.04997418898238063
9765 0.18890582130838934
9827 0.020713238387200284
9902 0.03532307618761067
9932 0.037893541030375615
10014 0.09166384661237
10242 0.03664332230263555
10244 0.1597479228954232
10362 0.03450651980546797
10396 0.09075352862215294
10445 0.07437532687952236
10460 0.03336453338080789
10463 0.10035258633789383
10516 0.02040113405519728
10531 0.04450430595373639
10567 0.017044206219162625
10614 0.031093270034330375
10749 0.053193045679260205
10887 0.04803608727674561
10903 0.06297953459030933
10945 0.05027000876660103
11000 0.08275968850960608
11002 0.0708483946985362
11003 0.050657550609537784
11057 0.06428858101305394
11108 0.0408797589453795
11200 0.08245379541109114
11246 0.032928375922835186
11255 0.021192402717287822
11262 0.03573073209295487
11482 0.2060590877862102
11570 0.19286574303916182
11660 0.07297732073857775
11733 0.0845106993650136
11856 0.06570683621455634
11880 0.0472686243692194
11901 0.06895653464039328
11957 0.12097995864384584
12175 0.031093270034330375
12254 0.05391695104989794
12327 0.06895653464039328
12328 0.04140316051460181
12448 0.05629419111839479
12523 0.0330363712625193
12582 0.03760766524460255
12584 0.04606179147310831
12665 0.06570683621455634
12666 0.04020603884276805
12667 0.0571641969908543
12807 0.05459554952866224
12834 0.01409891467967344
12847 0.05057106457021316
12895 0.0708483946985362
12928 0.04537676431107647
12984 0.05391695104989794
13057 0.04803608727674561
13344 0.05672482700226943
13464 0.0419431807552582
13480 0.051920234772760206
13503 0.05905850953387779
13660 0.03955799060068079
13661 0.05956628481917174
13786 0.023014526823309678
13859 0.0798739614477116
13874 0.018136314811414648
13948 0.03188453869642092
13982 0.03450651980546797
14062 0.021031176781637337
14157 0.07297732073857775
14170 0.07724116685065428
