86 0.07789508539621189
361 0.09342684402618208
483 0.03653467661870614
499 0.06117213878077402
528 0.06595885729061768
659 0.08533774975623123
700 0.05985176316978639
901 0.09342684402618208
920 0.03887914687784993
968 0.0319066619207841
994 0.06606041268830698
1008 0.043101300763223924
1010 0.04472092048053111
1012 0.20647657605412675
1054 0.04066027329144829
1059 0.08245062704402736
1101 0.04066027329144829
1185 0.049521976097563175
1194 0.04521581493926377
1217 0.050543965123243266
1313 0.07147441006187263
1319 0.05528268184653477
1435 0.0743615327740765
1458 0.02740544394136591
1461 0.0543248834461913
1493 0.10108793024648653
1498 0.06595885729061768
1550 0.03291419605380563
1567 0.0570076011066602
1604 0.02716244172309565
1653 0.020137190592750858
1660 0.04625456980431616
1779 0.10904722597161379
1839 0.0743615327740765
1963 0.020876306992537726
1996 0.11846138016964247
2176 0.17639176411080712
2204 0.02301400048543824
2464 0.08887130237836662
2558 0.02423517872626053
2571 0.06187604727943162
2648 0.056659568289850436
2786 0.07147441006187263
2940 0.03374470349837639
2951 0.047366277675141504
2953 0.05696464045758251
2995 0.022053989361998764
3035 0.05407751774537865
3078 0.046800669914160306
3092 0.1049238430351333
3142 0.04084992027441993
3154 0.08245062704402736
3282 0.05750148284497189
3308 0.04985536386000465
3512 0.03326480817295351
3633 0.013837330380313366
3634 0.05696464045758251
3678 0.07789508539621189
3763 0.04919546280182739
3790 0.06212382101801455
3810 0.0604981930797179
3847 0.03974468108579559
3865 0.08551140165999031
3915 0.08877023337382754
4079 0.04224512826634483
4219 0.026302039138357044
4441 0.069033382590097
4460 0.07602995170968813
4535 0.035413122433988
4569 0.11091074389018475
4827 0.07559809915524511
4970 0.03527835282216142
5161 0.043101300763223924
5181 0.05364364584311648
5208 0.049521976097563175
5223 0.025631265897255014
5279 0.0770915182308169
5417 0.05201808304680995
5551 0.0251993663850817
5613 0.035549048880662425
5844 0.07775829375569986
5962 0.0957199857623523
6054 0.047366277675141504
6068 0.04066027329144829
6102 0.030065649082500496
6160 0.08887130237836662
6235 0.06582839210761127
6245 0.03925920877312192
6294 0.03974468108579559
6310 0.022526720998628184
6315 0.020822353503178685
6384 0.07789508539621189
6528 0.03436577658334154
6601 0.1980879043902527
6695 0.09136999453637276
6696 0.0449664344497477
6729 0.05863305939319413
6861 0.1040361660936199
6862 0.04288287890293883
6864 0.0743615327740765
6866 0.03025995009454542
6916 0.059230690084821236
6928 0.06595885729061768
7099 0.018106717985479335
7100 0.03758574799196897
7201 0.029456382929150433
7242 0.047033503442430326
7245 0.03223543498588624
7401 0.03582445293200557
7468 0.0204497402220229
7604 0.04066027329144829
7616 0.03821924581967266
7649 0.07548352478983641
7751 0.047656842411039395
7810 0.051263876992447235
7862 0.027002487496323963
7893 0.08533774975623123
8087 0.03904851035118537
8293 0.029311443028137783
8344 0.06253782256838018
8346 0.04708094862578755
8411 0.026302039138357044
8658 0.03779497262022095
8673 0.09856494069867212
8737 0.04104186606465523
8744 0.009290453758053563
8870 0.044006423326308226
8897 0.06261270725575775
8939 0.06117213878077402
8970 0.04985536386000465
8997 0.03752592240956196
9317 0.14956609158001397
9477 0.23368525618863567
9489 0.1017996605945538
9496 0.03423959795710904
9528 0.04424102515510824
9584 0.045469185685524625
9645 0.025631265897255014
9652 0.023516751721215163
9695 0.046525265862817154
9765 0.1758686581688267
9783 0.02423517872626053
9827 0.01928373311239069
9902 0.04384704835798471
9932 0.03527835282216142
10014 0.08533774975623123
10242 0.034114416800802724
10244 0.148723065548153
10362 0.032125083781069194
10396 0.08449025653268966
10445 0.06924238146063194
10460 0.031061910509007275
10463 0.09342684402618208
10516 0.018993168376492797
10531 0.04143288182761231
10539 0.07285226426158635
10567 0.015867915856459528
10614 0.02894739633296743
10749 0.049521976097563175
10887 0.08944184096106222
10903 0.05863305939319413
10945 0.046800669914160306
11000 0.09631013001508879
11002 0.06595885729061768
11003 0.04716146590990833
11024 0.09984751936052134
11057 0.05985176316978639
11108 0.03805847962859838
11135 0.039219704816464564
11200 0.07676332184704128
11246 0.061311708121199564
11255 0.019729828352818928
11262 0.03326480817295351
11482 0.19183810758956138
11570 0.17955528950935917
11660 0.06794085743973724
11733 0.07867827044869367
11856 0.06117213878077402
11880 0.044006423326308226
11901 0.06419756223065427
11957 0.11263063702668658
12064 0.020621418798527753
12175 0.02894739633296743
12254 0.05019592179861929
12327 0.06419756223065427
12328 0.03854575911540845
12448 0.052409098809767046
12523 0.030756396200313552
12582 0.07002441298654613
12584 0.04288287890293883
12665 0.06117213878077402
12666 0.03743125570502109
12667 0.10643812403925694
12807 0.050827687421664096
12834 0.013125890929020424
12847 0.04708094862578755
12895 0.06595885729061768
12928 0.04224512826634483
12984 0.05019592179861929
13057 0.04472092048053111
13344 0.05281001475048198
13464 0.03904851035118537
13480 0.04833700707607722
13503 0.05498264030846294
13660 0.036827931921904346
13661 0.055455371945092376
13786 0.02142620022385827
13859 0.0743615327740765
13874 0.01688465356927177
13948 0.029684056309293563
13982 0.032125083781069194
14062 0.01957972927821934
14074 0.0604981930797179
14157 0.06794085743973724
14170 0.09588058412975083
