367 0.20914707607175403
527 0.09803171208894444
648 0.15260106763896242
971 0.07172047782924877
994 0.13837441577257292
1012 0.12357119975281669
1101 0.08516963992344538
1194 0.09471197228849386
1274 0.10977949022489554
1461 0.05689620835588888
1653 0.0843613253438264
1657 0.09367533432621943
1779 0.11420868846700899
1963 0.043728863717689276
2126 0.10816113438269048
2172 0.18942394457698772
2176 0.22168896298990384
2617 0.09074669370714876
2995 0.046195713427041374
3092 0.13186816330473464
3308 0.10443027172426816
3461 0.14017259269401877
3648 0.06484959658235849
3810 0.12672343059982213
3906 0.14705993125458774
3915 0.12396258395635269
3925 0.14017259269401877
4180 0.10738063448886892
4262 0.0753324637055704
4404 0.07119810931628348
4569 0.1161604110855207
4747 0.07042966456162385
4824 0.10661807872047224
4827 0.10556844740971169
4899 0.0744633384799154
4922 0.05415067520672835
4970 0.07389632099663461
5044 0.11420868846700899
5053 0.10896044330170501
5161 0.09028277404638044
5181 0.11236545233944542
5197 0.10587266049574741
5520 0.16650356246677397
5962 0.06683375902256493
6109 0.041432843541317904
6155 0.10816113438269048
6230 0.06775519924790367
6235 0.06894420522406827
6417 0.08762778024190093
6695 0.06379650130640535
6758 0.1161604110855207
7025 0.07389632099663461
7201 0.030850623033693635
7616 0.08005650580051035
7671 0.05399603756050061
8087 0.0817935369572851
8124 0.10707280733899167
8202 0.07172047782924877
8344 0.06549788526465088
8346 0.098618802017642
8673 0.10323025189979776
8897 0.13115262884193557
9126 0.07017742216703053
9457 0.08005650580051035
9496 0.14344095565849754
9533 0.09578205589518403
9645 0.05368890837510496
9765 0.12279529114075745
9902 0.022961216305578087
10004 0.12044632739840559
10079 0.07145826527766586
10445 0.0725197867482633
10614 0.1212701796039641
10732 0.056229457965861
10887 0.09367533432621943
10999 0.04057520703878442
11003 0.04939372936597476
11135 0.08215213196377223
11200 0.08039671098835326
11255 0.04132737536012556
11482 0.22962086611643262
11733 0.1098697315006989
12064 0.0215974792052193
12117 0.06918720788628646
12173 0.09267011451930271
12182 0.08678799576565045
12335 0.07068383986697434
12666 0.07840593070852678
12667 0.055738045792089845
12695 0.07389632099663461
12865 0.08223487950803839
12877 0.0454719818425392
13480 0.05062491166915481
13497 0.14231331704918912
13614 0.07776803191356728
13617 0.10896044330170501
14090 0.07905633811682919
14170 0.05020941920044839
