79 0.07723943377508949
971 0.09022575778186903
994 0.1740777097222886
1194 0.11914950554414408
1274 0.1381047365304793
1319 0.048558999515373985
1458 0.07221688029327102
1461 0.07157653809902054
1493 0.13318986865025764
1653 0.21225638024194565
1689 0.06064486025776597
1871 0.07847044184921932
2176 0.0929630108584489
2204 0.06064486025776597
2940 0.08892164703801228
2995 0.11623021419773849
3092 0.05529757247202267
3353 0.11023745399315077
3461 0.17633985130686616
3790 0.08185214141061177
3865 0.15022238332407153
3906 0.18500425733894924
3915 0.0779736723219321
3925 0.17633985130686616
4109 0.15450567560539613
4180 0.13508692929963959
4262 0.0947697063534947
4404 0.08956860802004102
4827 0.06640358133191479
4899 0.09367632989442043
4970 0.0929630108584489
6097 0.15010917647150598
6230 0.08523736010736033
6315 0.054869587720616966
6695 0.0802572410059292
6758 0.14613205923413888
6813 0.05690551088570383
7201 0.038810684556295945
7479 0.07178889554186532
8154 0.13318986865025764
8202 0.09022575778186903
8250 0.05660851214109891
8344 0.0823976151578707
8346 0.12406437342436574
8673 0.12986566717872683
8997 0.03296188222485992
9126 0.08828456370958877
9457 0.10071264330414038
9489 0.1341276192931122
9496 0.09022575778186903
9676 0.23070684353685275
9765 0.07723943377508949
9853 0.14367675417252898
9902 0.05777131451066044
10004 0.15152382541897055
10079 0.17979177857138806
10460 0.08185214141061177
10567 0.04181400536190404
10614 0.22884037130568627
10994 0.13508692929963959
11000 0.10151584692749015
11255 0.05199064300548216
11482 0.14443376058654203
11733 0.06910913090639177
12064 0.054340098851778124
12335 0.08892164703801228
12666 0.09863618769539982
12667 0.07011954703989594
12807 0.06696875675445027
12877 0.05720463867173683
12915 0.13606881336539242
13038 0.15942054348561782
13480 0.06368712474091892
13497 0.17903292423378106
13948 0.07822131784084234
14170 0.12632885424810983
