79 0.047555609382625395
449 0.06490477559337018
762 0.039144624705646974
855 0.04664591324405615
920 0.03153924425143215
971 0.05555116970199418
994 0.10717804573607669
1008 0.03496430764277444
1012 0.02392804989423912
1054 0.0659682320035459
1091 0.037306377253770256
1101 0.03298411600177295
1185 0.040172838793550304
1194 0.03667962766460421
1274 0.042514908404546116
1290 0.050792201628987205
1319 0.014948664821187355
1380 0.06167643608359582
1394 0.05600073277976306
1395 0.05428541275793329
1433 0.06490477559337018
1458 0.022231634685845
1461 0.022034508284390134
1493 0.04100188891660151
1498 0.21402655949936214
1604 0.022034508284390134
1653 0.06534215111641191
1689 0.018669241503504793
1830 0.10653306216372832
1839 0.060322994031760356
1996 0.0960973350385082
2103 0.05428541275793329
2150 0.12064598806352071
2204 0.037338483007009586
2359 0.03796528159917746
2365 0.037306377253770256
2396 0.053506639874840535
2552 0.042840136368478235
2558 0.019659876378617526
2560 0.0480486675192541
2674 0.04962359468562575
2680 0.05428541275793329
2707 0.1263789111430808
2716 0.03298411600177295
2730 0.026330713100656284
2786 0.05798092442076455
2919 0.04498608280488611
2995 0.1431237489632964
3092 0.01702310353506914
3193 0.09157841591532519
3208 0.029995892238387955
3215 0.09076273988865233
3219 0.14565746903511959
3241 0.042514908404546116
3304 0.050792201628987205
3417 0.04129057114205485
3461 0.05428541275793329
3471 0.05141895121815324
3522 0.055114462880984504
3523 0.0384241096022748
3546 0.23639462707707637
3666 0.03024058189203985
3721 0.04862307127578362
3790 0.025197805536670375
3865 0.023122635138317627
3872 0.15157802009595758
3906 0.05695271033286122
3915 0.048007673306721316
3925 0.05428541275793329
3966 0.06167643608359582
4109 0.047563862119212826
4180 0.04158589031852695
4262 0.029174418534554342
4284 0.052772393269988685
4402 0.0480486675192541
4404 0.05514656863422384
4460 0.06167643608359582
4681 0.05207785556356045
4684 0.12064598806352071
4827 0.0613261119564236
4864 0.03688516514405547
4870 0.05909865676926909
4887 0.029637381014163407
4899 0.028837827616841897
4970 0.02861823563006846
4990 0.028509831455848945
5223 0.020792399538671003
5502 0.05600073277976306
5533 0.053506639874840535
5613 0.028837827616841897
5750 0.07578901004797879
6104 0.047563862119212826
6183 0.037306377253770256
6230 0.02623992955382789
6245 0.015923777578037413
6310 0.01827395436406474
6315 0.01689135039638848
6467 0.06490477559337018
6528 0.08363382753413667
6606 0.01689135039638848
6695 0.024706822777331865
6730 0.053506639874840535
6758 0.04498608280488611
6813 0.03503619997110904
6861 0.29538398110980985
6862 0.03478712113137728
7101 0.06688496723437166
7201 0.04779076345913733
7206 0.028837827616841897
7242 0.01907707951684123
7249 0.05600073277976306
7418 0.024706822777331865
7423 0.03709404484244352
7468 0.01658908189953535
7475 0.037306377253770256
7479 0.022099881547164347
7491 0.01918109480912559
7533 0.028727562404095252
7566 0.02708104714456885
7674 0.036278163165866927
7716 0.07335925532920842
7810 0.04158589031852695
8011 0.036082039991278986
8139 0.052772393269988685
8202 0.05555116970199418
8293 0.047555609382625395
8344 0.050731454245478154
8346 0.03819264715254882
8377 0.14129006989846782
8463 0.0530284558265709
8567 0.03889993505199508
8658 0.04598962305000273
8673 0.019989274385894516
8744 0.0075365308606815595
8939 0.04962359468562575
8970 0.040443287065039274
8976 0.035698554247626295
9171 0.06490477559337018
9317 0.2831030094552749
9318 0.06922703684536749
9457 0.09301177308231443
9489 0.04129057114205485
9496 0.02777558485099709
9497 0.010487643898962166
9641 0.05798092442076455
9719 0.04206279680610405
9765 0.023777804691312698
9783 0.03931975275723505
9827 0.031286405055231184
9902 0.07113853460888045
9918 0.03752227844367558
9932 0.05723647126013692
9966 0.06123316781577847
10004 0.04664591324405615
10037 0.03238652832844773
10247 0.2076811105361025
10316 0.04816014637633166
10445 0.08425541286819814
10460 0.025197805536670375
10596 0.11819731353853818
10614 0.0234824855148406
10624 0.03774187043044902
10638 0.09242084013475474
10657 0.039428385632922676
10810 0.05600073277976306
10866 0.044602597061233415
11000 0.06250237380931035
11003 0.019128981884059888
11057 0.09710497935674636
11246 0.02486840752939339
11248 0.055114462880984504
11255 0.06402032199043967
11314 0.03514397236743501
11482 0.06669490405753502
11520 0.040172838793550304
11636 0.03313795997721515
11733 0.021274928320467765
11815 0.15501962180385737
11955 0.0341018483502775
11957 0.022841841042317595
12064 0.008364174840837048
12078 0.028190002028836397
12175 0.0234824855148406
12238 0.04855248967837318
12249 0.05428541275793329
12328 0.031268795979943184
12335 0.027374120352259803
12523 0.04989993711040776
12558 0.035698554247626295
12582 0.02840233444016313
12610 0.03478712113137728
12611 0.023852707634794475
12666 0.030364697045115806
12667 0.043171960566486624
12735 0.020157195971963218
12807 0.04123204795012111
12834 0.010647884875886623
12865 0.031847555156074826
12877 0.01761018509967833
12898 0.04423022842637589
12915 0.04188815881538008
12948 0.05857720867788339
12991 0.07209349838514753
13022 0.028509831455848945
13079 0.01842076531529017
13127 0.06490477559337018
13174 0.045381369944326164
13261 0.07638529430509763
13265 0.13376993446874333
13309 0.05695271033286122
13464 0.031676633993279614
13480 0.019605788642241825
13497 0.055114462880984504
13660 0.1792516400335619
13822 0.021091849424780835
13870 0.052772393269988685
13874 0.01369703956455558
13912 0.024706822777331865
13918 0.0833267545529913
13948 0.02408007318816583
13973 0.027877942511378886
14157 0.11022892576196901
14170 0.019444878583234952
