79 0.03879567228265224
855 0.07610709176203281
971 0.045318417798762466
994 0.1748708256398077
1054 0.053816614761130165
1091 0.060868780982083176
1185 0.06554567626118196
1290 0.08287214208772258
1319 0.024390119651284757
1380 0.10063077028870289
1458 0.03627295390708635
1461 0.035951324077571616
1493 0.06689834768301169
1498 0.08730099739984053
1653 0.05330586052550981
1830 0.057939491900492614
1996 0.07839581420130627
2150 0.19684501054208656
2204 0.03046058223366104
2365 0.060868780982083176
2552 0.06989761723893857
2560 0.07839581420130627
2674 0.08096545252615651
2707 0.20619880110028416
2730 0.04296097683041421
2995 0.14594971373327859
3193 0.07470929840115612
3219 0.23765353898594482
3241 0.06936697794445086
3304 0.08287214208772258
3461 0.08857163688684587
3523 0.06269246396944259
3721 0.03966650334377868
3790 0.041112534085193365
3865 0.03772670298134181
3906 0.09292357786460248
3915 0.03916446418917426
3925 0.08857163688684587
3966 0.10063077028870289
4180 0.06785119960924466
4262 0.04760074343267811
4404 0.08997669179391449
4864 0.060181534737859914
4899 0.047051564435440396
4990 0.046516408573196326
5502 0.09137033905009027
6230 0.04281285513553385
6315 0.027559789597782155
6467 0.10589810271338648
6528 0.13645627116887118
6695 0.04031145061785845
6758 0.0733989259494699
6861 0.20654832660936104
6862 0.05675838323135512
7101 0.10912896725107057
7201 0.038987510019708335
7423 0.0605223411508305
7479 0.03605798656014985
7491 0.03129571791416024
7674 0.05919115525891127
7716 0.059846181462058674
7810 0.06785119960924466
8139 0.08610300662540668
8202 0.09063683559752493
8344 0.04138651357602015
8346 0.06231481172349786
8377 0.15368515077358813
8567 0.06346881689397636
8658 0.025012098010635916
8673 0.03261433712282568
8744 0.01229654230972469
8976 0.05824547007324813
9171 0.10589810271338648
9317 0.26394774982431246
9318 0.11295026893433949
9457 0.15175725067033818
9489 0.06736935924854139
9497 0.017111554283644467
9719 0.03431465817316616
9783 0.032076894019613306
9902 0.07254315818846827
9966 0.09990753739673523
10004 0.07610709176203281
10247 0.22590053786867897
10445 0.04582348157745644
10596 0.09642488657513379
10614 0.03831383192194896
10624 0.0615793280987366
10638 0.07539654464537937
10657 0.03216551627677733
10810 0.09137033905009027
10866 0.07277323373654432
11000 0.05098918177420616
11057 0.07921784632864827
11246 0.04057509098198099
11255 0.052227517712734935
11482 0.03627295390708635
11815 0.15175725067033818
11955 0.05564029774848957
12064 0.013646919480269512
12078 0.0459945774875343
12175 0.03831383192194896
12249 0.08857163688684587
12328 0.05101791259788576
12335 0.04466339159561507
12611 0.038917883314580966
12666 0.0495427921466074
12807 0.06727387328570034
12834 0.01737300215520868
12865 0.05196221135125153
12915 0.06834437842442637
12948 0.047787048060201655
13174 0.07404387322354967
13261 0.06231481172349786
13265 0.21825793450214115
13309 0.09292357786460248
13464 0.05168333777549221
13497 0.08992430830867558
13660 0.24372126208840567
13874 0.02234797808660459
13912 0.04031145061785845
13918 0.045318417798762466
13948 0.03928885109783396
14157 0.08992430830867558
