79 0.05982471811466252
86 0.052994678811644574
140 0.06792966708664289
249 0.03009867575685162
269 0.05609396890435165
315 0.039498266526799164
322 0.052447984708710045
324 0.03592845114046316
326 0.025156454672130686
337 0.02263118161935246
370 0.04115898062935334
398 0.039890066677268333
513 0.035655694375378605
528 0.04487405641985948
535 0.033251698214110954
556 0.026223992354355023
648 0.049563875892888805
659 0.05805817678787608
700 0.04071919235161011
763 0.039890066677268333
844 0.05172576485955958
901 0.06356146304185081
920 0.02645080740052195
968 0.0434143769621161
971 0.023294364299715844
994 0.06741472202208604
1008 0.0293232824470621
1010 0.03042516488648844
1012 0.14047304492266052
1054 0.027662568344507928
1059 0.05609396890435165
1064 0.033469348379452916
1101 0.055325136689015855
1119 0.04552718467414542
1143 0.048626474766852494
1185 0.10107445947556253
1194 0.06152371687443
1217 0.03438678042329361
1270 0.12712292608370163
1274 0.10696708312613581
1319 0.025073793837798123
1402 0.030592196399147096
1435 0.050590682650376924
1451 0.02978179065438084
1458 0.01864485662960511
1461 0.05543860183991029
1492 0.0586465648941242
1493 0.03438678042329361
1540 0.06356146304185081
1545 0.022711880998636132
1550 0.022392648256853376
1552 0.04425827072206041
1567 0.03878421206040208
1604 0.018479533946636765
1617 0.04071919235161011
1652 0.04552718467414542
1653 0.12330014762590397
1660 0.03146855874003233
1689 0.015657208124148784
1695 0.0436757874209807
1722 0.050590682650376924
1779 0.07418854073106304
1871 0.020259392707064696
1901 0.028599969470544242
1963 0.014202862455512869
1996 0.0805933103705105
2046 0.028599969470544242
2172 0.030761858437215
2176 0.24001064602533168
2204 0.04697162437244634
2371 0.026682500561673764
2428 0.039498266526799164
2456 0.03740656228236033
2464 0.06046217294914373
2558 0.049464051782274705
2571 0.04209638175538965
2617 0.029473960662138497
2648 0.038547433485105184
2674 0.04161748883667208
2760 0.032030772389300015
2940 0.02295767074898928
2951 0.03222489145662284
2953 0.03875498446808569
2965 0.018983313263022796
2995 0.04501223960958856
3035 0.03679077658456126
3078 0.03184008923868946
3092 0.14276652584813027
3137 0.02312470226164794
3142 0.02779159164423292
3147 0.02633680298471473
3151 0.028188200237879445
3154 0.05609396890435165
3220 0.022392648256853376
3227 0.02978179065438084
3236 0.024001064602533168
3282 0.03912021662294458
3307 0.03592845114046316
3308 0.06783660307604222
3353 0.05692191400592801
3432 0.010556950074562138
3461 0.04552718467414542
3471 0.1293695655386333
3484 0.050590682650376924
3512 0.04526236323870492
3633 0.018828013998197113
3634 0.03875498446808569
3678 0.052994678811644574
3684 0.06356146304185081
3721 0.020389193274331602
3751 0.028188200237879445
3758 0.019817024303154178
3763 0.033469348379452916
3790 0.042264950666090165
3810 0.04115898062935334
3847 0.027039659792393166
3865 0.07756842412080416
3871 0.04552718467414542
3906 0.047764149322754405
3915 0.1006556871068338
3925 0.04552718467414542
3952 0.047764149322754405
3984 0.013595250746542973
4079 0.02874079914598238
4109 0.07978013335453667
4180 0.06975312195977165
4190 0.03462888761789049
4241 0.03303835823756825
4262 0.024467514805611542
4377 0.06792966708664289
4384 0.018926160254923767
4404 0.04624940452329588
4441 0.04696576066429833
4535 0.04818550591634386
4569 0.03772817771059757
4747 0.022875116193609404
4817 0.04782029999502984
4827 0.13715189563415522
4899 0.024185228347946258
4923 0.04425827072206041
4970 0.07200319380759951
4991 0.061868470365617885
4997 0.03009867575685162
5003 0.04696576066429833
5161 0.0293232824470621
5181 0.07299119751346521
5223 0.034875645795927064
5279 0.026223992354355023
5290 0.06356146304185081
5383 0.03912021662294458
5417 0.07077934607661929
5497 0.05443325480179748
5551 0.017143986954269403
5613 0.024185228347946258
5644 0.036495598756732604
5689 0.01234953016565502
5827 0.046222478605584844
5844 0.1058032296020878
5962 0.02170718848105805
5970 0.025784204076611795
6054 0.03222489145662284
6097 0.03875498446808569
6102 0.02045468476331133
6109 0.013457129409014945
6135 0.06792966708664289
6154 0.022314296516881684
6230 0.02200646652463934
6235 0.04478529651370675
6245 0.013354688224220581
6271 0.03146855874003233
6294 0.05407931958478633
6304 0.11850710491212944
6310 0.015325695298100094
6315 0.02833231211932504
6384 0.052994678811644574
6601 0.06738297298370835
6606 0.01416615605966252
6695 0.10360353050190144
6720 0.023380207915344144
6729 0.039890066677268333
6758 0.03772817771059757
6813 0.04407536385910212
6862 0.02917468261855721
6864 0.050590682650376924
6866 0.020586874357477934
6893 0.06356146304185081
6916 0.04029665518525525
6928 0.04487405641985948
6996 0.06356146304185081
7020 0.02247157400736201
7085 0.035130062482007084
7099 0.012318616753453995
7100 0.025570864100069087
7167 0.035655694375378605
7188 0.05172576485955958
7201 0.030060270381815097
7206 0.024185228347946258
7401 0.0243725951011903
7410 0.06792966708664289
7479 0.018534360104454604
7497 0.03009867575685162
7598 0.020924623546514105
7604 0.027662568344507928
7616 0.02600185424195376
7649 0.05135401202092689
7671 0.017537576543619857
7722 0.04696576066429833
7751 0.03242257253976917
7810 0.034876560979885826
7862 0.018370711639950618
7892 0.027039659792393166
7893 0.05805817678787608
7959 0.035655694375378605
8027 0.028599969470544242
8074 0.025784204076611795
8083 0.049563875892888805
8087 0.02656603113801686
8124 0.017388290319857492
8154 0.03438678042329361
8202 0.04658872859943169
8250 0.029230218436461425
8344 0.04254661001696644
8346 0.06406154477860003
8381 0.05805817678787608
8389 0.04071919235161011
8411 0.01789417277275777
8447 0.03679077658456126
8658 0.02571320673846921
8673 0.11734989901777104
8688 0.019451792148295285
8690 0.06792966708664289
8737 0.027922178900810488
8744 0.006320612018308772
8870 0.02993906814486117
8872 0.02962677622803236
8897 0.04259755661950625
8997 0.06808043391835149
9094 0.015123563350705353
9099 0.04117374871495587
9126 0.02279318943559925
9160 0.06792966708664289
9242 0.04029665518525525
9317 0.03391830153802111
9402 0.02779159164423292
9457 0.02600185424195376
9477 0.2119787152465783
9489 0.03462888761789049
9496 0.06988309289914753
9497 0.0175912045732745
9528 0.06019735151370324
9533 0.031109414924843832
9597 0.049563875892888805
9652 0.03199849381562125
9676 0.05956358130876168
9695 0.031652722485445414
9722 0.02633680298471473
9765 0.11964943622932504
9776 0.05609396890435165
9783 0.016488017260758235
9827 0.013119380219978775
9853 0.03709427036553152
9898 0.036495598756732604
9902 0.029830639927420233
9920 0.038059690536646255
10004 0.03912021662294458
10014 0.05805817678787608
10079 0.04641839859368152
10234 0.027161393480391337
10242 0.02320919929684076
10244 0.10118136530075385
10362 0.021855788309562935
10396 0.02874079914598238
10445 0.07066192456805521
10460 0.08452990133218033
10516 0.012921699136832445
10539 0.049563875892888805
10567 0.06477290062236732
10614 0.09846949671446086
10628 0.02163365019716168
10652 0.04487405641985948
10749 0.033691486491854175
10771 0.052994678811644574
10806 0.0293232824470621
10856 0.03262394880962985
10887 0.03042516488648844
10903 0.039890066677268333
10963 0.06046217294914373
10994 0.034876560979885826
11000 0.1135733051645941
11002 0.04487405641985948
11003 0.03208555103918611
11020 0.03592845114046316
11057 0.04071919235161011
11098 0.05383857257158889
11108 0.025892479528306325
11135 0.08004750168502128
11200 0.026112350767104265
11246 0.04171244261110063
11255 0.04026862200284711
11262 0.02263118161935246
11310 0.031287490330586525
11311 0.023466741045309783
11314 0.029473960662138497
11325 0.02200646652463934
11359 0.01810336996256993
11365 0.016671397292734105
11396 0.05609396890435165
11438 0.03740656228236033
11482 0.2423831361848664
11570 0.04071919235161011
11660 0.046222478605584844
11733 0.12489751462809218
11856 0.04161748883667208
11901 0.0436757874209807
11910 0.02456327825180085
11957 0.057469842961399925
12041 0.023380207915344144
12064 0.03507363334637068
12078 0.02364192078734467
12100 0.03912021662294458
12175 0.03938779868578435
12327 0.0436757874209807
12335 0.02295767074898928
12417 0.036495598756732604
12448 0.035655694375378605
12513 0.023040862797594586
12523 0.020924623546514105
12552 0.03620829328348153
12582 0.04763999238617473
12611 0.020004391056398216
12665 0.04161748883667208
12666 0.05093151547403267
12667 0.07241347985027972
12695 0.024001064602533168
12763 0.025055296025047365
12768 0.025258572183240277
12807 0.03457980636324905
12834 0.017859981033769925
12877 0.01476901636087813
12894 0.03620829328348153
12895 0.04487405641985948
12915 0.035130062482007084
12947 0.04209638175538965
13038 0.04115898062935334
13064 0.03042516488648844
13321 0.04552718467414542
13336 0.011515819125523633
13344 0.03592845114046316
13464 0.02656603113801686
13480 0.04932796758004729
13497 0.046222478605584844
13503 0.03740656228236033
13539 0.050590682650376924
13661 0.03772817771059757
13676 0.02099346286546485
13807 0.05443325480179748
13858 0.02874079914598238
13859 0.050590682650376924
13948 0.040390148414017536
13982 0.04371157661912587
13993 0.03462888761789049
14062 0.013320756489839446
14072 0.01613036394318695
14074 0.04115898062935334
14170 0.11415394546615643
