1012 0.10232759509734879
1319 0.06392752137468252
1653 0.06985844241155396
1830 0.1518618260124804
2674 0.21221382965638994
3421 0.1437358690015546
3522 0.23569536450402723
3633 0.048003436380581854
3734 0.09045840728605949
3915 0.10265169492309328
4404 0.11791633190236732
4827 0.08741976579660506
4928 0.09949365531591955
5793 0.12879725530038516
6861 0.18045726101401474
6862 0.14876609090450885
7808 0.3463835806219405
8202 0.11878146413047937
9719 0.0899401509789007
9765 0.10168507594688196
10221 0.24355657516581466
10602 0.18760169854752598
11815 0.1325873622146563
12078 0.12055370689003396
12231 0.1397629507334775
12270 0.18045726101401474
12324 0.21721134256098443
12667 0.09231180392744302
12900 0.12879725530038516
12964 0.23214995626215393
13295 0.25796949336134123
13660 0.2555214392447713
13918 0.11878146413047937
14083 0.1586315816766295
14170 0.08315544606338453
14236 0.2775633462048939
