49 0.12071511862540285
337 0.04513985560197055
535 0.06632339756496627
568 0.10090750664518208
702 0.06507129690362612
920 0.10551686135505088
994 0.08964300873922636
1012 0.040026525414801624
1194 0.061357196069547336
1519 0.1146285888372338
1653 0.1366293577975902
1657 0.0606856315654246
1942 0.04243145286936571
2097 0.1158020717078842
2114 0.04938077732141994
2176 0.09574441217205105
2408 0.12059705066269577
2452 0.10570248559999364
2674 0.08300969291844475
3010 0.03148296359468261
3092 0.14238011231523118
3208 0.050176731840924
3249 0.04880258149313474
3281 0.0454629942499993
3512 0.0902797112039411
3554 0.08950519955771956
3721 0.12200404588556323
3734 0.03538376656632427
3761 0.05142883250226415
3905 0.07111837651977783
3915 0.08030660100636161
3984 0.027116907366725968
4109 0.07956419952129705
4612 0.07878272012201173
4741 0.08496452315848166
4747 0.0456264042781948
4757 0.10317152661023138
4767 0.1158020717078842
4827 0.034195169681110554
4928 0.03891799977636088
5049 0.05704512092365384
5051 0.05275843067752544
5223 0.03478125096895986
5417 0.07058777387850577
5474 0.05789907362992495
5496 0.08950519955771956
5512 0.1158020717078842
5844 0.05275843067752544
5970 0.1028576650045283
6097 0.07730017955624775
6109 0.05368282474658933
6154 0.044507800766808304
6178 0.1267788536991657
6200 0.09698972357376144
6207 0.05230602838565508
6235 0.08932816022259474
6412 0.05676784849400396
6676 0.09219474461894989
6995 0.1964418315607085
7423 0.12410085528794568
7598 0.041735977435996795
7641 0.06589787246878523
7891 0.03621433624211796
8087 0.05298825442070958
8124 0.03468245394364732
8202 0.046462631006845216
8234 0.1354916157253979
8235 0.09219474461894989
8344 0.08486290573873143
8345 0.06507129690362612
8384 0.0812179626276684
8447 0.07338239648482713
8673 0.20062676300831714
8683 0.060357559312701425
8706 0.03538376656632427
8744 0.01260700915318363
8872 0.05909317610449805
8996 0.02360732708893432
8997 0.03394808331357706
9001 0.09526974064564041
9048 0.1354916157253979
9099 0.04106230736966061
9126 0.0454629942499993
9198 0.16792977280327148
9402 0.0554327412006117
9496 0.046462631006845216
9511 0.07802866678280199
9528 0.06003442066467267
9604 0.10317152661023138
9827 0.02616774230695848
9850 0.08496452315848166
9867 0.06388815505930961
9890 0.04595700026280792
9911 0.07338239648482713
9925 0.0759133554745894
10048 0.05164479728646922
10079 0.04629276201826198
10091 0.06675751970673194
10335 0.051215016657023035
10445 0.04698044678957146
10567 0.021532528513036223
10614 0.039281191213529375
10657 0.0329776410233234
10693 0.1354916157253979
10752 0.06276677114872765
10888 0.08496452315848166
10945 0.06350782096853776
10999 0.013142905134832784
11102 0.05971606943231531
11222 0.11188428863646356
11255 0.026773086989331528
11322 0.1158020717078842
11482 0.26032149142494904
11633 0.07222058299476995
11704 0.12059705066269577
11733 0.07117683746741987
11764 0.10090750664518208
12064 0.01399148105760226
12098 0.10857185024741597
12175 0.039281191213529375
12325 0.08827696154752925
12367 0.1267788536991657
12387 0.050176731840924
12407 0.05298825442070958
12417 0.07279363869262706
12523 0.041735977435996795
12582 0.04751104943084351
12584 0.05819143616915014
12666 0.10158732728835505
12667 0.07221748468676197
12695 0.04787220608602553
12735 0.03371869084313352
12768 0.05038041407826586
12810 0.05649410829336708
12881 0.05649410829336708
12900 0.15114124223479758
12994 0.05909317610449805
13480 0.0655926079086668
13631 0.08209515851105932
13754 0.0276787253853491
13786 0.029075038676767397
13806 0.04938077732141994
13832 0.04861325590583563
14083 0.06205042764397284
14090 0.051215016657023035
14133 0.10857185024741597
14170 0.06505427147132208
