916 0.030700613701082874
976 0.018547540494683816
979 0.030970376192331325
997 0.021905076245887507
1001 0.09796898481695729
1010 0.024757920754530868
1068 0.044294064266273574
1117 0.026383274654137145
1219 0.05527652260512944
1249 0.06660683167037353
1405 0.05527652260512944
1443 0.0791378067031983
1458 0.015171910641652728
1460 0.021339293542000565
1461 0.015037382335918736
1519 0.015588344090843274
1653 0.02229627492266185
1659 0.08066339270282727
1800 0.03279066520991175
1909 0.03153615889621827
1940 0.01702702922123024
1942 0.01731076237555208
1959 0.14625935395081
2098 0.045645439954798674
2105 0.025909289534819902
2137 0.06752972522863127
2204 0.025481532765465484
2255 0.05527652260512944
2332 0.02879769834872217
2352 0.018886060900937873
2384 0.01960503651244975
2558 0.01341682210315553
2575 0.0365716636593095
2597 0.01686109513375092
2621 0.036014357304467906
2651 0.11055304521025888
2744 0.025909289534819902
2776 0.0354481576304164
2814 0.08418178781533489
2927 0.02829880563684232
2929 0.023621088546224155
2995 0.02441859045291045
3039 0.030970376192331325
3044 0.02038828830620118
3104 0.045645439954798674
3113 0.05527652260512944
3130 0.03731357954214
3137 0.01881730298593227
3153 0.029697625149423677
3163 0.03466298161594281
3204 0.02705796048796863
3238 0.02760039673538577
3241 0.029014168340149978
3292 0.040331696351413635
3307 0.029236119162780513
3321 0.013641618759027486
3332 0.0488346206534674
3339 0.035540372185150666
3360 0.044294064266273574
3417 0.028178623145014584
3422 0.0350907049433495
3432 0.025771574385611916
3439 0.02879769834872217
3442 0.025031898965612046
3455 0.0350907049433495
3517 0.02304790475348629
3523 0.05244483058566647
3527 0.03847636017893289
3548 0.03425515974821411
3622 0.0376126954994178
3633 0.015320951596208835
3758 0.08062870310129157
3761 0.0209814238847691
3786 0.017784747494869326
3799 0.029463835581951134
3832 0.07016189693625483
3841 0.015400816315281283
3847 0.04400605596499757
3984 0.022125772654094274
3985 0.018749080157399397
4079 0.02338729897875161
4126 0.041167241546549035
4134 0.036515441639253333
4146 0.041167241546549035
4188 0.06457158039655872
4219 0.014561055400313163
4241 0.026884358988922576
4405 0.02879769834872217
4489 0.06827767206173987
4493 0.028380162807730158
4542 0.020145878689633707
4720 0.026884358988922576
4747 0.018614206893701156
4763 0.02879769834872217
4808 0.015447323528986713
4822 0.04724377814974857
4887 0.02022593942162069
4892 0.033492366748399616
4909 0.042090893907667445
4928 0.015877378706180584
4974 0.020306738050937616
4990 0.03891289339439589
5049 0.02327270140935825
5247 0.02882129231740704
5305 0.04724377814974857
5359 0.03386546940550767
5551 0.0139506054285677
5622 0.07202871460893581
5685 0.03670106039751254
5797 0.04919998600192991
5814 0.06851031949642822
5938 0.06901310535436724
6044 0.01468841729014177
6067 0.1561253834317144
6068 0.09003963363817502
6109 0.021900985236061425
6154 0.018157850151977382
6206 0.031248703988827065
6230 0.017907359133038373
6278 0.014189709046771677
6315 0.011527450070687895
6431 0.04919998600192991
6519 0.017139422930246666
6563 0.05447355045593214
6606 0.011527450070687895
6632 0.04846877351035381
6655 0.03183335987378861
6723 0.021712396199108617
6757 0.03704691279553085
6792 0.04312344939873038
6967 0.05596322569817407
7025 0.01953042679212492
7064 0.024893839589131796
7153 0.023983895736237902
7206 0.07872114666955819
7242 0.013019094179228485
7276 0.027415830145200087
7284 0.24765110404215226
7351 0.03313449709116816
7423 0.025314716692665974
7468 0.02264233573134954
7469 0.030184783207693175
7479 0.01508199611781913
7491 0.013090079095191881
7540 0.02143109112657026
7542 0.10344395311599641
7580 0.010049204017058784
7598 0.051081087663690725
7614 0.036014357304467906
7693 0.042208026259302533
7714 0.02293763173695045
7851 0.01953042679212492
7862 0.014948830176700777
7865 0.024942007782968578
7891 0.014774364931733217
8085 0.024234386755176904
8086 0.036515441639253333
8093 0.04919998600192991
8097 0.016227089601331103
8115 0.03016399223563826
8268 0.3853611341738816
8284 0.10398894484782843
8401 0.060199627497278745
8412 0.020066542499092916
8463 0.01809455320390406
8474 0.22937631736950445
8498 0.029236119162780513
8517 0.01731076237555208
8545 0.041167241546549035
8658 0.020923651101020034
8662 0.10966332058080035
8706 0.04330655211364672
8724 0.12099508905424092
8758 0.025606963395324454
8795 0.015037382335918736
8953 0.05527652260512944
8995 0.037498160314798794
9102 0.04677459795750322
9105 0.06197631512935204
9126 0.018547540494683816
9134 0.019680286667389548
9147 0.036014357304467906
9386 0.030970376192331325
9409 0.017969314085055005
9457 0.06347559816305598
9497 0.007157260288099255
9521 0.03704691279553085
9530 0.040331696351413635
9535 0.032140991059874516
9584 0.025172167385627543
9662 0.03956890335159915
9666 0.026383274654137145
9703 0.04919998600192991
9716 0.04724377814974857
9719 0.028705626171814276
9722 0.02143109112657026
9783 0.01341682210315553
9813 0.026884358988922576
9827 0.04270262160242742
9890 0.018749080157399397
9898 0.029697625149423677
9902 0.07889094510876382
9905 0.02805916848807129
9908 0.04700682888167479
9922 0.040331696351413635
9940 0.03704691279553085
9975 0.0752253909988356
10033 0.031248703988827065
10040 0.018614206893701156
10046 0.02760039673538577
10054 0.036515441639253333
10056 0.04312344939873038
10068 0.01686109513375092
10093 0.08858812853254715
10113 0.1431677045884131
10156 0.014311751703001654
10174 0.025031898965612046
10180 0.027981612849087036
10225 0.051721976557998206
10252 0.05527652260512944
10322 0.0555778656046163
10335 0.020894193421544284
10361 0.018614206893701156
10371 0.10966332058080035
10459 0.07427376226359261
10460 0.01719616480615872
10567 0.008784626950709026
10574 0.024624077097883345
10580 0.03153615889621827
10600 0.030970376192331325
10602 0.029937820701268384
10613 0.026884358988922576
10628 0.01760398667388742
10732 0.014861163553908555
10754 0.02575682327058908
10884 0.08427812420300843
10930 0.028379418093543354
10949 0.20623988173139335
10950 0.05124913786914436
10992 0.02606445445667499
10999 0.0053619117972218185
11000 0.01777273023565618
11232 0.06679297436872367
11255 0.010922617907031643
11262 0.03683141920207958
11297 0.0376126954994178
11336 0.02705796048796863
11338 0.11101138611728921
11339 0.07122109112673351
11359 0.014731285782523517
11554 0.05527652260512944
11577 0.030184783207693175
11581 0.028586445012743284
11636 0.022614898756909075
11714 0.018886060900937873
11859 0.04724377814974857
11861 0.26383274654137145
11886 0.03153615889621827
11905 0.01931033349449831
11921 0.025031898965612046
11955 0.02327270140935825
12021 0.02705796048796863
12041 0.057075648097763255
12064 0.02283242146959851
12069 0.06166110167208723
12117 0.05485749548896426
12173 0.024492246204239322
12175 0.016025549938615526
12215 0.015975880744993686
12231 0.06691087861359188
12256 0.023740363708911173
12333 0.02143109112657026
12378 0.06104647613227612
12513 0.037498160314798794
12611 0.016278206884489135
12614 0.02022593942162069
12704 0.04312344939873038
12724 0.03821752766307405
12726 0.030184783207693175
12733 0.016433371806344226
12735 0.02751243265684169
12768 0.02055370055736241
12810 0.04609580950697258
12834 0.007266616249430202
12865 0.07606993085926912
12903 0.014189709046771677
12959 0.05717289002548657
12961 0.03313449709116816
12992 0.026383274654137145
12995 0.03821752766307405
13024 0.022614898756909075
13057 0.024757920754530868
13079 0.02514238914625416
13118 0.05527652260512944
13122 0.025459622293018746
13379 0.07202871460893581
13558 0.041167241546549035
13660 0.04077657661240236
13676 0.017083045956381455
13695 0.0458752634739009
13709 0.04213906210150421
13723 0.03136726808467042
13754 0.04516836503139063
13761 0.0209814238847691
13770 0.024362368432854282
13786 0.09489396220168227
13787 0.03052551387760207
13822 0.04318220309868405
13858 0.02338729897875161
13875 0.024624077097883345
13880 0.0376126954994178
13918 0.05686608708723755
13919 0.05881510953734924
13925 0.02705796048796863
13926 0.044294064266273574
13938 0.04919998600192991
13948 0.016433371806344226
14041 0.017784747494869326
14043 0.05717289002548657
14044 0.028178623145014584
14060 0.021617621338496304
14062 0.010839521652430115
14065 0.017907359133038373
14072 0.09188051785946447
14163 0.02125532064920216
14211 0.02338729897875161
14212 0.0934069207566567
14246 0.03183335987378861
