301 0.09663255505629575
303 0.0846516379201748
324 0.07139851386646111
971 0.04629153051884713
994 0.08931289479155434
1075 0.06740386089067547
1085 0.06013529019816818
1107 0.1066801352930345
1194 0.06113124575286925
1222 0.11147227029031788
1369 0.1837104676046721
1375 0.06740386089067547
1441 0.1153756259696416
1461 0.036723299191952725
1610 0.08365568236547372
1653 0.10890097179948018
1862 0.07311216288899022
1871 0.040260308619103825
2064 0.10795250379485896
2126 0.06981192268615267
2198 0.1201529472236013
2204 0.09334396745840572
2558 0.03276567432368088
2659 0.040005434375887765
2720 0.08179283982227364
2744 0.12654790178013905
3027 0.07849259961943608
3092 0.02837115837691745
3216 0.07139851386646111
3225 0.06523947556572242
3432 0.020979210691252907
3461 0.09047351675555707
3527 0.046982209240407656
3575 0.10053591073561947
3633 0.018707906629103727
3666 0.10079952066340057
3906 0.09491890603376665
3916 0.07849259961943608
3984 0.02701704827603517
4404 0.04595437105349069
4458 0.07927120118972894
4459 0.07563380152153494
4535 0.047878121699155576
4747 0.09091676645681729
4817 0.047515245493678325
4827 0.034069244607716556
4922 0.034951212119869124
5262 0.08365568236547372
5365 0.09185523380233605
5663 0.036080975507495755
5689 0.024541500476311182
5798 0.03716247733203995
5926 0.10053591073561947
5962 0.04313742865528738
6142 0.1153756259696416
6230 0.04373216644292613
6278 0.034653167627896025
6315 0.028151575081987457
6436 0.09663255505629575
6488 0.05189155054422299
6681 0.04064840112360457
6720 0.04646212252563368
6752 0.1518198418683234
6813 0.05839226532682003
6821 0.04434389901897572
6851 0.1189923252595986
6861 0.0703278315916488
6862 0.057977143889309496
6992 0.1693032758403496
7006 0.0506066139561078
7026 0.07563380152153494
7195 0.07563380152153494
7201 0.019912340253640443
7242 0.03179436952999488
7342 0.10795250379485896
7352 0.08917559309784354
7484 0.1898378120675333
7616 0.051671967249292995
7671 0.034851402225451564
7674 0.060462154311762696
7693 0.03435921540944764
7699 0.08179283982227364
7914 0.09047351675555707
7959 0.07085648026757523
8166 0.09047351675555707
8202 0.04629153051884713
8364 0.21062646397915835
8433 0.030618667994386523
8488 0.08569619550159736
8658 0.02554917745675062
8683 0.18040587059450455
8744 0.02512116668038042
8997 0.1183807385094813
9099 0.04091109378840127
9150 0.054718841375839586
9242 0.08007919079974453
9316 0.09663255505629575
9645 0.034653167627896025
9652 0.06358873905998975
9765 0.03962872347941127
9783 0.03276567432368088
9902 0.029640344781028397
9978 0.09047351675555707
10079 0.046122287079575525
10156 0.034951212119869124
10362 0.043432732420945974
10445 0.046807439424343275
10583 0.05655879863243899
10614 0.11740960999022206
10628 0.042991290316009574
10638 0.15403103713662786
10789 0.09491890603376665
10860 0.09849539759949584
10984 0.1153756259696416
10999 0.07856703518134257
11135 0.05302457595225914
11138 0.05575080902242339
11232 0.040779344550615354
11325 0.04373216644292613
11520 0.06695312458825152
11660 0.09185523380233605
11815 0.051671967249292995
11912 0.06365288438541397
12270 0.0703278315916488
12335 0.04562243907774058
12413 0.0871638518832339
12614 0.049394449660583664
12666 0.1518198418683234
12667 0.21585462277496253
12733 0.04013249221810843
12834 0.03549209785050355
12865 0.0265389924166652
12900 0.1003897723963417
12942 0.09491890603376665
12956 0.06695312458825152
12969 0.09185523380233605
13038 0.08179283982227364
13660 0.04979092735389124
13676 0.04171908339841687
13754 0.027576797377443125
13806 0.049198930643469765
13822 0.03515223879475288
13827 0.05123944377959339
13874 0.022827851453782074
13906 0.12631198552434
13948 0.04013249221810843
14163 0.051908336317090256
14170 0.16203676631831296
