49 0.1551209517957475
337 0.11601094286506002
527 0.16321722990943435
568 0.25933567646500955
1012 0.10286951278551973
1319 0.06426607574568
1493 0.17627196343953966
2204 0.08026127436332024
2995 0.07691323775321551
3092 0.07318433280146357
3633 0.04825765823777373
3721 0.10451816329335918
3915 0.10319532901462677
3940 0.13328953289250423
4146 0.25933567646500955
4404 0.11854080613066652
4817 0.12256713290148062
6235 0.1147881838967599
6695 0.10621754939562446
6752 0.13054141915940284
8202 0.119410520020808
8344 0.10905025700380361
8673 0.08593625164197381
9489 0.17751304242480934
9765 0.10222359091174749
9902 0.03822912036206737
10357 0.34821799673474413
10445 0.1207413239496947
10638 0.19866405406860146
10749 0.17270777903629722
10999 0.03377770700293134
11021 0.34821799673474413
11482 0.09557642343052537
12667 0.09280067889149995
13480 0.08428760113413436
13728 0.17505816313630068
13903 0.2716589332000516
14133 0.2790332965809704
14171 0.11811103205003196
