12 0.03186220495779005
79 0.020424121708453733
368 0.05181488316173836
505 0.06192524518230352
814 0.06957343880165968
920 0.027090867788111928
971 0.023858044629641955
1099 0.024581845766580596
1135 0.08090810236030889
1194 0.03150623824899811
1255 0.023178814160755186
1277 0.06509953233608151
1399 0.044732660317209134
1406 0.06509953233608151
1443 0.049803145097369196
1596 0.06509953233608151
1617 0.041704521141173186
1653 0.05612612536856093
1714 0.032044589457447877
1718 0.020749632364103123
1719 0.040855332166212864
1871 0.20749632364103124
1897 0.06957343880165968
1940 0.02143096055371986
1942 0.02178807945914067
2044 0.03383782511427527
2170 0.06957343880165968
2234 0.0332071385468567
2263 0.06957343880165968
2265 0.047340976696160185
2342 0.06957343880165968
2352 0.023770818791952874
2437 0.06192524518230352
2454 0.13914687760331937
2558 0.01688699664005321
2609 0.05326210159472308
2618 0.034279244416717695
2621 0.04532923863179102
2633 0.06957343880165968
2647 0.06957343880165968
2649 0.04362833833393244
2674 0.08524910946387666
2687 0.18577573554691057
2694 0.044732660317209134
2716 0.028331951095220125
2730 0.04523392264506752
2770 0.02640813390246087
2852 0.030343689159589286
2893 0.040454051180154445
3010 0.016166151899677614
3045 0.050763229588755114
3092 0.08773272628895498
3130 0.01565483210832463
3157 0.14977419967751193
3184 0.02586978269401112
3321 0.017169935501671722
3348 0.04362833833393244
3420 0.06509953233608151
3442 0.03150623824899811
3512 0.06953644248226556
3633 0.019283616950301997
3728 0.026519029418886463
3738 0.030992935884464636
3771 0.05181488316173836
3868 0.06957343880165968
3873 0.10855410312589471
3879 0.06192524518230352
3890 0.03186220495779005
3915 0.04123654707763648
3956 0.020815902899688224
4029 0.036246037363927015
4030 0.026189631494919114
4180 0.035720508947166045
4219 0.01832717850249241
4298 0.03168278619152097
4305 0.06957343880165968
4358 0.12136215354046337
4404 0.04736855417104547
4529 0.054277051562947355
4540 0.04362833833393244
4560 0.10362976632347672
4741 0.04362833833393244
4773 0.04215495147801304
4815 0.03473906140746808
4842 0.03799188277894544
4850 0.04362833833393244
4862 0.06957343880165968
4922 0.16212054610049625
4974 0.025558944927500545
5059 0.018815248724755766
5089 0.049803145097369196
5130 0.03737872442967904
5161 0.03003285139307871
5391 0.05746646416255708
5395 0.04311503596939896
5659 0.06957343880165968
5665 0.05181488316173836
5701 0.05575043841886677
5816 0.02873323208127854
5903 0.025457248253630584
5934 0.13914687760331937
5974 0.02887030230366988
6003 0.05745133871672535
6097 0.03969278307680403
6109 0.013782766934363705
6154 0.02285426102764785
6245 0.013677846863255896
6247 0.05575043841886677
6271 0.03223003938593676
6310 0.015696548645752317
6398 0.05946307678109452
6411 0.047340976696160185
6446 0.0597613114497113
6468 0.06509953233608151
6488 0.026744221133093483
6521 0.04006685317112767
6733 0.04662885794359121
6745 0.049803145097369196
7006 0.026081981753191565
7020 0.02301534434114113
7099 0.025233408776297504
7201 0.010262557688788232
7205 0.06509953233608151
7242 0.04915919685842595
7401 0.049924733225837306
7468 0.014249314945016977
7535 0.06509953233608151
7540 0.02697410467728782
7553 0.05297743225114719
7580 0.037945097542443074
7598 0.02143096055371986
7671 0.03592390661448945
7693 0.01770828671012148
7707 0.05575043841886677
7717 0.0218609114793924
7718 0.04652293263012014
7736 0.041704521141173186
7792 0.03679785289498271
7865 0.015696548645752317
7891 0.018595659168978595
8019 0.044732660317209134
8074 0.02640813390246087
8115 0.09491428589002691
8182 0.03497636111258218
8184 0.05946307678109452
8200 0.04891995297991703
8202 0.04771608925928391
8250 0.014968767703177604
8335 0.06509953233608151
8345 0.033413387748245954
8401 0.025256624344744717
8433 0.031560915758136236
8463 0.02277459273203943
8484 0.031161397339995716
8669 0.025457248253630584
8673 0.2060392260200607
8680 0.06957343880165968
8735 0.13914687760331937
8739 0.03168278619152097
8744 0.03236779542022134
8870 0.030663537960497284
8897 0.04362833833393244
8997 0.017431963477634302
8998 0.06957343880165968
9008 0.047340976696160185
9028 0.029009096724987533
9126 0.023344742265108475
9204 0.040340910222660974
9215 0.06192524518230352
9287 0.038641129503820794
9301 0.03933097981087712
9372 0.034279244416717695
9474 0.06192524518230352
9497 0.03603375807112833
9518 0.05181488316173836
9533 0.03186220495779005
9604 0.05297743225114719
9708 0.03935994774773972
9724 0.06192524518230352
9765 0.040848243416907466
9784 0.030343689159589286
9835 0.036518495923026036
9859 0.0441666895423822
9890 0.04719681772446344
9978 0.04662885794359121
10057 0.06957343880165968
10165 0.047340976696160185
10167 0.04810224479951061
10168 0.06957343880165968
10242 0.023770818791952874
10268 0.035466842350042806
10324 0.06446007877187351
10493 0.05887254615699365
10499 0.021643841967249892
10516 0.013234380244543313
10524 0.040454051180154445
10595 0.02640813390246087
10599 0.05745133871672535
10614 0.020170455111330487
10635 0.06509953233608151
10645 0.02697410467728782
10661 0.05745133871672535
10754 0.032418659551771506
10785 0.03168278619152097
10801 0.06509953233608151
10860 0.050763229588755114
10877 0.05946307678109452
10888 0.04362833833393244
10970 0.041271759360560885
10980 0.04262455473193833
10987 0.06957343880165968
11000 0.04921297112135985
11003 0.032861961752220684
11102 0.030663537960497284
11128 0.04891995297991703
11169 0.03708446669785297
11196 0.06957343880165968
11200 0.10697688453237393
11216 0.04532923863179102
11255 0.054990730436307166
11262 0.023178814160755186
11356 0.019442674168755773
11359 0.07416575150225184
11465 0.04262455473193833
11482 0.01909602751373733
11508 0.06957343880165968
11525 0.029292035586606043
11576 0.023178814160755186
11733 0.018274257484948417
11842 0.024865999092017012
11849 0.02697410467728782
11905 0.024304826756494397
11914 0.06192524518230352
11942 0.06192524518230352
11970 0.054277051562947355
12017 0.030663537960497284
12064 0.0071844700197430805
12162 0.06957343880165968
12182 0.02887030230366988
12215 0.04021587860200485
12223 0.09960629019473839
12309 0.049803145097369196
12406 0.026298341842309662
12469 0.06957343880165968
12492 0.06957343880165968
12529 0.04662885794359121
12659 0.04006685317112767
12667 0.01854143787556296
12725 0.03133247070487889
12733 0.02068375747586397
12735 0.0173141729935625
12753 0.17838923034328355
12768 0.02586978269401112
12807 0.01770828671012148
12826 0.23785230712437808
12834 0.009146079693478469
12940 0.03497636111258218
12948 0.02515766394144214
12956 0.06901351571731376
12963 0.1028377332501531
13044 0.06509953233608151
13064 0.031161397339995716
13072 0.05745133871672535
13112 0.019922489372513546
13122 0.032044589457447877
13174 0.038980664324235054
13210 0.04891995297991703
13212 0.05575043841886677
13450 0.07249207472785403
13526 0.08623007193879792
13600 0.035980144714576286
13631 0.04215495147801304
13676 0.021501465656270397
13677 0.11150087683773353
13719 0.04006685317112767
13761 0.13204066951230436
13787 0.019210370619944565
13799 0.06957343880165968
13874 0.011765173730028864
13875 0.030992935884464636
13973 0.023945965501251863
14027 0.19529859700824453
14060 0.08162663917782839
14072 0.016520688776796372
14076 0.033413387748245954
14162 0.04810224479951061
14198 0.02794475308619334
