527 0.09458320373854277
920 0.0785739665067439
994 0.06675337643468068
1194 0.09138024401036744
1319 0.03724172588337085
1458 0.05538584581386824
1461 0.054894743264231015
1567 0.05760560222755906
1618 0.08495820219189594
1623 0.21345593529929305
1653 0.1627874134322801
2114 0.07354357386113626
2176 0.07129683482434734
2558 0.04897880417759453
2754 0.4035796190005767
2951 0.09572628554038681
2995 0.04457066475543014
3078 0.09458320373854277
3092 0.1272293739515923
3130 0.045405051745443806
3321 0.04979943601597459
3633 0.027964963769946255
3721 0.06056751936446546
3790 0.06277549051264539
3865 0.05760560222755906
3915 0.05980094647159684
4241 0.098142745296511
4404 0.06869353942478504
4827 0.05092740786091229
4970 0.07129683482434734
5247 0.10521362075953028
5629 0.16169777636221017
5831 0.17246585971070105
5970 0.07659377488336203
6097 0.11512438185552913
6315 0.04208155368970951
6528 0.06945253677302526
6582 0.17246585971070105
6695 0.061552301314448256
6813 0.04364297985562062
6861 0.10512748975450513
7099 0.07318661888379321
7491 0.047786011899333215
7598 0.062158052297397196
8124 0.0516531280317387
8202 0.0691975323311169
8447 0.10928956546919509
8744 0.01877581842809518
8919 0.300566296062901
8997 0.025279709109936203
9317 0.10075667818599446
9457 0.07724031986563087
9496 0.1383950646622338
9512 0.4035796190005767
9645 0.05180026800649122
9765 0.05923783127220193
9902 0.02215349863465418
10037 0.08068481197147302
10445 0.13993744715716755
10460 0.06277549051264539
10516 0.0383848076852149
10567 0.03206873579182382
10602 0.10928956546919509
10652 0.13330151147243235
10999 0.019573936802210062
11000 0.025952108993341605
11003 0.04765618256049309
11246 0.06195485867426534
11733 0.053002395744149895
12010 0.10286752365072359
12064 0.04167546873103261
12175 0.05850210029222247
12582 0.07075895849702801
12666 0.07564780784187675
13480 0.048844054975853056
13816 0.08454525597039597
13822 0.052546289855780574
13943 0.20178980950028835
13948 0.05999087514853715
13982 0.06492414211069399
14170 0.048443178484133376
