303 0.05633654066040466
337 0.029930413494839332
556 0.03468201297894975
971 0.030807492393314453
994 0.11887731064737453
995 0.03483120840630615
997 0.03560155996586619
1001 0.03980639748298929
1012 0.07961991285420128
1022 0.0700870452341899
1029 0.09503289902844793
1033 0.04680389938535088
1185 0.0445579969670997
1194 0.040683476381464405
1274 0.04715572054744679
1280 0.08406193291969952
1319 0.01658042054701882
1412 0.05934727962629349
1461 0.02443973547283937
1479 0.043976363837003575
1480 0.11552506618609854
1489 0.040911449774957455
1493 0.04547754395401615
1545 0.030037140833754406
1550 0.029614945999946934
1573 0.06840886864075926
1653 0.1268307655803132
1655 0.032359018969510205
1659 0.06554970592487813
1755 0.07678367251189665
1862 0.048656900664459365
1871 0.026793651832931944
1942 0.028134581128599404
1966 0.0898390132104898
2046 0.037824313665583274
2114 0.13096958899994027
2172 0.040683476381464405
2176 0.0634842492939813
2204 0.041414250586880266
2280 0.1796780264209796
2389 0.0898390132104898
2558 0.02180589518589451
2597 0.027403752571146876
2649 0.05633654066040466
2650 0.08406193291969952
2692 0.04485796663871518
2693 0.09011142250126322
2694 0.05776253309304927
2744 0.08421893762821804
2949 0.0929211133445094
2951 0.04261838123813502
2995 0.019843343673693684
3044 0.033136377184300514
3092 0.11328779620244515
3130 0.020214821817233886
3142 0.03675520985083295
3215 0.05033507725789
3222 0.06021106124603995
3238 0.04485796663871518
3337 0.06840886864075926
3384 0.06021106124603995
3432 0.013961881721006692
3461 0.06021106124603995
3471 0.17109511360679022
3523 0.04261838123813502
3633 0.012450305373599552
3648 0.027856109076364287
3666 0.033541561828714345
3852 0.03468201297894975
3865 0.05129327860842748
3906 0.0631695137931642
3915 0.07987209116306597
3925 0.06021106124603995
3984 0.017980125088214335
3992 0.03641595493955038
4025 0.039182296264451834
4030 0.03381823135920329
4109 0.05275580436181902
4180 0.04612529336573941
4219 0.04733115568112879
4383 0.02564663930421374
4404 0.18349865568954052
4414 0.051737654676023086
4435 0.05934727962629349
4449 0.0898390132104898
4450 0.037824313665583274
4489 0.018494888345740867
4541 0.0898390132104898
4715 0.07678367251189665
4734 0.03624930937758945
4817 0.06324377473399727
4827 0.13604060816319755
4835 0.07639856709242657
4887 0.032872517178295334
4899 0.031985686699723175
4923 0.05853288465260931
4928 0.025804952412113964
4990 0.06324377473399727
5008 0.0898390132104898
5220 0.08406193291969952
5231 0.045797737948578235
5247 0.03122816389571082
5426 0.047886549104899305
5512 0.07678367251189665
5520 0.03576075752288826
5571 0.03174212464699065
5685 0.029824479675075902
5793 0.03340521597366154
5844 0.03498198265056522
5962 0.028708404977533408
5970 0.03410037984885362
6076 0.07996302922233986
6109 0.017797455494809676
6154 0.08853397045237865
6170 0.07996302922233986
6228 0.1535673450237933
6230 0.02910420912709027
6245 0.017661973968861662
6315 0.018735164412959845
6419 0.04114313021494561
6420 0.05033507725789
6601 0.0891159939341994
6606 0.03747032882591969
6677 0.04485796663871518
6695 0.027403752571146876
6756 0.051254624244806445
6758 0.04989664164593789
6813 0.058290984864455775
6821 0.029511323484126217
6861 0.04680389938535088
6862 0.07716877793136673
7020 0.029719327661843632
7025 0.03174212464699065
7081 0.05853288465260931
7099 0.032583477020046374
7100 0.03381823135920329
7201 0.026503736818438414
7242 0.04231896359731509
7422 0.024658379657864486
7484 0.1263390275863284
7641 0.043694215347353245
7649 0.033958607205266875
7810 0.04612529336573941
7818 0.0898390132104898
7959 0.04715572054744679
7960 0.0898390132104898
7963 0.05853288465260931
8074 0.03410037984885362
8139 0.05853288465260931
8202 0.1848449543598867
8346 0.042361652974895046
8389 0.05385234782515353
8433 0.020377040265420362
8673 0.04434249877328607
8744 0.01671839627557595
8758 0.0416181086351406
8868 0.062113620951194944
8870 0.03959531164999359
8961 0.045164387763066464
8970 0.04485796663871518
8976 0.07919062329998718
8996 0.031306128557880494
8997 0.0337644025678361
9287 0.04989664164593789
9316 0.0643099649433996
9317 0.08971593327743035
9409 0.02920490235977493
9433 0.0631695137931642
9457 0.03438822869190009
9489 0.045797737948578235
9496 0.09242247717994335
9497 0.023264893349633213
9528 0.03980639748298929
9533 0.04114313021494561
9652 0.021159481798657544
9708 0.025412419786766557
9765 0.026373325389439498
9902 0.01972595604729406
9905 0.022801796220817943
9918 0.0416181086351406
10003 0.033541561828714345
10004 0.051737654676023086
10048 0.03424357736699764
10174 0.040683476381464405
10265 0.0898390132104898
10281 0.04261838123813502
10335 0.033958607205266875
10354 0.05853288465260931
10445 0.031150835106410632
10456 0.09979328329187578
10567 0.028554698431798173
10614 0.026045769972278324
10645 0.03483120840630615
10739 0.06840886864075926
10749 0.0445579969670997
10750 0.08406193291969952
10903 0.10551160872363805
10930 0.046124083007625084
10999 0.02614358729972233
11000 0.017331240872370878
11003 0.02121704968757371
11023 0.0898390132104898
11048 0.05633654066040466
11135 0.07057680754983303
11246 0.027582975476684805
11255 0.01775215169472129
11262 0.029930413494839332
11327 0.11008074350243284
11356 0.025105998662415273
11386 0.0464605566722547
11577 0.04905828025260179
11705 0.05223763696304499
11733 0.047194483638575285
11875 0.03498198265056522
11905 0.031384414651116514
12010 0.045797737948578235
12064 0.07421748392849824
12070 0.0898390132104898
12175 0.026045769972278324
12215 0.025965044356200357
12316 0.04045909326974004
12333 0.03483120840630615
12337 0.07418594893154955
12378 0.019843343673693684
12413 0.02900422251940259
12416 0.062113620951194944
12417 0.04826651917267436
12499 0.06021106124603995
12513 0.03047222908679916
12558 0.03959531164999359
12582 0.03150265626850654
12640 0.10658705961002853
12666 0.1347169002216883
12667 0.16759573159737337
12735 0.022357500837809113
12834 0.03543053736709951
12865 0.12363381778203163
12964 0.06021106124603995
13020 0.06021106124603995
13064 0.040238189106421095
13112 0.025725575977716242
13122 0.041378640256656496
13311 0.05853288465260931
13336 0.0913800880455919
13464 0.035134369484167156
13480 0.021745903378848682
13497 0.0611306082329564
13660 0.033136377184300514
13666 0.040911449774957455
13806 0.03274239724998507
13822 0.09357671411070839
13912 0.027403752571146876
13948 0.0267085886959548
14062 0.035234196473773606
14072 0.04266577598661385
14133 0.0719896049393449
14170 0.10783714407015074
14171 0.06094445817359832
