527 0.10747603091716675
971 0.07862998746340993
994 0.22755799124814718
1012 0.06773798907569462
1319 0.042318220616783295
1461 0.062377556384804723
1653 0.0462443234829965
1657 0.10269996222330689
2172 0.103836469291369
2995 0.050646181921423325
3092 0.04819075546856632
3461 0.15367673975185797
3906 0.1612276005529128
3915 0.06795253404213139
3925 0.15367673975185797
4384 0.06388514081894461
4404 0.07805729426798075
4827 0.2314777019785014
4899 0.08163709373352243
6230 0.07428269622139676
6675 0.14556206507817018
6693 0.08928454228413875
6695 0.06994261959429296
6758 0.1273512383610218
7099 0.04158141722298276
7201 0.033822754334584794
8124 0.058694070044968134
8202 0.07862998746340993
8344 0.07180791390571394
8346 0.10811968075234057
8673 0.05658769753354534
8689 0.10159790011764146
9059 0.1959750287340883
9287 0.1273512383610218
9457 0.08776910358078227
9496 0.07862998746340993
9765 0.06731265947468289
9902 0.025173286694361106
10004 0.13205005738944056
10217 0.6436540157738095
10244 0.17076854690612928
10567 0.07288017963451597
10614 0.06647663952160988
10628 0.07302425693631695
10999 0.0667262987646418
11003 0.054152292878809724
11135 0.09006662116477802
11255 0.04530883096176308
11733 0.06022725915934307
12173 0.10159790011764146
12666 0.0859595130326117
13480 0.05550208657782408
13497 0.15602370026166393
14018 0.1514721092332596
14171 0.07777429465817663
