764 0.17594759097431395
1055 0.17237649515367207
1458 0.06484430405320976
1498 0.15606593369937258
1712 0.20191853137825808
1768 0.12400571016642567
2204 0.05445366432126826
2353 0.189311540179344
3010 0.05489533717936646
3092 0.04965227780843849
3128 0.14814857353062863
3238 0.11796329151748891
3384 0.15833742593704478
3455 0.1499766505703698
3914 0.10581463199002795
3915 0.07001338877636105
4250 0.22105822090410587
5044 0.12900888400478083
5663 0.06314520527139267
6054 0.11207383897910884
6245 0.04644580974530778
6310 0.053300707293124285
6412 0.09898338111193163
6606 0.04926798575320726
6861 0.24616104745970724
6862 0.10146562282327862
7201 0.034848525990898584
7406 0.0985060734223834
7540 0.09159585908634015
7633 0.060819466394842696
7716 0.1069856068819132
7739 0.20191853137825808
7966 0.13009499329542845
8011 0.10524258810101254
8648 0.23625024714887716
8658 0.044713537600628184
8711 0.16611728816459115
8744 0.08792895449070909
8895 0.1499766505703698
9584 0.10758511002237975
9708 0.13365441673336656
9902 0.025936738533081788
10268 0.12043461434578381
10460 0.07349590737625068
11255 0.04668295070735002
11314 0.10250647161283812
11815 0.09043095240192266
12050 0.13121352850495668
12215 0.06828044885145335
12254 0.11876908917457155
12558 0.20824810578296865
12606 0.20191853137825808
12667 0.06296108624276893
12865 0.04644580974530778
12900 0.08784591735606542
13455 0.22105822090410587
13480 0.05718534592195121
13754 0.0482620690442388
13775 0.10146562282327862
13816 0.09898338111193163
13822 0.06151982598093962
14072 0.056099236631303576
14157 0.16075556472954264
14163 0.030281540395696915
14189 0.09320764079111392
