483 0.07463296701482314
1012 0.12051141479959815
1029 0.10788019639694917
1117 0.09735330586921423
1196 0.297644930176076
1458 0.11196757617694672
1545 0.06819559721898488
1618 0.08587540585500698
1653 0.041136214149777965
1689 0.04701295585655753
1961 0.3630922505865554
2126 0.10548292285630557
2176 0.14413310236694854
2209 0.0950417234764204
2340 0.0918573456687976
2848 0.0554873836251201
2949 0.10548292285630557
3092 0.08573528976906443
3107 0.1743277908039574
3208 0.07553577136043005
3512 0.13590657210609142
3699 0.09448874608959432
3760 0.10325111458383503
3915 0.1208931078170058
4404 0.06943515076267756
4689 0.0867267283923358
4808 0.057000051437600285
4827 0.05147721710637246
4974 0.0749311109630942
5496 0.1347406266074795
5551 0.05147721710637246
5661 0.0867267283923358
5816 0.08423716266527309
5970 0.15484135338031382
6235 0.0672370562914837
6519 0.06324383552928212
6601 0.10116339737097649
7201 0.03008672115085413
7641 0.09920228849741834
7891 0.054516859149509406
8078 0.08895853666480634
8192 0.16842998208933657
8447 0.11046944907315538
8669 0.07463296701482314
8744 0.037957042078896434
8961 0.10254013235077784
9099 0.06181496775915306
9496 0.13988916949248878
9765 0.05987735935113768
9784 0.08895853666480634
9966 0.0770987995130906
10079 0.13937772984259172
10335 0.0770987995130906
10362 0.0656250592609153
10445 0.1414482034564717
10567 0.032414947942984516
10888 0.1279051177624256
10994 0.10472174916337774
10999 0.039570511703468876
11003 0.04817067585350845
11108 0.07774578886791564
11255 0.08060811070160803
11325 0.06607749166251353
11482 0.16795136426542007
11733 0.10714921286907221
12042 0.1311426564520159
12175 0.05913368546355787
12335 0.1378672305986598
12378 0.04505184698299938
12584 0.0876010624116216
12768 0.0758423934608652
12807 0.05191535097423754
13057 0.09135581020544993
13480 0.04937137246832847
13585 0.12226506650239699
13676 0.0630358065847091
13700 0.28346623826878287
13806 0.07433754588035757
13816 0.08545800149082913
14090 0.0770987995130906
14170 0.048966168138010815
