49 0.10183408333083314
337 0.03807953692343483
527 0.053574571323900096
568 0.08512457724785488
920 0.044506491707067074
994 0.07562195792810966
1008 0.04933975766004034
1012 0.03376598201575114
1194 0.10352065074602329
1519 0.06446636455963206
1653 0.13831101422091566
1657 0.05119380018168841
2006 0.17725866524690437
2097 0.09768948541381961
2114 0.04165713665324257
2176 0.08076904167941162
2204 0.026345033366334973
2331 0.07660466603019385
2415 0.114299390528088
2452 0.08916957419615856
3010 0.026558717538532308
3092 0.14413254996324693
3208 0.04232859603455052
3249 0.041169376355861355
3281 0.03835213349945185
3512 0.11423861077030448
3554 0.07550570346194897
3721 0.10292140965344448
3734 0.05969879289528451
3761 0.04338485580165703
3905 0.05999476091592545
3915 0.06774585645958069
3984 0.02287555557168256
4109 0.06711957388987538
4190 0.05826704176751097
4612 0.06646032557720044
4741 0.07167523364107077
4747 0.03848998458735073
4757 0.0870344821579345
4768 0.114299390528088
4784 0.04933975766004034
4827 0.02884670783967073
4850 0.07167523364107077
4870 0.08339685809944039
4928 0.03283084072172947
5049 0.04812270131451756
5139 0.09159014190912988
5181 0.06140799556004914
5223 0.02934112023295756
5224 0.1069493904259936
5247 0.019865312257093128
5417 0.05954714976164631
5474 0.04884308739408443
5496 0.07550570346194897
5512 0.09768948541381961
5551 0.02884670783967073
5844 0.044506491707067074
5970 0.08676971160331406
6097 0.13041933795959154
6109 0.022643150712723933
6178 0.2138987808519872
6200 0.08181957409406417
6207 0.044124849596170024
6235 0.07535635482516488
6245 0.022470781768650697
6294 0.04549730282669231
6412 0.047888797027897695
6417 0.047888797027897695
6676 0.07777457714576048
6695 0.06972988916799201
6995 0.11047759425998419
7423 0.10469025738223392
7598 0.03520805887868865
7641 0.05559079519388986
8087 0.04470036874982128
8124 0.029257776036944003
8202 0.03919541720704693
8235 0.15554915429152097
8250 0.024591583439007955
8344 0.07158951018813012
8345 0.05489350420051524
8384 0.06851467213358647
8447 0.06190466582600506
8673 0.2538701374181261
8706 0.029849396447642253
8870 0.050375887130019545
8872 0.049850420462932046
8893 0.049593290893570334
8996 0.01991490826805911
8997 0.042957402325942515
9099 0.03463975745585154
9126 0.0767042669989037
9198 0.14166389986695138
9402 0.04676251368477468
9496 0.03919541720704693
9511 0.06582421361827288
9528 0.050644445089399553
9604 0.0870344821579345
9652 0.053841105039972484
9765 0.06710792807016071
9783 0.027742964226771947
9827 0.02207484928988682
9850 0.07167523364107077
9890 0.03876887209895068
9911 0.06190466582600506
9918 0.05294942900567053
9925 0.06403975786422914
10079 0.03905211740387656
10091 0.056315985124207046
10335 0.043204482863704645
10460 0.03555779314855285
10567 0.018164628655375718
10614 0.03313722543558153
10657 0.027819612673741095
10752 0.05294942900567053
10888 0.07167523364107077
10945 0.10714914264780019
10999 0.044348900517193354
11102 0.050375887130019545
11135 0.04489634180121519
11159 0.1069493904259936
11200 0.04393699992860027
11222 0.09438448226002888
11262 0.03807953692343483
11322 0.09768948541381961
11482 0.3137209176263555
11633 0.12184914285198897
11704 0.10173448236212328
11733 0.06004407799469379
11764 0.08512457724785488
11905 0.039929417504828084
11922 0.06403975786422914
12064 0.023606150814680305
12098 0.09159014190912988
12175 0.03313722543558153
12325 0.07446957399196977
12367 0.1069493904259936
12387 0.04232859603455052
12407 0.04470036874982128
12417 0.06140799556004914
12523 0.03520805887868865
12582 0.040079852647866336
12584 0.049089721548292234
12666 0.08569806723664182
12667 0.12184391544784173
12695 0.04038452083970581
12735 0.02844475499197066
12810 0.047657872494831055
12881 0.09531574498966211
12900 0.21250210180418827
12994 0.049850420462932046
13480 0.02766663851106143
13631 0.06925466592809945
13754 0.023349499710384605
13786 0.024527415829702554
13806 0.04165713665324257
13832 0.041009663157935375
14072 0.02714117184397393
14083 0.05234512869111696
14170 0.0823187125706452
