934 0.35698678667572287
1162 0.1775981669067036
1375 0.20855607505203125
1653 0.08423834683850231
2479 0.15920708463940644
2565 0.1290841232738024
2575 0.1381726991831589
3092 0.08778395417684456
3461 0.2799365095910024
4079 0.17672076701793982
4404 0.14218863922269087
4489 0.08598743124001193
4734 0.16853224195436647
5571 0.1475771958971327
5677 0.1860661975459602
6315 0.0871045356757016
6782 0.2887819926655032
8202 0.14323185327352142
9722 0.16193913052378583
9905 0.10601133935138694
10567 0.06637902111339201
10575 0.1459141113140254
10657 0.1016612391076955
10986 0.31107082988628565
12807 0.10631176037948561
12877 0.09081138927759183
13610 0.3717684231698768
13744 0.18122881374360839
13822 0.10876547508481955
13948 0.12417500939063797
