1240 0.06827943164979071
1524 0.07992348226676975
1940 0.048971274920846644
1962 0.10358054653806897
2138 0.10655026945137822
2319 0.1358773757894369
2337 0.10092403886900242
2575 0.052591704991605724
2746 0.14150360637181267
2940 0.053729349218248096
2951 0.0754180363297202
3039 0.08907360099116098
3227 0.06970028658000652
3321 0.03923452846259025
3378 0.29751415829053335
3432 0.024707125711380423
3443 0.04402873188377395
3517 0.06628785711045578
3633 0.022032220739112502
3734 0.04151785262275942
4120 0.08754504191204017
4300 0.19059561657325327
4452 0.04469756428158657
4489 0.06545758523203082
4722 0.14398800755065294
4784 0.06862720961763454
4893 0.09969386792230694
4913 0.06970028658000652
5247 0.027630880511831435
5260 0.04389706838396329
5551 0.04012320204999819
5814 0.1970418707446264
6102 0.04787144622873021
6299 0.10655026945137822
6662 0.10655026945137822
7006 0.059599190419598304
7025 0.0561712725885317
7276 0.07885040530439774
7280 0.3179605496640598
7284 0.05935557980062388
7418 0.048494033488350734
7566 0.05315411127379889
8268 0.31666670009097303
8284 0.09969386792230694
8411 0.04187891134040665
8517 0.2489365855805347
8658 0.030089155809350683
8706 0.04151785262275942
8744 0.04437763405327856
8974 0.11840070732921965
9102 0.06726398557632417
9105 0.13368711273762218
9201 0.0985209353723132
9457 0.06085385238611044
9652 0.03744409150813256
9657 0.10092403886900242
9722 0.06163775499394838
9827 0.030704149783890834
9902 0.10472191762755853
9947 0.26256082137009884
10040 0.05353614135391117
10041 0.11840070732921965
10156 0.04116189137519728
10489 0.07239742842856703
10567 0.025265381053311418
10785 0.07239742842856703
10884 0.12119575107713902
10999 0.01542134293137183
11000 0.010223195686763229
11232 0.048025657736486475
11714 0.05431801804853289
12064 0.016417026927724426
12118 0.1589802748320299
12217 0.09244039514885292
12231 0.06414724473673936
12574 0.1273937320692874
12764 0.048971274920846644
13064 0.07120601767846532
13336 0.053902460236013264
13464 0.0621742327418038
13700 0.14729588209749786
13709 0.06059787553856951
13770 0.07006837345182296
13787 0.04389706838396329
13806 0.057941367869502956
14041 0.05115054115741729
14060 0.1243484654836076
14065 0.05150318331027066
14212 0.10745869843649619
