11 0.02887341856347843
25 0.07906262870123032
79 0.027156091453673557
337 0.030818754711818924
568 0.06889352334887279
940 0.04715702482482426
994 0.030601403805144808
995 0.035865006287844364
997 0.03665822205013384
1005 0.1189538754107055
1033 0.04819304935304316
1107 0.07310393209645097
1117 0.04415250281827275
1133 0.02724163640661379
1143 0.06621869876465418
1194 0.08378194171227304
1318 0.03137665150901914
1319 0.03414506210851254
1458 0.0507804915156058
1519 0.026087148597956043
1615 0.04557798419101225
1616 0.06749523552953932
1653 0.03731289440999859
1689 0.021321717299878504
1716 0.06621869876465418
1952 0.13778704669774558
1963 0.01934121432916491
1967 0.05182903335695108
2006 0.17932503143922182
2158 0.06621869876465418
2176 0.09805271354132067
2204 0.04264343459975701
2331 0.12399627741861723
2365 0.042606767347145795
2384 0.0328090974761748
2452 0.07216724406166614
2534 0.09250545476638118
2594 0.05487529342255624
2720 0.05604959341229666
2743 0.04969908001546442
2873 0.047839516153148486
2940 0.03126336200504785
3092 0.019441700460790943
3130 0.041629604297707075
3137 0.03149082265223603
3168 0.05182903335695108
3180 0.07906262870123032
3184 0.034396690087997624
3217 0.09250545476638118
3432 0.02875254684665981
3442 0.04189097085613652
3497 0.058008621505506
3633 0.025639666318834155
3666 0.03453708271784118
3721 0.027765653462661445
3728 0.03525993423080036
3756 0.03453708271784118
3758 0.08095945073342632
3760 0.04682732740249137
3915 0.0548284748621776
3916 0.05378806145016043
3984 0.0925688956614386
3991 0.03398339746591523
4028 0.0391387270006377
4180 0.04749430215838861
4188 0.03602025554464068
4358 0.05378806145016043
4399 0.0505143407373671
4586 0.04618936089699821
4630 0.04682732740249137
4701 0.05947693770535275
4747 0.031150940628409687
4881 0.026489116697776312
4885 0.04650487666732094
4887 0.10154454202772209
4923 0.2410806138705689
5051 0.07204051108928136
5181 0.04969908001546442
5231 0.04715702482482426
5247 0.01607751131417434
5314 0.04415250281827275
5392 0.05947693770535275
5551 0.09338554877301541
5613 0.03293502887482072
5647 0.05093961450985985
5663 0.12362475807836278
5685 0.03070967675312189
5689 0.050452134676353746
5746 0.035408878838654734
5775 0.06199813870930861
5793 0.034396690087997624
5798 0.025466064623511312
5826 0.06110871986221738
5844 0.07204051108928136
5870 0.05327323957953578
5962 0.02956047671452034
5974 0.038386207291800215
6023 0.07412627215487548
6044 0.024581117935534774
6097 0.05277587269950332
6235 0.06098784814539876
6310 0.041740537646194516
6417 0.03875764277318675
6419 0.042364267315901344
6521 0.05327323957953578
6601 0.04588048805993913
6672 0.06749523552953932
6681 0.05570967729665623
6759 0.09250545476638118
6859 0.1010286814747342
6880 0.04310413422717825
7025 0.03268423784710689
7099 0.08387640435640331
7201 0.02729037352240035
7206 0.06587005774964144
7242 0.10893749922540527
7352 0.06110871986221738
7354 0.09250545476638118
7471 0.06199813870930861
7533 0.0328090974761748
7540 0.035865006287844364
7580 0.01681737822545125
7588 0.04930783235299522
7620 0.07216724406166614
7633 0.0476285842271154
7649 0.0349665060923591
7651 0.045281591931364405
7671 0.047764741481760443
7718 0.1237145989659581
7848 0.09250545476638118
7862 0.025016919816023032
7865 0.06261080646929176
7959 0.04855531264415774
8027 0.038946947565676085
8124 0.04735815064709968
8250 0.019902604895271205
8251 0.07043925881999975
8346 0.043618956097802905
8666 0.04557798419101225
8673 0.02282929691630661
8706 0.024157889032773126
8779 0.06749523552953932
8874 0.11744883599303053
8931 0.11824190685808136
8970 0.13856808269099463
8997 0.011588845806275148
9008 0.06294497805186085
9094 0.020595009006311824
9099 0.028034852168903276
9497 0.011977700235624862
9528 0.0819757201283529
9602 0.04588048805993913
9618 0.05327323957953578
9619 0.06889352334887279
9645 0.023746527938290407
9652 0.021787499845081052
9654 0.031721865503779
9708 0.026166665962605883
9765 0.054312182907347115
9781 0.03344985074544538
9890 0.03137665150901914
9957 0.041659928004593554
10156 0.07185230025668317
10180 0.04682732740249137
10271 0.05182903335695108
10327 0.039333046634352456
10331 0.0685152564280088
10335 0.0349665060923591
10445 0.06415079740734737
10456 0.05137758488016983
10524 0.05378806145016043
10614 0.05363762824021842
10645 0.035865006287844364
10732 0.02487020941480697
10999 0.02691953468722006
11000 0.005948545297011952
11003 0.06554032908458339
11134 0.06504439877491375
11159 0.17311381893873845
11200 0.03555935111016042
11255 0.018279039438628138
11262 0.030818754711818924
11317 0.0316058892645448
11360 0.055450697283721935
11482 0.22851221182022607
11511 0.0723543305055683
11733 0.024297613116153353
11739 0.09250545476638118
11783 0.06621869876465418
11835 0.05667398201967846
11861 0.0883050056365455
11893 0.07412627215487548
11910 0.03344985074544538
12064 0.009552534384945641
12175 0.05363762824021842
12192 0.05604959341229666
12231 0.03732519680603108
12324 0.058008621505506
12519 0.0763878041170117
12614 0.03384818067590736
12634 0.15812525740246064
12659 0.05327323957953578
12667 0.12326429254066429
12695 0.03268423784710689
12733 0.05500261089686686
12735 0.04604215270253645
12763 0.03411987210458525
12768 0.034396690087997624
12818 0.057326130177181786
12834 0.02432141564216047
12900 0.10319007026399286
12935 0.1541327546405095
12947 0.057326130177181786
13077 0.058008621505506
13112 0.026489116697776312
13336 0.015682044839925628
13480 0.022391326545996633
13681 0.060270153467642223
13728 0.04650487666732094
13729 0.0763878041170117
13738 0.0501010481152847
13754 0.037794708778360886
13761 0.07022497315801375
13766 0.09250545476638118
13787 0.02554227735522408
13832 0.0663803634072515
13858 0.0391387270006377
13925 0.045281591931364405
13929 0.08233634941402367
14040 0.0682397442091705
14072 0.02196605277350387
14083 0.08472853463180269
14088 0.04557798419101225
14162 0.1279143336050359
14198 0.037155588930166294
