11 0.022826095015680854
303 0.04585914561181182
324 0.03867940330884793
971 0.0250779558531318
994 0.04838433310789107
997 0.028980429102381827
1085 0.032577668871651054
1101 0.029780622420173673
1107 0.057792855265297774
1111 0.030640141713028854
1194 0.06623443489790175
1319 0.026993631886425846
1369 0.14928485658318555
1375 0.036515341549547324
1458 0.020072446941636967
1461 0.019894465911905582
1519 0.020623388646411573
1545 0.02445087325402255
1617 0.04383695966244148
1653 0.058995970376019655
1725 0.06842820622254316
1768 0.03838576223646558
1839 0.05446428542810373
1882 0.03728033543869294
1942 0.022902149077296676
2064 0.05848214768574773
2126 0.03781988401599275
2204 0.05056812485655461
2323 0.06038894462672408
2456 0.04027068974558368
2485 0.028852270860977542
2558 0.017750463745259362
2571 0.04531959703451201
2659 0.08669011423205458
2694 0.04701993386475389
2730 0.04754682677337275
2736 0.029643363979921438
2744 0.10283401710567883
2909 0.08676413975177961
2927 0.01871966847398126
2940 0.09886193005763397
3010 0.016992760720693736
3027 0.04252255058303462
3092 0.03073956074919018
3130 0.016455296089646347
3157 0.02623874410607387
3180 0.0625035470239228
3205 0.05446428542810373
3216 0.03867940330884793
3225 0.035342808280070734
3281 0.024538407275831984
3307 0.03867940330884793
3391 0.04294434989682126
3432 0.01136526949210695
3439 0.03809937230707447
3461 0.04901308800212783
3527 0.025452123876825477
3575 0.05446428542810373
3633 0.020269628214524594
3666 0.02730354668425166
3749 0.055686278059682216
3754 0.07313087278958504
3840 0.03140851552434227
3865 0.02087691137081448
3886 0.06509161119376597
3906 0.05142133147170888
3984 0.014636205291861977
3992 0.059286727959842876
4029 0.03809937230707447
4030 0.05505752316544545
4070 0.11410469919589379
4180 0.03754697253418094
4188 0.02847607995372825
4190 0.03728033543869294
4219 0.03852857017686518
4399 0.03993448641319146
4404 0.024895303214670608
4459 0.040973826406308755
4535 0.025937475145986984
4542 0.026653009673030695
4689 0.03109503149958054
4747 0.04925321392398716
4763 0.1142981169212234
4814 0.04531959703451201
4817 0.025740890730671408
4827 0.018456659407145967
4917 0.04134205424916236
4922 0.018934456146328167
4928 0.021005781617058718
4970 0.051677532881876785
5130 0.039289976007892885
5177 0.06509161119376597
5262 0.04531959703451201
5365 0.04976161886106185
5392 0.09403986772950779
5417 0.03809937230707447
5663 0.09773246863662381
5689 0.07977061790134206
5746 0.02799275156812236
5798 0.12079431664673147
5832 0.05234968303090502
5837 0.03781988401599275
5926 0.05446428542810373
5962 0.11684626964261595
5974 0.030346500640646507
6142 0.0625035470239228
6177 0.055686278059682216
6230 0.023691446947752087
6278 0.01877299363843102
6310 0.016499145680012914
6315 0.01525082340526141
6419 0.03349138547264455
6436 0.05234968303090502
6451 0.055686278059682216
6481 0.04294434989682126
6488 0.028111708537456037
6629 0.028111708537456037
6681 0.04404169823087265
6720 0.12585186150480085
6752 0.27415607486796084
6764 0.058601073774672774
6813 0.07908350812867121
6821 0.07206854015126024
6831 0.04383695966244148
6851 0.03223142814976461
6861 0.03809937230707447
6862 0.03140851552434227
6921 0.06855601140378588
6992 0.09171829122362364
7006 0.027415607486796084
7025 0.025838766440938393
7026 0.040973826406308755
7195 0.040973826406308755
7201 0.021574607027089958
7206 0.05207406229283592
7242 0.1033456167702309
7342 0.05848214768574773
7352 0.04830995134140275
7418 0.022307239044827436
7423 0.03349138547264455
7447 0.058601073774672774
7466 0.020941167506562754
7484 0.05142133147170888
7540 0.028353346503272578
7580 0.05318041193422804
7616 0.02799275156812236
7617 0.04211555433805611
7633 0.01882656510936405
7649 0.02764303051527605
7671 0.018880385172699625
7674 0.032754744110227565
7693 0.03722749615442325
7699 0.04431042143508595
7717 0.022978705149553247
7718 0.0489017465080451
7914 0.04901308800212783
7959 0.03838576223646558
8027 0.03078979801959973
8166 0.04901308800212783
8202 0.0250779558531318
8204 0.04338206987588981
8250 0.015734151790867304
8279 0.039289976007892885
8364 0.17115704879384067
8412 0.07964414353509582
8433 0.03317469073234902
8488 0.046425023832284654
8517 0.04580429815459335
8658 0.013841001521506382
8673 0.01804786985673879
8683 0.09773300661495317
8706 0.019098198200120646
8744 0.027218262257855258
8779 0.053358858630331074
8825 0.07313087278958504
8970 0.036515341549547324
8997 0.05496988759703893
9094 0.01628153699200357
9099 0.13297896082884747
9134 0.05207406229283592
9150 0.029643363979921438
9164 0.0505618121788537
9242 0.04338206987588981
9298 0.036515341549547324
9409 0.023773413386686374
9487 0.057052349597946896
9497 0.03787623873447961
9531 0.026548047845031942
9588 0.04383695966244148
9645 0.01877299363843102
9652 0.03444853892341029
9765 0.04293689868508559
9783 0.035500927490518724
9902 0.016057348926659505
9916 0.07509394506836188
9918 0.03387802803675746
9932 0.025838766440938393
9978 0.04901308800212783
10017 0.07313087278958504
10070 0.04252255058303462
10079 0.024986269977747798
10150 0.07313087278958504
10156 0.018934456146328167
10260 0.03838576223646558
10324 0.03387802803675746
10327 0.03109503149958054
10331 0.02708262185530859
10362 0.023529231676405925
10378 0.06842820622254316
10390 0.10469936606181005
10396 0.03094141067311575
10445 0.02535744414421352
10460 0.068251609271342
10496 0.03781988401599275
10502 0.058601073774672774
10583 0.030640141713028854
10614 0.08480724898821916
10627 0.04976161886106185
10628 0.02329008500108048
10638 0.08344471453048555
10732 0.01966132835688279
10789 0.05142133147170888
10930 0.01877299363843102
10985 0.06038894462672408
10999 0.04965668782150412
11000 0.004702666567041877
11003 0.034542261902117316
11090 0.04976161886106185
11135 0.028725513284128625
11138 0.03020242173396032
11200 0.028111708537456037
11232 0.022091786356979837
11325 0.023691446947752087
11359 0.019489499986903656
11503 0.04585914561181182
11520 0.036271159839266875
11660 0.04976161886106185
11794 0.053358858630331074
11815 0.02799275156812236
11912 0.03448328898721555
11930 0.06219006299916108
11933 0.057052349597946896
12041 0.02517037230096017
12057 0.022234975865035426
12064 0.03020730739340055
12175 0.04240362449410958
12215 0.021136099873896516
12316 0.03293456481048968
12335 0.024715482514408492
12413 0.07083016714990754
12416 0.0505618121788537
12476 0.055686278059682216
12523 0.0675803098283241
12614 0.053517860139600665
12666 0.10966242994718434
12667 0.2728529998166512
12695 0.025838766440938393
12725 0.03293456481048968
12733 0.04348272164870921
12735 0.0181994825102548
12763 0.026973717742147237
12768 0.05438511650066102
12834 0.03845495074601517
12865 0.0143772234953597
12900 0.16315534950198307
12956 0.036271159839266875
12957 0.06281703104868454
12963 0.03603201316394143
12968 0.0355680231785418
12969 0.04976161886106185
13089 0.0625035470239228
13155 0.04431042143508595
13257 0.06842820622254316
13311 0.047647016463863136
13336 0.024795113524180214
13384 0.06842820622254316
13480 0.017701629134852338
13659 0.040973826406308755
13660 0.026973717742147237
13676 0.022600880117209787
13786 0.015693096162734517
13806 0.026653009673030695
13822 0.03808672051897904
13824 0.03448328898721555
13874 0.01236675142436087
13906 0.06842820622254316
13948 0.021741360824354607
14058 0.29252349115834014
14060 0.028600126086301414
14062 0.04302208107734293
14072 0.03473085160492023
14163 0.056241604111124
14170 0.08778173516342157
14171 0.02480504437131999
14189 0.028852270860977542
14195 0.05446428542810373
