11 0.07168934211508232
483 0.08404109818563549
920 0.08943410760784352
1012 0.06785146061291741
1029 0.12147942846598794
1194 0.10401041132819436
1618 0.09670074370430068
1653 0.09264357965723602
2114 0.1674168733227366
2176 0.16230232687138302
2209 0.1070225549632437
2848 0.06248204837383139
2940 0.07762329387911363
2949 0.11877995785580786
3078 0.10765606977880389
3092 0.04827148238676337
3514 0.18966203848445923
3696 0.1476743228635133
3790 0.07145203714720474
3804 0.16758282433295207
3915 0.1361327299502603
3974 0.12339703877462344
4109 0.13487423887213634
4383 0.06556759009985788
4824 0.1170854112187602
5247 0.03991859178112149
5280 0.11792283163367916
5495 0.16441333192736332
6154 0.07544795006313282
6412 0.096230721908892
6695 0.0700597842262971
6813 0.1490253501355128
7201 0.03387941264375258
7423 0.10518555142292686
7431 0.11100026843650551
7475 0.1057876508128755
7533 0.08146117538127852
8078 0.10017252982602946
8250 0.04941585452313409
8344 0.07192820319222551
8669 0.08404109818563549
8688 0.06576939772816605
8744 0.02137092780697882
8976 0.2024568703406186
8997 0.028773757076893513
9099 0.06960727923033096
9402 0.1879349964685407
9409 0.07466456108023002
9645 0.05895986863040763
9765 0.13485083703897457
10445 0.15927897322514417
10602 0.12439507884265388
10614 0.19976399431370498
10732 0.06174983912251524
10999 0.06683807556518354
11003 0.05424300628794608
11246 0.07051798125817431
11482 0.06304102891437686
11733 0.060328149070200766
12216 0.1476743228635133
12335 0.07762329387911363
12413 0.07415150775738484
12667 0.12242036417119974
12668 0.3537684949010375
12807 0.05845973010427238
12865 0.045154183977407655
12915 0.11877995785580786
12963 0.11316483686896182
13438 0.1476743228635133
13480 0.055595061098753853
13585 0.13767763589728896
13700 0.10639986999278744
13816 0.096230721908892
13982 0.073897665728462
14072 0.10907831150894805
14170 0.05513877725702066
14171 0.07790457854896975
