49 0.021098454008505244
86 0.036949125451910834
108 0.01782860254527308
249 0.020985498382375904
309 0.034557089679858294
322 0.018283978789547923
326 0.017539666631617046
337 0.015778987391366038
449 0.03795213416758187
484 0.02753911218556214
538 0.02781228438391089
556 0.018283978789547923
655 0.04431653374459724
659 0.04047951427857478
700 0.02839037013220913
762 0.022889256378849657
907 0.02467450502798944
916 0.026304964999515113
920 0.07376847810852032
961 0.024493498496228824
968 0.03026951567139793
971 0.016241373815885644
979 0.026536103469891107
994 0.10967393670517571
995 0.03672526598163509
1012 0.08394949847550368
1020 0.042155636442920696
1024 0.023975264917888418
1027 0.033725009995343905
1045 0.06295649514712771
1054 0.01928698750521896
1056 0.04431653374459724
1075 0.023648630518139944
1081 0.03274562317657201
1091 0.02181436761621187
1101 0.01928698750521896
1127 0.014494052942283729
1133 0.027895055552993663
1143 0.03390351176257752
1162 0.02013824545186595
1185 0.023490489780557785
1194 0.04289576961379102
1217 0.023975264917888418
1319 0.12237423499681756
1330 0.04431653374459724
1395 0.03174261446090097
1397 0.028431641706298926
1461 0.06442180926447033
1474 0.03128723821662613
1479 0.023183859141199265
1489 0.02156806989228078
1492 0.06133462827367342
1493 0.047950529835776835
1519 0.026712876146548645
1541 0.04431653374459724
1550 0.0156126763704658
1567 0.04056188514888477
1604 0.012884361852894067
1617 0.02839037013220913
1623 0.05010030736105241
1652 0.03174261446090097
1653 0.1719354744675835
1660 0.021940612732250217
1662 0.03330227836086939
1672 0.02608072722561626
1770 0.024859981305545183
1777 0.04431653374459724
1779 0.025862990021216222
1862 0.025651387082234342
1871 0.028250641743615117
1901 0.03988113084499947
1942 0.0296644883283072
1988 0.03274562317657201
2064 0.018937556706828697
2105 0.044399304913680035
2114 0.10356860725489667
2176 0.11713871218868244
2204 0.032749711490584525
2340 0.042659184957762476
2359 0.022199652456840017
2365 0.02181436761621187
2407 0.03274562317657201
2425 0.013991583079250611
2456 0.05216145445123252
2465 0.04431653374459724
2479 0.03610568063834386
2558 0.04598331997718708
2565 0.02927426339701295
2586 0.042155636442920696
2597 0.014446959323525455
2605 0.02753911218556214
2648 0.013438084611783497
2693 0.031670505759649276
2706 0.036949125451910834
2716 0.01928698750521896
2720 0.028697000771567654
2730 0.015396505837796764
2786 0.03390351176257752
2788 0.042155636442920696
2848 0.012884361852894067
2919 0.026304964999515113
2940 0.016006623223493874
2949 0.1959479879698306
2965 0.03970682560836065
2969 0.022199652456840017
2995 0.06276716551552
3078 0.19979687211156014
3085 0.047362147433930565
3092 0.20903431483289905
3186 0.03911002275358738
3236 0.016734101741240348
3276 0.030451777137183195
3321 0.02337688148431311
3332 0.013947527776496832
3432 0.01472110338024524
3461 0.06348522892180194
3512 0.06311594956546415
3519 0.017539666631617046
3522 0.0322273895982316
3633 0.013127330268427936
3648 0.014685436736924993
3721 0.014215820853149463
3728 0.01805284031917193
3734 0.012368670636259118
3738 0.021098454008505244
3760 0.047950529835776835
3763 0.02333560991022331
3790 0.029468108862979736
3799 0.02524526614617333
3819 0.03174261446090097
3865 0.04056188514888477
3867 0.025862990021216222
3882 0.023648630518139944
3897 0.051725980042432444
3906 0.03330227836086939
3908 0.03359605800036605
3914 0.021213134214503736
3915 0.056143593187193364
3922 0.0322273895982316
3925 0.03174261446090097
3928 0.01782860254527308
3939 0.047362147433930565
3956 0.02834086913300304
3984 0.01895785149183026
4025 0.04131295806041271
4029 0.02467450502798944
4109 0.05562456876782178
4155 0.02781228438391089
4180 0.024316751339454507
4241 0.04607022707256589
4262 0.051177965089414496
4383 0.013520628382961591
4404 0.08061540743935687
4405 0.02467450502798944
4414 0.027275526979691683
4415 0.04431653374459724
4450 0.019940565422499733
4452 0.039947835635812785
4459 0.026536103469891107
4535 0.03359605800036605
4577 0.02108900184153383
4591 0.028095767369859522
4593 0.023035113536282945
4612 0.02753911218556214
4660 0.018852681141763857
4661 0.03330227836086939
4684 0.035273003287564914
4698 0.03128723821662613
4723 0.02839037013220913
4734 0.01911024034844464
4747 0.0637962570520564
4757 0.03606440906425407
4795 0.024493498496228824
4808 0.03970682560836065
4817 0.03334142791853513
4824 0.04828813539567713
4827 0.1792978103435641
4835 0.02013824545186595
4842 0.025862990021216222
4881 0.027124485871737374
4899 0.016862504997671952
4922 0.024525250947405684
4956 0.026304964999515113
4974 0.017399262401891154
4985 0.015503813485453929
4991 0.04313613978456156
5051 0.01844211952713008
5161 0.020444876091224473
5181 0.050891164439279934
5192 0.03330227836086939
5208 0.023490489780557785
5232 0.042155636442920696
5247 0.04938944172464179
5262 0.02935057868884843
5374 0.021213134214503736
5390 0.012158056625932083
5394 0.034557089679858294
5496 0.03128723821662613
5502 0.03274562317657201
5520 0.037705362283527714
5551 0.023906374712475215
5571 0.016734101741240348
5582 0.021329592478881238
5628 0.09019947688966516
5641 0.03006649229655505
5677 0.021098454008505244
5687 0.02156806989228078
5689 0.008610380317328772
5733 0.042155636442920696
5738 0.04047951427857478
5775 0.03174261446090097
5798 0.07823068446980383
5816 0.019560159703567708
5831 0.08095902855714956
5844 0.07376847810852032
5926 0.035273003287564914
5970 0.0359546963003788
6031 0.0308578980732442
6044 0.050341443526495167
6054 0.022467945533492645
6072 0.024316751339454507
6096 0.035273003287564914
6097 0.054041757214443466
6109 0.046913121647888474
6111 0.04047951427857478
6166 0.02524526614617333
6175 0.02781228438391089
6207 0.018283978789547923
6230 0.015343421464298177
6235 0.0312253527409316
6254 0.036949125451910834
6278 0.012158056625932083
6294 0.05655804342529157
6310 0.010685432026485517
6315 0.0296309227166108
6417 0.039687285379032676
6451 0.03606440906425407
6520 0.027275526979691683
6528 0.04890367795753044
6569 0.0308578980732442
6579 0.02181436761621187
6582 0.04047951427857478
6599 0.03330227836086939
6606 0.0296309227166108
6636 0.019653470314535317
6681 0.01426148304596971
6695 0.05778783729410182
6696 0.021329592478881238
6712 0.02677458088329064
6752 0.03551063987753549
6757 0.03174261446090097
6758 0.026304964999515113
6813 0.0409738281927465
6821 0.015558047710862461
6831 0.08517111039662739
6832 0.07389825090382167
6851 0.06262264870381919
6855 0.028697000771567654
6862 0.061023806480126494
6928 0.03128723821662613
6992 0.05940001897447738
7025 0.016734101741240348
7029 0.03606440906425407
7047 0.03006649229655505
7099 0.025766480297114414
7167 0.024859981305545183
7201 0.02095872125961428
7206 0.033725009995343905
7242 0.011155047910261047
7245 0.01529070961578725
7321 0.03174261446090097
7342 0.018937556706828697
7402 0.026536103469891107
7422 0.012999628681376128
7466 0.013562242935868687
7475 0.02181436761621187
7479 0.012922587928203581
7503 0.03330227836086939
7533 0.03359605800036605
7580 0.02583114095198632
7588 0.02524526614617333
7598 0.029178270641175123
7604 0.01928698750521896
7616 0.036258197838426896
7627 0.014400159124856949
7633 0.024385502821762585
7641 0.023035113536282945
7671 0.024455214386177718
7810 0.024316751339454507
7862 0.012808488403863382
7892 0.018852681141763857
7963 0.0308578980732442
8078 0.020656479030206357
8087 0.018522456202947464
8097 0.013903729357434776
8115 0.03876776378461075
8124 0.02424704271559763
8153 0.0308578980732442
8156 0.019467994036979578
8202 0.08120686907942821
8250 0.0305699845403607
8344 0.0148322441641536
8345 0.09098471049050764
8346 0.022332601194552278
8401 0.03438691507859358
8433 0.010742553272004234
8447 0.07695416124670303
8488 0.1202659691862202
8507 0.02524526614617333
8658 0.026891770726474966
8669 0.03466006469761736
8673 0.08181908519509588
8691 0.016862504997671952
8700 0.02677458088329064
8701 0.03606440906425407
8716 0.01928698750521896
8739 0.04313613978456156
8744 0.008813756083979886
8797 0.042155636442920696
8870 0.041748432469212796
8897 0.02970000948723869
8939 0.029016683382215504
8961 0.023810172391205645
8976 0.06262264870381919
8995 0.016064626659111327
8996 0.01650424936068636
8997 0.08900112296924229
9094 0.010544500920766914
9099 0.08612189227534706
9113 0.09943992522218073
9126 0.031783886034990765
9134 0.016862504997671952
9150 0.019198094070260473
9251 0.028095767369859522
9287 0.026304964999515113
9317 0.04729726103627989
9385 0.02169020929212668
9457 0.05438729675764035
9489 0.04828813539567713
9496 0.17865511197474207
9528 0.08394199352950361
9533 0.02169020929212668
9589 0.028095767369859522
9604 0.03606440906425407
9652 0.011155047910261047
9695 0.022069015988681818
9708 0.026794300818371825
9765 0.055614917429739105
9779 0.028095767369859522
9783 0.02299165998859354
9813 0.04607022707256589
9820 0.028095767369859522
9827 0.01829427544309595
9859 0.03006649229655505
9882 0.03911002275358738
9883 0.03795213416758187
9892 0.04047951427857478
9902 0.025998271942230346
9905 0.012020858152555082
9908 0.02013824545186595
9911 0.025651387082234342
9918 0.021940612732250217
9966 0.01790260715952512
10004 0.027275526979691683
10037 0.037875113413657395
10079 0.03236398958111762
10106 0.02970000948723869
10141 0.02781228438391089
10156 0.012262625473702842
10190 0.01782860254527308
10200 0.035273003287564914
10207 0.02839037013220913
10234 0.0568126701204861
10335 0.01790260715952512
10362 0.030476730200429215
10445 0.11495666243352382
10460 0.044202163294469604
10488 0.03606440906425407
10493 0.020038755155163464
10495 0.01790260715952512
10516 0.0090093098621396
10519 0.049719962611090365
10539 0.034557089679858294
10553 0.023810172391205645
10567 0.015053725422045711
10575 0.033091041869552314
10602 0.025651387082234342
10604 0.02839037013220913
10614 0.05492418286327533
10616 0.01860366140019578
10628 0.015083485229880131
10629 0.027020878607221733
10638 0.054041757214443466
10652 0.03128723821662613
10655 0.028095767369859522
10657 0.03458277225069145
10750 0.04431653374459724
10754 0.022069015988681818
10762 0.024493498496228824
10806 0.020444876091224473
10832 0.047362147433930565
10856 0.02274617762262691
10866 0.02608072722561626
10882 0.03128723821662613
10888 0.02970000948723869
10985 0.03911002275358738
10994 0.024316751339454507
10999 0.0045942046478188855
11000 0.09441402436933277
11003 0.044741588292448606
11020 0.025050153680526203
11042 0.035273003287564914
11098 0.07507501570751421
11102 0.020874216234606398
11138 0.039120319407135416
11179 0.03128723821662613
11198 0.04431653374459724
11246 0.029082887367260172
11255 0.046793703302649294
11317 0.08090997395279406
11322 0.04047951427857478
11356 0.013235608536120215
11365 0.011623686827450422
11386 0.024493498496228824
11482 0.16899517285788968
11511 0.018522456202947464
11576 0.015778987391366038
11705 0.02753911218556214
11734 0.028095767369859522
11834 0.04431653374459724
11849 0.018362632990817546
11856 0.05803336676443101
11861 0.02260577339290102
11880 0.020874216234606398
11919 0.047950529835776835
11956 0.02935057868884843
11995 0.029016683382215504
12010 0.024144067697838566
12023 0.01498197817720176
12041 0.016301225985843482
12052 0.07822004550717476
12064 0.0586899714897994
12078 0.04945109490335043
12175 0.0411931371474565
12231 0.01911024034844464
12254 0.04762034478241129
12322 0.03390351176257752
12333 0.03672526598163509
12335 0.016006623223493874
12413 0.01529070961578725
12417 0.025445582219639967
12513 0.016064626659111327
12552 0.02524526614617333
12582 0.03321571325040401
12591 0.024316751339454507
12611 0.013947527776496832
12640 0.028095767369859522
12666 0.10653191963260648
12667 0.03786627466278964
12678 0.018283978789547923
12735 0.011786630474820285
12768 0.07044346136349217
12807 0.048219694205891665
12810 0.0394959093492799
12834 0.02490479023869507
12847 0.022332601194552278
12915 0.024493498496228824
12956 0.023490489780557785
12963 0.02333560991022331
12966 0.023810172391205645
12999 0.02054993245530804
13006 0.07457994391663555
13008 0.025862990021216222
13041 0.13320911344347755
13064 0.021213134214503736
13079 0.010771277619005322
13155 0.028697000771567654
13174 0.026536103469891107
13336 0.048174585270662096
13432 0.034557089679858294
13450 0.02467450502798944
13497 0.0322273895982316
13503 0.02608072722561626
13585 0.02839037013220913
13608 0.018685754103510827
13612 0.042155636442920696
13632 0.034557089679858294
13660 0.03493827292942541
13676 0.043911395095519425
13728 0.023810172391205645
13738 0.025651387082234342
13744 0.02054993245530804
13754 0.009675313601256643
13764 0.026536103469891107
13786 0.01016340576561714
13806 0.06904573816993112
13816 0.019843642689516338
13822 0.04933262256242872
13827 0.0179773481501894
13832 0.01699314146583015
13836 0.03390351176257752
13870 0.0308578980732442
13874 0.024027440746861917
13903 0.036949125451910834
13918 0.016241373815885644
13948 0.04224142954262728
13982 0.015238365100214608
13985 0.03606440906425407
14022 0.03606440906425407
14072 0.033739397291572985
14074 0.028697000771567654
14083 0.04338041858425336
14163 0.006070676319097082
14170 0.10233101812692942
14171 0.016064626659111327
