459 0.04989240202499241
934 0.056000368578473646
940 0.03340150478975025
994 0.021675093786505326
995 0.025403323974697353
1002 0.022975722631188227
1004 0.05410577988265566
1064 0.03228306414406902
1112 0.06414625669882348
1127 0.060154301855845554
1162 0.05571950098349698
1249 0.026317448698833724
1318 0.022224204761813714
1319 0.012092540398810577
1350 0.03465500671284899
1378 0.07619658783957686
1458 0.03596802039325219
1469 0.04212774718135371
1493 0.03316797881833605
1498 0.17313417941488776
1545 0.02190688336082322
1653 0.03964330317650582
1830 0.05745241569213531
1903 0.04989240202499241
1980 0.08537917000517374
2017 0.045951445262376454
2176 0.02315037327004536
2204 0.015102255605885686
2291 0.056000368578473646
2479 0.3995959851907797
2542 0.036390943954492536
2558 0.01590361762657884
2565 0.14174560867626537
2575 0.06502528135951598
2617 0.028429288549272243
2648 0.01859058105464714
2659 0.019417611400705567
2692 0.032716104651802275
2706 0.051116340717913385
2760 0.0308954768973829
2831 0.0367107066731023
2848 0.017824547194292502
2995 0.014472276764099788
3130 0.014743205625360955
3137 0.022305072628291227
3193 0.037040622268336695
3214 0.03249732881543904
3276 0.04212774718135371
3281 0.02198530990968145
3304 0.04108773308453072
3341 0.02263498822352562
3432 0.010182770592332475
3496 0.06728079928376503
3522 0.044584173698404846
3527 0.09121583564924159
3606 0.02350873527887937
3633 0.01816067575377045
3738 0.20431688852460891
3758 0.019114631676428188
3789 0.022803958912310397
3790 0.0203834579916253
3832 0.027722113136542628
3841 0.05476602997317938
3882 0.032716104651802275
3901 0.05831915774031892
3915 0.019417611400705567
3974 0.035202052405749966
3984 0.026226764078549604
4140 0.04989240202499241
4304 0.031665567548106704
4336 0.056000368578473646
4404 0.044610145256582454
4450 0.027586275014030836
4492 0.027060012264854817
4542 0.02387989860549943
4577 0.014587525284401518
4734 0.07931274785843091
4757 0.04989240202499241
4805 0.04212774718135371
4827 0.016536337195902362
4878 0.06552197476272446
4881 0.01876234477352497
5059 0.017719581974556965
5210 0.03316797881833605
5247 0.011387764032241602
5248 0.13104394952544893
5260 0.10855016862376782
5390 0.01681975844780621
5429 0.05831915774031892
5474 0.027999235383344433
5533 0.04328354485372194
5571 0.02315037327004536
5641 0.04159473453366257
5668 0.08028480545227289
5677 0.4670100309133919
5685 0.021751783938267252
5697 0.054639625013295265
5829 0.036080727831316405
5880 0.051116340717913385
6062 0.028140618086725154
6102 0.019729690963032866
6104 0.03847620714492361
6109 0.025960312521230412
6167 0.04690296286025013
6235 0.02159896547240127
6278 0.03363951689561242
6315 0.013664052241594692
6519 0.020316199061680338
6563 0.021523390823662114
6576 0.05831915774031892
6601 0.03249732881543904
6606 0.013664052241594692
6624 0.037040622268336695
6629 0.02518682721903163
6740 0.04391352369550784
6821 0.021523390823662114
6861 0.03413532500784394
6862 0.05628123617345031
6866 0.07942878096979711
6995 0.031665567548106704
7039 0.03340150478975025
7085 0.033884916062125174
7099 0.02376399386742163
7132 0.0613085969050612
7201 0.019329878110602914
7242 0.015432171201120079
7475 0.030178539653593767
7479 0.017877430099257945
7533 0.023238811832780194
7562 0.03847620714492361
7580 0.047647258616090586
7717 0.02058788691365839
7726 0.029188126932086993
7732 0.03207312834941174
7892 0.026081268796004607
7927 0.04989240202499241
7965 0.026437582619476967
8019 0.08425549436270742
8027 0.027586275014030836
8074 0.049740622654012405
8097 0.01923476559707143
8124 0.016771981497442873
8156 0.02693250798543841
8186 0.12638324154406114
8202 0.044937442364112755
8230 0.04014240272613644
8279 0.035202052405749966
8323 0.06552197476272446
8343 0.06552197476272446
8353 0.05831915774031892
8354 0.0613085969050612
8377 0.03809829391978843
8517 0.020519296114137088
8567 0.031467628832017314
8646 0.04879755155606811
8658 0.012400915205706763
8673 0.04851024040188614
8700 0.037040622268336695
8840 0.044584173698404846
8931 0.020937801064319615
9164 0.045301110942193974
9208 0.05831915774031892
9252 0.09561427766912266
9295 0.039700145837844585
9317 0.09814831395540684
9387 0.033884916062125174
9489 0.03340150478975025
9491 0.05831915774031892
9492 0.07619658783957686
9497 0.008483851839181576
9511 0.07546728715780505
9524 0.04989240202499241
9647 0.02198530990968145
9652 0.0771608560056004
9722 0.10161329589878941
9725 0.08107581248537277
9732 0.029346778386261426
9765 0.01923476559707143
9770 0.045301110942193974
9789 0.05831915774031892
9902 0.028773325710360766
9905 0.033259909323019456
9941 0.03413532500784394
9979 0.036080727831316405
10079 0.02238657475902252
10153 0.056000368578473646
10156 0.01696442159708931
10162 0.027586275014030836
10190 0.07399359885374283
10247 0.056000368578473646
10281 0.031082715627904968
10318 0.04879755155606811
10330 0.036390943954492536
10382 0.026682099039719635
10516 0.012463703725430635
10567 0.010412849402196183
10575 0.022889485883992654
10596 0.04780713883456133
10606 0.04780713883456133
10613 0.0637346999473063
10614 0.05698761223481751
10638 0.0373813566759993
10639 0.056000368578473646
10654 0.0613085969050612
10657 0.01594755624763982
10752 0.0303531902924509
10806 0.02828395095777579
10810 0.045301110942193974
10889 0.0613085969050612
10930 0.03363951689561242
10986 0.04879755155606811
10999 0.006355737171949401
11000 0.06320066786494884
11003 0.015474156989141492
11097 0.018145958436487652
11112 0.04159473453366257
11161 0.04391352369550784
11232 0.03958649508560711
11246 0.020116995484242096
11310 0.030178539653593767
11328 0.030711552301284913
11478 0.04108773308453072
11482 0.05395203058987829
11511 0.025624427388267902
11699 0.04989240202499241
11733 0.017210094230785032
11815 0.02508024712166349
11905 0.022889485883992654
12007 0.0308954768973829
12041 0.022551522165160924
12042 0.04212774718135371
12064 0.05412877919220255
12181 0.028877910808910865
12209 0.051116340717913385
12238 0.039275945371817285
12245 0.025624427388267902
12378 0.014472276764099788
12449 0.04690296286025013
12490 0.04212774718135371
12499 0.04391352369550784
12558 0.028877910808910865
12614 0.023974798519848413
12666 0.0245631519676111
12667 0.01746171592884207
12678 0.07588353537910053
12725 0.029507889650696763
12735 0.03261183651294766
12807 0.05003124474928168
12822 0.04014240272613644
12834 0.008613476826441807
12877 0.014245544822609632
12915 0.033884916062125174
12935 0.036390943954492536
12948 0.023692659874977352
13043 0.026682099039719635
13073 0.056000368578473646
13088 0.019666520747836175
13112 0.03752468954704994
13244 0.04879755155606811
13292 0.0613085969050612
13336 0.03332296075375697
13338 0.029188126932086993
13347 0.044584173698404846
13379 0.04268958500258687
13464 0.051248854776535804
13608 0.051700675544774595
13660 0.04833447723898969
13666 0.02983780524593116
13676 0.02024937266803791
13681 0.04268958500258687
13705 0.035486767980181334
13723 0.01859058105464714
13726 0.029188126932086993
13744 0.028429288549272243
13754 0.013385069891252852
13786 0.01406030875198493
13862 0.03249732881543904
13870 0.04268958500258687
13872 0.018878451773599064
13874 0.011080053386690308
13918 0.06740616354616914
13948 0.0194792820173141
13989 0.0203834579916253
13993 0.03340150478975025
14003 0.04328354485372194
14005 0.04607120159291779
14041 0.021081133935370252
14062 0.01284861692954298
14072 0.015558640937412667
14090 0.024766912778389348
14198 0.05263489739766745
