13 0.059286241206396736
390 0.054869278754516325
700 0.13438307429670632
1012 0.033113903406534556
1194 0.050760745352916664
1319 0.041374758505885324
1329 0.05417204189715095
1378 0.06517686352209875
1435 0.08348067671162769
1450 0.06946406436808107
1458 0.030766243250507228
1615 0.055228427556968974
1653 0.045213331007074364
1660 0.05192688536963105
1779 0.06120998235266106
1871 0.033430420867028465
2137 0.04564654604367089
2232 0.08535369810572012
2371 0.04402931699183774
2526 0.09256175719031116
2558 0.027207200347015684
2609 0.04290616916313215
2659 0.03321878430707335
2889 0.06120998235266106
2929 0.0478998442068162
2940 0.03788290233387643
2951 0.05317492480480655
3010 0.02604582347885344
3142 0.04585944991862047
3321 0.05532610506137317
3341 0.0387229292045221
3443 0.031043297082611204
3649 0.10488401558414799
3847 0.044618672436600414
3865 0.031999294127982233
3915 0.03321878430707335
4079 0.04742575581596158
4216 0.10488401558414799
4262 0.04037432559548597
4404 0.03815852430571807
4412 0.11209207466873904
4458 0.06582338062729223
4535 0.5168270084635952
4645 0.08535369810572012
4827 0.08486888637390608
5161 0.09677384584841926
5223 0.0575489864787846
5390 0.08632347971817692
5459 0.054869278754516325
5551 0.02828962879130202
6006 0.07404755975748274
6032 0.06225600528349003
6154 0.0368212579072467
6325 0.11209207466873904
6439 0.08535369810572012
6681 0.03375267611557971
6695 0.03419164313628037
6729 0.06582338062729223
6740 0.1502505989744571
6861 0.05839719290325336
6862 0.04814171543553924
6866 0.1019124142650826
6928 0.07404755975748274
7034 0.08023949879647434
7035 0.09580293510546452
7201 0.016534347051944925
7210 0.09976981627490221
7540 0.043458874646523885
7733 0.06022210260065302
7849 0.07627261762703663
7856 0.11045685511393795
7865 0.025289230101979542
8078 0.04888772395882424
8124 0.028692758561721713
8154 0.17022690044582628
8202 0.03843848695907984
8250 0.048233356176827856
8346 0.052854605128261935
8433 0.025424419050639174
8507 0.05974801420979841
8585 0.05192688536963105
8673 0.027663052530686585
8737 0.046074934509416535
8846 0.09976981627490221
8997 0.028085214492963997
9317 0.05596925396067863
9386 0.06280304109339173
9499 0.08178632276191791
9533 0.20533702049260044
9584 0.051045187598358924
9645 0.0287744932393923
9652 0.026400670810685263
9719 0.05821048504171513
9765 0.032905979854093347
9853 0.12241996470532213
9854 0.08982138030977242
9981 0.06719153714835316
10040 0.075493354888952
10316 0.03332428764983406
10451 0.04021769673137054
10460 0.06974222323055526
10539 0.08178632276191791
10556 0.06517686352209875
10583 0.0469639828125599
10595 0.08509404072135898
10614 0.03249728918657059
10745 0.06120998235266106
10887 0.05020516072771325
10973 0.11209207466873904
11000 0.0432483545075463
11003 0.026472498225883982
11229 0.11209207466873904
11255 0.08859738958322123
11317 0.038297954519118646
11325 0.036313301605448614
11326 0.04327272361496385
11327 0.06867383377951139
11505 0.05350112223345541
11600 0.05559498200880067
11636 0.04585944991862047
11679 0.10488401558414799
11741 0.06649430029098778
11875 0.043646995566841804
11957 0.06322140928708335
11959 0.06455303596826537
12057 0.034080881026707956
12064 0.011575137923025124
12069 0.0416796648742332
12133 0.08178632276191791
12170 0.07207027260363524
12417 0.06022210260065302
12513 0.03802017916333913
12558 0.04940304296980908
12584 0.04814171543553924
12640 0.06649430029098778
12667 0.08961817647414363
12807 0.05706081603426579
12834 0.014735552325511473
12999 0.04863555999928544
13006 0.05883615992395402
13135 0.09256175719031116
13210 0.07881655868482461
13302 0.09580293510546452
13464 0.04383712851376787
13527 0.09976981627490221
13537 0.08744755788106537
13631 0.13583448080527502
13661 0.06225600528349003
13806 0.04085266641096972
13822 0.02918890037443117
13875 0.049933746889653206
13993 0.05714180597424425
14002 0.10488401558414799
14074 0.06791724040263751
14170 0.05381933203942859
