449 0.08106683177134184
994 0.03346666144299566
1033 0.052705440471744545
1054 0.041197550697876305
1107 0.026649589467660825
1127 0.030959706939503107
1133 0.029792313731046974
1145 0.04952137870590364
1290 0.06344006010512694
1339 0.08354011453318043
1373 0.0789243767921447
1394 0.06994557706771652
1395 0.0678031220885194
1397 0.030365395329419717
1460 0.03905509571867917
1461 0.02752136125461552
1493 0.051211843823845006
1498 0.13366085110774323
1653 0.040806559484298115
1720 0.09466136923680576
1773 0.0688386154900599
1820 0.06064263340952896
1839 0.0753441324526495
1884 0.09466136923680576
2103 0.0678031220885194
2176 0.03574451451693118
2340 0.04556061268126876
2359 0.04741908539726188
2558 0.024555417940518423
2707 0.0789243767921447
2716 0.041197550697876305
2786 0.07241885982955512
2995 0.2457994741330738
3078 0.04741908539726188
3092 0.04252411499423005
3158 0.08354011453318043
3159 0.046865769220556505
3193 0.057191261883447427
3281 0.03394563966891493
3633 0.04206052299108282
3721 0.030365395329419717
3722 0.048286571200750625
3769 0.09004563149577004
3790 0.03147235690707634
3840 0.043449525412960766
3915 0.029981075661303525
3925 0.0678031220885194
4029 0.052705440471744545
4079 0.042803347656226155
4180 0.10388253695334736
4262 0.036439193537694314
4383 0.05776088910966314
4384 0.028186516772697127
4404 0.06887871595528687
4460 0.07703459757059086
4532 0.05668186738489408
4577 0.04504670427660617
4650 0.0789243767921447
4734 0.04082001377304836
4824 0.051572411335129846
4864 0.09214001435964422
4899 0.036018787503585115
4980 0.07703459757059086
4997 0.04482561796103147
5172 0.09904275741180728
5247 0.01758287402184289
5260 0.0558676820301077
5437 0.06344006010512694
5502 0.06994557706771652
5551 0.025532346198521697
5635 0.18009126299154007
5658 0.08646538715627482
5777 0.09004563149577004
5938 0.03157688222144181
5963 0.05435248315720295
6044 0.026882686724998692
6104 0.059407825904375954
6154 0.03323242985224084
6183 0.04659610608280928
6206 0.057191261883447427
6207 0.03905509571867917
6245 0.019888986384768964
6287 0.08354011453318043
6310 0.022824384965289615
6315 0.08438998507929121
6467 0.08106683177134184
6500 0.09004563149577004
6613 0.09466136923680576
6734 0.043449525412960766
6757 0.0678031220885194
6758 0.056188149076165574
6859 0.055244078024596
6861 0.15811632141523366
6862 0.043449525412960766
6916 0.06001335357853678
7003 0.150688264905299
7026 0.05668186738489408
7033 0.09466136923680576
7099 0.03669195368324408
7201 0.014922807089874675
7204 0.06344006010512694
7249 0.06994557706771652
7268 0.2172565794886654
7269 0.15406919514118173
7344 0.056188149076165574
7422 0.055535148919409215
7431 0.04889209887491146
7468 0.02071995934499485
7571 0.04158418576811924
7616 0.03872426793603771
7674 0.045311854535416245
7693 0.025749657588383986
7699 0.061297605125929806
8113 0.09004563149577004
8131 0.05392460235985147
8139 0.06591334286696554
8156 0.04158418576811924
8202 0.06938406747057344
8293 0.05939751813884607
8344 0.031682092952600834
8346 0.0477030676604659
8377 0.058824322364091214
8463 0.033116584013162885
8600 0.09466136923680576
8658 0.07658877693642466
8673 0.02496683994448675
8744 0.00941321611294202
8795 0.02752136125461552
8875 0.16872875842693333
8939 0.061980456222081065
8970 0.05051414350959599
8996 0.017626771666214906
9011 0.051572411335129846
9218 0.08646538715627482
9317 0.05051414350959599
9457 0.11617280380811315
9489 0.051572411335129846
9492 0.058824322364091214
9584 0.04607000717982211
9647 0.03394563966891493
9652 0.023827497772571475
9722 0.07844620663346187
9890 0.03431449681045877
9902 0.0444264352266474
9906 0.035341700581740285
9932 0.07148902903386237
9966 0.038240475132735166
10004 0.05826129691083576
10032 0.12396091244416213
10370 0.09004563149577004
10499 0.03147235690707634
10531 0.08396073668354706
10596 0.07381492074238047
10638 0.057717360786434586
10657 0.024623259813305858
10664 0.110488156049192
10810 0.06994557706771652
10821 0.05017635042230448
10833 0.09004563149577004
10837 0.059407825904375954
10866 0.05570917085024629
10884 0.03856137740995066
10945 0.04741908539726188
10980 0.061980456222081065
11000 0.019516550887768762
11003 0.02389232444261822
11052 0.09717295721143603
11246 0.06212186980621602
11255 0.05997160407649854
11262 0.033704363257406146
11338 0.04063452524462084
11482 0.027767574459704607
11505 0.048286571200750625
11511 0.039564490217232524
11570 0.06064263340952896
11733 0.026572636902836594
11815 0.03872426793603771
11910 0.03658181295684057
11921 0.04581328843891203
11929 0.04714004220721043
11957 0.02852972941045711
11960 0.0688386154900599
11982 0.09466136923680576
12064 0.010446953225387754
12117 0.06693332288599133
12379 0.06422287774902419
12666 0.07585173092858226
12733 0.030076295994250983
12807 0.07724897276515195
12821 0.09466136923680576
12865 0.019888986384768964
12898 0.055244078024596
12978 0.08106683177134184
13073 0.08646538715627482
13309 0.0711346082821621
13336 0.017150379398720026
13438 0.06504585706347678
13477 0.09466136923680576
13480 0.048975723437134966
13497 0.0688386154900599
13614 0.03761730635838109
13660 0.03731456947117211
13676 0.09379598162608967
13822 0.05268793839693475
13870 0.06591334286696554
13872 0.029148605320836574
13874 0.017107764289977175
13912 0.06171822727629644
13948 0.12030518397700393
13982 0.03254957875608958
14060 0.039564490217232524
14062 0.01983845223587779
14157 0.0688386154900599
14170 0.024286883153206578
14212 0.10257179949537279
