10 0.03966916139101928
12 0.04665583105827846
49 0.045382960235842144
249 0.09027998338008732
319 0.05430278963535325
322 0.03932899927286292
324 0.05388310100478293
337 0.0339407407317875
527 0.04775164778860793
528 0.06729912472743588
556 0.03932899927286292
907 0.05307507744751891
968 0.0325549972884145
971 0.034935337999867304
994 0.03370137185266742
1012 0.060192036655021104
1024 0.05157100581747303
1045 0.04513999169004366
1064 0.10039020453421531
1081 0.07043612360987025
1133 0.03000125498360645
1194 0.13840376687437037
1217 0.05157100581747303
1282 0.09067714495263285
1313 0.07292675214763138
1319 0.0752080161014012
1403 0.050195102267107654
1412 0.06729912472743588
1458 0.055924631377235454
1492 0.04397710838437374
1519 0.028729815830465223
1540 0.09532525406414369
1567 0.029082990631455103
1624 0.0794778939943767
1653 0.12327823952957971
1689 0.02348163920309593
1695 0.06550204059360941
1862 0.055176359342629905
1871 0.03038368949617506
2058 0.0483287485574306
2064 0.04073485112433131
2105 0.04775164778860793
2176 0.03599520010324451
2204 0.09392655681238372
2209 0.047470647596016366
2371 0.04001663938153027
2456 0.05609987376917972
2648 0.028905438253276985
2674 0.12483028259608515
2680 0.06827864303612055
2848 0.02771437572622028
2929 0.043534420313878254
2949 0.21074292321947513
2965 0.02846991043276313
2995 0.04500424178882253
3078 0.04775164778860793
3092 0.1284670430512344
3208 0.03772797727130708
3236 0.03599520010324451
3282 0.05866989855427252
3307 0.05388310100478293
3353 0.08536770009305354
3365 0.07433260399909977
3432 0.03166522291463017
3471 0.06467328951096368
3475 0.07043612360987025
3512 0.10182222219536251
3521 0.05347403855270752
3579 0.08412600310588753
3633 0.014118501463061447
3721 0.03057835575242912
3723 0.06729912472743588
3751 0.042274787594451364
3758 0.029720254791014887
3761 0.038669434069294496
3790 0.06338616147964973
3810 0.06172750118937523
3865 0.0872489718943653
3915 0.030191340750423647
3919 0.057079392077864395
3925 0.06827864303612055
3984 0.02038925269273052
4025 0.044432268168201075
4044 0.07757486125914222
4109 0.05982446845414074
4219 0.053672979953519585
4307 0.06241514129804258
4404 0.06936178032270418
4405 0.05307507744751891
4478 0.06106793598580681
4532 0.057079392077864395
4535 0.03613270819978145
4569 0.0565822111940983
4817 0.07171770485283424
4827 0.12855705594851177
4857 0.06313335304084362
4885 0.051215890339786435
4899 0.07254279327552042
4922 0.052754030606767484
4962 0.06388498176312493
5223 0.05230417358327419
5231 0.10386820416517495
5247 0.07082474918008332
5297 0.047470647596016366
5383 0.05866989855427252
5390 0.026152086791637094
5417 0.05307507744751891
5502 0.07043612360987025
5613 0.03627139663776021
5663 0.027229626253253765
5689 0.03704200766551746
5831 0.08707179142747598
5844 0.07933832278203856
5883 0.09532525406414369
5970 0.07733886813858899
6097 0.058122147664218346
6109 0.0605463224962477
6123 0.10187639591088901
6230 0.03300383458974318
6235 0.033583004262316564
6294 0.04055228303698333
6304 0.044432268168201075
6310 0.04596891663865967
6344 0.10187639591088901
6386 0.10187639591088901
6417 0.04268385004652677
6601 0.05052825023111907
6606 0.02124545850385003
6618 0.052305546115296093
6695 0.09322660990858564
6752 0.07638369886541646
6758 0.0565822111940983
6813 0.0661012987550663
6831 0.06106793598580681
6864 0.07587254046921983
6866 0.0308748246908831
6935 0.06241514129804258
7099 0.03694928390709447
7201 0.04508239386334834
7233 0.0483287485574306
7342 0.04073485112433131
7418 0.031075536636195212
7479 0.027796600350595353
7540 0.039498185151940236
7598 0.03138135845700539
7616 0.07799170261770302
7649 0.038508665540664996
7851 0.03599520010324451
8071 0.16327074913625284
8115 0.055593200701190705
8124 0.026077801125976737
8200 0.0716334938097844
8202 0.06987067599973461
8250 0.08767507434407122
8344 0.0638085754376819
8346 0.04803762169335795
8447 0.055176359342629905
8669 0.03727705208423289
8673 0.10056775557231819
8688 0.02917250390096072
8737 0.04187582648926276
8744 0.009479233448252284
8795 0.05542875145244056
8870 0.04490062281092357
8897 0.06388498176312493
8931 0.0325549972884145
8997 0.03828843974094174
9094 0.022681314270754413
9099 0.0308748246908831
9126 0.03418370927758599
9134 0.03627139663776021
9150 0.0412952692857667
9204 0.02953560016607516
9295 0.06172750118937523
9367 0.04665583105827846
9457 0.03899585130885151
9496 0.06987067599973461
9497 0.02638211842508416
9528 0.04513999169004366
9533 0.04665583105827846
9652 0.023994606217887387
9719 0.02645269274299785
9722 0.039498185151940236
9765 0.11962817679513517
9783 0.02472763147948457
9902 0.022369004691608504
9918 0.047194451061500664
10003 0.03803574093501594
10004 0.05866989855427252
10018 0.0716334938097844
10079 0.03480761319386188
10156 0.052754030606767484
10335 0.038508665540664996
10362 0.03277785742611759
10445 0.07064936928503487
10460 0.06338616147964973
10499 0.031693080739824867
10614 0.02953560016607516
10749 0.05052825023111907
10866 0.05609987376917972
10887 0.045629638368115226
10924 0.02771437572622028
10945 0.04775164778860793
10980 0.06241514129804258
10999 0.019764349251678377
11000 0.09171598585443452
11003 0.0481197750684973
11020 0.05388310100478293
11098 0.040371754859216874
11138 0.04207407564913925
11246 0.03127877332622989
11255 0.06039220054936282
11322 0.08707179142747598
11325 0.03300383458974318
11327 0.06241514129804258
11482 0.11184926275447091
11495 0.051934102082587474
11634 0.04207407564913925
11708 0.057592359092655844
11733 0.05351799544712804
11761 0.09067714495263285
11842 0.036411285856373404
11875 0.03966916139101928
11910 0.0368383707351018
11912 0.04803762169335795
11939 0.08707179142747598
12023 0.03222636689854664
12064 0.05260110214099396
12175 0.05907120033215032
12216 0.06550204059360941
12335 0.03443038740985907
12413 0.06578090187947803
12558 0.04490062281092357
12666 0.03819184943270823
12667 0.027150230005922094
12735 0.05070629174419125
12768 0.03788112632145576
12807 0.07779073992275487
12818 0.06313335304084362
12881 0.04247802428448604
12963 0.050195102267107654
13022 0.03585885242641712
13079 0.02316911294426956
13111 0.06729912472743588
13155 0.06172750118937523
13336 0.034541318949013945
13480 0.02465960146816097
13497 0.06932139862247451
13503 0.05609987376917972
13585 0.06106793598580681
13596 0.04775164778860793
13659 0.057079392077864395
13660 0.037576266261639894
13676 0.03148459908827062
13816 0.08536770009305354
13962 0.08412600310588753
13982 0.06555571485223519
13984 0.08707179142747598
14040 0.037576266261639894
14062 0.0399551689326112
14072 0.04838249365087696
14074 0.06172750118937523
14170 0.1222860669389843
14171 0.13822061324117849
