303 0.05525284416913429
321 0.04341274094593397
322 0.03401486559405721
326 0.06526034731347173
458 0.05905283400945247
763 0.051740987345884795
931 0.08463236405136261
970 0.0881108591162888
994 0.029147643090293607
1012 0.026029444869015952
1071 0.08244490743878444
1086 0.08682548189186794
1111 0.07383281798229248
1162 0.03746447752044735
1255 0.02935466845074533
1307 0.08740174792600529
1318 0.11954424645050486
1319 0.08130738788750494
1330 0.08244490743878444
1461 0.02396960977344394
1483 0.038833651459239046
1492 0.03803492228549828
1552 0.05740693902338916
1568 0.15684970149468672
1653 0.017770147667957675
1708 0.0753066525260657
1714 0.040582675741725006
1846 0.04399507338183359
1862 0.04772093065444372
1868 0.06195437740654151
1947 0.06562064415712027
1952 0.06562064415712027
2046 0.037096720605668765
2114 0.03211256054720492
2144 0.09873365128101405
2151 0.0881108591162888
2157 0.05226836903759607
2176 0.06226305861730252
2204 0.08123520213468277
2386 0.05905283400945247
2479 0.03358486378241926
2482 0.0881108591162888
2493 0.0753066525260657
2558 0.04277286871188768
2575 0.029147643090293607
2612 0.0881108591162888
2617 0.03823036541881376
2743 0.09467611717624246
2780 0.04733805858812123
2915 0.05593463578817482
2919 0.04893682382886908
2927 0.022554169103934124
3010 0.020473524911507456
3092 0.0185180964150494
3099 0.03539046286380085
3130 0.019825967066512764
3153 0.04733805858812123
3193 0.04981048056142833
3216 0.04660241736009169
3432 0.04107992784055652
3482 0.0706048042155841
3485 0.0687388423783979
3577 0.06307289070089354
3738 0.03925081545992364
3810 0.0533868823319481
3859 0.0881108591162888
3861 0.0753066525260657
3865 0.050306594914290514
3915 0.05222377465569754
4136 0.0687388423783979
4300 0.05281643756689716
4431 0.0881108591162888
4535 0.09375137194092563
4657 0.08244490743878444
4734 0.03555201329013058
4843 0.05123278747769322
4850 0.05525284416913429
5130 0.04733805858812123
5185 0.046965397670400616
5196 0.06709294739233462
5208 0.043700873963002644
5238 0.0881108591162888
5247 0.015313727584187647
5273 0.06195437740654151
5293 0.0881108591162888
5496 0.05820566819712993
5518 0.08244490743878444
5571 0.03113152930865126
5622 0.05740693902338916
5677 0.03925081545992364
5712 0.31369940298937343
5754 0.05740693902338916
5764 0.06307289070089354
5826 0.05820566819712993
5954 0.0533868823319481
5987 0.05905283400945247
6109 0.034910202988482845
6230 0.028544357049868314
6235 0.05809053865327064
6245 0.017322226107267875
6310 0.019878798722032753
6315 0.03674954506107742
6326 0.0881108591162888
6417 0.03691640899114624
6421 0.1374776847567958
6424 0.08244490743878444
6425 0.1285775677506378
6504 0.0881108591162888
6520 0.05074242291025067
6639 0.0687388423783979
6645 0.04772093065444372
6681 0.02653155719355216
6695 0.026876610681338484
6773 0.0881108591162888
6907 0.06709294739233462
7167 0.04624862741922937
7188 0.13418589478466925
7201 0.01299695387010302
7422 0.07255214427766132
7461 0.0881108591162888
7479 0.024040724208043086
7580 0.01601844612590996
7590 0.07275889906983898
7616 0.10118019773096558
7627 0.026789545251772656
7633 0.022682962239048463
7674 0.03946416244737296
7717 0.055371237204634334
7865 0.039757597444065505
7959 0.04624862741922937
7965 0.03555201329013058
8074 0.03344442082900627
8078 0.03842858088747012
8139 0.05740693902338916
8202 0.030214875753739025
8250 0.018957104966438328
8279 0.04733805858812123
8290 0.0881108591162888
8433 0.019985065061063675
8444 0.0881108591162888
8447 0.04772093065444372
8474 0.03656261905028393
8499 0.046965397670400616
8623 0.0706048042155841
8658 0.05002849638887953
8688 0.02523071569527518
8795 0.02396960977344394
9204 0.05108950079907425
9251 0.05226836903759607
9338 0.05905283400945247
9392 0.045566835800188846
9409 0.02864311333538377
9445 0.0753066525260657
9492 0.05123278747769322
9497 0.01140868352751267
9605 0.06307289070089354
9645 0.06785525187533459
9659 0.0881108591162888
9708 0.024923583414586465
9718 0.0687388423783979
9765 0.02586600492118514
9821 0.04624862741922937
9827 0.034034021123088176
9859 0.05593463578817482
9867 0.04154677910874778
9902 0.009673252588744435
9905 0.022363178118437195
10021 0.08244490743878444
10059 0.08244490743878444
10133 0.0706048042155841
10331 0.032630173656735866
10335 0.033305375341091716
10396 0.03727938930145518
10456 0.04893682382886908
10534 0.06562064415712027
10591 0.18586313221962453
10752 0.04081753767759671
10812 0.0753066525260657
10839 0.0881108591162888
10904 0.07980176824536893
10930 0.022618417291778194
10994 0.045238021659076026
11000 0.016997855032513123
11087 0.05026868411067044
11098 0.06983344812844125
11200 0.033870056461499216
11222 0.07275889906983898
11262 0.02935466845074533
11401 0.08244490743878444
11434 0.06091879584663866
11447 0.0881108591162888
11617 0.04285370815068012
11656 0.05593463578817482
11752 0.10348197469176959
11821 0.0706048042155841
11835 0.053981608521422794
12027 0.0753066525260657
12039 0.0753066525260657
12047 0.0706048042155841
12064 0.02729618529591852
12100 0.05074242291025067
12175 0.025544750399537124
12215 0.025465577631146888
12245 0.06891704102995702
12254 0.044295600152477355
12335 0.059556308156855045
12336 0.04733805858812123
12372 0.08244490743878444
12387 0.032630173656735866
12472 0.1481004769215211
12523 0.05428221972637373
12659 0.05074242291025067
12666 0.033031367419979474
12724 0.12183759169327732
12868 0.07842485074734336
12894 0.046965397670400616
12947 0.10920555101274691
12961 0.05281643756689716
12999 0.03823036541881376
13064 0.03946416244737296
13112 0.05046143139055036
13336 0.014937048274997257
13480 0.021327596558534355
13608 0.034762314136891376
13738 0.04772093065444372
13744 0.03823036541881376
13754 0.017999610233371724
13775 0.03784217500561836
13806 0.03211256054720492
13832 0.0316134376239508
13865 0.05665140603934607
13884 0.043130429197951715
13912 0.026876610681338484
13948 0.02619481906229796
14010 0.04660241736009169
14072 0.020922525986765427
14167 0.08244490743878444
14170 0.04230511030394336
