276 0.08775385580405666
319 0.04998968235859396
326 0.03473135749543569
398 0.055072790834068276
527 0.043958878007583566
703 0.04027897988994179
855 0.054009924949225595
863 0.08775385580405666
906 0.06713439953608909
907 0.04885948365775858
976 0.031468600049831104
994 0.0310245732360476
1012 0.05541116419813513
1045 0.04155465789893346
1107 0.024704948282885497
1119 0.06285547575311573
1217 0.04747487591411487
1225 0.06713439953608909
1240 0.04027897988994179
1270 0.35101542321622664
1319 0.034617234777211174
1329 0.045324404550853056
1375 0.04682808733219725
1378 0.05453186599906816
1412 0.06195375763799894
1435 0.13969242550023894
1461 0.02551310620731918
1489 0.08541648614518571
1493 0.04747487591411487
1620 0.03313620960687715
1653 0.018914436616095535
1826 0.0731652038870995
1841 0.08775385580405666
1871 0.027970404411914312
2061 0.06484159413305193
2064 0.07499880880168303
2114 0.06836082652772295
2204 0.0432331264343612
2356 0.08347493202108329
2371 0.0368382380569036
2425 0.05541116419813513
2428 0.05453186599906816
2485 0.0370007947968055
2558 0.022763590074109854
2564 0.045907765345171866
2609 0.07179705622207364
2730 0.030487554847203058
2940 0.03169568527988924
2951 0.08898028279569051
3044 0.03459169643502809
3092 0.03942109738623834
3102 0.05682467140210531
3123 0.0731652038870995
3130 0.021102638224471868
3281 0.031468600049831104
3307 0.04960332833382642
3353 0.03929360019984264
3432 0.04372522422731706
3512 0.031244929764949678
3527 0.03264037057072692
3633 0.02599422270042259
3721 0.028149608912851065
3746 0.03854975552377481
3751 0.038917028348168126
3758 0.027359664330247623
3779 0.09378466015506706
3902 0.07515132226703572
3915 0.02779333334859039
3919 0.052545747619131944
4289 0.05682467140210531
4482 0.09378466015506706
4500 0.05811886066880907
4535 0.09978838754649672
4591 0.055634132684836836
4681 0.06029941049257775
4827 0.07100769336135368
4885 0.04714796619088738
4956 0.05208805631779866
4991 0.042708243072592855
5020 0.07744412767007286
5223 0.048149810369123025
5383 0.054009924949225595
5417 0.04885948365775858
5496 0.06195375763799894
5644 0.05038634036274956
5827 0.12763081679821808
5970 0.03559803721118808
6006 0.06195375763799894
6235 0.03091560722743321
6241 0.07744412767007286
6245 0.018437671643347083
6304 0.24541888036862605
6528 0.03227904607420804
6606 0.05867398687812788
6695 0.05721460042836869
6720 0.03227904607420804
6813 0.020283690460136783
6862 0.08055795977988359
6864 0.13969242550023894
7046 0.04998968235859396
7099 0.017007256701694718
7167 0.0492267564821519
7201 0.027667756596266305
7245 0.03027806133256263
7342 0.07499880880168303
7484 0.06594386081882062
7491 0.02220922303878062
7551 0.053505680265125276
7693 0.023870685129877698
7714 0.038917028348168126
7722 0.12968318826610387
7892 0.03733133714763727
7941 0.04319595213114149
8015 0.05164402950401516
8085 0.041117161839876966
8115 0.051177599954106076
8204 0.055634132684836836
8247 0.04960332833382642
8250 0.020177826713219278
8293 0.027531617617086467
8344 0.029370226090626412
8389 0.16865248043746695
8509 0.06984621275011947
8658 0.03550001728093987
8673 0.04628998059156708
8716 0.03819133351407397
8739 0.042708243072592855
8815 0.09378466015506706
8893 0.04069216739420771
8931 0.02996925175595801
8951 0.05038634036274956
8974 0.06984621275011947
8996 0.01634053248499419
8997 0.035247304116577775
9001 0.06594386081882062
9094 0.041759611374819254
9134 0.06678093736251607
9150 0.038015310233051346
9204 0.054379352533715467
9241 0.07141332331906247
9269 0.06195375763799894
9316 0.06713439953608909
9317 0.14048426199659175
9402 0.0383694649084375
9409 0.030487554847203058
9489 0.0478091325348253
9497 0.03642999914570191
9533 0.04295009870471069
9645 0.024074905184561513
9719 0.02435163490921352
9765 0.08259485285125942
9775 0.09378466015506706
9776 0.07744412767007286
9902 0.010296150959465648
9906 0.03276278931653486
9932 0.03313620960687715
10040 0.06316341858378309
10156 0.024281968301044312
10174 0.042470257297047335
10195 0.09378466015506706
10209 0.04027897988994179
10362 0.06034882156625468
10396 0.07935990844922038
10445 0.0325189511727644
10450 0.09378466015506706
10460 0.02917579464679395
10489 0.042708243072592855
10516 0.03567976155773457
10614 0.054379352533715467
10745 0.10242574972417626
10749 0.04651494326812153
10806 0.040484138917111126
10924 0.02551310620731918
10991 0.07744412767007286
10999 0.027291789641479505
11000 0.024123217404041643
11020 0.09920665666765284
11108 0.03574752383280447
11200 0.07210216235622673
11369 0.05164402950401516
11408 0.09378466015506706
11482 0.07722405913238875
11502 0.04682808733219725
11537 0.05881078978204153
11633 0.04998968235859396
11647 0.08347493202108329
11733 0.024633611006319757
11752 0.055072790834068276
11880 0.041334301370031384
11901 0.06029941049257775
12023 0.029666723489672038
12064 0.029053892870671193
12175 0.027189676266857733
12215 0.027105405255866747
12333 0.03636096308763015
12413 0.03027806133256263
12552 0.04998968235859396
12611 0.05523669104517873
12666 0.03515838568605264
12667 0.049987537770074385
12695 0.03313620960687715
12763 0.03459169643502809
12834 0.02465774268393863
12847 0.04422213786508438
12865 0.018437671643347083
12877 0.02039031309343685
13129 0.05811886066880907
13336 0.031797805860491815
13472 0.06484159413305193
13480 0.045401926964000076
13676 0.028983872065858864
13786 0.02012517606124409
13787 0.025895487000153972
13816 0.03929360019984264
13824 0.04422213786508438
13874 0.015859397478995365
13948 0.027881605380090192
13993 0.0956182650696506
14060 0.036677438721582446
14072 0.04453961768014599
14090 0.03545003804331081
14163 0.012020914302759356
14170 0.27017580573864686
14171 0.19086324840035906
