127 0.033290783936498036
398 0.040958242574261026
945 0.05441376991102662
961 0.03607077502347073
968 0.022288463406330533
971 0.04783628121357174
976 0.023403545286033816
994 0.04614663528469293
1010 0.03123988971652477
1012 0.06181484187139133
1075 0.10447969666289368
1078 0.0697486871865526
1107 0.03674668558576296
1165 0.059612858196906926
1198 0.10389079911828789
1249 0.028015143064451388
1266 0.06526351140763073
1319 0.07723565908583291
1402 0.03141139399773766
1412 0.04607569355563543
1461 0.018974378763747697
1550 0.045984556837402164
1620 0.024643764924846746
1653 0.07033437668082472
1695 0.044845337318771515
1963 0.029166373193016536
2017 0.024457847866933103
2064 0.27888721064955685
2157 0.04137571870617045
2204 0.04822943016663505
2209 0.03250031884337326
2359 0.032692702902086666
2382 0.03090465786349945
2564 0.13656844772694107
2585 0.2384514327876277
2594 0.2482543122370227
2648 0.05936948454129215
2693 0.0233200595723745
2730 0.04534786227522607
2848 0.018974378763747697
2909 0.04137571870617045
2965 0.019491648278771912
2995 0.03081171800916695
3010 0.016206872784819266
3092 0.014658952677320166
3130 0.031388530062294036
3206 0.043738233661233715
3220 0.022992278418701082
3257 0.03090465786349945
3281 0.04680709057206763
3343 0.04055595080239259
3429 0.09985718826420951
3432 0.010839644002016228
3461 0.04674631127326364
3722 0.06658156787299607
3865 0.019911387695508247
3906 0.04904317734393344
3928 0.05251120100237516
4030 0.05251120100237516
4180 0.03581048526008612
4241 0.03392305913895057
4262 0.025122705727855844
4404 0.047487870719949345
4430 0.0697486871865526
4458 0.08191648514852205
4459 0.0781577052710013
4535 0.024737908510563723
4543 0.19579053422289222
4747 0.023487665878136377
4774 0.06526351140763073
4784 0.030108501077656915
4807 0.06208122854878961
4817 0.049100831618476816
4827 0.03520613700869443
4841 0.03689054292724858
4870 0.05089109697824465
4893 0.043738233661233715
4928 0.020034297899503836
4957 0.029365819231847626
4961 0.0697486871865526
5059 0.018862642414174687
5071 0.06526351140763073
5299 0.03506446299312722
5434 0.03349755265855568
5436 0.05194539955914394
5502 0.04822340944015559
5689 0.012680225788925416
5798 0.21121425085277065
5926 0.10389079911828789
5938 0.021770424722265716
5974 0.028943023645854965
5981 0.04607569355563543
6142 0.11922571639381385
6154 0.022911828576442365
6158 0.03747287761800042
6230 0.02259575551504837
6298 0.06526351140763073
6315 0.01454549727707371
6528 0.024006282942089587
6601 0.03459367685657878
6606 0.01454549727707371
6720 0.048012565884179174
6775 0.017853913823569698
6789 0.07309814439652114
6813 0.030170409074441882
6826 0.04674631127326364
6829 0.06526351140763073
6851 0.21518543396076617
6862 0.029955922044093527
6866 0.021138149519813177
6992 0.17495293464493486
7006 0.026147679600757846
7026 0.03907885263550065
7167 0.03661048228361796
7186 0.06208122854878961
7201 0.02057681604641814
7206 0.024832860205610274
7245 0.04503625699572499
7342 0.27888721064955685
7418 0.02127556500809198
7468 0.014285207513689106
7491 0.016517244374794404
7495 0.037177878681008525
7551 0.03979276514245908
7649 0.02636458467883763
7651 0.03414211193173527
7662 0.05759605276986774
7683 0.0697486871865526
7862 0.018862642414174687
7865 0.01573608664827083
7963 0.04544341835318289
8015 0.03840823491787243
8166 0.04674631127326364
8182 0.03506446299312722
8202 0.04783628121357174
8247 0.14756217170899433
8279 0.03747287761800042
8488 0.08855588184276189
8538 0.05441376991102662
8585 0.06462244712521947
8739 0.0952877756799097
8788 0.0697486871865526
8931 0.022288463406330533
8996 0.012152634416684856
8997 0.017475872812828683
9099 0.1056907475990659
9134 0.07449858061683082
9150 0.028272405928226763
9316 0.09985718826420951
9317 0.03482656555429789
9409 0.022673931137613033
9497 0.00903113085664773
9566 0.059612858196906926
9708 0.01972954571760124
9758 0.027042049691362854
9765 0.020475567984560145
9890 0.02365785084340127
9898 0.03747287761800042
9902 0.015314722286350209
9957 0.03141139399773766
9959 0.03873846256155979
10156 0.018058767910477103
10165 0.04746022378022206
10382 0.028403316385707738
10493 0.02951042004324554
10508 0.04055595080239259
10614 0.020221262427192695
10638 0.07958553028491816
10866 0.03840823491787243
10930 0.017904772784669197
11000 0.06727763668382801
11003 0.016472368838389363
11098 0.027640130725774224
11365 0.017117823840510114
11451 0.06526351140763073
11576 0.02323719922573646
11880 0.03074077628010945
11905 0.024366048132173707
11912 0.03288849216462961
11991 0.04226113549434177
12064 0.021607700897325992
12135 0.06208122854878961
12219 0.03840823491787243
12231 0.05628605324464627
12322 0.1497857823963143
12333 0.027042049691362854
12335 0.04714486215752356
12378 0.04621757701375043
12413 0.09007251399144998
12417 0.07494575523600085
12552 0.037177878681008525
12558 0.03074077628010945
12632 0.04992859413210476
12648 0.02522103352686662
12666 0.15688607760454712
12667 0.05576442559027379
12807 0.035505784150620015
12810 0.029082167676141024
12942 0.04904317734393344
12956 0.03459367685657878
12968 0.06784611827790114
13336 0.023648379282017847
13480 0.01688295717147542
13491 0.0697486871865526
13556 0.06208122854878961
13596 0.032692702902086666
13649 0.059612858196906926
13816 0.02922308428948559
13823 0.06208122854878961
13879 0.04822340944015559
13919 0.024737908510563723
13948 0.02073585774794475
14072 0.016562302704112887
14090 0.02636458467883763
14163 0.026820260051479812
14170 0.15069954720218878
14171 0.04731570168680254
14186 0.0697486871865526
14198 0.028015143064451388
14230 0.059612858196906926
