10 0.03166649111486251
11 0.025383491554160677
249 0.0360336618081708
257 0.0760947850923716
269 0.1343096368296095
322 0.03139495170453734
338 0.04006897812341523
486 0.04874837744201316
513 0.04268643720531191
528 0.05372251543744101
637 0.03222734667716528
648 0.059337093640073175
655 0.0760947850923716
744 0.05372251543744101
763 0.04775576120909127
968 0.02598750506007262
971 0.027887647017866318
1002 0.028516925263671746
1012 0.024024588963874847
1029 0.043012977319845366
1045 0.0360336618081708
1059 0.1343096368296095
1060 0.08132433035644493
1133 0.023948942731826364
1135 0.14186011267073936
1140 0.06516663757871351
1362 0.06950633723801247
1411 0.1521895701847432
1429 0.08132433035644493
1430 0.0760947850923716
1432 0.08132433035644493
1461 0.022123407753383964
1519 0.022933997740951166
1542 0.08132433035644493
1550 0.026808126736044224
1552 0.05298530647316459
1617 0.04874837744201316
1653 0.03280288885901101
1689 0.018744563613476945
1718 0.024254226702286413
1871 0.024254226702286413
1899 0.08132433035644493
1901 0.1027183025543247
2048 0.06192527315073145
2049 0.04268643720531191
2058 0.03857913384407387
2134 0.06715481841480475
2158 0.05821485173723791
2160 0.041457160284939475
2176 0.08620109255738938
2211 0.0760947850923716
2244 0.043012977319845366
2428 0.04728670422357979
2436 0.06192527315073145
2586 0.07238436367887807
2594 0.04824252258391868
2648 0.04614838184231569
2649 0.05099712563707334
2667 0.04033491838210419
2729 0.08132433035644493
2770 0.030868444086879453
2848 0.022123407753383964
2949 0.042057158959506485
3035 0.044045339795597736
3083 0.14476872735775614
3092 0.119642489458612
3127 0.04982380388295295
3137 0.0276845302910438
3147 0.03153000681910739
3200 0.059337093640073175
3201 0.08132433035644493
3454 0.0360336618081708
3471 0.051626403882878764
3490 0.03980841076444631
3512 0.0541873902612079
3633 0.011270301298489866
3684 0.0760947850923716
3789 0.02830373618523116
3873 0.06344439700131121
3890 0.03724370286279802
3897 0.0444086777827142
3915 0.07230204446687787
3922 0.0553368252963723
3928 0.030613036818233984
3956 0.024331690272028673
3998 0.0760947850923716
4383 0.04643184943320221
4402 0.04824252258391868
4535 0.0288434653782052
4537 0.08132433035644493
4564 0.054504430323744364
4586 0.20303228896214684
4593 0.03955300349580084
4621 0.0444086777827142
4734 0.03281370426575269
4827 0.020524511873689647
4844 0.07238436367887807
4870 0.059337093640073175
4928 0.02335923336422024
4982 0.0760947850923716
5049 0.0342394341847749
5100 0.059337093640073175
5113 0.08132433035644493
5146 0.05821485173723791
5223 0.020876287649730183
5521 0.08132433035644493
5571 0.0287336975191298
5798 0.04477596823995436
5830 0.04982380388295295
5844 0.03166649111486251
5847 0.04033491838210419
5911 0.07238436367887807
6166 0.04334799993753985
6177 0.06192527315073145
6245 0.01598802295863736
6417 0.06814602128455702
6488 0.03126129615001331
6520 0.14050232645195465
6581 0.0760947850923716
6599 0.05718248926148553
6606 0.016959499504208213
6608 0.05622667090114665
6813 0.017588777750013638
6893 0.0760947850923716
6926 0.06056637056044562
6982 0.051626403882878764
6996 0.0760947850923716
7085 0.042057158959506485
7201 0.011995894498823864
7214 0.05298530647316459
7374 0.03881579453152442
7401 0.02917848799589968
7423 0.03724370286279802
7431 0.03930255590635183
7491 0.01925848202018759
7611 0.0522879666151067
7862 0.02199312739726494
7959 0.04268643720531191
8011 0.036227615020866154
8012 0.08132433035644493
8017 0.035654291941312775
8124 0.020816988025308885
8244 0.054969125575838745
8333 0.08132433035644493
8345 0.15622751615385275
8346 0.03834673754601294
8356 0.07238436367887807
8374 0.06715481841480475
8447 0.044045339795597736
8496 0.0760947850923716
8516 0.05372251543744101
8554 0.05821485173723791
8604 0.08132433035644493
8632 0.08132433035644493
8669 0.05951390940575148
8673 0.04013984448626948
8870 0.0716851641646146
8931 0.02598750506007262
9094 0.03621138494704105
9099 0.09858513035953703
9450 0.0553368252963723
9528 0.0360336618081708
9569 0.08132433035644493
9765 0.02387373758818584
9783 0.01973919526098086
9820 0.04824252258391868
9827 0.03141263182463481
9930 0.054504430323744364
10037 0.06503438721474523
10046 0.040606457792429364
10141 0.04775576120909127
10200 0.3028318528022281
10460 0.025299467507208045
10493 0.034408033259973
10568 0.04683410881731822
10749 0.04033491838210419
10765 0.05622667090114665
10877 0.06950633723801247
10888 0.05099712563707334
10903 0.09551152241818255
10970 0.09648504516783736
10999 0.007888591137585823
11000 0.005229545264073312
11188 0.1124533418022933
11232 0.024566912212688575
11314 0.03528576271017717
11396 0.06715481841480475
11461 0.05622667090114665
11477 0.06192527315073145
11482 0.11160664736223229
11484 0.06516663757871351
11600 0.04033491838210419
11644 0.08132433035644493
11679 0.0760947850923716
11733 0.021360763221168096
11735 0.0760947850923716
11890 0.051626403882878764
11922 0.04556446364617751
11924 0.08132433035644493
11988 0.08132433035644493
11991 0.04927488505967105
11995 0.04982380388295295
12042 0.0522879666151067
12095 0.08132433035644493
12100 0.04683410881731822
12288 0.07324899393722131
12336 0.04369195753695047
12390 0.04683410881731822
12591 0.04175367094331954
12807 0.02069920048894016
12843 0.0985497701193421
12894 0.04334799993753985
12938 0.0760947850923716
12959 0.08411431791901297
12968 0.03955300349580084
13178 0.0760947850923716
13349 0.04556446364617751
13480 0.07873955721830353
13503 0.04478254875987415
13537 0.06344439700131121
13586 0.06516663757871351
13596 0.038118454673466536
13681 0.05298530647316459
13729 0.06715481841480475
13775 0.03492747173763948
13781 0.0760947850923716
13813 0.06715481841480475
13816 0.03407301064227851
13822 0.021176945683329482
13832 0.02917848799589968
13836 0.05821485173723791
13859 0.12113274112089124
14022 0.06192527315073145
14040 0.02999580681766849
14062 0.015947400419256172
14088 0.04006897812341523
14163 0.010423802830097452
14170 0.039046660089683646
14237 0.08132433035644493
