79 0.028877166253192293
149 0.04312667474985772
449 0.07882418161676033
907 0.05124738590567194
971 0.033732305901853714
981 0.046383399804634184
994 0.06508166514093082
1027 0.03502235607043627
1054 0.040057852853243946
1107 0.025912349530768267
1112 0.048151408704816885
1185 0.04878826114371623
1374 0.06801058767938495
1375 0.0491167094508692
1394 0.06801058767938495
1395 0.06592740203248186
1402 0.04430021415773109
1458 0.026999406347127344
1461 0.08028001331024673
1498 0.12996322876518313
1535 0.07490349600445216
1653 0.01983883905206801
1655 0.035431131902195385
1768 0.051632608399961685
1830 0.04312667474985772
1839 0.07325979627471246
1919 0.040819014462586296
1940 0.03030071107631621
1942 0.030805632764073592
1996 0.05835313134289442
2103 0.06592740203248186
2337 0.06244620233733707
2340 0.04430021415773109
2359 0.04610727368743412
2384 0.034888443502738564
2425 0.02905963287532062
2552 0.052027584391504185
2560 0.05835313134289442
2564 0.048151408704816885
2573 0.052027584391504185
2716 0.040057852853243946
2786 0.07041544901846701
2927 0.025179786863161132
2995 0.13036343179854018
3092 0.02067385939573711
3099 0.03951040305642142
3157 0.03529367975005874
3193 0.11121822119083276
3208 0.07285755588674989
3216 0.052027584391504185
3220 0.03242654108238547
3238 0.0491167094508692
3284 0.06693424932332222
3321 0.024276151949933735
3332 0.05793626559733701
3417 0.05014570112917163
3436 0.098368183844608
3461 0.06592740203248186
3523 0.13999350430208055
3546 0.07177288900392241
3633 0.10905853785747073
3699 0.04556926456766074
3722 0.04695076117831114
3728 0.037494607226391155
3734 0.05137789281021077
3758 0.02869680911904604
3776 0.05050435412794306
3840 0.04224752845866118
3864 0.06095929506654702
3906 0.06916672528026979
3915 0.029151672778556216
3919 0.05511380809510647
3992 0.039873226812696005
4025 0.0429022001094894
4046 0.05835313134289442
4193 0.098368183844608
4404 0.0334866202203557
4459 0.05511380809510647
4460 0.07490349600445216
4577 0.04380052262497498
4585 0.06324641457619974
4611 0.09204263689321777
4684 0.07325979627471246
4798 0.061685040727994724
4887 0.03599338080053651
4900 0.06498161438259156
5002 0.04062521422692091
5247 0.03419291527641306
5260 0.0814832198068964
5305 0.08407339021208785
5390 0.02525151443019333
5412 0.05124738590567194
5437 0.061685040727994724
5502 0.06801058767938495
5533 0.06498161438259156
5613 0.03502235607043627
5641 0.06244620233733707
5658 0.08407339021208785
5749 0.06408990206707676
5773 0.08407339021208785
5800 0.044795516658041
5844 0.03830311551349381
6024 0.09204263689321777
6104 0.057764355115686526
6154 0.06462616162496468
6167 0.07041544901846701
6183 0.045307061448571447
6206 0.05560911059541638
6230 0.03186731567674045
6245 0.01933877321600862
6278 0.05050302886038666
6293 0.07882418161676033
6315 0.041027701250792574
6528 0.033856615072296724
6798 0.08122904295584238
6858 0.06498161438259156
6861 0.2562369295283597
6862 0.08449505691732236
6864 0.07325979627471246
6911 0.046383399804634184
7034 0.07041544901846701
7119 0.06693424932332222
7209 0.06408990206707676
7249 0.06801058767938495
7268 0.07041544901846701
7422 0.026999406347127344
7468 0.04029351592544002
7479 0.026839397576786522
7566 0.0328888184109767
7627 0.02990821947340029
7640 0.06498161438259156
7726 0.0438201541777814
7810 0.05050435412794306
7865 0.02219296630303063
8097 0.028877166253192293
8202 0.033732305901853714
8204 0.05835313134289442
8293 0.057754332506384586
8345 0.047242371880750325
8374 0.08122904295584238
8377 0.057196993742009566
8401 0.03570972356161277
8523 0.07882418161676033
8658 0.03723500432378101
8673 0.024276151949933735
8691 0.03502235607043627
8716 0.040057852853243946
8744 0.01830561378239674
8795 0.02676000443674891
8875 0.04101525250095181
8893 0.08536181922823166
8939 0.06026581563862334
8970 0.0982334189017384
8997 0.04929325379557113
9317 0.245583547254346
9457 0.11295897454248573
9460 0.09204263689321777
9641 0.07041544901846701
9652 0.023168328783290226
9722 0.11441408101891258
9771 0.07674099596985723
9783 0.023876111612186186
9902 0.07559547245344292
9932 0.06951134126057072
9941 0.05124738590567194
9961 0.03733781476744151
10032 0.06026581563862334
10064 0.08407339021208785
10174 0.08909179967845819
10247 0.08407339021208785
10254 0.07882418161676033
10316 0.029244258915868567
10327 0.04182586175342666
10328 0.08407339021208785
10362 0.03164912025495061
10517 0.07882418161676033
10556 0.057196993742009566
10557 0.05664954394518704
10567 0.015632817662329865
10596 0.07177288900392241
10614 0.02851851325442087
10624 0.09167190001562332
10630 0.09204263689321777
10638 0.05612065538594682
10732 0.026446411599705254
10806 0.042462714192326
10810 0.06801058767938495
10837 0.057764355115686526
10866 0.05416802044521617
11000 0.0506043756111219
11052 0.047242371880750325
11057 0.058965002642192274
11138 0.08125042845384182
11179 0.06498161438259156
11181 0.07325979627471246
11219 0.07177288900392241
11246 0.030201658563576428
11248 0.06693424932332222
11255 0.03887502453866708
11317 0.06721795884575144
11430 0.051632608399961685
11438 0.05416802044521617
11636 0.04024469003664127
11741 0.05835313134289442
11815 0.07530598302832382
11829 0.07882418161676033
11905 0.03436400022586141
11930 0.04182586175342666
11939 0.1681467804241757
11957 0.02774047688048284
12007 0.046383399804634184
12023 0.03111662083622254
12041 0.033856615072296724
12064 0.02031589295860141
12117 0.03254083257046541
12175 0.02851851325442087
12183 0.0491167094508692
12283 0.07674099596985723
12348 0.05463374811515678
12523 0.03030071107631621
12558 0.04335442650784079
12582 0.06898693502239213
12666 0.03687667621897763
12667 0.02621528561907517
12735 0.048960171625366714
12807 0.025037313559276082
12834 0.012931418429816982
12898 0.05371579404686479
12963 0.04846658545153729
13043 0.12017355855973184
13075 0.057764355115686526
13079 0.0223712621676558
13336 0.016675927638743045
13480 0.023810424279993126
13660 0.10884687374645896
13754 0.02009501423917309
13870 0.06408990206707676
13918 0.033732305901853714
13948 0.058488517831737134
13970 0.06324641457619974
13973 0.033856615072296724
14062 0.038579274109218645
14090 0.03718258245833542
14157 0.06693424932332222
14163 0.012608410652221387
14212 0.03324474377299886
