150 0.0556819985024393
247 0.09088630108928293
527 0.042600355063806654
648 0.06631384402057088
824 0.09088630108928293
844 0.06920633709426466
920 0.10616934317043826
1108 0.07282881541102981
1403 0.04478021760650135
1448 0.09088630108928293
1615 0.04478021760650135
1620 0.03211215478425458
1656 0.03984646044179249
1871 0.054211991444379166
2352 0.0310526808948342
2386 0.12182592942091391
2558 0.02206009488041825
2578 0.08089518896300761
2627 0.09088630108928293
2838 0.09088630108928293
2848 0.02472463885508875
2927 0.04652922521827521
2935 0.043649117703631404
3092 0.07640562369990156
3130 0.02045047375846291
3137 0.03093962833163098
3157 0.03260924293753133
3209 0.07090407683673228
3332 0.026764817003159844
3432 0.014124640738153225
3442 0.04115773928973619
3512 0.09083797145829783
3523 0.04311520007540239
3624 0.06390590507508795
3633 0.02519088672951636
3648 0.028180838437734983
3855 0.06184323120974296
3890 0.04162275148447987
3915 0.02693439693461763
4219 0.023941456569986645
4358 0.05284659115847916
4555 0.04666299362447372
4735 0.04569088637616399
4789 0.053370799033617834
4827 0.06881324288881357
4922 0.09412619413026263
5051 0.03538978105681275
5333 0.09088630108928293
5347 0.056993277350383
5390 0.02333088457837502
5615 0.0650596509023608
5647 0.05004800153036687
5685 0.09051646526534804
5758 0.08504187515491145
5970 0.03449790107267062
5981 0.06003911365664219
6072 0.09332598724894745
6109 0.018004927268452202
6116 0.3635452043571317
6210 0.03248335455727081
6278 0.02333088457837502
6294 0.036177634406903365
6301 0.06283770328475448
6372 0.09088630108928293
6384 0.07090407683673228
6412 0.038079254888165805
6429 0.03365800557735608
6446 0.1951709100290765
6519 0.05636167687546997
6681 0.08210185848755158
6695 0.05544641727802628
6880 0.08469933651929756
6918 0.06283770328475448
7020 0.06013155455563243
7024 0.06390590507508795
7099 0.08240828781259052
7201 0.026812701057033064
7205 0.08504187515491145
7242 0.06421843801223248
7475 0.04186100695719232
7487 0.06283770328475448
7491 0.021522860228145712
7526 0.08504187515491145
7598 0.05599207878945506
7671 0.023464349679305233
7718 0.06077459063985002
7732 0.04448901319894595
7758 0.056993277350383
7865 0.020504969581098095
8044 0.05137948238290347
8115 0.09919197341580283
8279 0.04882918052295705
8344 0.028462556745627483
8401 0.03299364246231024
8442 0.05769654501783912
8669 0.0997671742062388
8673 0.0897188326215825
8737 0.03735839828879252
8795 0.0494492777101775
8870 0.20028444702045772
8897 0.113986554700766
8996 0.03167107612129362
8997 0.02277200478363965
9052 0.07767876927038977
9268 0.45443150544641464
9338 0.06091296471045696
9437 0.05391479294881262
9497 0.011768050573032849
9531 0.03299364246231024
9562 0.07282881541102981
9584 0.04138837025662815
9600 0.09926034293172264
9652 0.021406146004077496
9765 0.026680769371923072
9842 0.055068538776085474
9906 0.0317502748255835
10003 0.03393256869626197
10242 0.0310526808948342
10374 0.047002165224107675
10460 0.028274134089767103
10493 0.23072201323141686
10506 0.04070726112991945
10645 0.035237249179284974
10797 0.035699774249888655
10856 0.043649117703631404
10862 0.09088630108928293
11000 0.05259983340934334
11003 0.021464384983983145
11259 0.03554394432225667
11317 0.0310526808948342
11482 0.07483749557804062
11573 0.08089518896300761
11586 0.05769654501783912
11615 0.07090407683673228
12078 0.06326327871640908
12081 0.05843589312445346
12175 0.026349395515469574
12378 0.04014933030308179
12406 0.06870895146186237
12614 0.033255724735412925
12620 0.07767876927038977
12632 0.0650596509023608
12725 0.0409307404579063
12733 0.027019940971557025
12735 0.022618130811256
12807 0.06939892746855521
12834 0.011947854915980249
12877 0.03952032522271125
12940 0.04569088637616399
12963 0.04478021760650135
13022 0.031990515852113745
13079 0.04133940852926096
13122 0.04186100695719232
13464 0.03554394432225667
13480 0.06599821117751525
13600 0.047002165224107675
13666 0.0827767405132563
13676 0.028088142761890485
13761 0.03449790107267062
13783 0.06091296471045696
13827 0.03449790107267062
13973 0.06256296276010556
14060 0.03554394432225667
14062 0.017822467516709267
14163 0.011649415105653888
14171 0.030827455563826916
