1045 0.11699449421762784
1085 0.235248447334658
1319 0.04873131050462392
1397 0.07925343207476064
1830 0.11576275191148233
2204 0.12172011553883265
2485 0.10417338252262691
2558 0.06408943887289828
2659 0.07825036090174908
3010 0.12270738557819863
3092 0.05549379520129774
3302 0.19265633605936283
3633 0.03659253969570492
3865 0.15075544553162093
4161 0.16557803512240635
4404 0.17977288216202456
4535 0.09364928442109059
5533 0.17442686106014646
5844 0.10281511580347527
6618 0.27113256708399525
6862 0.11340290398460223
7006 0.09898619694697543
7167 0.13859479942323172
7519 0.21803901187014996
7693 0.06720639453200672
8035 0.22567394935801957
8202 0.18109184546074494
8411 0.06955520933558271
8673 0.06516324691958539
8793 0.20599197432739602
8875 0.11009516795333621
9310 0.14926872315600007
9528 0.11699449421762784
9533 0.12092326898168954
9784 0.11516020598708407
10005 0.13184149911507123
10068 0.08054203280003985
10445 0.09155503708389219
10460 0.08214259268842737
10516 0.050227048763164715
11000 0.016979345768841993
11315 0.2470653951817459
11568 0.22567394935801957
11876 0.0912159565328082
12064 0.027266461999073607
12175 0.07655080281297912
12552 0.14074276866549976
13480 0.06391311768921097
13660 0.19478143886486926
13816 0.22125726037986515
13875 0.117624223667329
13918 0.09054592273037247
14170 0.06338856528653301
