10 0.029628364017683314
11 0.023749752540580083
49 0.03389592365751366
194 0.021072747260785698
249 0.03371445371291851
322 0.02937430149888138
324 0.04024456466913696
326 0.02817851966233478
337 0.025349883540993424
338 0.03749004792955856
390 0.0744925025520687
398 0.04468209224420285
527 0.03566506458705669
528 0.05026481265488402
556 0.02937430149888138
700 0.045610821447959436
703 0.03267946054100164
863 0.0711971523585068
906 0.054468012014656626
971 0.026092734886379636
976 0.05106270697117716
994 0.025171102139108774
995 0.029500664160358996
997 0.030153121645580074
1012 0.1123915599955464
1045 0.03371445371291851
1133 0.044815069059809434
1194 0.03445730505830472
1225 0.054468012014656626
1255 0.025349883540993424
1319 0.04212889307393891
1352 0.0711971523585068
1402 0.06853452276821652
1412 0.05026481265488402
1458 0.020884678146669933
1461 0.020699495117766652
1479 0.03724625127603435
1489 0.034650389560010326
1492 0.03284591178557957
1493 0.03851769181750516
1519 0.06437374109290336
1550 0.025082694975159872
1567 0.021721695214527572
1653 0.04603743094337814
1689 0.05261436312077429
1718 0.02269316973251511
1780 0.0677255420718086
1830 0.033359500950017225
1862 0.04121048195750466
1871 0.04538633946503022
1882 0.03878888354274055
1942 0.023828884128433415
1976 0.042631831556033346
2058 0.03609609340274105
2064 0.06084862674163094
2114 0.11092609292326387
2126 0.03935026494353161
2176 0.10753732664383683
2182 0.02119977500115275
2202 0.05350209472628892
2204 0.0876906052012905
2209 0.10636556794833198
2261 0.07609011224373369
2352 0.025997338943694714
2357 0.04055802447228358
2359 0.03566506458705669
2371 0.029887890663319025
2384 0.026987034611984984
2485 0.030019777483238825
2558 0.03693747188389803
2564 0.03724625127603435
2597 0.02320990107218368
2609 0.029125477757633477
2682 0.0650327519318091
2693 0.02544027740115856
2730 0.024735404132456427
2848 0.020699495117766652
2940 0.025715594070514176
2951 0.03609609340274105
2965 0.021263793845758234
2995 0.050419595901551074
3010 0.03536074495620229
3027 0.04424322482875849
3035 0.04121048195750466
3044 0.02806520874619005
3078 0.03566506458705669
3092 0.09595030956865828
3102 0.04610344184273154
3214 0.03773887167080646
3219 0.045610821447959436
3220 0.050165389950319744
3225 0.03677295438243876
3227 0.033359500950017225
3236 0.02688433166095921
3257 0.03371445371291851
3281 0.05106270697117716
3307 0.04024456466913696
3314 0.04771483511545669
3321 0.018778176586388647
3353 0.03187999449721187
3432 0.03547549475402371
3512 0.025349883540993424
3633 0.010544919178111994
3648 0.02359302924808574
3721 0.04567712669117816
3722 0.036317522072277765
3734 0.019871006447323685
3751 0.03157447124410876
3758 0.02219765925895869
3790 0.04734227294323106
3847 0.030287955717659156
3865 0.043443390429055144
3915 0.06764852111075724
3919 0.042631831556033346
3928 0.028642712425806967
3940 0.029125477757633477
3948 0.0711971523585068
3956 0.02276564757144295
3967 0.0677255420718086
3984 0.030456918152321318
4025 0.06637172903366782
4109 0.04468209224420285
4161 0.04771483511545669
4191 0.04226049382943875
4333 0.26751047363144465
4383 0.021721695214527572
4384 0.02119977500115275
4404 0.025902691212183183
4452 0.021392859502858352
4478 0.045610821447959436
4532 0.042631831556033346
4535 0.16192220767190987
4660 0.030287955717659156
4684 0.05666818175988402
4723 0.09122164289591887
4762 0.03773887167080646
4773 0.04610344184273154
4808 0.021263793845758234
4817 0.026782495411833918
4827 0.09601753899306009
4845 0.05177522187465713
4858 0.04957505212942973
4885 0.038252460835244105
4886 0.0650327519318091
4906 0.05026481265488402
4922 0.01970063857426497
4970 0.02688433166095921
4991 0.10395116868003099
5161 0.03284591178557957
5201 0.0628325821865817
5223 0.039065284977770606
5247 0.01322451355528081
5260 0.021009731326956296
5374 0.03408016424243925
5383 0.043819759488035744
5390 0.09766321244442652
5435 0.05260779500068358
5533 0.05026481265488402
5541 0.07609011224373369
5548 0.03187999449721187
5551 0.03840701559722404
5582 0.1028017841523248
5663 0.02033744224498564
5689 0.013833089087033604
5793 0.02829290463160703
5798 0.020947042750103492
5830 0.09323406201433837
5844 0.029628364017683314
5962 0.024314890369076556
5970 0.028881681104109266
6044 0.02021913223944324
6097 0.04341065170273204
6154 0.024994930778092138
6230 0.024650120923042616
6235 0.025082694975159872
6245 0.014958997585913701
6254 0.05936097189988351
6294 0.030287955717659156
6297 0.04341065170273204
6304 0.03318586451683391
6417 0.03187999449721187
6443 0.08111604894456716
6569 0.04957505212942973
6606 0.015867947700481506
6695 0.11604950536091842
6723 0.029887890663319025
6729 0.04468209224420285
6764 0.060972365172608664
6813 0.13165379338386998
6821 0.024994930778092138
6831 0.045610821447959436
6851 0.03353567231103386
6862 0.03267946054100164
6978 0.05551802388659072
7026 0.042631831556033346
7046 0.04055802447228358
7167 0.03993904141603385
7201 0.02244762311300504
7245 0.024565436197220878
7342 0.06084862674163094
7381 0.04715345371466563
7418 0.02320990107218368
7422 0.020884678146669933
7484 0.05350209472628892
7491 0.018018962494215852
7551 0.04341065170273204
7572 0.038252460835244105
7663 0.05350209472628892
7714 0.03157447124410876
7751 0.07263504414455553
7941 0.03504608153080697
7959 0.03993904141603385
7963 0.04957505212942973
8015 0.04190024248295894
8087 0.05951485934956687
8115 0.020760907585708397
8202 0.026092734886379636
8204 0.04513752455436384
8244 0.025715594070514176
8247 0.04024456466913696
8250 0.09822500376318807
8293 0.02233716975965905
8294 0.04121048195750466
8344 0.023828884128433415
8345 0.03654308983425986
8389 0.045610821447959436
8411 0.02004381403858859
8479 0.05936097189988351
8532 0.0628325821865817
8673 0.09389088293194324
8688 0.02178855147365499
8706 0.019871006447323685
8739 0.034650389560010326
8744 0.014159824375667334
8870 0.03353567231103386
8897 0.04771483511545669
8931 0.024314890369076556
8974 0.05666818175988402
8997 0.0571942431115056
9094 0.016940369094001664
9099 0.046119984030251596
9126 0.05106270697117716
9134 0.05418123828837115
9150 0.03084288217103436
9204 0.022059743198890387
9242 0.04513752455436384
9269 0.05026481265488402
9316 0.054468012014656626
9317 0.0759858683792168
9402 0.031130217743368035
9489 0.03878888354274055
9496 0.05218546977275927
9497 0.01970445002734501
9645 0.019532642488885303
9654 0.05218546977275927
9676 0.06671900190003445
9719 0.03951432207563146
9725 0.018830530351394443
9765 0.11168584879829527
9902 0.008353554631309707
9911 0.08242096391500932
9918 0.03524890183288429
9932 0.02688433166095921
9949 0.03524890183288429
10040 0.025623122170466816
10048 0.058005927544573545
10068 0.02320990107218368
10156 0.01970063857426497
10162 0.032035706643540614
10259 0.04771483511545669
10386 0.025623122170466816
10396 0.064386908600717
10445 0.0791505979984228
10451 0.027300494415131608
10460 0.02367113647161553
10489 0.034650389560010326
10516 0.057895972694656
10614 0.04411948639778077
10806 0.03284591178557957
10866 0.04190024248295894
10888 0.04771483511545669
10930 0.019532642488885303
10999 0.04428518125925833
11000 0.0831803180488571
11003 0.05391002086451646
11020 0.04024456466913696
11048 0.04771483511545669
11097 0.021072747260785698
11098 0.030153121645580074
11200 0.058498496637190034
11203 0.05026481265488402
11213 0.02448134161365449
11223 0.0650327519318091
11246 0.046723391654351805
11255 0.030070749148910107
11262 0.025349883540993424
11327 0.046617031007169185
11359 0.020278142253881883
11369 0.04190024248295894
11371 0.025623122170466816
11438 0.04190024248295894
11482 0.10442339073334969
11600 0.03773887167080646
11634 0.031424562187050885
11705 0.04424322482875849
11733 0.059957808345421845
11769 0.057939622301354826
11776 0.05260779500068358
11815 0.08737643327290044
11875 0.029628364017683314
11905 0.026581365357522674
11957 0.021457913697634456
11959 0.043819759488035744
12011 0.04715345371466563
12023 0.024069440743300436
12064 0.06285929108922526
12081 0.048922594644208665
12175 0.022059743198890387
12211 0.05026481265488402
12238 0.045610821447959436
12335 0.07714678221154252
12378 0.03361306393436738
12393 0.05260779500068358
12413 0.049130872394441756
12513 0.051617560092714496
12552 0.04055802447228358
12582 0.053363022717763754
12657 0.05350209472628892
12665 0.046617031007169185
12666 0.057049959102841344
12667 0.020278142253881883
12807 0.05810085917667267
12831 0.0628325821865817
12834 0.020005514818689937
12847 0.03587865465683341
12865 0.029917995171827402
12877 0.016543230091138277
12881 0.03172626599910098
12903 0.019532642488885303
12915 0.03935026494353161
12945 0.048922594644208665
13008 0.041550434688759
13051 0.03353567231103386
13079 0.0173046993737318
13269 0.0628325821865817
13316 0.0628325821865817
13336 0.06449611836916574
13480 0.09208962619954421
13596 0.03566506458705669
13660 0.02806520874619005
13666 0.034650389560010326
13816 0.0956399834916356
13822 0.0396278989808194
13824 0.03587865465683341
13832 0.054600988830263215
13874 0.012867171798665901
13902 0.054468012014656626
13918 0.026092734886379636
13919 0.05397406922396997
13982 0.02448134161365449
13993 0.0775777670854811
14062 0.029841979210365622
14072 0.054204352337126685
14083 0.03484661378435786
14163 0.009752903268582613
14170 0.23746793590111226
14171 0.1548526802781435
14246 0.043819759488035744
