68 0.0635644575768047
79 0.036082351201732574
716 0.12291217654243933
917 0.045518176821019496
920 0.04786018316203832
1099 0.043427609999477174
1230 0.04982205528019878
1519 0.034662044763290205
1672 0.0676835642552307
1848 0.13207052734965008
1942 0.03849199227649373
2182 0.03424506037335053
2603 0.11500833290896369
2678 0.08642461836990523
2693 0.12328487007103912
3110 0.23122850253992286
3147 0.04765390317446762
3188 0.0688653367964277
3215 0.0688653367964277
3236 0.043427609999477174
3281 0.08248415291952794
3393 0.10940046660593643
3442 0.055660613943329065
3481 0.04959406113823547
3512 0.12284681685605449
3648 0.03811100405296701
3783 0.09849172108328616
3865 0.03508814428419963
3882 0.12274378619708247
3916 0.07146830121028035
3928 0.046268010685252166
3956 0.03677449291231124
4150 0.1083437086374556
4202 0.06500906479992667
4384 0.03424506037335053
4762 0.06096149316295206
4788 0.07530282944890017
4817 0.04326310879607754
4827 0.09306116936257355
5185 0.06551541214949953
5223 0.03155205756884577
5260 0.10181421986983874
5331 0.0915389576309045
5390 0.06310411513769154
5661 0.05226189508589402
5689 0.02234528295275038
6032 0.06826549633276979
6044 0.032660978911278164
6066 0.08798491303595787
6210 0.04392961053736532
6497 0.07146830121028035
6518 0.0915389576309045
6629 0.047247778549109276
6720 0.042304229744337715
6723 0.09655881915178871
6724 0.08498001114678325
6768 0.09359277933898516
6813 0.0531667447244852
7099 0.022289348116898245
7201 0.01813038602299498
7224 0.45769478815452247
7316 0.3477395476426646
7418 0.03749211788489286
7580 0.04469056590550076
7674 0.11010279891674075
7876 0.08498001114678325
7903 0.08642461836990523
8074 0.04665402878286674
8157 0.06826549633276979
8293 0.07216470240346515
8433 0.027878605084937655
8669 0.044974143085770614
8688 0.03519614055444449
8744 0.011436537430100119
8923 0.06055955568763008
8997 0.06159248728677847
9099 0.03724996226252516
9602 0.06096149316295206
9611 0.07367744865587256
9783 0.029833475936283403
9932 0.08685521999895435
10180 0.06221956042745031
10316 0.03654103770379889
10382 0.0500527476403018
10386 0.04139031502144056
10516 0.02338056748473204
10567 0.019533385382039622
10588 0.060165738719369644
10655 0.07291290843340231
10924 0.03343693317345345
10949 0.0833804350095197
10950 0.15194257970768346
10999 0.011922679256309797
11000 0.04742306180085381
11003 0.058055707953930884
11200 0.14174333564732783
11232 0.03713000325675952
11325 0.03981857728084778
11386 0.0635644575768047
11482 0.03373606861260637
12288 0.27676813429962394
12290 0.10940046660593643
12296 0.0915389576309045
12359 0.07291290843340231
12834 0.01615795598605984
12877 0.026723109712742447
12919 0.05505139945837038
12963 0.12111911137526016
13022 0.04326310879607754
13591 0.07902712208600245
13596 0.11522313703204783
13787 0.033938073289946254
13832 0.044099858579521006
13874 0.04156997657339545
14062 0.024102623251040955
14072 0.029186336776095247
