976 0.0747754257583583
1027 0.07934215401887885
1830 0.09770225805035852
1943 0.12485876854356354
1959 0.08423608561044939
1967 0.12485876854356354
2098 0.18402209217583027
2333 0.1625994436889457
2384 0.0790387788961439
2558 0.054090653441363976
2565 0.06887123578482854
2575 0.07372033293579193
2927 0.0570440927344094
2934 0.10148297204475507
2965 0.06227673119453017
2995 0.04922244267531625
3039 0.12485876854356354
3204 0.1090856502629343
3227 0.09770225805035852
3443 0.0617171999601573
3691 0.1295781665222171
3786 0.07170018398476721
3832 0.09428717726619427
4104 0.15163764277503997
4489 0.13763258798840539
4881 0.0638136248444526
5247 0.038731539716508945
5260 0.061532640873451845
6315 0.04647354657028336
6737 0.09428717726619427
6775 0.0570440927344094
6916 0.13219736345494024
7284 0.16640316586797768
7865 0.10055507099576524
7941 0.10264186225408861
8011 0.09927331601883398
8268 0.2959246718230719
8411 0.05870369267351316
8517 0.20936786101715574
8691 0.07934215401887885
8744 0.02073542432742077
8974 0.16596798992420028
9102 0.09428717726619427
9105 0.062465227560222714
9134 0.07934215401887885
9201 0.13810155342847
9827 0.08607897937289319
9902 0.048931256582575904
9905 0.05656103758669293
10040 0.07504419499877198
10041 0.16596798992420028
10371 0.1105284213944032
10516 0.042390976357568014
10936 0.11524781937305681
11000 0.014330347149160311
11138 0.09203527020739798
11232 0.06731988396952097
11338 0.2685290913905826
11339 0.09571057707090198
11392 0.22285032958546624
11553 0.1295781665222171
11714 0.07614018932433055
11957 0.06284526331643225
12047 0.17857394704316848
12178 0.17857394704316848
12215 0.06440763857148951
12354 0.059738195349973704
12387 0.082528362868843
12639 0.14328295778714562
12865 0.04381144203875976
13030 0.12598086230523073
13628 0.10148297204475507
13709 0.08494296886967367
13764 0.12485876854356354
13874 0.03768496840930417
13948 0.06625203885210544
13997 0.08991829110048724
14062 0.04370012545920701
14065 0.07219449952216411
14212 0.07531502379367425
