11 0.09177942558813858
49 0.04366288866589901
194 0.08143430698295998
322 0.037838380477349914
337 0.03265434374727676
390 0.04797859881676632
483 0.035864204681415414
513 0.10289460977024933
556 0.07567676095469983
700 0.0587533840046574
994 0.09727214175391755
1002 0.034369674408991566
1008 0.04231032037699895
1012 0.02895534118294751
1024 0.04961639949653167
1133 0.02886416948958527
1274 0.05144730488512467
1319 0.018089384301694204
1492 0.04231032037699895
1521 0.06474840281497905
1620 0.03463093651113297
1624 0.07646558132926515
1653 0.03953527946418519
1721 0.06301943044185147
1779 0.05352301421745852
1962 0.06385989075278108
1963 0.020493192119540714
2114 0.2143334561873498
2176 0.03463093651113297
2182 0.054616798466399386
2204 0.022591655389809805
2558 0.023790422983633725
2674 0.060049528532307696
2682 0.08377166044879787
2693 0.03277078421051211
2763 0.03973012637083857
2776 0.031427958779441004
2793 0.02690250857167738
2848 0.026663965847321627
2949 0.30413324998544894
2969 0.09188359993143674
3035 0.10617021112978003
3092 0.06179898985030605
3130 0.02205454797755204
3185 0.05068887499757483
3214 0.04861316566524098
3215 0.21966404381393204
3236 0.03463093651113297
3321 0.024189027622450725
3490 0.09595719763353264
3648 0.06078251885147358
3678 0.07646558132926515
3721 0.0882581922289488
3734 0.02559675172021843
3819 0.06569079614137409
3914 0.04390021738508743
3928 0.07379197430190977
3956 0.05865094253589788
4117 0.06891849382922792
4150 0.04319883243919692
4161 0.061463660185465896
4219 0.051638706155327285
4241 0.04767077233884595
4452 0.0275571202058531
4702 0.08828245153118389
4747 0.03300631491580029
4762 0.14583949699572293
4808 0.02739086483327515
4817 0.17249878291819848
4827 0.2226322457915052
4845 0.13338805994532954
4885 0.04927474334441664
4917 0.05540953586987726
4922 0.07613187922594672
4991 0.17853900272794482
5161 0.04231032037699895
5197 0.04961639949653167
5247 0.017035100410869086
5280 0.05032309978839882
5374 0.04390021738508743
5390 0.10064355855415164
5582 0.04414122576559194
6032 0.05443767385379008
6054 0.0464970278857827
6154 0.06439422573656707
6158 0.052659195931950266
6160 0.08724036651715622
6235 0.03231016594227968
6245 0.019269368575015024
6278 0.05032177927707582
6315 0.02044022876623547
6417 0.12319823449561124
6601 0.04861316566524098
6645 0.05308510556489002
6693 0.03816565002116622
6695 0.029897734509342532
6720 0.03373510756051692
6775 0.025089419493524348
6789 0.06848134353381602
6880 0.04567145003569041
7188 0.07463467594067216
7201 0.028915809425949564
7245 0.03164386126621274
7651 0.04797859881676632
7751 0.09356452055329596
8087 0.03833190539374417
8250 0.042176039090066245
8344 0.15347537439089134
8532 0.3237500849156567
8669 0.035864204681415414
8673 0.16932319335715507
8683 0.04366288866589901
8897 0.1843909805563977
8996 0.0170776304761331
8997 0.06139543244542093
9130 0.07646558132926515
9204 0.056832327156717814
9477 0.07646558132926515
9645 0.02516088963853791
9765 0.02877352941261669
9906 0.03424067176690801
9911 0.10617021112978003
10079 0.033488360647064494
10316 0.05827860924358538
10324 0.04540572169902404
10386 0.09901894474740087
10499 0.030491872910692754
10516 0.018644612221758537
11000 0.11345121518835656
11003 0.04629597475628207
11098 0.0388416143086406
11365 0.024055020506699245
11371 0.06601262983160058
11482 0.08070752571503215
11656 0.06222209007301574
11733 0.0257447978788363
11875 0.07633130004233243
11957 0.027640919487809796
11959 0.05644623522358148
12041 0.03373510756051692
12081 0.06301943044185147
12217 0.05699172028581686
12523 0.030191965296498
12582 0.034369674408991566
12667 0.07836360588919146
12807 0.04989491502000113
12865 0.019269368575015024
12881 0.04086805345976682
12915 0.05068887499757483
12947 0.06074051914203211
12992 0.04678226027664798
12999 0.04252773272042353
13051 0.04319883243919692
13155 0.059387950853132046
13480 0.07117491418724589
13585 0.0587533840046574
13628 0.044634750681986204
13754 0.020022895535806915
13786 0.04206598779527699
13816 0.04106607816520374
13965 0.08639766487839384
