194 0.05303210915362463
483 0.07006706956212223
556 0.07392397128489428
1133 0.05639126224727536
1274 0.10051141304236712
1653 0.03861958185023498
1716 0.13707531926402025
1871 0.057110097672741715
1942 0.05996825987942101
2114 0.06978972170893277
2176 0.06765766198028593
2182 0.10670357955515067
2384 0.06791612633909945
2558 0.04647880071268847
2617 0.08308545061325077
3092 0.040245087073817035
3202 0.14938904274328071
3308 0.0956137995713173
3512 0.06379603828302693
3721 0.057475998229672295
3742 0.0949744206112696
3825 0.19148994139603137
3915 0.056748553178335416
3928 0.0720828391772132
4150 0.08439656265647369
4180 0.09831507947205376
4249 0.11478513132057946
4262 0.06897255907727476
4452 0.053837710205681066
4747 0.06448367623757997
4762 0.0949744206112696
4817 0.06740137878130038
4827 0.096655885358016
4845 0.13029858821585727
4885 0.096266929665334
4887 0.07006706956212223
4960 0.14938904274328071
4991 0.17440376602263374
5049 0.08062171820829776
5181 0.10287905663111911
5197 0.09693441541022146
5211 0.096266929665334
5390 0.04915624980976825
5582 0.17247538952830951
5661 0.08142095851494367
5963 0.10287905663111911
6143 0.15812576859039554
6154 0.06290275685969819
6235 0.1262472520861197
6294 0.07622329228273395
6417 0.08022984981835993
6519 0.05937470263677858
6618 0.09831507947205376
6813 0.04141533051444318
7025 0.06765766198028593
7201 0.05649214999999598
7491 0.045346891603762075
7580 0.03481263649759293
7718 0.06402352533062304
7865 0.04320227995145994
8115 0.05224732701380818
8250 0.04119917743930618
8344 0.11993651975884202
8387 0.19148994139603137
8411 0.050442674644869775
8463 0.06268348241358852
8673 0.09451509080532396
9094 0.04263248126966285
9130 0.14938904274328071
9242 0.11359402262399573
9600 0.10456667849356915
9765 0.05621418081930312
9911 0.10371114645838445
10068 0.058410514389616475
10079 0.06542543786549403
10259 0.12008013538884695
10386 0.06448367623757997
10499 0.05957126888192245
10516 0.03642554890329698
10567 0.03043186547739113
10614 0.055516003430720426
10992 0.0902929602153568
10999 0.03714966598587794
11003 0.09044737817302267
11200 0.07360925987945284
11223 0.16366276102149308
11371 0.06448367623757997
11482 0.15767643165923254
11486 0.13239385886810742
11537 0.12008013538884695
11733 0.050297017872361995
11875 0.07456335024494198
11890 0.12156186236874245
12010 0.09761690208347107
12175 0.055516003430720426
12387 0.07091464212174005
12406 0.07238204730044975
12407 0.07488815953205638
12536 0.17917621791677088
12667 0.05103238985083788
12695 0.06765766198028593
12733 0.05692878740972099
12892 0.09902968606247163
12945 0.12311960785854698
12992 0.09139742297912395
13480 0.04635092945492507
13614 0.07120250568793335
13674 0.10206915853217165
13797 0.14938904274328071
13965 0.08439656265647369
14062 0.07510093863220849
14090 0.07238204730044975
14170 0.045970514724882235
14178 0.16879312531294738
