175 0.02386658871081572
232 0.05528881115360858
234 0.05528881115360858
284 0.0365235594034265
326 0.04095031026392993
328 0.04952684939794825
406 0.026228244809712725
421 0.022833803671879444
451 0.028184887547337185
472 0.030445671922655185
916 0.030707438768254703
945 0.30193125334446164
950 0.05528881115360858
961 0.057185600156255637
968 0.01766775395902089
976 0.03710332761342414
997 0.02190994597319126
1012 0.04899976267046429
1013 0.045655587412983464
1072 0.03705514871129464
1093 0.03957769993221215
1216 0.05528881115360858
1240 0.023745641439792207
1249 0.044414426043287866
1264 0.05173347489375478
1267 0.04921092367283726
1309 0.05528881115360858
1319 0.010203938219175559
1433 0.04430391129952425
1489 0.050355526842849496
1493 0.027987833453962576
1550 0.01822565829924096
1566 0.08060142931576562
1653 0.04460246323503704
1655 0.01991441830209672
1689 0.025487197576418732
1718 0.016489374753434427
1901 0.02327787517402417
1940 0.017030814507716794
2004 0.047254280935212806
2093 0.04034066250887982
2114 0.020150357328941406
2204 0.06371799394104684
2357 0.2062926999029805
2359 0.4405558404897238
2360 0.1476327710185118
2394 0.045655587412983464
2558 0.013419804802881928
2565 0.017086843695973467
2571 0.0342627750281085
2609 0.04232647296779458
2648 0.015687120678038312
2816 0.028804100377930374
2926 0.0292426186575161
2951 0.026228244809712725
3092 0.02323989451208761
3130 0.012440624913569188
3184 0.02055826985973205
3228 0.04034066250887982
3302 0.04034066250887982
3332 0.03256365139989375
3376 0.03019149360035716
3432 0.0343697382344634
3481 0.02230858453365406
3630 0.045655587412983464
3633 0.015324357603815023
3691 0.06429627267596323
3722 0.026389139931733238
3745 0.0817233718940058
3789 0.019242456937892106
3867 0.03019149360035716
3915 0.016384986161902534
3956 0.016542038804401617
3991 0.020311252450961922
4030 0.020812448182030072
4136 0.043133036192065946
4144 0.0292426186575161
4188 0.02152864511116515
4190 0.05636977509467437
4264 0.042100251153129674
4289 0.03349981245144083
4304 0.02672006743659858
4383 0.031566958419125275
4404 0.018821486268980683
4405 0.028804100377930374
4414 0.031840436762269046
4535 0.07843757966756396
4563 0.04430391129952425
4577 0.012309258589480121
4619 0.04117639345444148
4734 0.02230858453365406
4747 0.018618345026366414
4759 0.047254280935212806
4784 0.02386658871081572
4817 0.01946077206857086
4818 0.042100251153129674
4827 0.027907413587808124
4851 0.04430391129952425
4858 0.18011181836179177
4922 0.014314933354927917
4934 0.04921092367283726
5049 0.02327787517402417
5074 0.05528881115360858
5247 0.03843693278906798
5260 0.030532300018253775
5299 0.027795110572396257
5358 0.019837161959800672
5359 0.03387299805316757
5374 0.024763424698974124
5383 0.031840436762269046
5390 0.02838572713468083
5528 0.020475155131964965
5578 0.05528881115360858
5644 0.0297042272417617
5689 0.0301543141803039
5798 0.10654419341491907
5847 0.027421924970669514
5936 0.3104008493625287
5962 0.01766775395902089
6067 0.02230858453365406
6097 0.03154316971381638
6142 0.047254280935212806
6151 0.026389139931733238
6152 0.04430391129952425
6237 0.03387299805316757
6248 0.04921092367283726
6297 0.03154316971381638
6522 0.05173347489375478
6528 0.019029445536878617
6551 0.05173347489375478
6606 0.011530012743272174
6618 0.028386472014425377
6632 0.024239774312542456
6636 0.02294273101212754
6677 0.027606532591936465
6699 0.04921092367283726
6712 0.03125565090219606
6720 0.019029445536878617
6753 0.05173347489375478
6789 0.01931462638337974
6813 0.023915662316086418
6831 0.06628372647209142
6851 0.04873556888376774
6862 0.023745641439792207
6911 0.026070248857210303
6923 0.028386472014425377
6992 0.034670687558899134
7067 0.04117639345444148
7099 0.010026277244766872
7195 0.12390904492209327
7196 0.04430391129952425
7201 0.008155477489419293
7245 0.017849806272641135
7338 0.027606532591936465
7372 0.05528881115360858
7418 0.016864843531356224
7442 0.01946077206857086
7468 0.011323684679569733
7486 0.01946077206857086
7540 0.02143585548203001
7604 0.09005965038942601
7668 0.09740108223751366
7718 0.018485485846341455
7862 0.01495215345782765
7891 0.0147776494274134
7901 0.06429627267596323
8042 0.029020618492898855
8202 0.03791915267500542
8475 0.03762105719458769
8499 0.02947038570042578
8539 0.05528881115360858
8570 0.09842184734567452
8585 0.12806328045408583
8758 0.02561265609081716
8856 0.11057762230721715
8875 0.046106057087014075
8974 0.08235278690888297
8996 0.019266447481250226
8997 0.006926440271977282
9094 0.012309258589480121
9099 0.01675591619110813
9162 0.045655587412983464
9174 0.027606532591936465
9195 0.05528881115360858
9318 0.047254280935212806
9372 0.0272411239646686
9383 0.015497523277926428
9386 0.030977261230523318
9406 0.04034066250887982
9408 0.04117639345444148
9409 0.017973308851311348
9487 0.043133036192065946
9489 0.028184887547337185
9497 0.007158851421837106
9652 0.013021988459882112
9719 0.07178001933103906
9722 0.02143585548203001
9765 0.03246139410576549
9813 0.02689033566280139
9890 0.018753248273800267
9944 0.017849806272641135
9981 0.03314186323604571
10031 0.025177763421424748
10056 0.043133036192065946
10180 0.027987833453962576
10335 0.02089883841903494
10362 0.03557740246008881
10432 0.02546528223304506
10460 0.03439997538650571
10496 0.028592800078127818
10499 0.03439997538650571
10516 0.010517133588316296
10544 0.05528881115360858
10567 0.017573159730115927
10573 0.04430391129952425
10583 0.023164731176744783
10627 0.03762105719458769
10785 0.025177763421424748
10806 0.02386658871081572
10836 0.02546528223304506
10856 0.026553042612736284
10887 0.024763424698974124
10924 0.015040725303115754
10997 0.05173347489375478
11000 0.04266403511824556
11048 0.034670687558899134
11200 0.021253170996668916
11262 0.01841980360568308
11325 0.01791134012606161
11326 0.0213440374898982
11328 0.025915049440571988
11356 0.030901515260787663
11371 0.018618345026366414
11733 0.014522237055697022
11798 0.03019149360035716
11866 0.02689033566280139
11910 0.019992361376438984
11922 0.030977261230523318
11959 0.031840436762269046
12064 0.011418748677716991
12124 0.05528881115360858
12264 0.0292426186575161
12327 0.0355482731811971
12378 0.024424018960682484
12413 0.03569961254528227
12472 0.030977261230523318
12558 0.02436778444188387
12580 0.042100251153129674
12587 0.03314186323604571
12610 0.023745641439792207
12648 0.019992361376438984
12665 0.06774599610633514
12666 0.041453801580084416
12667 0.04420368210377627
12768 0.02055826985973205
12770 0.027606532591936465
12797 0.03314186323604571
12807 0.014072469848170092
12810 0.046106057087014075
12834 0.007268231694140758
12924 0.03762105719458769
12942 0.07775168479628242
12999 0.023989227606832926
13022 0.01946077206857086
13024 0.18095941028138346
13273 0.04921092367283726
13336 0.01874574029924503
13338 0.024629551287483387
13540 0.03314186323604571
13546 0.047254280935212806
13681 0.03602236367235835
13740 0.05173347489375478
13775 0.023745641439792207
13787 0.015266150009126888
13858 0.02339249821965447
13919 0.01960939491689099
14060 0.02162242716157095
14072 0.013128706265501512
14163 0.035433409881747376
14170 0.17254961881272654
14171 0.20628573101180295
14174 0.05528881115360858
