10 0.0263220643356868
11 0.04219892221903859
194 0.01872118922249694
249 0.02995217755338506
301 0.04838979687272174
322 0.02609635325824763
324 0.03575357788065817
326 0.02503401156384157
338 0.03330644422219377
398 0.039695911188449166
483 0.049469609580809655
513 0.035482148694779794
528 0.044655642536774606
556 0.02609635325824763
700 0.08104200257835134
844 0.05147400190207683
906 0.04838979687272174
907 0.03521742215381014
939 0.060167887586349396
945 0.05273673971485803
968 0.021601533862214525
971 0.023180984477016265
976 0.045364497926630484
994 0.0223621989223005
995 0.026208614809477976
997 0.05357652602101444
1012 0.07987961458082003
1013 0.055820944744213105
1045 0.02995217755338506
1086 0.03330644422219377
1133 0.07962809760920357
1194 0.030612132348507633
1217 0.03421941088199859
1225 0.04838979687272174
1268 0.060167887586349396
1319 0.037427629592428575
1352 0.06325209261570448
1402 0.060886592200767836
1412 0.044655642536774606
1441 0.05777559230925391
1450 0.041891487548434275
1458 0.01855410718859334
1461 0.018389589174781968
1479 0.0330898534176843
1489 0.09235101027287683
1492 0.029180558287602715
1493 0.03421941088199859
1519 0.05719012205888035
1550 0.04456731464852513
1567 0.03859543905804095
1610 0.041891487548434275
1618 0.028460765866356454
1620 0.02388424508283202
1653 0.08180000883059826
1657 0.030277077574207605
1689 0.015581000357401181
1706 0.05273673971485803
1718 0.020160784892591897
1734 0.055820944744213105
1779 0.036913722755684726
1780 0.060167887586349396
1792 0.11164188948842621
1830 0.029636834814392072
1838 0.032068044399847416
1862 0.036611706159094086
1871 0.06048235467777569
1882 0.03446033967694291
1976 0.03787444397187529
2058 0.032068044399847416
2064 0.10811676722180615
2114 0.0739106895850681
2126 0.03495907519064392
2147 0.05147400190207683
2160 0.03446033967694291
2176 0.07165273524849605
2182 0.018834041634879978
2202 0.047531668594285835
2204 0.0779050017870059
2209 0.09449598097845895
2352 0.02309623399470083
2357 0.03603205795806484
2359 0.09505534534778566
2384 0.02397548716703052
2456 0.07444898933056647
2558 0.01640776572653993
2564 0.0330898534176843
2597 0.020619852951797055
2666 0.044655642536774606
2693 0.022601336275987025
2706 0.05273673971485803
2740 0.032465159435332944
2778 0.043463205829556206
2815 0.05147400190207683
2848 0.018389589174781968
2940 0.09138371881086493
2951 0.06413608879969483
2995 0.0447931531524274
3010 0.01570737761861324
3027 0.039306018032780214
3035 0.036611706159094086
3092 0.07103582173228526
3102 0.04095864900123037
3214 0.033527501129739
3219 0.04052100128917567
3220 0.022283657324262567
3225 0.09800811855390928
3236 0.02388424508283202
3257 0.02995217755338506
3281 0.022682248963315242
3307 0.03575357788065817
3314 0.042390223062135295
3321 0.016682675152728803
3338 0.045997501595626246
3432 0.03151669983190473
3496 0.034706807547279
3512 0.02252102968189369
3631 0.060167887586349396
3633 0.009368186540951801
3648 0.020960226942372078
3678 0.05273673971485803
3721 0.0405799073724395
3722 0.032264763316957795
3734 0.017653553527597
3751 0.028051000823288423
3758 0.01972056961252533
3847 0.02690805062746069
3865 0.03859543905804095
3915 0.06009946157771861
3919 0.03787444397187529
3928 0.025446403951655584
3940 0.0258752963507024
3948 0.06325209261570448
3951 0.05777559230925391
3984 0.01352907907088071
4025 0.0589651497683867
4109 0.039695911188449166
4161 0.08478044612427059
4191 0.037544544706297985
4279 0.047531668594285835
4287 0.04052100128917567
4333 0.19012667437714334
4404 0.0460242964577851
4459 0.03787444397187529
4477 0.029636834814392072
4532 0.03787444397187529
4535 0.11987743583515262
4549 0.05273673971485803
4660 0.02690805062746069
4684 0.05034444443776254
4723 0.04052100128917567
4762 0.033527501129739
4773 0.04095864900123037
4808 0.018890916464195433
4817 0.023793772983205428
4827 0.06824217056928851
4845 0.045997501595626246
4858 0.13212856209175636
4886 0.05777559230925391
4906 0.044655642536774606
4967 0.045997501595626246
4970 0.02388424508283202
4991 0.06156734018191789
4997 0.02995217755338506
5130 0.07263593007941004
5161 0.05836111657520543
5166 0.037224494665283235
5197 0.03421941088199859
5201 0.055820944744213105
5223 0.017352948408881127
5247 0.03524627580542482
5260 0.018665205386756263
5374 0.030277077574207605
5383 0.038929808197644356
5390 0.13882358727104901
5394 0.04932263541992564
5435 0.04673716590427158
5474 0.028886817168213647
5533 0.044655642536774606
5551 0.034121085284644255
5582 0.12177318440153567
5663 0.01806793864407517
5689 0.012289421741033956
5793 0.025135632042057064
5798 0.09304756188723887
5816 0.027917820474821508
5830 0.08282985105603946
5837 0.03495907519064392
5844 0.0526441286713736
5903 0.024734804790404828
5970 0.025658705546192928
6044 0.03592566226746382
6070 0.05273673971485803
6097 0.038566353724134875
6109 0.013391630006377974
6154 0.04441137388580141
6216 0.06759903545784078
6230 0.021899355240523367
6235 0.022283657324262567
6237 0.04141492552801973
6254 0.05273673971485803
6271 0.031315392954323396
6294 0.02690805062746069
6297 0.038566353724134875
6417 0.028322430009166805
6443 0.03603205795806484
6569 0.04404285403058545
6606 0.028194411274149483
6636 0.028051000823288423
6695 0.04123970590359411
6723 0.02655262978503699
6729 0.039695911188449166
6764 0.05416831377576295
6775 0.017303656918913456
6813 0.10234195398847427
6831 0.04052100128917567
6851 0.0893800403813756
6852 0.05777559230925391
6857 0.060167887586349396
6861 0.03521742215381014
6862 0.058065363467411785
6919 0.05416831377576295
6978 0.04932263541992564
6982 0.042913296566271165
6992 0.08478044612427059
7026 0.03787444397187529
7046 0.03603205795806484
7167 0.035482148694779794
7170 0.030612132348507633
7201 0.03988527880993474
7245 0.06547236205463804
7342 0.10811676722180615
7374 0.032264763316957795
7468 0.01384493799370982
7491 0.016008183568691117
7551 0.038566353724134875
7572 0.06796755531305672
7663 0.047531668594285835
7669 0.05273673971485803
7751 0.032264763316957795
7941 0.03113520585264351
7959 0.035482148694779794
7963 0.04404285403058545
7970 0.06325209261570448
8015 0.037224494665283235
8087 0.026436727248822654
8202 0.023180984477016265
8204 0.04010052072279447
8207 0.042913296566271165
8244 0.022845929702716233
8247 0.07150715576131635
8250 0.07271986811029572
8293 0.019844511804296264
8344 0.042339524430164206
8345 0.032465159435332944
8389 0.04052100128917567
8411 0.017807077108320357
8479 0.05273673971485803
8538 0.05273673971485803
8585 0.06263078590864679
8673 0.06673070061091521
8688 0.01935711513901585
8706 0.017653553527597
8739 0.030783670090958944
8870 0.029793346793791874
8931 0.021601533862214525
8997 0.05081180135067332
9051 0.05034444443776254
9094 0.01504995297399678
9099 0.040973345206660274
9126 0.06804674688994572
9134 0.024067512454661613
9150 0.02740105151669638
9316 0.04838979687272174
9317 0.06750642441435635
9477 0.10547347942971606
9489 0.03446033967694291
9496 0.023180984477016265
9497 0.017505583535072814
9645 0.017352948408881127
9654 0.023180984477016265
9676 0.059273669628784144
9719 0.03510482479677416
9725 0.01672918663645013
9765 0.09922255902148132
9902 0.02226408474383948
9911 0.036611706159094086
9918 0.031315392954323396
9921 0.039306018032780214
9932 0.02388424508283202
9949 0.031315392954323396
9959 0.037544544706297985
10003 0.02523822497981173
10040 0.02276377696215867
10043 0.055820944744213105
10048 0.07729936197801097
10068 0.020619852951797055
10156 0.01750219741111655
10162 0.05692153173271291
10228 0.039695911188449166
10259 0.042390223062135295
10361 0.02276377696215867
10396 0.028600910086573474
10445 0.07031799432054746
10489 0.030783670090958944
10614 0.05879413180188049
10749 0.033527501129739
10806 0.029180558287602715
10888 0.042390223062135295
10930 0.017352948408881127
10984 0.05777559230925391
10999 0.026228861630205193
11000 0.08259191400058949
11003 0.09578814656705946
11020 0.03575357788065817
11048 0.042390223062135295
11098 0.02678826301050722
11200 0.02598525506008471
11203 0.044655642536774606
11213 0.04349882083222269
11223 0.05777559230925391
11246 0.020754708568676214
11255 0.026715082656858805
11262 0.02252102968189369
11327 0.04141492552801973
11328 0.03168511511592855
11359 0.018015256080164216
11371 0.02276377696215867
11438 0.037224494665283235
11482 0.09277053594296669
11587 0.042913296566271165
11600 0.033527501129739
11634 0.027917820474821508
11658 0.09864527083985128
11705 0.039306018032780214
11733 0.017755657920149714
11769 0.05147400190207683
11776 0.04673716590427158
11815 0.07762588905210721
11875 0.0263220643356868
11905 0.02361508751051915
12017 0.05958669358758375
12064 0.0628252572789228
12173 0.02995217755338506
12175 0.01959804393396016
12211 0.044655642536774606
12231 0.027275659675787635
12238 0.04052100128917567
12335 0.0685377891081487
12378 0.029862102101618267
12413 0.06547236205463804
12552 0.03603205795806484
12558 0.029793346793791874
12561 0.047531668594285835
12582 0.023704057981152136
12587 0.04052100128917567
12611 0.019907024402300893
12665 0.04141492552801973
12666 0.07602542750708594
12667 0.018015256080164216
12807 0.06882299462745868
12810 0.028185856440167585
12831 0.055820944744213105
12834 0.008886525894777817
12847 0.03187487016128885
12903 0.017352948408881127
12945 0.043463205829556206
12982 0.039306018032780214
12999 0.029330503112014735
13051 0.029793346793791874
13079 0.015373626770389039
13184 0.04052100128917567
13316 0.055820944744213105
13336 0.08021838014892843
13464 0.026436727248822654
13480 0.06545050044685623
13503 0.037224494665283235
13519 0.05416831377576295
13596 0.0633702302318571
13660 0.024933345282607915
13754 0.013809379486212164
13784 0.05034444443776254
13787 0.018665205386756263
13806 0.02463689652835604
13816 0.08496729002750042
13822 0.0352057273847004
13832 0.04850793448887437
13836 0.04838979687272174
13874 0.011431293462598054
13902 0.04838979687272174
13918 0.023180984477016265
13919 0.07192646150109157
13965 0.029793346793791874
13970 0.043463205829556206
13993 0.03446033967694291
14062 0.026511841700427825
14072 0.0481555596063466
14074 0.04095864900123037
14083 0.030957997186927304
14170 0.17851165839166114
14171 0.1375723010019081
14226 0.060167887586349396
