305 0.07813511669141388
344 0.08316737283745695
390 0.05789816048360206
458 0.07927234957015372
508 0.11067379969808298
527 0.055440254049086084
535 0.05789816048360206
555 0.06406043605031043
619 0.11827975645800462
798 0.10527728749538766
885 0.11827975645800462
1059 0.097671330735466
1111 0.04955647815230137
1112 0.11579632096720412
1399 0.07604867977162469
1653 0.02385459362749818
1672 0.06513264772879691
1703 0.0598745759883431
1709 0.0804830017108817
1891 0.4043657097336813
2017 0.041475594823030794
2228 0.0804830017108817
2371 0.04645981356128144
2425 0.06988369948319126
3092 0.024858637811567705
3165 0.04979852792989036
3212 0.11067379969808298
3323 0.13891389650601152
3536 0.06029613524576042
3915 0.03505252025429231
3984 0.023672174710286487
4370 0.10109142743342032
4388 0.07246475148651536
4483 0.11827975645800462
4577 0.026333286568548046
4974 0.043452010327771816
4985 0.07743683015167006
5247 0.02055710257837098
5390 0.030362896419000755
5551 0.029851266591426003
5903 0.04327911880443891
6155 0.061168785494362034
6166 0.06304621080900771
6310 0.02668524056060483
6330 0.11827975645800462
6359 0.11827975645800462
6528 0.04070983145901775
6836 0.3082516200517096
7006 0.04434120984739979
7406 0.04931751189530643
7458 0.11067379969808298
7466 0.03386963806310914
7804 0.23655951291600924
8086 0.23440535007424163
8115 0.032272197013179696
8673 0.029190102207351763
8715 0.10653482328983953
8737 0.04861835280235167
8981 0.0426030601423249
8995 0.04011896064212657
9500 0.09054933195159331
9771 0.09227481853277067
9990 0.06406043605031043
10234 0.047293666283143444
10316 0.03516384756912809
10567 0.01879719431207252
10629 0.06748053274826472
11000 0.02281787027976492
11255 0.02337203074723911
11359 0.031521753043641326
11482 0.03246459457148934
11484 0.18955936035903523
11488 0.09006537397554439
11651 0.097671330735466
11663 0.08466886177284905
11866 0.05752669096887527
11910 0.04276980432904973
12231 0.09544983480409641
12523 0.036434145539096456
12619 0.11827975645800462
12641 0.0620840205455694
12807 0.030105337258559132
12968 0.05752669096887527
13332 0.27239031892823884
13480 0.028630102487692925
13524 0.07329860420837737
13723 0.0671191430819759
13751 0.1609660034217634
13774 0.18454963706554134
13786 0.02538155940707757
13822 0.061600359129181534
13852 0.09006537397554439
13872 0.03407923351168293
13874 0.020001625727327593
14062 0.11597111402334563
14065 0.15327144163480752
14163 0.015160590375675648
14170 0.02839512742166872
