1 0.21270566907897484
11 0.04142620177438686
898 0.1299357303251149
981 0.06258239468676262
997 0.05259546596467074
1008 0.05729244406939393
1012 0.039208454354698635
1111 0.055607614536247484
1133 0.039084998680146296
1319 0.024494852062571362
1351 0.10959757257342369
1395 0.08895196798957879
1424 0.12418771919099864
1435 0.09884513650243054
1451 0.05818828701844274
1567 0.0378887033581182
1612 0.08533466921790608
1653 0.026767379297617473
1871 0.03958322625186469
1942 0.08312845873036254
2182 0.14791331493139098
2384 0.04707292588494253
2552 0.07019776115382242
2591 0.11813226122472865
2617 0.057586842325296074
2716 0.10809541207091532
2850 0.06672297566974769
2927 0.0679472124180716
3027 0.07717254130433754
3092 0.055788046320545445
3099 0.053309064206694755
3139 0.10354211460715372
3157 0.04761968733145125
3236 0.0468937832532562
3353 0.055607614536247484
3454 0.058807423775813175
3648 0.04115283257921215
3721 0.07967366664346562
3730 0.21919514514684738
3819 0.08895196798957879
3908 0.04707292588494253
3914 0.05944532508282925
3984 0.02656268596163722
4150 0.058495579076996776
4173 0.1327224078423036
4452 0.0746302440652608
4532 0.07436182137200385
4553 0.1327224078423036
4700 0.06496786516255745
4827 0.03349628117101562
4887 0.04856375282661074
4892 0.08041727933827382
4923 0.1729454746090876
4928 0.03812258501067248
4985 0.04344616044696634
5161 0.05729244406939393
5247 0.02306724526805516
5382 0.11813226122472865
5392 0.08533466921790608
5582 0.059771674754428905
5689 0.024128770971544884
5962 0.04241195999117803
5992 0.1327224078423036
6044 0.035267813861345094
6109 0.026292821596370457
6235 0.043751225673233606
6245 0.07827800958487263
6412 0.055607614536247484
6417 0.055607614536247484
6579 0.06113015461597569
6606 0.027678132732641487
6695 0.04048455003213077
6764 0.10635283453948742
6771 0.08131312228732263
6813 0.028705123346889537
6821 0.043598140400867805
6831 0.1591160235602648
7099 0.024068371698621777
7374 0.12669580407132783
7862 0.035893081582764115
8087 0.05190526865020533
8220 0.1327224078423036
8433 0.030103735026448194
8473 0.2362645224494573
8673 0.06550876948242956
8744 0.012349344286303651
8870 0.058495579076996776
8996 0.02312483526887989
8997 0.01662712240490497
9026 0.09176268792191249
9497 0.01718503216594314
9684 0.0842549898848556
9765 0.11688678860353721
9812 0.11813226122472865
9843 0.07643389947557465
9911 0.07188259068696888
10048 0.05058926939272599
10259 0.1664559985412151
10362 0.04270229745181899
10386 0.044693881644023124
10496 0.0686378526530326
10749 0.06582713272069889
10762 0.0686378526530326
10999 0.012874287506271159
11000 0.008534688651304955
11003 0.03134471118072987
11087 0.07572030123355063
11200 0.051018858429152616
11213 0.08540459490363798
11252 0.0842549898848556
11255 0.026225892661854565
11359 0.035370743808116875
11371 0.044693881644023124
11482 0.18214355905788837
12064 0.013705520044934123
12099 0.1327224078423036
12100 0.07643389947557465
12177 0.11343528312000546
12199 0.1327224078423036
12413 0.04284898189330956
12712 0.07572030123355063
12713 0.11343528312000546
12810 0.055339469098928354
12865 0.10437067944649685
12957 0.057002106608752975
12972 0.1327224078423036
12982 0.07717254130433754
13336 0.022499848860829775
13394 0.12418771919099864
13659 0.07436182137200385
13666 0.06043995730151029
13681 0.0864727373045438
13754 0.05422604283640278
13761 0.05037771854498251
13787 0.03664683948554901
13874 0.022443941438398438
13902 0.09500742595584877
14170 0.19117403325382895
