1 0.0785419705877689
10 0.038165980418388146
194 0.027145003984586386
370 0.059388464970249584
898 0.0959580283279268
917 0.10889506038976293
940 0.049966166503820686
1001 0.04342950489793914
1033 0.05106390696287902
1045 0.04342950489793914
1085 0.0436632666523111
1319 0.036179081800324205
1519 0.027641158773214478
1521 0.06474896333713451
1545 0.03277106790477797
1550 0.032310445649007105
1567 0.027980950744261775
1653 0.019767810859094178
1718 0.02923236231083853
1770 0.05144775026065477
1963 0.020493369527595888
2058 0.04649743040712933
2204 0.022591850964106992
2372 0.0959580283279268
2558 0.047581257871147406
2617 0.042528100879874194
2720 0.11877692994049917
2780 0.05265965179873192
2965 0.027391101953975105
3005 0.0837723856538939
3037 0.06569136482175918
3039 0.054916486357346125
3092 0.041199683226407095
3157 0.03516731921608473
3276 0.06301997599642041
3432 0.03046533466616895
3512 0.03265462643352609
3575 0.07299750718948086
3626 0.14032668686932526
3633 0.013583509998226917
3642 0.055410015546149244
3648 0.06078304504126359
3693 0.04649743040712933
3699 0.045406114773013366
3721 0.08825895627362008
3734 0.07679091992823982
3760 0.04961682902204864
3789 0.0341130261984016
3928 0.03689630655679883
3956 0.029325725136394344
3984 0.01961664405621875
3987 0.08093822189907567
4083 0.0980160002149983
4219 0.02581957659390204
4267 0.06569136482175918
4358 0.05699221365894281
4398 0.05699221365894281
4404 0.03336672942852004
4535 0.06952706763941792
4577 0.021821852692779548
4895 0.059388464970249584
4909 0.0746353220475661
4922 0.17764258935271157
4975 0.0980160002149983
4990 0.034500055245492066
4993 0.0980160002149983
5125 0.06569136482175918
5339 0.0785419705877689
5525 0.09171310036348872
5574 0.07299750718948086
5644 0.05265965179873192
5663 0.026197815782840982
5685 0.03253905070612601
5723 0.0980160002149983
5726 0.08093822189907567
5746 0.03751818403171343
5759 0.054438145116724145
5826 0.06474896333713451
5829 0.05397408487272146
5854 0.0837723856538939
5962 0.12528557150810815
6032 0.054438145116724145
6067 0.039548656967355135
6105 0.06569136482175918
6278 0.025161107454506802
6284 0.08724112175058527
6410 0.0980160002149983
6411 0.06669460733797127
6443 0.05224509753200736
6567 0.05224509753200736
6636 0.04067287179624172
6695 0.029897993331828677
6720 0.033735399602859005
6724 0.06776709212335585
6740 0.06569136482175918
6813 0.042397684338024655
6967 0.04961682902204864
7020 0.12969731177558153
7025 0.034631236308600315
7099 0.03554916707644062
7139 0.0980160002149983
7149 0.15293248657234443
7158 0.07646624328617221
7239 0.05644672387448343
7242 0.04617076030582022
7357 0.0785419705877689
7358 0.09171310036348872
7475 0.04514485040914518
7536 0.04147021906759432
7580 0.0356383772594694
7604 0.03991443534302019
7616 0.03751818403171343
7693 0.024947673478303237
7718 0.03277106790477797
7792 0.10368262427126317
7862 0.02650717651470915
7990 0.12292838454369256
8202 0.0336115354915106
8344 0.15347670301590638
8399 0.08093822189907567
8673 0.16932465917557196
8744 0.027360112400755053
8795 0.026664196675310576
8964 0.06669460733797127
8996 0.01707777831592263
8997 0.024558385576463518
9022 0.1492706440951322
9028 0.04086840725149633
9204 0.028416409574994594
9224 0.0746353220475661
9383 0.02747400809036994
9496 0.10083460647453181
9497 0.012691211257056112
9550 0.0980160002149983
9553 0.11511508746328691
9584 0.0892702741634724
9699 0.06146419227184628
9708 0.02772541298341536
9765 0.028773778502942094
9880 0.05875389262837645
9906 0.034240968185882195
9911 0.10617113023748
10037 0.03919128803940764
10044 0.06569136482175918
10048 0.03736036680080151
10096 0.07646624328617221
10156 0.025377512764673083
10324 0.045406114773013366
10339 0.0785419705877689
10431 0.08724112175058527
10451 0.03516731921608473
10460 0.03049213687659129
10507 0.07299750718948086
10516 0.01864477362679365
10522 0.04649743040712933
10553 0.04927516991224145
10567 0.01557684811760346
10645 0.03800148297090296
10674 0.06474896333713451
10754 0.04567184541007038
10970 0.05814421198714118
10999 0.00950771002046584
11000 0.018908699554528757
11003 0.0925927510742531
11047 0.044386413955923645
11181 0.07299750718948086
11255 0.038735841860812394
11320 0.09356533053446082
11325 0.03175322241546115
11433 0.09171310036348872
11482 0.2959301561118445
11733 0.02574502074965583
11842 0.03503155535113704
11905 0.034240968185882195
11930 0.04167611431245383
12050 0.054438145116724145
12057 0.029801140285012052
12175 0.028416409574994594
12270 0.05106390696287902
12321 0.0980160002149983
12507 0.07016334343466263
12584 0.04209627134144008
12614 0.0358645151551945
12648 0.035442456730116735
12667 0.026121428092385792
12695 0.10389370892580096
12733 0.029139556878607146
12735 0.048784881503343376
12834 0.012885120595490704
12838 0.0980160002149983
12841 0.0837723856538939
12865 0.038539070777039774
12881 0.04086840725149633
12899 0.09171310036348872
12956 0.04861358650583654
13174 0.054916486357346125
13216 0.07299750718948086
13263 0.07016334343466263
13480 0.04745035356215806
13754 0.020023068872539195
13761 0.07440827139910072
13786 0.021033175978717913
13816 0.041066433671218545
13822 0.025523474998841267
13870 0.06386044358315304
13912 0.029897993331828677
13924 0.14303184686529355
14010 0.05184131213563158
14060 0.07666447446045323
14072 0.04654913894121804
14076 0.04707323192766736
14079 0.05644672387448343
14163 0.012563269269575515
14170 0.04706091555836701
14198 0.07873789111712157
