126 0.05414128603531712
315 0.04553289280699814
340 0.04971163781885483
640 0.05962853344746971
917 0.028999909482434142
931 0.03760830271075312
976 0.026275579729469384
1033 0.04079657996724365
1064 0.038582864163107466
1099 0.02766799654510157
1131 0.04241174699083175
1241 0.04744733422086029
1249 0.031453103204058724
1550 0.05162768609363295
1566 0.02853988332746392
1704 0.07830810113584577
1714 0.03606765736050731
1761 0.06969970790752678
1867 0.0503486639230471
1895 0.0669284242754928
1909 0.04467605058882628
1959 0.2071999420632996
2137 0.09566673704595186
2138 0.10496584290177766
2150 0.0583200310471738
2234 0.03737615976080321
2301 0.0627496792636361
2337 0.04971163781885483
2400 0.1510459917691413
2456 0.04312161369222088
2478 0.04971163781885483
2515 0.05962853344746971
2558 0.057021271201205675
2565 0.024200887237730884
2575 0.025904827235582916
2597 0.09554583253559151
2609 0.02997447093478849
2736 0.0317419368318679
2763 0.0634838736637358
2779 0.04387452822256984
2780 0.042071471288240965
2848 0.021302875095660107
2889 0.042761609174964146
2927 0.060134727079264184
2934 0.03566043116574851
2940 0.026465190835725426
2965 0.04376724570129781
3010 0.03639149306810462
3039 0.13162358466770951
3149 0.05248292145088883
3165 0.06593906308785244
3185 0.04049730557696961
3204 0.03833196095850184
3281 0.026275579729469384
3308 0.039100409307286865
3345 0.10656888763429052
3365 0.05713634664445486
3421 0.03249485136221686
3432 0.06084931294234479
3467 0.04349236618610735
3590 0.03760830271075312
3606 0.08428887070914177
3633 0.010852298322597329
3706 0.0669284242754928
3772 0.06466412067749824
3786 0.025194960534193785
4028 0.09939563239922741
4104 0.05328444381714526
4114 0.04467605058882628
4144 0.04141767369436885
4202 0.04141767369436885
4298 0.03566043116574851
4383 0.02235487181636172
4452 0.02201645070740099
4489 0.04836316212694144
4493 0.04020507359472125
4500 0.04852795341613589
4569 0.04349236618610735
4577 0.01743417241970078
4721 0.07521660542150624
4779 0.049105698805288596
4899 0.027880297205768283
4997 0.03469721325464909
5059 0.021177426693462793
5062 0.04079657996724365
5069 0.07830810113584577
5159 0.07327251390581722
5247 0.040830004625650056
5260 0.02162215453590334
5306 0.06969970790752678
5498 0.05173000692053986
5548 0.03280928046604987
5551 0.039526560981793156
5689 0.07118158373710384
5780 0.0503486639230471
5954 0.04744733422086029
6102 0.02357979351060569
6109 0.015513137277931948
6154 0.02572352056709569
6179 0.09942327563770965
6256 0.05173000692053986
6278 0.020102009293538847
6310 0.0176671865011504
6539 0.1254993585272722
6606 0.016330490476440966
6629 0.030101849345985598
6631 0.07830810113584577
6693 0.030492016078967885
6723 0.03075910779712423
6789 0.02735619892474498
6799 0.05328444381714526
6821 0.02572352056709569
6843 0.0669284242754928
7099 0.028401360641229452
7153 0.03397705290474648
7257 0.10204028043830145
7284 0.08770942340327827
7329 0.0610913146792078
7364 0.07830810113584577
7406 0.03265107085874941
7466 0.04484735380431956
7468 0.01603825849419261
7547 0.04553289280699814
7566 0.026181848822518457
7598 0.024121530506250932
7604 0.03188891234865063
7747 0.05173000692053986
7851 0.0830039896353047
7862 0.021177426693462793
7941 0.10820297208152191
7943 0.0627496792636361
7965 0.031596680366402265
8004 0.04141767369436885
8011 0.03488397295778836
8074 0.029723567730182855
8078 0.03415321594664516
8085 0.06866382759082934
8250 0.03369607124124074
8268 0.2859613119049525
8284 0.14731709641586577
8411 0.020628081239440446
8428 0.04744733422086029
8433 0.017761630197507813
8463 0.02563385024092984
8498 0.04141767369436885
8688 0.02242367690215978
8697 0.05248292145088883
8715 0.03526613499425086
8732 0.05506165415271637
8744 0.007286288103530088
8776 0.05713634664445486
8868 0.05414128603531712
8875 0.03265107085874941
8907 0.0669284242754928
9105 0.15364901440580986
9108 0.07327251390581722
9168 0.03784486769607841
9201 0.04852795341613589
9204 0.02270277373117894
9385 0.03586237522854985
9432 0.13939941581505355
9446 0.1166400620943476
9497 0.04055764987242808
9719 0.08133228978559584
9758 0.030360593834375133
9784 0.03415321594664516
9827 0.030247572148273415
9834 0.06466412067749824
9902 0.008597056590178512
9906 0.02735619892474498
9916 0.04020507359472125
9949 0.03627638977342055
10020 0.05506165415271637
10040 0.10548009370330719
10046 0.039100409307286865
10093 0.0627496792636361
10110 0.03469721325464909
10209 0.06726410109403896
10226 0.06466412067749824
10242 0.026755148431698676
10316 0.023280519120331643
10362 0.025194960534193785
10432 0.07213531472101462
10468 0.05328444381714526
10516 0.029791805738232806
10567 0.012444839567982587
10569 0.03397705290474648
10574 0.10465191887336509
10584 0.07830810113584577
10602 0.0848234939816635
10657 0.03811920663356517
10745 0.08552321834992829
10785 0.07132086233149702
10794 0.03692449957867917
10884 0.02984838572775982
10887 0.03507358406404441
10924 0.042605750191320214
10936 0.08099461115393922
10980 0.04797589425376219
10999 0.007596012041093327
11000 0.02014234892011415
11150 0.03714827655578291
11232 0.07096725805357468
11255 0.015473648258269104
11338 0.1258124128162349
11505 0.03737615976080321
11511 0.030624843935719966
11553 0.09106578561399628
11576 0.052177640052660214
11689 0.07327251390581722
11714 0.026755148431698676
11734 0.046453260924397395
11876 0.027052037937429527
11910 0.028316106350360182
11976 0.03737615976080321
11995 0.04797589425376219
12021 0.03833196095850184
12064 0.024259353049259025
12069 0.029117628716616627
12080 0.05414128603531712
12092 0.04553289280699814
12175 0.02270277373117894
12215 0.022632409315073033
12231 0.12638672146560906
12254 0.03936750102544321
12262 0.03737615976080321
12310 0.06969970790752678
12333 0.030360593834375133
12354 0.02099159849500953
12378 0.05188930202179181
12379 0.04971163781885483
12523 0.024121530506250932
12543 0.05414128603531712
12731 0.1254993585272722
12735 0.019487897008061618
12764 0.048243061012501864
12770 0.1173012279218606
12807 0.019931490099144942
12810 0.03265107085874941
12834 0.010294332808174085
12948 0.08494831905108054
12957 0.03363205054701948
12961 0.04694035418682082
12999 0.03397705290474648
13022 0.027563191820011223
13038 0.14234200266258085
13064 0.03507358406404441
13079 0.03561824549142242
13088 0.1410257765846123
13112 0.02242367690215978
13332 0.03606765736050731
13333 0.07327251390581722
13336 0.013275229622329923
13363 0.04553289280699814
13379 0.051020140219150724
13464 0.030624843935719966
13628 0.03566043116574851
13709 0.02984838572775982
13723 0.04443678954040467
13751 0.05328444381714526
13764 0.04387452822256984
13774 0.0610913146792078
13775 0.03363205054701948
13794 0.0583200310471738
13827 0.029723567730182855
13912 0.023886458133897878
13918 0.05370665023724417
13919 0.027773693236021333
13993 0.0399195601878169
14041 0.05038992106838757
14062 0.03071185804817324
14065 0.0253686596764275
14107 0.04553289280699814
14211 0.03313187746640914
14212 0.1058607633429017
