11 0.04697828904404731
336 0.06633536515474457
421 0.06215947568226149
482 0.06245600386716584
483 0.05507244013769967
513 0.07900157395655909
762 0.07273888336436449
994 0.049789795065351326
1012 0.04446331120764764
1085 0.06704796171146736
1100 0.10241417607999694
1230 0.06100888129704088
1624 0.11741919799304927
1653 0.060709677823884124
1779 0.08218899659603163
2114 0.10970889163943812
2202 0.10583002354315098
2357 0.08022595576349295
2359 0.07054741770814432
2558 0.03653215391935508
3014 0.08586860599060368
3027 0.0875154804537353
3078 0.07054741770814432
3092 0.09489743880658029
3193 0.08508590597110954
3215 0.0843280578142628
3368 0.14083180011648713
3521 0.07900157395655909
3634 0.08586860599060368
3648 0.14000484580385808
3721 0.04517590776437042
3788 0.1339647680824425
3819 0.10087362790365603
3884 0.15051033817183576
3915 0.08920827765014591
3928 0.05665682709939593
4161 0.09438251248777993
4202 0.0796059153984091
4404 0.051236917635476296
4415 0.14083180011648713
4535 0.10676361450733446
4577 0.033508962017648795
4720 0.14640479437757836
4721 0.07228419891378438
4734 0.06072969434930796
4762 0.07464951975891415
4827 0.15194228882702743
4845 0.10241417607999694
4970 0.05317865528773741
4974 0.055292443648216866
5176 0.14083180011648713
5197 0.07619006793525507
5374 0.0674123995066608
5582 0.06778248772486954
6102 0.04532101588246474
6235 0.04961492093584369
6294 0.11982241379789497
6310 0.03395682153268087
6681 0.04532101588246474
6695 0.1377313013333178
6775 0.03852687004830643
6813 0.06510457265570378
7078 0.13785695592160158
7491 0.0356424778271161
7580 0.02736259488987705
7668 0.1767671676540067
7693 0.03830887573032582
7966 0.0828809352441378
8053 0.28166360023297426
8202 0.0516128342536448
8250 0.0647647817277984
8344 0.09426963116941293
8463 0.04926896978022188
8673 0.11143273251646021
8744 0.028008894879912684
8919 0.33627814240603676
8997 0.037711097269425765
9099 0.045613905592868244
9136 0.15051033817183576
9457 0.057611762914421376
9496 0.0516128342536448
9514 0.14083180011648713
9765 0.04418412425991471
9827 0.029068335503475
10014 0.12863828422473883
10242 0.05142413594357086
10440 0.07515206909803433
10567 0.02391932615786408
10999 0.0145997454219836
11000 0.019357076110697268
11003 0.14218256453923273
11135 0.059119856684788405
11179 0.09942650533353105
11246 0.04621069197470372
11438 0.0828809352441378
11634 0.06215947568226149
11875 0.05860649900864107
11939 0.12863828422473883
11957 0.042444908436299514
12348 0.08359353180086061
12382 0.10583002354315098
12513 0.05105115629395932
12523 0.046362249384900356
12667 0.04011125701000269
12865 0.02958970251161595
13332 0.06932303590121046
13379 0.098062121882352
13480 0.07286329523086126
13660 0.055514493732398175
13754 0.030746805221936433
13775 0.06464173218123206
13822 0.03919305873499789
13918 0.0516128342536448
13982 0.04842541161417227
13993 0.076726499766816
14062 0.029514520679649256
14170 0.07226528627804758
14171 0.10210231258791864
14178 0.06633536515474457
