337 0.03498061794776909
907 0.1094023858472305
946 0.09824583144907156
997 0.16643466255155948
1001 0.046522991821331676
1012 0.09305430254305395
1086 0.05173298099562184
1107 0.027658706990356507
1111 0.04399159885214396
1217 0.10630207902290491
1249 0.042173198532647525
1319 0.0387561205372996
1349 0.07819712515569045
1350 0.11106794545141309
1410 0.10499768733440927
1434 0.07995160169017128
1567 0.029974035985156886
1615 0.05173298099562184
1645 0.07661000807563641
1655 0.07563801147833928
1963 0.06585934137387187
2064 0.041982886454948666
2086 0.052426919967985916
2254 0.06840922781660869
2337 0.06665475128212786
2384 0.03723974296680626
2425 0.0620362016953693
2497 0.08670345757550899
2744 0.04921466390111266
2909 0.062285828611044244
3092 0.022067169891620705
3130 0.02362569962465805
3208 0.038883887929814294
3225 0.05074345473748167
3236 0.037098021893960643
3332 0.030920434142212377
3432 0.09790614828599399
3435 0.07037056571372152
3442 0.04754806158399627
3521 0.05511237740856528
3590 0.05042626180337688
3721 0.06303043227603458
3841 0.029253831825095986
3915 0.031116343761241803
3940 0.04019060712205926
3984 0.08405575639272336
3985 0.035613854913364607
3991 0.03857262418414583
4029 0.05470119292361525
4161 0.3292114567144828
4219 0.055317413980713014
4404 0.03574344409303379
4489 0.04323111829514544
4700 0.051396562976971615
4723 0.0629389368505342
4725 0.07516108370194641
4790 0.09345531346084669
4827 0.026499158012854775
4858 0.06840922781660869
4881 0.030066291764327284
4928 0.06031812301184292
4962 0.06584229134289656
4970 0.037098021893960643
4990 0.03695749679379105
5260 0.02899158820769608
5297 0.04892505441798524
5391 0.043363142172370715
5582 0.047285817966596366
5613 0.07476536108884531
5689 0.1145307047131342
5767 0.06665475128212786
5798 0.1156203338594496
5844 0.08176909218884666
6080 0.09824583144907156
6102 0.03161644517649009
6278 0.02695333504428724
6636 0.0435700035350027
6737 0.04442414591288779
6752 0.03936197221744985
6813 0.022708837302390275
6821 0.06898162847694975
6831 0.0629389368505342
6851 0.0462762891528409
7020 0.06946783055855663
7025 0.037098021893960643
7233 0.04980944589691758
7245 0.03389814935227138
7342 0.041982886454948666
7486 0.0739149935875821
7533 0.03723974296680626
7540 0.04070833148129412
7598 0.03234282125841763
7662 0.08670345757550899
7693 0.053449396299584825
7959 0.05511237740856528
8124 0.05375354682529656
8131 0.05596651978645037
8202 0.03600568771043369
8344 0.032881772039325206
8355 0.05831577831673612
8447 0.11373370788609223
8507 0.05596651978645037
8673 0.05182447642112223
8716 0.0427575435957714
8875 0.043779466995545684
8997 0.013153840620609269
9021 0.07037056571372152
9099 0.06364153659761626
9246 0.09345531346084669
9317 0.052426919967985916
9387 0.054299917469333984
9409 0.034132690209085624
9722 0.24424998888776475
9783 0.02548523723664539
9813 0.051066807141065776
9902 0.011527173392774119
9911 0.056866853943046115
9916 0.053908084672264885
9961 0.03985418910340903
9992 0.10499768733440927
10106 0.06584229134289656
10156 0.054370309842176015
10331 0.038883887929814294
10335 0.039688494944803164
10349 0.06361870982838383
10396 0.04442414591288779
10445 0.1092208894941449
10460 0.06532818819179763
10496 0.054299917469333984
10589 0.06506763420207382
10595 0.03985418910340903
10999 0.03055483477611889
11003 0.024797034936647932
11020 0.11106794545141309
11200 0.04036139965052099
11327 0.06432741787093774
11371 0.035357663313311874
11911 0.06506763420207382
11912 0.049509399481109106
11950 0.06361870982838383
12064 0.010842539190091408
12265 0.09345531346084669
12378 0.04638308281143147
12523 0.03234282125841763
12632 0.07516108370194641
12648 0.03796702560754652
12695 0.07419604378792129
12733 0.09364550916662645
12735 0.026129916153987503
12768 0.07808345832835548
12810 0.13133840098663702
12834 0.013802928711474493
13026 0.07661000807563641
13068 0.11467191784615603
13079 0.09551587509498898
13261 0.049509399481109106
13336 0.01779979834729817
13519 0.08413652110179685
13540 0.1888168105516026
13787 0.05798317641539216
14007 0.28036594038254004
14040 0.038727528794650586
14072 0.024932418816903012
14090 0.039688494944803164
14161 0.062285828611044244
14163 0.0538326075649446
14170 0.25206534069079195
14171 0.1068415647400938
14178 0.0462762891528409
