1012 0.12378068275311715
1318 0.071060238315264
1319 0.03866499664604016
1375 0.10460730623301091
1489 0.09540415840765797
1550 0.06906108228759568
1620 0.07402159309130153
1653 0.08450433814598174
1706 0.16344068965114783
1842 0.2511638160366604
1909 0.11952410187061346
2038 0.15952723690292275
2125 0.15602653412974551
2144 0.11737974847112183
2204 0.0965766734021656
2357 0.11166986116430426
2359 0.19639579899037046
2648 0.059441997332220706
2940 0.07080366603098108
3092 0.044030570553415
3734 0.05471155363309275
3789 0.07291395900133975
3915 0.12417273044731592
3956 0.06268147269736525
4028 0.08863939057429127
4535 0.22291310641247492
4827 0.05287370570043687
5247 0.0364115267422077
5798 0.17302272875534114
6154 0.06881943798096904
6235 0.06906108228759568
6271 0.09705206368131453
6851 0.1846699349759478
6861 0.21829031508872965
6862 0.08997752896056038
7201 0.030902922283738664
7993 0.18647116024116084
8389 0.1255819080183302
8475 0.14255457246062644
8946 0.20950163083117382
9270 0.12181645527298493
9317 0.20921461246602183
9652 0.04934321722763196
9665 0.41900326166234764
9722 0.08122523505288895
9765 0.06150172939437002
9921 0.12181645527298493
10567 0.03329430987480825
10614 0.06073788090994746
10749 0.10390778680200276
11000 0.026943923338238095
11003 0.049477463655552834
11232 0.06328743379116746
11262 0.06979674213394031
11376 0.1383959086679999
11482 0.05750253222253404
12064 0.021634092143767165
12881 0.08735306429440388
13336 0.03551589446297188
13344 0.11080680106329034
13446 0.10605214020149442
13480 0.05071073310981099
14170 0.05029453628111518
14178 0.0923349674879739
