153 0.04219726478561318
210 0.0338853500966655
390 0.03253773114882559
433 0.06647110864721016
435 0.1012302601587724
483 0.02432209106912382
965 0.03660338365000352
980 0.06219669691950052
997 0.026341286217789226
998 0.04219726478561318
1045 0.029452409119258487
1095 0.03600081985457681
1274 0.034890109673208484
1304 0.06219669691950052
1308 0.19941332594163047
1407 0.053264485888567144
1469 0.04273799851263099
1620 0.02348572341461384
1667 0.04391053876240821
1674 0.036918093481360555
1745 0.18659009075850158
1768 0.034890109673208484
1808 0.028548255589306605
1822 0.4282414802522202
1959 0.1256283984197672
1963 0.013897904315909915
2006 0.025771309763438714
2017 0.023308542833094165
2046 0.02798588245042717
2120 0.06647110864721016
2384 0.023575443074826133
2478 0.04219726478561318
2558 0.04840197959393977
2608 0.030792878527018536
2667 0.032968076469881744
2743 0.03571197996612543
2776 0.04262710869182258
2821 0.036297797139374866
2883 0.13294221729442032
2927 0.01701493595671913
3102 0.04027523158228644
3184 0.024716230299260546
3209 0.10371359684480153
3307 0.03515700991494045
3321 0.01640431561031285
3527 0.06940287297212433
3544 0.024716230299260546
3577 0.047582386694691135
3840 0.028548255589306605
3841 0.018519785368224174
3984 0.013303339000717949
4253 0.04219726478561318
4274 0.12439339383900104
4283 0.03275070801751944
4298 0.030270027749910233
4312 0.06647110864721016
4315 0.12439339383900104
4316 0.12439339383900104
4414 0.03828024309510357
4452 0.018688460909795906
4489 0.027368415763146813
4576 0.03660338365000352
4628 0.05185679842240076
4700 0.03253773114882559
4702 0.029935333085186686
4741 0.04168291904845282
4820 0.07200163970915362
4869 0.06647110864721016
4990 0.023396760891360516
5004 0.06647110864721016
5022 0.0506151300793862
5097 0.06219669691950052
5247 0.023105448301187572
5358 0.047698553120223953
5360 0.0346298002390958
5383 0.03828024309510357
5412 0.0346298002390958
5455 0.0529181502259175
5483 0.06219669691950052
5551 0.01677587817455493
5663 0.017766465224055866
5689 0.024168732060359716
5798 0.05489700751208521
5800 0.030270027749910233
5938 0.02074740508217957
5962 0.02124110047690191
6035 0.05916395353480546
6067 0.053641100807254635
6109 0.013168183348893348
6198 0.06219669691950052
6419 0.030441446103112803
6484 0.06875152787209626
6563 0.043670345867228906
6629 0.12775838446700893
6726 0.048499660321474874
6755 0.03253773114882559
6819 0.03903356323927188
6991 0.06647110864721016
7025 0.04697144682922768
7099 0.03616234913492718
7194 0.049504419898017876
7242 0.01565571752510084
7580 0.012084366030179858
7617 0.03828024309510357
7621 0.04673857675505478
7623 0.06219669691950052
7671 0.017161016766839735
7791 0.05916395353480546
7856 0.03275070801751944
7941 0.030615697945498857
8154 0.06729688266038784
8156 0.027322645126691112
8157 0.036918093481360555
8159 0.06647110864721016
8162 0.05916395353480546
8268 0.04413374898015919
8279 0.03571197996612543
8433 0.015076795803821008
8522 0.06647110864721016
8583 0.13787199232848737
8584 0.12439339383900104
8706 0.03471798869893882
8744 0.01855469515182463
8770 0.18659009075850158
8795 0.018082748840060694
8851 0.06647110864721016
8931 0.02124110047690191
8970 0.03319002143477248
9134 0.09466373148117672
9196 0.05488954180709583
9200 0.06647110864721016
9350 0.04119250520907018
9402 0.027194861787066656
9497 0.051640479951153125
9511 0.03828024309510357
9553 0.07806712647854376
9594 0.06088289220622561
9645 0.01706340499126722
9647 0.0669113497696535
9725 0.016450051024536498
9732 0.0297718880058625
9740 0.13294221729442032
9781 0.02403586543894837
9827 0.012837686174348164
9899 0.030270027749910233
9902 0.007297532111787912
9905 0.0337417035156963
9916 0.03412770551603201
9994 0.03903356323927188
10040 0.0223839509162257
10054 0.04391053876240821
10209 0.08564476676791982
10242 0.022710860721683223
10268 0.0338853500966655
10327 0.05652663884223193
10331 0.024616305414201255
10382 0.027068608823643436
10458 0.13294221729442032
10459 0.08931566401758752
10569 0.02884110765533017
10679 0.037577182862314915
10732 0.017870842279144164
10806 0.20085565319520485
10874 0.06219669691950052
10999 0.02579121875490885
11000 0.00854882345541926
11262 0.02214525400685379
11332 0.060202704416676994
11338 0.05339735250997849
11339 0.028548255589306605
11340 0.06647110864721016
11356 0.018575711209963097
11365 0.016313435767802167
11612 0.053264485888567144
11714 0.022710860721683223
11787 0.13294221729442032
11796 0.03660338365000352
11869 0.031156431672516673
11905 0.023221056883334906
12021 0.03253773114882559
12057 0.02021011701508577
12060 0.06647110864721016
12121 0.10371359684480153
12173 0.029452409119258487
12175 0.0385420797437122
12276 0.04168291904845282
12378 0.014681918312789444
12387 0.024616305414201255
12490 0.04273799851263099
12523 0.020475338461298044
12668 0.03412770551603201
12733 0.019761453711238743
12940 0.06683347954745755
12952 0.06647110864721016
12966 0.033416739773728776
12999 0.02884110765533017
13057 0.0297718880058625
13079 0.015117109414874921
13122 0.030615697945498857
13323 0.04673857675505478
13600 0.03437576393604813
13705 0.03600081985457681
13723 0.16973891336698632
13726 0.02961093836895586
13874 0.011240556090543505
13960 0.05681157501042257
13965 0.02929622853759883
14044 0.0338853500966655
14060 0.025995616022200595
14072 0.03156803853665433
14099 0.05916395353480546
14149 0.13294221729442032
14152 0.06647110864721016
14163 0.008519980765898721
14183 0.13294221729442032
14198 0.13349338127494623
14200 0.04168291904845282
14203 0.08909928661999215
14212 0.08985893157383124
14213 0.08909928661999215
