11 0.028464921479015692
127 0.04352783938836595
326 0.03377295608502657
338 0.044933153250166634
398 0.05355307366155425
700 0.05466618857991095
904 0.08533231442945018
907 0.04751122083631226
968 0.029142259227503266
976 0.030600233454159683
1001 0.040407969557003834
1012 0.0808231645709392
1013 0.07530708015626188
1014 0.09119670054020985
1064 0.044933153250166634
1107 0.04804644526493927
1165 0.07794406169665456
1176 0.09119670054020985
1217 0.046164820928758614
1240 0.03916749350069156
1255 0.03038273528381553
1266 0.17066462885890035
1319 0.033661982549039474
1458 0.02503102811465987
1550 0.030062500303112152
1653 0.03678499680252131
1655 0.032848042930115603
1661 0.06112099772064496
1779 0.0497996709150388
1850 0.06791882742346626
1871 0.05439713895479945
1879 0.09119670054020985
1880 0.09119670054020985
1924 0.1823934010804197
2064 0.18232309782459677
2114 0.03323721499455235
2182 0.025408682879938492
2194 0.04939222549912562
2204 0.04204012125578353
2256 0.07530708015626188
2323 0.07530708015626188
2357 0.048610232042415664
2359 0.04274584593165601
2382 0.040407969557003834
2463 0.06305230975859409
2585 0.07794406169665456
2597 0.027817890330713062
2606 0.07307754403178239
2608 0.04224706009800289
2730 0.0296462599001419
2743 0.04899594438771866
2848 0.02480907968096686
2852 0.0397744366418505
2864 0.06944269404550221
2909 0.05409892545203453
3092 0.0383332840078004
3130 0.02052031724147127
3202 0.07114623199383326
3208 0.03377295608502657
3391 0.05355307366155425
3429 0.06528184588307359
3432 0.014172879919164185
3521 0.04786835887708966
3527 0.03173966931839688
3577 0.06528184588307359
3598 0.08117146626702154
3632 0.08117146626702154
3633 0.012638459954252359
3677 0.06112099772064496
3734 0.023816106600084513
3758 0.026604682585411554
3799 0.048610232042415664
3852 0.035206143063508694
3908 0.03234491895732689
3915 0.027026384637047506
4025 0.0397744366418505
4333 0.06412415972522283
4420 0.07427491020291566
4500 0.05651508811129594
4535 0.06468983791465378
4542 0.03323721499455235
4576 0.05021892797372332
4784 0.07873398245187464
4827 0.046032171550011894
4851 0.07307754403178239
4881 0.02611435238238202
4928 0.026194928388941205
4935 0.09119670054020985
4974 0.03350260511517765
5161 0.03936699122593732
5247 0.01585004893444892
5260 0.07554272637096118
5358 0.0327206116584677
5390 0.02341056538478888
5689 0.03315889662444651
5798 0.15063464583401104
5827 0.062054441312706585
5844 0.035510646010901564
5847 0.045231377336696986
5857 0.09119670054020985
5926 0.06791882742346626
6025 0.09119670054020985
6067 0.03679712514597668
6204 0.09119670054020985
6210 0.03259429333790109
6245 0.017928889615176538
6271 0.04224706009800289
6278 0.02341056538478888
6296 0.05587216645464468
6297 0.052029207039518285
6298 0.08533231442945018
6443 0.048610232042415664
6508 0.046164820928758614
6520 0.05251953724254782
6563 0.029957311797508424
6606 0.03803659718606075
6609 0.08533231442945018
6655 0.05251953724254782
6723 0.03582169790826809
6829 0.08533231442945018
6851 0.08038738740107007
6877 0.07794406169665456
6911 0.043001841212217506
6920 0.09119670054020985
6926 0.06791882742346626
6992 0.05718792364783443
7167 0.04786835887708966
7186 0.08117146626702154
7195 0.20438305378982663
7196 0.14615508806356478
7201 0.02690427313760211
7245 0.029442547296308928
7342 0.1458584782596774
7406 0.03802505600610848
7423 0.04176490359158519
7442 0.032099771465295864
7468 0.01867796863754923
7604 0.03713745510145783
7751 0.04352783938836595
8015 0.05021892797372332
8204 0.05409892545203453
8244 0.030821052335290935
8247 0.04823453934127486
8250 0.03924205125390721
8538 0.07114623199383326
8658 0.017260202466955525
8739 0.04152972189321634
8758 0.04224706009800289
8878 0.04200397276632999
8970 0.04553588028408987
9150 0.03696628913016803
9184 0.06944269404550221
9277 0.09119670054020985
9316 0.06528184588307359
9437 0.05409892545203453
9497 0.023616482818387498
9528 0.040407969557003834
9652 0.02147925334683974
9708 0.02579646363507979
9719 0.02367965883555083
9724 0.08117146626702154
9765 0.02677189087278839
9898 0.04899594438771866
9902 0.010012031756735554
10003 0.03404845690565793
10091 0.044933153250166634
10106 0.05718792364783443
10156 0.023611914656573647
10303 0.06654032238448424
10362 0.029341756952749022
10445 0.06324320090472858
10499 0.056741394659360386
10580 0.052029207039518285
10587 0.03259429333790109
10589 0.05651508811129594
10613 0.044354541862963656
10672 0.04407369117884623
10828 0.08117146626702154
10836 0.04200397276632999
11000 0.035186316664558015
11003 0.02153769122742865
11020 0.04823453934127486
11048 0.05718792364783443
11246 0.027999821732920187
11255 0.03604086029428572
11325 0.0295440449463105
11437 0.062054441312706585
11482 0.02503102811465987
11634 0.037663453277606285
11733 0.02395385388669007
11875 0.035510646010901564
11957 0.051436142541950156
11967 0.05021892797372332
11991 0.055256611609885285
12064 0.009417386465522752
12215 0.02635743971405493
12223 0.06528184588307359
12318 0.04786835887708966
12335 0.030821052335290935
12423 0.09119670054020985
12552 0.048610232042415664
12558 0.040193693700535035
12657 0.06412415972522283
12667 0.09721629326634824
12768 0.033910050531090835
12807 0.02321198072136406
12879 0.06412415972522283
12935 0.050650702000536285
12941 0.09119670054020985
12942 0.2564966389008913
12957 0.07833498700138312
12959 0.04716268937464613
12963 0.044933153250166634
13006 0.04786835887708966
13024 0.037310671013332124
13026 0.06654032238448424
13027 0.06791882742346626
13028 0.1823934010804197
13084 0.08117146626702154
13316 0.07530708015626188
13336 0.015460177464524973
13480 0.02207453719210757
13596 0.04274584593165601
13649 0.07794406169665456
13677 0.07307754403178239
13760 0.09119670054020985
13816 0.038209305068086556
13858 0.03858499776922737
13919 0.09703475687198068
13975 0.05718792364783443
14163 0.02337840154404058
14170 0.21893365439879336
14171 0.030932739035217018
14198 0.03662991685859985
14230 0.07794406169665456
