11 0.02913022621644427
483 0.03414923514984965
513 0.048987176153903036
543 0.06254956619113534
556 0.03602900898232066
917 0.034562324420256293
920 0.10902188704285237
962 0.051834550409177844
994 0.06174716121160508
995 0.03618399893044182
1012 0.11028297029689786
1024 0.047243821764544766
1274 0.048987176153903036
1318 0.03165572356327704
1319 0.017224378561353185
1397 0.028012608366291325
1458 0.05123214634178802
1523 0.06809555561233832
1564 0.04936191527853477
1618 0.03929335179115897
1620 0.032974939912469865
1624 0.07280911819678956
1652 0.06254956619113534
1653 0.0188223824720292
1656 0.0818340997432518
1689 0.021511358168518454
1767 0.36003564583997005
1940 0.02874823327897424
2114 0.10204218469139271
2176 0.06594987982493973
2182 0.02600255478309148
2204 0.06453407450555537
2306 0.17465353802118352
2597 0.05693614428518919
2674 0.05717805507478636
2743 0.050141116488051606
2744 0.04374493577016787
2776 0.029925123508874534
2848 0.025388937182248154
2853 0.0710657638074313
2949 0.1930600527350328
2969 0.08748987154033575
2995 0.020614028600148323
3078 0.13123480731050363
3092 0.1569169597871021
3127 0.05717805507478636
3130 0.020999934383023992
3157 0.033485383764513654
3206 0.058524565189412424
3215 0.052290014185481126
3236 0.06594987982493973
3323 0.05480475860427083
3490 0.045684338122324954
3512 0.09327859406297874
3595 0.0797658321708657
3633 0.012933856071454515
3721 0.1120504334651653
3756 0.03484426446473258
3758 0.027226508342946366
3790 0.0580675995710095
3819 0.06254956619113534
3914 0.04180097843880872
3928 0.03513167941395051
3931 0.05275993952111782
4219 0.04916942491815672
4241 0.045391231419604744
4304 0.045103816470386804
4358 0.05426646638126444
4535 0.03310091007537431
4609 0.06562292048169524
4702 0.0420304621798269
4762 0.046288560987974875
4817 0.06570006560317172
4827 0.0942161439984682
4845 0.06350482696770524
4885 0.0938370061382643
4917 0.05275993952111782
4991 0.0850007750309272
5003 0.12905203677383734
5181 0.050141116488051606
5197 0.047243821764544766
5208 0.046288560987974875
5210 0.047243821764544766
5260 0.025769456976666435
5280 0.0479167287664375
5390 0.09583094279975389
5417 0.09724338159875195
5582 0.0420304621798269
5798 0.025692566389204984
5970 0.14169914446668294
6102 0.028102586788067534
6109 0.05546604381996005
6154 0.030657497865971682
6235 0.030765144920816546
6245 0.01834793785343022
6278 0.047915471399876945
6299 0.06254956619113534
6519 0.0289379974782313
6601 0.046288560987974875
6681 0.028102586788067534
6695 0.028468072142594596
6720 0.03212194808509266
6775 0.023889683144195432
6789 0.0326033370109244
6813 0.020184972332723698
6880 0.04348751354610684
7163 0.05717805507478636
7201 0.013766550581653941
7206 0.033227961540452614
7245 0.030130701880281337
7426 0.12001188194665668
7466 0.026724717753236323
7491 0.022101133590561286
7572 0.04691850306913215
7580 0.03393391267458429
7598 0.02874823327897424
7649 0.03527750724181609
7693 0.02375450955814335
7851 0.032974939912469865
7854 0.060806211801777074
7865 0.021055894392215186
7896 0.093328222208098
8027 0.03929335179115897
8087 0.03649893431795735
8097 0.027397624755129066
8122 0.04323449191812409
8202 0.03200400798059773
8293 0.027397624755129066
8344 0.11690913982546272
8447 0.05054665979612285
8669 0.03414923514984965
8673 0.23032346587998506
8870 0.04113313261145676
8872 0.08140815268806428
8932 0.057836003606684096
8997 0.023383839996784714
9014 0.08732676901059176
9099 0.02828420139545614
9204 0.027057347589721427
9496 0.06400801596119546
9515 0.04757645160102987
9652 0.04396256700831031
9708 0.026399399057823705
9722 0.03618399893044182
9765 0.10959049902051626
9827 0.018024649389801913
9835 0.048987176153903036
9890 0.03165572356327704
9902 0.010246040909508102
9906 0.0326033370109244
9911 0.05054665979612285
9964 0.10458002837096225
10048 0.035573545206017375
10054 0.06165223662276521
10079 0.03188700021869391
10386 0.06285601030342829
10438 0.10028223297610321
10445 0.12944274238486203
10493 0.039486836962019906
10499 0.02903379978550475
10516 0.035506112721274206
10583 0.03910236327288055
10616 0.036658951063477926
10624 0.04348751354610684
10657 0.022715387906815643
10672 0.22551908235193402
10974 0.07478557039257289
11000 0.09602325116009995
11002 0.06165223662276521
11003 0.044082174482542716
11048 0.058524565189412424
11138 0.07708750680222072
11246 0.02865425578993314
11255 0.05532485383009628
11371 0.03142800515171414
11482 0.2305446585380461
11849 0.03618399893044182
11957 0.026319174445165083
12041 0.03212194808509266
12057 0.028375851253607025
12081 0.06000594097332834
12173 0.041352416693313805
12175 0.054114695179442854
12354 0.025017955236161866
12387 0.034562324420256293
12523 0.02874823327897424
12667 0.04974425481659259
12735 0.023225831758859432
12823 0.06680766499928333
12834 0.024537736603744503
12881 0.03891380779558736
12915 0.0482650131837582
12940 0.04691850306913215
12963 0.04598336657139354
12999 0.040494123819571695
13480 0.022590480795931643
13487 0.048987176153903036
13503 0.05139268461711098
13586 0.07478557039257289
13614 0.0347026231465259
13628 0.0425003875154636
13676 0.05768562253445267
13754 0.038130864694036745
13786 0.04005445880627641
13816 0.03910236327288055
13872 0.026890098298344607
13965 0.04113313261145676
13982 0.03002755578481441
14163 0.011962410050187876
14170 0.044810149107428456
14171 0.03165572356327704
