538 0.06362896631073044
729 0.0501957512409422
855 0.06240097229489706
907 0.05645035220724713
976 0.03635759986177989
1008 0.04677380376522143
1045 0.048010639872449065
1085 0.09653811968730497
1185 0.05374156118345759
1255 0.036099179890576476
1319 0.03999541029337561
1397 0.03252296624248859
1457 0.10835515852918412
1458 0.029740560825625168
1492 0.04677380376522143
1498 0.28631587380044826
1653 0.06555901918198205
1655 0.03902832973103889
1830 0.04750517389585355
1972 0.08947594112907535
1985 0.10138740111094796
2204 0.024974938656075994
2260 0.1650163674216784
2311 0.04029015171890929
2485 0.042749283084085016
2617 0.047014151798440464
2648 0.03074366065157005
2659 0.0321113392751177
2760 0.05109254275643675
2852 0.04725790913714545
2995 0.04786625704524341
3010 0.10071004004215772
3092 0.022772803407389002
3142 0.04433059144170803
3151 0.04496322500052988
3157 0.03887692254679656
3208 0.04012726325530512
3210 0.14315793690022413
3219 0.06495151134498375
3302 0.07905973722563382
3321 0.05348164803304576
3527 0.03771141806980621
3547 0.0825081837108392
3613 0.09644369854731154
3807 0.09644369854731154
3865 0.09279751307056015
3915 0.0321113392751177
3978 0.06181838754603888
3984 0.02168589385263355
4099 0.09644369854731154
4161 0.06794770530194576
4404 0.07377279727589717
4458 0.06362896631073044
4535 0.0768610881857394
4576 0.05966750846823946
4577 0.0241237175842727
4725 0.07756448114720278
4835 0.046072293944875
4849 0.09260906492802023
4881 0.03102771016405754
5099 0.10138740111094796
5223 0.02781521160854042
5260 0.029918641219712418
5390 0.05563042321708084
5533 0.07157896845011207
5582 0.04879785861982117
5603 0.10835515852918412
5844 0.042191895706670327
5875 0.10835515852918412
6207 0.041830101201585014
6293 0.08682692270205453
6315 0.06778964853321294
6496 0.06362896631073044
6618 0.11126376606875399
6755 0.05304005136311117
6775 0.02773620179466641
6799 0.07372984752791148
6861 0.05645035220724713
6862 0.18614708393258098
6884 0.06794770530194576
6909 0.09644369854731154
6916 0.06427751891121462
7006 0.04062063506274383
7037 0.10138740111094796
7167 0.05687468498240247
7209 0.07059672372896661
7468 0.022192187225374794
7469 0.059169369119018045
7519 0.08947594112907535
7536 0.045844679965032734
7551 0.06181838754603888
7572 0.05447293131408973
7693 0.027579263678852176
7810 0.055631883034376994
7858 0.10835515852918412
7993 0.09644369854731154
8035 0.09260906492802023
8074 0.041128591381238574
8115 0.029564306929307147
8154 0.054850630127802724
8202 0.07431405583992882
8293 0.03180896307063181
8389 0.06495151134498375
8411 0.02854313896559685
8465 0.0825081837108392
8523 0.08682692270205453
8673 0.02674082401652288
8715 0.04879785861982117
8793 0.08453223856543893
8875 0.0451793863946463
8885 0.07372984752791148
8970 0.054103355688542916
9134 0.03857805233115188
9310 0.06125490741754261
9316 0.07756448114720278
9317 0.16231006706562873
9457 0.04147576691117974
9528 0.048010639872449065
9533 0.0496228780516788
9579 0.0761889788930872
9784 0.04725790913714545
9902 0.03568732032323844
9934 0.0825081837108392
9966 0.04095759888341415
10005 0.054103355688542916
10068 0.03305176501865729
10420 0.08069760494614765
10445 0.037571134807138376
10460 0.06741716286951809
10495 0.04095759888341415
10516 0.02061150626061601
10548 0.05645035220724713
10601 0.07262077858356636
10626 0.09644369854731154
10708 0.05304005136311117
10783 0.08947594112907535
10949 0.03675266563426823
11000 0.06967757418236167
11098 0.04293917014593013
11246 0.03326792641277371
11311 0.07486397490759487
11315 0.10138740111094796
11325 0.07020538363313575
11568 0.09260906492802023
11570 0.1299030226899675
11636 0.08866118288341605
11821 0.08682692270205453
11876 0.03743198745379744
11957 0.12222747854359811
12064 0.04475698780143445
12175 0.03141389729814347
12378 0.023933128522621704
12490 0.06966759992877791
12523 0.06675407075539327
12552 0.057756139946905316
12610 0.046536770983145244
12640 0.06427751891121462
12666 0.04062063506274383
12755 0.10835515852918412
12807 0.027579263678852176
12834 0.014244299723816013
12932 0.057756139946905316
12968 0.0526997510500033
13079 0.049285074989359086
13100 0.10835515852918412
13204 0.10835515852918412
13336 0.018368975742925148
13480 0.02622781265923728
13631 0.06565302116533019
13660 0.27976132998396974
13816 0.04539830151110586
13875 0.048269059843652484
13918 0.03715702791996441
13948 0.032213325356327996
14016 0.06878614496427506
14062 0.021248045855196365
14072 0.025729673310015848
14074 0.06565302116533019
14144 0.10835515852918412
14157 0.07372984752791148
14170 0.026012553841567167
14198 0.043521754894788295
