10 0.04344771733158262
483 0.04082775549364388
493 0.10440514868251904
635 0.0830995306162943
637 0.04421723403762965
649 0.11158029807251676
844 0.08496400039318673
917 0.041321632081368416
1012 0.0659254318088931
1024 0.11296646587392851
1081 0.0771452856885166
1091 0.05139238342762737
1101 0.04543813849984969
1567 0.031853195575709634
1615 0.05497627220385107
1642 0.07478230137451297
1767 0.07174122276749917
2058 0.052932145089100484
2204 0.05143661155434911
2352 0.038123098296107404
2428 0.129758573578364
2503 0.0771452856885166
2594 0.13238141712548818
2763 0.04522871480378114
3035 0.06043200259451753
3092 0.14070375014728465
3137 0.03798430467650916
3157 0.040034075578832255
3184 0.041489368842296426
3188 0.06251630247517836
3227 0.04891914270845185
3281 0.03743976645732144
3348 0.0699701362985189
3512 0.1486946189563848
3517 0.046524129253064365
3633 0.01546331304224397
3648 0.13838945210134376
3728 0.04253061596665832
3915 0.09920135385691801
4141 0.0771452856885166
4150 0.09835496892266885
4155 0.06552285210385442
4180 0.057287739463177285
4211 0.06043200259451753
4262 0.04018998932560167
4298 0.050812131582223814
4358 0.064879286789182
4593 0.0542683339706713
4747 0.03757433817643833
4758 0.05947522386816457
4808 0.09354515529674405
4817 0.03927446987600347
4885 0.11218858419689913
4887 0.04082775549364388
4970 0.03942380490386608
5049 0.09395580032264561
5125 0.07478230137451297
5161 0.09633200739036585
5179 0.07478230137451297
5331 0.0830995306162943
5390 0.08592935429267479
5394 0.08141291254532294
5496 0.07370948226000362
5760 0.0699701362985189
5830 0.06836029099778416
5844 0.04344771733158262
6036 0.08941128458785122
6044 0.029649802523855587
6109 0.044208975991097445
6120 0.18129600778355257
6235 0.03678184325481586
6417 0.14024868082023528
6563 0.03665314380911725
6895 0.07845670746207868
7039 0.05688091474665376
7163 0.06836029099778416
7242 0.026280133783554607
7401 0.040034075578832255
7466 0.03195123513829505
7491 0.026423422791411147
7533 0.039574410883414055
7566 0.03730621038349903
7571 0.04586457108074347
7717 0.03506003240635159
7851 0.03942380490386608
8074 0.04235276426073721
8345 0.05358763098070301
8665 0.07987315088384984
8673 0.19275726310393346
8744 0.020764293518591378
8870 0.04917748446133442
8970 0.11142743246183444
9496 0.07652597821970396
9533 0.05109987931706238
9722 0.0432604553112767
9765 0.032755741664508085
9783 0.027082980963732052
9827 0.02154970601585289
10333 0.06043200259451753
10374 0.05770413739918429
10483 0.07174122276749917
10531 0.046301533918290484
10553 0.2804714604922478
10583 0.04674956027341176
10616 0.04382829319911497
10624 0.05199230853329355
10657 0.054315612009062944
10797 0.04382829319911497
10999 0.010823468777991403
11000 0.07175149389997716
11094 0.07478230137451297
11135 0.08765658639822994
11325 0.03614750667348619
11405 0.09931429917318216
11482 0.398135067389087
11747 0.20744074093796502
11849 0.0432604553112767
11957 0.06293276053337853
12011 0.06914691364598835
12042 0.07174122276749917
12255 0.14166706343391935
12303 0.07269800149385211
12404 0.06552285210385442
12582 0.07825276905658553
12667 0.0594726723440042
12726 0.060930517131628746
12850 0.06365838232696197
12945 0.14348244553499834
13480 0.13504235488334435
13503 0.06144348336066901
13596 0.052300074478166855
13754 0.022794033507016986
13786 0.02394392792981901
13832 0.08006815115766451
13874 0.018868717922855476
14044 0.05688091474665376
14062 0.04376096758407219
14113 0.05461876316007181
14163 0.014301882619058575
14170 0.026786805083098154
14198 0.044817159143295836
