10 0.025609159910954898
12 0.030119533573513966
194 0.036428292432380764
249 0.058281910937054
300 0.033292615433192486
301 0.04707921196332804
322 0.025389561972050965
326 0.02435599264461661
338 0.032404375480347546
346 0.06576818925706743
398 0.03862079069755201
473 0.05853830592664174
483 0.024064889560539957
493 0.06153897862417942
700 0.03942353413214667
822 0.06153897862417942
844 0.05007988466086572
906 0.04707921196332804
920 0.025609159910954898
939 0.05853830592664174
945 0.05130842259621605
976 0.022067924970994673
997 0.0521254642055336
1012 0.07771616227881578
1024 0.033292615433192486
1085 0.029297808301420366
1086 0.032404375480347546
1133 0.07747145737025311
1162 0.027964440168832972
1194 0.029783036107292923
1225 0.04707921196332804
1268 0.05853830592664174
1287 0.06576818925706743
1319 0.03641394303641276
1359 0.05007988466086572
1375 0.032839043241380594
1402 0.05923754520987795
1437 0.054309095293753724
1441 0.05621080335981991
1458 0.01805158941707627
1489 0.1197997117477796
1492 0.028390234669588642
1515 0.05621080335981991
1519 0.037094126622058285
1550 0.021680128752070062
1567 0.056325185483125734
1610 0.04075690226473407
1620 0.046474732671283395
1653 0.10611272632444187
1657 0.05891411185277295
1689 0.03031801188817518
1695 0.04228605226919069
1706 0.05130842259621605
1718 0.019614752006542353
1734 0.054309095293753724
1767 0.04228605226919069
1768 0.03452115336854283
1779 0.035913954806247116
1792 0.10861819058750745
1862 0.035620118000014335
1871 0.05884425601962706
1963 0.01375093660881404
2058 0.031199516367486538
2061 0.045471340703494637
2064 0.10518854241553076
2114 0.09587853214824338
2126 0.03401224674018094
2140 0.06576818925706743
2147 0.05007988466086572
2160 0.03352701893430838
2176 0.0697120990069251
2182 0.036647884287958434
2204 0.07579502972043796
2209 0.09193666032260936
2265 0.0447517093965062
2352 0.022470697668997747
2357 0.035056168938764995
2359 0.06165391661175396
2456 0.07243261959475433
2485 0.02594747660048691
2564 0.03219365080172098
2597 0.020061386707691444
2625 0.04624432515405969
2648 0.055981318830600785
2666 0.04344619312780286
2724 0.05270122403392033
2740 0.031585875975042296
2778 0.04228605226919069
2784 0.05130842259621605
2815 0.05007988466086572
2848 0.035783054388729314
2927 0.033670012460228535
2940 0.08890869038384312
2949 0.03401224674018094
2951 0.062399032734973076
2995 0.014526659806100095
3010 0.03056392082983066
3020 0.033292615433192486
3027 0.03824145737306895
3035 0.035620118000014335
3044 0.024258052799896353
3092 0.06911189392094129
3102 0.039849328632902345
3130 0.014798606747369075
3142 0.026907281271991514
3157 0.047194149950902584
3165 0.027689937041586968
3219 0.03942353413214667
3220 0.021680128752070062
3224 0.06153897862417942
3257 0.029140955468527
3286 0.05007988466086572
3308 0.032839043241380594
3321 0.01623084307827327
3422 0.04175103669896852
3432 0.02044206957751272
3475 0.045471340703494637
3496 0.033766811490995974
3512 0.02191107213810131
3521 0.03452115336854283
3542 0.06576818925706743
3631 0.05853830592664174
3678 0.05130842259621605
3721 0.059221267212518504
3722 0.03139090736712632
3734 0.01717542627049572
3783 0.05270122403392033
3847 0.0261792754026688
3865 0.018775061827708578
3893 0.03684865593536467
3915 0.058471733161878814
3928 0.024757215834063463
3951 0.05621080335981991
4025 0.08605221442746427
4109 0.03862079069755201
4150 0.02898642646695148
4161 0.041242130070606633
4191 0.036527691631846056
4262 0.02368897439660757
4279 0.04624432515405969
4287 0.03942353413214667
4289 0.039849328632902345
4333 0.04624432515405969
4358 0.03824145737306895
4364 0.04707921196332804
4404 0.022388889274513282
4459 0.03684865593536467
4477 0.028834153443934987
4526 0.04624432515405969
4532 0.03684865593536467
4535 0.09330454890972917
4549 0.05130842259621605
4569 0.036527691631846056
4609 0.04624432515405969
4660 0.0261792754026688
4683 0.06576818925706743
4725 0.04707921196332804
4747 0.02214724487284488
4808 0.018379276580529208
4817 0.046298689148460144
4827 0.08299238219369934
4858 0.08570000266088004
4967 0.0447517093965062
4970 0.046474732671283395
4997 0.029140955468527
5130 0.07066866507740473
5161 0.028390234669588642
5166 0.036216309797377166
5172 0.03219365080172098
5197 0.06658523086638497
5201 0.054309095293753724
5223 0.0168829627137978
5247 0.06858333767864741
5260 0.018159678641625272
5390 0.11818073899658459
5474 0.028104449208276677
5496 0.04344619312780286
5520 0.0523585508053376
5534 0.05621080335981991
5582 0.1184750904197559
5663 0.03515717643544538
5793 0.02445486084293341
5798 0.10863296410065239
5816 0.054323393468476616
5830 0.08058649481449738
5837 0.03401224674018094
5844 0.025609159910954898
5903 0.024064889560539957
5970 0.09985506988518116
6044 0.01747632742974287
6070 0.05130842259621605
6097 0.0375218260660805
6109 0.013028932302878484
6154 0.021604270113509298
6182 0.036527691631846056
6235 0.043360257504140125
6237 0.04029324740724869
6245 0.012929750729963066
6254 0.05130842259621605
6271 0.03046724966606739
6304 0.028684071475821422
6417 0.0275553478603203
6443 0.035056168938764995
6519 0.020392542039697367
6606 0.027430796373216305
6670 0.06153897862417942
6705 0.04228605226919069
6720 0.02263626490447345
6723 0.02583348074639731
6729 0.03862079069755201
6752 0.024655453887128576
6775 0.016835006230114268
6789 0.022975498602826397
6813 0.07112152407485019
6831 0.03942353413214667
6851 0.02898642646695148
6852 0.05621080335981991
6857 0.05853830592664174
6859 0.035913954806247116
6861 0.03426359665741609
6862 0.05649272638197386
6907 0.05007988466086572
6919 0.05270122403392033
6978 0.047986785595159766
6982 0.04175103669896852
6992 0.041242130070606633
7099 0.01192664637960149
7149 0.05130842259621605
7163 0.04029324740724869
7201 0.04850628687924622
7245 0.06369911448517901
7342 0.10518854241553076
7374 0.03139090736712632
7401 0.047194149950902584
7468 0.013469962937423184
7484 0.04624432515405969
7491 0.0155746193636767
7551 0.075043652132161
7572 0.033063364076823004
7580 0.011956576147130391
7598 0.020258815633304176
7616 0.02517449214992186
7663 0.04624432515405969
7669 0.05130842259621605
7736 0.03942353413214667
7751 0.06278181473425264
7865 0.014838041640568981
7941 0.030291942735654814
7959 0.10356346010562849
8015 0.036216309797377166
8087 0.025720717304056884
8115 0.03588921763899233
8204 0.039014441823634005
8222 0.05853830592664174
8228 0.06576818925706743
8244 0.02222717259596078
8247 0.06957046238149199
8250 0.04245019784292359
8293 0.01930704483014459
8345 0.031585875975042296
8389 0.07884706826429334
8401 0.02387523857538866
8419 0.04407853926579036
8447 0.035620118000014335
8484 0.029457055926386474
8538 0.05130842259621605
8585 0.06093449933213478
8627 0.06576818925706743
8669 0.024064889560539957
8673 0.09738505846963962
8739 0.0299499279369449
8870 0.02898642646695148
8930 0.06576818925706743
8996 0.011459093963313705
8997 0.024717809544840073
9051 0.04898092002939421
9053 0.05853830592664174
9126 0.044135849941989345
9134 0.04683134022088819
9150 0.026658923900129635
9204 0.057201756820370986
9316 0.09415842392665608
9317 0.16419521620690294
9319 0.06576818925706743
9386 0.03684865593536467
9428 0.041242130070606633
9434 0.05270122403392033
9477 0.05130842259621605
9489 0.03352701893430838
9496 0.04510630555373447
9497 0.03406292776790006
9533 0.030119533573513966
9645 0.05064888814139341
9765 0.07722817932057836
9784 0.028684071475821422
9827 0.012701930073386922
9902 0.01444072418243736
9906 0.022975498602826397
9921 0.03824145737306895
9932 0.023237366335641697
10003 0.024554675162782626
10040 0.02214724487284488
10043 0.054309095293753724
10047 0.04624432515405969
10048 0.02506859766853235
10162 0.027689937041586968
10228 0.03862079069755201
10234 0.02629713560388269
10259 0.041242130070606633
10268 0.03352701893430838
10271 0.03684865593536467
10361 0.02214724487284488
10362 0.02116035133916295
10438 0.035334332538702364
10445 0.022804502694102387
10499 0.020460053711161278
10553 0.033063364076823004
10613 0.031987099164489156
10614 0.09533626136728499
10616 0.02583348074639731
10624 0.030645553440869788
10727 0.04175103669896852
10749 0.0652388906049533
10806 0.028390234669588642
10887 0.029457055926386474
10930 0.0168829627137978
10984 0.05621080335981991
10999 0.012759240749585909
11000 0.08458421265776027
11003 0.06212921934302905
11048 0.041242130070606633
11087 0.0375218260660805
11098 0.0260627321027668
11200 0.02528147274750196
11207 0.04898092002939421
11213 0.02116035133916295
11221 0.06576818925706743
11246 0.020192589907163404
11255 0.0129957668796197
11327 0.04029324740724869
11328 0.03082695830587698
11359 0.017527332503637773
11369 0.036216309797377166
11425 0.03824145737306895
11438 0.036216309797377166
11482 0.16246430475368645
11587 0.04175103669896852
11600 0.0652388906049533
11658 0.09597357119031953
11705 0.03824145737306895
11733 0.05182429583057198
11776 0.045471340703494637
11815 0.05034898429984372
11856 0.04029324740724869
11887 0.054309095293753724
11923 0.06576818925706743
11955 0.027689937041586968
11957 0.037094126622058285
12000 0.05130842259621605
12011 0.04075690226473407
12017 0.02898642646695148
12023 0.04160865288373968
12064 0.027166090514354063
12170 0.04228605226919069
12173 0.029140955468527
12223 0.04707921196332804
12231 0.02653692816057028
12333 0.025498783041517464
12335 0.02222717259596078
12358 0.05130842259621605
12378 0.02905331961220019
12407 0.025720717304056884
12413 0.021233038161726336
12431 0.04344619312780286
12513 0.022307717527682267
12558 0.02898642646695148
12561 0.04624432515405969
12611 0.01936786434256328
12657 0.04624432515405969
12665 0.04029324740724869
12666 0.04931090777425715
12764 0.020258815633304176
12807 0.03347949941327031
12810 0.027422473237589094
12822 0.04029324740724869
12834 0.008645844026133775
12865 0.012929750729963066
12881 0.027422473237589094
12982 0.03824145737306895
13020 0.04407853926579036
13079 0.014957248844668068
13246 0.054309095293753724
13261 0.03101157404264326
13336 0.03344817975031055
13464 0.025720717304056884
13480 0.015919461243804382
13487 0.03452115336854283
13503 0.036216309797377166
13586 0.05270122403392033
13596 0.06165391661175396
13754 0.013435367493346721
13784 0.04898092002939421
13787 0.018159678641625272
13806 0.023969633037060845
13822 0.01712610931419092
13832 0.023597074975451292
13859 0.04898092002939421
13874 0.011121689337862051
13875 0.029297808301420366
13902 0.09415842392665608
13912 0.020061386707691444
13919 0.09330454890972917
13948 0.019552480079329557
13962 0.10861819058750745
13970 0.04228605226919069
13993 0.03352701893430838
14040 0.024258052799896353
14062 0.038690696043908714
14072 0.04685131875802297
14074 0.039849328632902345
14083 0.030119533573513966
14090 0.024859980377897
14170 0.12631044703984728
14171 0.044615435055364534
14226 0.05853830592664174
