68 0.06621672762096692
79 0.03758791174395323
210 0.0652720620803155
321 0.0630864441652671
337 0.0426575611642259
483 0.046850719666702255
854 0.07050770681539287
917 0.0474174535780247
981 0.060374869298276554
1319 0.02363082299998942
1672 0.07050770681539287
1674 0.07111392040300586
1689 0.029512304061302553
1722 0.09535848263676054
1942 0.04009809672459212
2295 0.19071696527352108
2352 0.04374706788314933
2456 0.07050770681539287
2462 0.051663406928944944
2693 0.042809671591582665
2831 0.14347757923255544
2848 0.034832111856720714
3110 0.08029222280595864
3165 0.10781628352462862
3170 0.0677216120588962
3227 0.056135758962451036
3323 0.22556660819807134
3512 0.0426575611642259
3644 0.11980713349394326
3728 0.04880478835571279
3852 0.04942965756898465
3897 0.1398381342675353
3914 0.057348456386705195
3928 0.0481985747680998
3956 0.038308933536188604
3974 0.06879062977688712
4052 0.05390814176231431
4784 0.055271515891675026
4788 0.15688978201948822
4808 0.03578168653485561
4827 0.03231473656130568
4997 0.056733056349217624
5087 0.14222784080601172
5260 0.03535416238399293
5661 0.05444255805497512
5663 0.03422286674755228
5668 0.07844489100974411
5921 0.21886795564350456
6044 0.03402378037740767
6109 0.025365371128879807
6496 0.07518886939935712
6567 0.06824908709457556
7316 0.24149947719310622
7580 0.02327765501826038
8250 0.08264414901766279
8264 0.03535416238399293
8328 0.11396527517125289
8411 0.06745752673244476
8419 0.08581428480126944
8744 0.011913734700259207
8840 0.08712484577445918
8885 0.08712484577445918
8886 0.130544124160631
8923 0.0630864441652671
8981 0.04611886939497952
8995 0.04342977006664359
8997 0.03208123776749371
9001 0.09003074410618926
9011 0.0652720620803155
9099 0.11641272650121698
9500 0.04901094898027538
9555 0.09749800144665019
9905 0.03249768056533753
10234 0.05119656689532377
10362 0.0411960207066833
10386 0.04311735394908592
10516 0.04871227499706015
10568 0.0737377774355369
10569 0.05555552957173146
10598 0.051900914280900524
10616 0.05029390063976067
10628 0.04077731211797402
10655 0.22786574676359264
10908 0.29966933995878353
10930 0.0328685885408975
10950 0.0791412433778255
10999 0.037260483370284
11000 0.016467273724602702
11134 0.09003074410618926
11208 0.09342305245029894
11359 0.03412307958310808
11438 0.07050770681539287
11576 0.0426575611642259
11623 0.14222784080601172
11902 0.23961426698788652
12007 0.060374869298276554
12064 0.013222072845237938
12166 0.12804077035624462
12280 0.07934755726530722
12288 0.23065317772514402
12299 0.11396527517125289
12537 0.25608154071248923
12877 0.027838149564885083
12919 0.057348456386705195
13336 0.021706191349863884
13608 0.050515833418204655
13912 0.039056501896793654
14062 0.02510832153073163
14084 0.07518886939935712
