11 0.02637855906375643
79 0.024809620681964743
194 0.02340524210955295
300 0.04278112821898106
319 0.04504730069180249
321 0.04163973674770615
326 0.031297536425782264
556 0.06525135331165063
941 0.06294065494091564
961 0.04370585698582861
1008 0.03648155165231385
1012 0.12483192818723289
1024 0.04278112821898106
1099 0.029860097674554897
1101 0.06883086282838279
1117 0.040337426648802376
1319 0.031194696796461398
1335 0.08451235508916007
1458 0.023196356049527928
1461 0.022990675528975803
1489 0.038485763000231106
1550 0.02785904188895944
1567 0.07237806194430384
1653 0.13635522747262516
1656 0.03705198884257405
1662 0.05942412087707726
1674 0.046938212540893115
1688 0.07907780451401138
1767 0.1086754525268794
1862 0.04577197722395106
1940 0.026032649519899104
1943 0.04735065280261121
1952 0.06294065494091564
1976 0.04735065280261121
2064 0.033791911972767374
2105 0.039612750116653814
2114 0.030801062967797367
2176 0.08958029302366469
2204 0.13635563261389694
2340 0.07612045446194798
2425 0.024966385637446575
2456 0.046538085785691005
2526 0.06978737894237416
2597 0.025778952654366777
2599 0.048670069797136485
2648 0.023978730694453537
2693 0.028256204306894142
2730 0.027473310206454472
2743 0.04540474189850653
2744 0.039612750116653814
2828 0.06593150394588562
2829 0.07522192951752285
2848 0.022990675528975803
2897 0.05506240279558827
2927 0.021633042364698356
2940 0.1142479806287825
2949 0.04370585698582861
2955 0.04540474189850653
2965 0.04723487041993188
3092 0.1243326383206547
3128 0.05299628255746582
3137 0.028769801659336777
3191 0.07223108051255285
3193 0.047776188571868314
3206 0.10599256511493164
3236 0.029860097674554897
3324 0.21669324153765857
3432 0.013134065742173545
3496 0.04339047182523917
3512 0.056311609908598174
3519 0.031297536425782264
3633 0.0234242249797834
3648 0.05240897684724777
3691 0.04914040756097728
3763 0.0832794734954123
3790 0.10516496463798493
3890 0.03870370684123943
3928 0.03181310963890511
3931 0.047776188571868314
3940 0.03234931117606894
3984 0.01691406285198667
4029 0.04402884251571721
4079 0.03575687512016528
4086 0.06294065494091564
4150 0.0372476602140538
4161 0.05299628255746582
4319 0.061663188687679005
4383 0.024126020648101282
4404 0.028769801659336777
4515 0.08451235508916007
4535 0.08992250575051644
4542 0.030801062967797367
4564 0.05664107837424843
4762 0.08383220445492505
4795 0.04370585698582861
4808 0.07085230562989782
4817 0.11898795760313063
4824 0.08616467508880916
4827 0.14930370524156847
4842 0.09229911711201456
4850 0.05299628255746582
4885 0.042486539417722735
4892 0.05120652779909974
4970 0.05972019534910979
4985 0.027664788475788345
4991 0.11545728900069333
5210 0.04278112821898106
5211 0.042486539417722735
5223 0.02169466661532275
5247 0.014688305122816318
5262 0.05237276311604179
5384 0.0543377262634397
5390 0.10847333307661376
5409 0.06593150394588562
5417 0.08805768503143442
5551 0.021329100748795495
5685 0.02805615207219516
5689 0.015364242507076156
5798 0.06979687095061494
5829 0.046538085785691005
5870 0.048670069797136485
5970 0.06415705844206795
6154 0.055523126541873684
6182 0.046938212540893115
6200 0.060496953370736954
6235 0.02785904188895944
6251 0.07223108051255285
6304 0.036859132984370074
6417 0.03540871915865416
6488 0.06497356324233029
6528 0.029087680216063984
6606 0.035248670058566085
6681 0.025447991372442788
6724 0.0584308331326145
6729 0.04962785222043959
6752 0.03168234517828859
6813 0.05483484552328692
6821 0.027761563270936842
6851 0.0744953204281076
7099 0.015325782650271347
7163 0.05177696498935994
7167 0.044359803797641206
7195 0.04735065280261121
7201 0.012466149933890735
7245 0.027284528903959004
7338 0.04219828635324037
7342 0.033791911972767374
7484 0.05942412087707726
7580 0.06145697002830462
7604 0.03441543141419139
7627 0.02569544303281438
7663 0.05942412087707726
7866 0.07907780451401138
8027 0.03558166673113345
8078 0.036859132984370074
8170 0.07223108051255285
8202 0.028980880839042707
8250 0.036365769269634515
8433 0.019168862179535163
8669 0.030923467936335568
8673 0.020856690584347557
8691 0.03008921865386205
8744 0.015727143387610044
8795 0.022990675528975803
8824 0.08451235508916007
8897 0.05299628255746582
8996 0.014724976146785897
8997 0.23292479773426863
9011 0.04308233754440458
9026 0.0584308331326145
9099 0.07683735150604944
9126 0.02835736139761869
9134 0.03008921865386205
9150 0.03425681120908379
9204 0.024501486401130153
9251 0.05013369530544006
9257 0.07522192951752285
9402 0.034575951307616246
9496 0.057961761678085415
9497 0.021885491142572638
9515 0.04308233754440458
9560 0.08451235508916007
9604 0.06435282836722549
9645 0.0433893332306455
9765 0.12404810340982372
9783 0.020512998653152453
9820 0.10026739061088012
9821 0.044359803797641206
9860 0.08451235508916007
9957 0.03806022723097399
9964 0.09470130560522241
10054 0.05582851135732823
10156 0.021881257808350783
10303 0.061663188687679005
10361 0.028459287751172374
10438 0.09080948379701306
10445 0.08791159910679396
10460 0.026291241159496232
10469 0.07223108051255285
10558 0.06294065494091564
10567 0.026861657615026378
10614 0.07350445920339047
10672 0.08168653946760568
10848 0.08451235508916007
10888 0.05299628255746582
10924 0.022990675528975803
10999 0.00819783467568411
11000 0.12499466322841966
11003 0.0399181329594394
11048 0.05299628255746582
11098 0.033490702647343835
11188 0.0584308331326145
11255 0.050098818787306466
11317 0.05774985146939947
11460 0.07522192951752285
11482 0.046392712099055856
11581 0.04370585698582861
11634 0.034902876073653694
11733 0.022198134290321442
11856 0.10355392997871989
11861 0.040337426648802376
11875 0.032907860781603154
11912 0.039849981989340075
11913 0.0584308331326145
11957 0.023833041750262105
12064 0.008727130524148648
12175 0.12250743200565078
12194 0.08451235508916007
12335 0.028561995157195624
12390 0.048670069797136485
12552 0.04504730069180249
12582 0.029634827650855313
12614 0.061846935872671135
12667 0.06756805220180369
12668 0.04339047182523917
12807 0.06453191218848046
12818 0.05237276311604179
12834 0.011109940058196027
12859 0.06593150394588562
12903 0.02169466661532275
12918 0.06593150394588562
12942 0.05942412087707726
12957 0.036296676295030326
12963 0.04163973674770615
12968 0.04110353521054233
13155 0.05120652779909974
13255 0.057506104365766954
13271 0.05237276311604179
13336 0.014327009638328723
13349 0.04735065280261121
13407 0.07907780451401138
13541 0.08451235508916007
13555 0.08451235508916007
13585 0.050659380364308414
13676 0.026118293587016946
13786 0.03627087889869228
13806 0.12320425187118947
13816 0.07081743831730831
13824 0.039849981989340075
13827 0.03207852922103398
13832 0.060644649090033184
13858 0.03575687512016528
13865 0.0543377262634397
13872 0.02435003562700385
13875 0.0376477869692559
13965 0.0372476602140538
14072 0.040136073198923435
14170 0.04057734245190204
14171 0.08599648703535984
14189 0.03334259892053171
