12 0.024235435039796676
124 0.03941209456861342
135 0.049516833161494946
249 0.023448030213726125
250 0.04710236654768205
313 0.024804658534074358
322 0.020429502281656502
474 0.04710236654768205
506 0.03721011600312422
543 0.03546743419574668
567 0.03658814042064323
599 0.028661435071437077
700 0.031721822589544785
762 0.025575183651188844
837 0.04710236654768205
870 0.03941209456861342
907 0.027569921326763842
920 0.10303099978803944
962 0.05878341346399863
968 0.016910737717191125
971 0.0362944178887965
978 0.049516833161494946
994 0.01750622354721573
997 0.02097116309236844
1002 0.018556696478555554
1012 0.1250673419529183
1045 0.023448030213726125
1064 0.02607391429360439
1133 0.015584192795951865
1217 0.02678862926833613
1274 0.027777162216678045
1319 0.009766726619984178
1375 0.026423666133575573
1397 0.03176793715392598
1451 0.023201164487239034
1458 0.014525062999891356
1461 0.12956643223611286
1479 0.051808712827154185
1489 0.07229688977661054
1492 0.02284396889546939
1493 0.02678862926833613
1550 0.017444737341061087
1567 0.030214398253081004
1604 0.014396270248456985
1605 0.03788190080955957
1611 0.03047615877696893
1614 0.06895780249480954
1647 0.03658814042064323
1653 0.17076546550463076
1655 0.01906113847172067
1718 0.031565697849604404
1727 0.04522956074458111
1773 0.03600909500645862
1779 0.028897868441574593
1792 0.04369936698552725
1830 0.023201164487239034
1862 0.028661435071437077
1871 0.015782848924802202
1928 0.05828231179830221
1940 0.06520435770571321
1952 0.03941209456861342
1963 0.011064578078736634
2070 0.04369936698552725
2114 0.1542957451129423
2126 0.027367674682520736
2176 0.11218653455217485
2204 0.048790277967503695
2359 0.07441397560222307
2361 0.03788190080955957
2371 0.020786697873426147
2425 0.015633417744114787
2485 0.020878423700117704
2563 0.04128490037171437
2565 0.016354717913066356
2597 0.016142229864742664
2648 0.030029938603348377
2674 0.03242163022536153
2693 0.017693431969190328
2743 0.02843148014978998
2778 0.034025124272196845
2909 0.03139264982715654
2915 0.03359462839264573
2929 0.022614013973822296
2940 0.03576982334424042
2965 0.05915493512656079
2969 0.049609317068148716
3010 0.012296503795865896
3027 0.06154134848935107
3092 0.17795301500378488
3130 0.011907577241526229
3137 0.018015035667843612
3170 0.11195860106000693
3183 0.049516833161494946
3188 0.029649968019778993
3206 0.03318514085848843
3216 0.027989650265001734
3241 0.027777162216678045
3321 0.026120028857985596
3432 0.0082242716029386
3450 0.04240560659661091
3454 0.023448030213726125
3507 0.04240560659661091
3512 0.07052225615103375
3521 0.027777162216678045
3544 0.019677402703452102
3633 0.044003248979518954
3648 0.1312695302384123
3666 0.03951543495044231
3702 0.03279470629415412
3703 0.04710236654768205
3721 0.03176793715392598
3734 0.027640131056043644
3756 0.019757717475221155
3760 0.05357725853667226
3771 0.03941209456861342
3774 0.04710236654768205
3783 0.04240560659661091
3790 0.016463013991147597
3878 0.04522956074458111
3890 0.0969417401591867
3894 0.04710236654768205
3915 0.06273173242652404
3942 0.07093486839149336
3984 0.010591225103833852
3989 0.049516833161494946
4017 0.09045912148916221
4028 0.044780383840522936
4029 0.027569921326763842
4086 0.03941209456861342
4149 0.03279470629415412
4150 0.04664737944636684
4289 0.032064434633591876
4333 0.14884046401249687
4358 0.030770674244675535
4376 0.034025124272196845
4389 0.04369936698552725
4404 0.018015035667843612
4428 0.026423666133575573
4441 0.03658814042064323
4452 0.08927098512448613
4498 0.03788190080955957
4535 0.07507673810751697
4589 0.030191628830490928
4590 0.02678862926833613
4593 0.025738156336996307
4596 0.049516833161494946
4624 0.023702377848087895
4627 0.040296367423372455
4660 0.021064938700387222
4665 0.04128490037171437
4720 0.025738156336996307
4723 0.031721822589544785
4734 0.021352721051324682
4747 0.03564119697380035
4808 0.014788733781640197
4817 0.05588078931633683
4824 0.05395448023637286
4827 0.09349079312804934
4842 0.11559147376629837
4843 0.030770674244675535
4845 0.03600909500645862
4850 0.03318514085848843
4906 0.0349586220751188
4928 0.07600226874104642
4970 0.01869775575869581
4974 0.019440969333314587
4997 0.023448030213726125
5049 0.022280480167115282
5087 0.029391706731999315
5146 0.03788190080955957
5161 0.04568793779093878
5166 0.029141155899151106
5181 0.05686296029957996
5192 0.03721011600312422
5211 0.02660416404939384
5223 0.013584737131831346
5247 0.018395006251412997
5390 0.12226263418648212
5417 0.027569921326763842
5496 0.0349586220751188
5498 0.0349586220751188
5520 0.021064938700387222
5533 0.0349586220751188
5551 0.013355827589721333
5561 0.04240560659661091
5685 0.017568163530213638
5798 0.13111593203540273
5830 0.03242163022536153
5844 0.06181859987282365
5970 0.14060823166326583
6054 0.025104434315085484
6155 0.027367674682520736
6235 0.05233421202318327
6297 0.030191628830490928
6299 0.03546743419574668
6310 0.011939308204096248
6412 0.02217218408903404
6434 0.032064434633591876
6486 0.059299936039557986
6488 0.020342529175859044
6528 0.05464225330352537
6540 0.04710236654768205
6606 0.022071964759028437
6676 0.03600909500645862
6705 0.034025124272196845
6720 0.01821408443450846
6723 0.020786697873426147
6752 0.019838808247138944
6755 0.025904356413577093
6775 0.013546149341545266
6808 0.04369936698552725
6813 0.034336409741014574
6821 0.01738369831127135
6831 0.06344364517908957
6851 0.11661844861591711
6861 0.055139842653527685
6862 0.022728203893158817
6866 0.016037969771159788
7025 0.01869775575869581
7099 0.009596677945558761
7170 0.023964675120365934
7201 0.01561207396275842
7206 0.0376824528500671
7233 0.025104434315085484
7242 0.012464030906934799
7321 0.03546743419574668
7338 0.026423666133575573
7351 0.031721822589544785
7401 0.03797438471621333
7402 0.029649968019778993
7418 0.016142229864742664
7422 0.02905012599978271
7466 0.030307393832801503
7491 0.012531989412673666
7572 0.02660416404939384
7574 0.049516833161494946
7580 0.009620760686911062
7598 0.016301089426428304
7616 0.04051289623527342
7627 0.016089937922355007
7633 0.013623503157346898
7649 0.0200033788062692
7668 0.03107590168524997
7693 0.013469501963150103
7718 0.017693431969190328
7736 0.06344364517908957
7751 0.025258435509282275
7865 0.023878616408192496
8115 0.014438981941669017
8124 0.06773074670772633
8131 0.028207658096229157
8170 0.04522956074458111
8202 0.01814720894439825
8244 0.03576982334424042
8250 0.011385734219485395
8306 0.020695963696715378
8344 0.06629090297717512
8345 0.02541531539656255
8389 0.031721822589544785
8401 0.019211014411667494
8433 0.01200313231093249
8447 0.1433071753571854
8490 0.03359462839264573
8542 0.04710236654768205
8673 0.16978018757690638
8679 0.049516833161494946
8688 0.015153696916400752
8691 0.01884122642503355
8744 0.00492400073583992
8795 0.043188810745370954
8875 0.022065267616380845
8895 0.03359462839264573
8976 0.02332368972318342
8995 0.017949721489169883
8996 0.009220465738122489
8997 0.059666946643239335
9051 0.03941209456861342
9094 0.011781839614848024
9099 0.06415187908463915
9134 0.01884122642503355
9178 0.04240560659661091
9204 0.0306846155325021
9250 0.030191628830490928
9257 0.04710236654768205
9317 0.026423666133575573
9409 0.034406400790906164
9489 0.02697724011818643
9496 0.01814720894439825
9513 0.04369936698552725
9521 0.03546743419574668
9528 0.04689606042745225
9533 0.04847087007959335
9584 0.024098963258870176
9589 0.03139264982715654
9645 0.013584737131831346
9647 0.017756774380063935
9652 0.024928061813869598
9664 0.06718925678529146
9708 0.059876926789833834
9722 0.020517386117160523
9765 0.06214101950142797
9783 0.06422400939129179
9902 0.005809804989125712
9911 0.028661435071437077
9918 0.0245152219346635
9921 0.030770674244675535
9959 0.029391706731999315
9974 0.08742346769745332
10013 0.03359462839264573
10068 0.016142229864742664
10070 0.030770674244675535
10085 0.0386121724701218
10156 0.041104729661574746
10207 0.06344364517908957
10361 0.03564119697380035
10362 0.017026502719501697
10387 0.07822174288081318
10445 0.05504836676592407
10451 0.018987192358106666
10460 0.016463013991147597
10494 0.04240560659661091
10516 0.030199507202985906
10519 0.027777162216678045
10553 0.05320832809878768
10558 0.03941209456861342
10564 0.03318514085848843
10567 0.06728078639708757
10583 0.02217218408903404
10614 0.0306846155325021
10616 0.020786697873426147
10638 0.030191628830490928
10664 0.028897868441574593
10856 0.02541531539656255
10903 0.03107590168524997
10999 0.010266618159573294
11000 0.05785099255663162
11003 0.03749382412711091
11020 0.05597930053000347
11030 0.040296367423372455
11048 0.06637028171697686
11052 0.02541531539656255
11098 0.02097116309236844
11138 0.021855435947127477
11169 0.028207658096229157
11201 0.040296367423372455
11213 0.051079508158505094
11259 0.020695963696715378
11262 0.03526112807551687
11287 0.049516833161494946
11317 0.01808086211981702
11386 0.027367674682520736
11458 0.049516833161494946
11460 0.04710236654768205
11482 0.11620050399913084
11511 0.020695963696715378
11520 0.026246968457624188
11576 0.017630564037758437
11623 0.05878341346399863
11648 0.029391706731999315
11660 0.03600909500645862
11694 0.02843148014978998
11705 0.030770674244675535
11733 0.06949998921350609
11734 0.06278529965431308
11856 0.06484326045072306
11875 0.020606199957607884
11880 0.02332368972318342
11911 0.06558941258830824
11912 0.0499064161374157
11930 0.022501356851422294
11957 0.044771225984260976
12010 0.02697724011818643
12041 0.01821408443450846
12057 0.016089937922355007
12064 0.021858971366170894
12151 0.03600909500645862
12175 0.07671153883125525
12220 0.029916429434837865
12231 0.021352721051324682
12238 0.031721822589544785
12273 0.049516833161494946
12303 0.03447890124740477
12315 0.03721011600312422
12329 0.0349586220751188
12333 0.020517386117160523
12335 0.01788491167212021
12378 0.011688757371248044
12414 0.03139264982715654
12417 0.02843148014978998
12418 0.03658814042064323
12476 0.040296367423372455
12485 0.049516833161494946
12564 0.04710236654768205
12582 0.03711339295711111
12626 0.03658814042064323
12641 0.027777162216678045
12657 0.03721011600312422
12666 0.07935523298855578
12667 0.05641289594024372
12712 0.030191628830490928
12797 0.031721822589544785
12807 0.09428651374205073
12818 0.06558941258830824
12834 0.01391361461479188
12847 0.02495320806870785
12877 0.011505633824373607
12881 0.04413053523276169
12945 0.034025124272196845
12956 0.026246968457624188
12957 0.022728203893158817
12968 0.025738156336996307
13112 0.015153696916400752
13155 0.032064434633591876
13219 0.030770674244675535
13324 0.031721822589544785
13336 0.02691380281701752
13344 0.027989650265001734
13400 0.04710236654768205
13540 0.031721822589544785
13583 0.04128490037171437
13591 0.034025124272196845
13596 0.2232419268066692
13674 0.028207658096229157
13775 0.022728203893158817
13806 0.05786090441735337
13816 0.02217218408903404
13822 0.013780383044627175
13827 0.020086890237609404
13832 0.05696157707432
13842 0.02465869260100124
13874 0.017897951760951436
13879 0.03658814042064323
13903 0.04128490037171437
13918 0.01814720894439825
13919 0.018769184526879243
13948 0.01573274233058536
13965 0.02332368972318342
13968 0.03941209456861342
14014 0.044780383840522936
14060 0.020695963696715378
14072 0.02513235227713614
14074 0.032064434633591876
14083 0.024235435039796676
14090 0.0400067576125384
14163 0.006783036511893612
14170 0.03811299849577265
14171 0.08974860744584942
