997 0.10575720218643009
1012 0.07883904740748193
1395 0.17886163932597895
1871 0.07959262619180159
2114 0.09726383701599221
2182 0.07435478546654488
2579 0.22809186974511597
2740 0.12816898315021377
3036 0.1306352082940488
3084 0.21385071924351245
3092 0.11217673588576955
3721 0.08010257079771052
3734 0.06969434445953991
4262 0.09612498202309473
4808 0.07457932122016482
4817 0.09393527527991925
4827 0.06735320080016306
4970 0.09429244946955177
5161 0.11520172851537475
5197 0.1350945805604709
5247 0.04638284454664502
5262 0.16538312009301856
5390 0.13701517509283132
5582 0.1201868825778973
6050 0.15831257428666723
6102 0.16071973151195793
6245 0.10493253407026214
6271 0.1236298278435926
6443 0.14225071768070854
6813 0.05771930104436363
7047 0.1694171129970343
7201 0.03936570554901141
7580 0.04851732489378112
7865 0.06020971875261436
7963 0.1738764852634564
7965 0.10768139218168414
8122 0.1236298278435926
8344 0.08357596093262691
8673 0.13172284059221404
8744 0.02483164806323294
8795 0.07260013460820422
8870 0.23524190422093486
9496 0.09151605168482657
9652 0.06285588600292301
9765 0.15668802761528666
9911 0.1445391068894156
10752 0.1236298278435926
10979 0.19472049846705938
10980 0.16350170411888143
10999 0.025887186316050987
11003 0.18908068767994554
11097 0.1478185123833855
11356 0.07457932122016482
11359 0.07112230751814491
11371 0.08986896096135615
11849 0.10346881297772308
12057 0.0811412705402516
12064 0.027558600877039353
12182 0.11074235624895262
12513 0.09052012596340246
12807 0.06792645864195139
12834 0.03508305541947004
12881 0.11127475182587643
13336 0.045241942846123984
13480 0.06459789690587843
13614 0.0992327915741636
13631 0.16170037310769728
13666 0.12153064275100468
13754 0.054517955786071236
13872 0.07689273253441463
13874 0.04512952607275108
13884 0.1306352082940488
14062 0.05233296018385041
14170 0.06406772433325111
