99 0.13496371630084425
968 0.0862563575973285
971 0.04628160433563426
994 0.04464687181956446
1117 0.06441767006482774
1131 0.07309648562112306
1194 0.061118137524677776
1319 0.024908501272309737
1461 0.03671542470191374
1479 0.0660649898161064
1624 0.10529064992275722
1625 0.07309648562112306
1652 0.0904541167337137
1653 0.1905358357386943
1657 0.060449189555263697
2105 0.06326038320669208
2114 0.19675352413334615
2176 0.1907427498387646
2452 0.10529064992275722
2617 0.05855932224713179
2692 0.0673894076404814
2693 0.045124317477498614
2940 0.04561265636622018
3010 0.03136030037101451
3036 0.0660649898161064
3092 0.11346029926658042
3184 0.050184123027647694
3257 0.059800515887962924
3461 0.0904541167337137
3648 0.04184778826342704
3722 0.06441767006482774
3760 0.06832018875684116
3890 0.06180866814563644
3915 0.07999371221075498
3928 0.05080458945231265
3992 0.05470710814432607
4262 0.04861243795879847
4532 0.0756175835446702
4569 0.07495892871941014
4590 0.06832018875684116
4593 0.06564112264135616
4824 0.06880121108666196
4827 0.03406193922031394
4855 0.12628490074454893
4870 0.09847427746474897
4928 0.03876636832981914
5247 0.023456786211254087
5497 0.10814883501535545
5613 0.04805158684584788
5798 0.1114635260102187
5844 0.052552874451437886
5962 0.04312817879866425
6109 0.026736833458428175
6155 0.0697969530809731
6245 0.02653330172339885
6310 0.030449329152279603
6315 0.028145538606440795
6417 0.05654667086325027
6579 0.06216247112409297
6696 0.06078105035562668
6804 0.25256980148909786
6813 0.058379744411711974
6831 0.08090152300514991
6922 0.25256980148909786
7201 0.039816140995394406
7206 0.09610317369169576
7245 0.04357258077249384
7491 0.03196086942696261
7566 0.045124317477498614
7588 0.0719391987629874
7598 0.041573366647471695
7693 0.03435184784429303
7716 0.061118137524677776
7732 0.0660649898161064
7792 0.14276640810458757
7833 0.07031275136134495
7851 0.04768568745969115
7901 0.07847576863726842
8074 0.05122845662706288
8092 0.10814883501535545
8124 0.03454732493672732
8153 0.08793301881016657
8204 0.08006201960858911
8447 0.14619297124224612
8870 0.05948340500860798
8931 0.04312817879866425
8961 0.06784973920710978
8976 0.05948340500860798
8995 0.045777943618874196
9001 0.09489855279763262
9011 0.06880121108666196
9099 0.0818046426389778
9242 0.08006201960858911
9385 0.06180866814563644
9386 0.0756175835446702
9496 0.27768962601380554
9528 0.059800515887962924
9652 0.06357510387733085
9722 0.052326368709661994
9765 0.039620225986126
9827 0.026065788130445387
9882 0.11144836755550541
10087 0.09489855279763262
10445 0.046797402616006116
10495 0.05101547384637014
10614 0.11738443412572477
10616 0.053013206018066264
10856 0.06481776756155964
10887 0.060449189555263697
10888 0.08463348627001661
10999 0.05236679215875583
11003 0.09562210577932735
11134 0.09489855279763262
11138 0.055738854508532415
11200 0.05188042356198394
11482 0.07408778074588086
11636 0.05521676538524803
11733 0.07089951985378427
11835 0.0826862723961533
11875 0.052552874451437886
12041 0.04645215976278098
12064 0.013936967759791042
12100 0.0777246532239349
12175 0.03912814470857493
12335 0.04561265636622018
12347 0.08177530117741838
12667 0.14387222505307656
12725 0.06078105035562668
12834 0.03548448736405118
12956 0.06693876798837486
13295 0.10051435305847531
13480 0.09800557116935753
13612 0.12012718311180072
13628 0.06146061831675246
13666 0.06146061831675246
13806 0.04918838103333654
13816 0.11309334172650054
13948 0.04012388670288607
14072 0.03204805729845422
14090 0.05101547384637014
14170 0.06480080846336689
