10 0.029872431302892525
12 0.03513366704251299
194 0.04249267320567088
249 0.033992180663522754
301 0.054916698949082896
322 0.029616275912908087
326 0.028410643676711533
337 0.025558706318131143
338 0.03779887680094239
398 0.04505016646338692
473 0.0682834395373225
513 0.04026804417185431
548 0.03454954215575607
556 0.029616275912908087
566 0.0767169138827141
822 0.0717836476398661
844 0.05841690705162652
906 0.054916698949082896
920 0.05974486260578505
939 0.0682834395373225
945 0.059849965191930886
976 0.025741671143668696
995 0.029743679502319497
997 0.06080302337231667
1002 0.02690130358361472
1012 0.11331739926605654
1054 0.031240943235501244
1081 0.05304115816913244
1085 0.0341751454890603
1086 0.03779887680094239
1101 0.031240943235501244
1133 0.045184238691833765
1225 0.054916698949082896
1268 0.0682834395373225
1319 0.014158645000525279
1437 0.0633501732944745
1441 0.06556846720802913
1489 0.10480747919109792
1492 0.0331164840154517
1519 0.021634675895483426
1550 0.02528931675369156
1567 0.021900630344998746
1610 0.047541886077299894
1615 0.03779887680094239
1618 0.03229960470910984
1620 0.027105794642824765
1653 0.07736111655242037
1689 0.01768259346497286
1695 0.04932560052239607
1706 0.059849965191930886
1734 0.0633501732944745
1767 0.09865120104479214
1792 0.126700346588949
1862 0.041549958360843305
1871 0.022880107503567913
1926 0.0717836476398661
1940 0.02363139128296687
1963 0.03208023305922733
2058 0.03639343940261493
2061 0.05304115816913244
2064 0.12269974954606676
2114 0.05591993011444664
2126 0.039674417580892844
2147 0.05841690705162652
2172 0.034741151338044854
2176 0.05421158928564953
2182 0.021374410749805263
2204 0.07073037385989143
2209 0.03574725578990574
2327 0.0717836476398661
2357 0.04089212617700446
2359 0.07191771986831295
2421 0.0767169138827141
2456 0.08449080174657575
2558 0.01862087442114101
2564 0.037553071842560945
2597 0.0234010954810711
2648 0.021766926454273396
2730 0.024939165060044535
2778 0.04932560052239607
2815 0.05841690705162652
2848 0.020870009749474946
2927 0.019637605014826285
2940 0.10370971773210592
2951 0.07278687880522985
3010 0.035652033432990435
3020 0.03883498603154994
3035 0.041549958360843305
3092 0.16123452003460376
3102 0.046483224603691295
3127 0.04700104452190941
3130 0.017262197002026563
3219 0.04598654618795255
3257 0.033992180663522754
3348 0.04810789192628446
3496 0.03938812362802289
3512 0.1277935315906557
3517 0.031987615009380604
3554 0.05067887521867948
3631 0.0682834395373225
3648 0.02378737972234767
3721 0.023026698814375333
3722 0.03661669211799531
3723 0.05067887521867948
3728 0.02924187924621231
3734 0.02003469630191972
3790 0.04773226072743648
3813 0.054916698949082896
3847 0.03053745647045583
3865 0.04380126068999749
3915 0.06820578410665085
3928 0.028878660285048284
3951 0.06556846720802913
4025 0.03345923714905587
4141 0.05304115816913244
4150 0.06762385305579255
4161 0.04810789192628446
4211 0.041549958360843305
4249 0.04598654618795255
4333 0.16182847439548398
4383 0.021900630344998746
4384 0.021374410749805263
4404 0.026116067810364466
4452 0.021569085808793045
4459 0.04298301650114768
4477 0.03363430393366982
4526 0.05394282479849465
4532 0.04298301650114768
4535 0.10883737448806188
4542 0.02795996505722332
4549 0.059849965191930886
4577 0.0170799174636905
4609 0.05394282479849465
4725 0.054916698949082896
4747 0.025834195784352393
4762 0.03804975025829968
4808 0.021438956957500924
4817 0.05400623901019566
4827 0.11617019430695924
4858 0.09996686541246981
4928 0.02203581986491066
4967 0.05220172661978953
4970 0.05421158928564953
5003 0.05304115816913244
5197 0.07766997206309988
5201 0.0633501732944745
5223 0.01969354502884259
5247 0.040000356326645364
5260 0.04236560313503296
5374 0.034360903778418085
5390 0.11816127017305554
5394 0.0559753604226915
5474 0.032783122570168396
5496 0.05067887521867948
5520 0.03053745647045583
5582 0.13819816862302428
5663 0.04100994884343138
5793 0.028525970906207884
5798 0.12671757951490434
5816 0.031683425875147324
5830 0.04700104452190941
5837 0.039674417580892844
5844 0.029872431302892525
5970 0.029119597497169337
6036 0.06147463251452404
6044 0.0407713796459623
6109 0.030395833875150526
6154 0.02520082958827822
6182 0.042608619834451904
6235 0.05057863350738312
6237 0.04700104452190941
6245 0.015082224164609241
6294 0.03053745647045583
6299 0.051416490846539285
6301 0.05304115816913244
6304 0.03345923714905587
6417 0.09642782959459038
6443 0.04089212617700446
6528 0.026404625167875975
6606 0.03199732373462239
6619 0.04336930074242424
6695 0.0234010954810711
6705 0.04932560052239607
6720 0.026404625167875975
6752 0.02875995757165859
6775 0.019637605014826285
6813 0.08296144229136329
6831 0.04598654618795255
6851 0.033811926527896274
6852 0.06556846720802913
6857 0.0682834395373225
6859 0.041892711494447475
6861 0.03996761084305772
6862 0.06589732321663234
6907 0.05841690705162652
6919 0.06147463251452404
6978 0.0559753604226915
6992 0.04810789192628446
7025 0.027105794642824765
7149 0.059849965191930886
7163 0.04700104452190941
7201 0.067897614490923
7245 0.04953559398616092
7342 0.12269974954606676
7381 0.047541886077299894
7468 0.015712367914441236
7491 0.01816739590942653
7598 0.02363139128296687
7669 0.059849965191930886
7751 0.03661669211799531
7941 0.03533477792900633
7959 0.08053608834370862
8015 0.042245400873287875
8087 0.03000256015418465
8115 0.020931928110159183
8204 0.04550935045310305
8244 0.02592742943302648
8247 0.08115216842051012
8250 0.08252845357326467
8293 0.022521174937239676
8345 0.03684411802210314
8346 0.036174209478349234
8389 0.04598654618795255
8419 0.051416490846539285
8463 0.025112981324937406
8538 0.059849965191930886
8585 0.035539268988216376
8658 0.014519708042198317
8673 0.11359718472522153
8688 0.021968037340766727
8739 0.03493582639703264
8744 0.0071382338334760945
8870 0.06762385305579255
8970 0.03830590564828413
8997 0.028832693854606177
9051 0.057134992862637526
9126 0.025741671143668696
9134 0.027313781444514133
9150 0.03109695419860291
9204 0.02224146304112508
9317 0.07661181129656826
9387 0.039674417580892844
9428 0.04810789192628446
9497 0.00993338392649409
9645 0.05908063508652777
9765 0.04504234987447935
9784 0.03345923714905587
9806 0.06556846720802913
9827 0.014816477184364116
9902 0.008422368062908353
9921 0.044607683823740835
9932 0.027105794642824765
9959 0.042608619834451904
10003 0.02864240176231984
10040 0.025834195784352393
10043 0.0633501732944745
10047 0.05394282479849465
10260 0.04026804417185431
10268 0.039108411731908294
10271 0.04298301650114768
10361 0.025834195784352393
10438 0.04121659691556
10460 0.02386613036371824
10499 0.02386613036371824
10516 0.014593224468983729
10553 0.03856757017651781
10567 0.012191965729891549
10583 0.06428521972972691
10614 0.06672438912337524
10624 0.03574725578990574
10657 0.01867232029743316
10727 0.04870151851724591
10749 0.07609950051659936
10806 0.0331164840154517
10949 0.026021383039783293
10984 0.06556846720802913
10999 0.0074416643125811135
11000 0.06906572739987184
11003 0.09059018546392515
11048 0.04810789192628446
11087 0.04376825227439792
11097 0.12747801961701263
11098 0.030401511686158334
11135 0.030134095831126206
11138 0.031683425875147324
11200 0.029490192591699965
11246 0.023554140663989
11255 0.030318460635936566
11325 0.02485317931972544
11327 0.04700104452190941
11359 0.02044518593965668
11425 0.044607683823740835
11438 0.042245400873287875
11482 0.16845374597046692
11658 0.111950720845383
11733 0.020150572716981868
11815 0.029365402455550794
11911 0.047541886077299894
11957 0.06490402768645027
12000 0.059849965191930886
12011 0.047541886077299894
12023 0.04853543143145878
12064 0.023766413330618193
12117 0.02537845218250467
12175 0.02224146304112508
12219 0.042245400873287875
12223 0.054916698949082896
12335 0.02592742943302648
12360 0.06556846720802913
12378 0.03388995567422613
12407 0.03000256015418465
12413 0.02476779699308046
12513 0.026021383039783293
12558 0.033811926527896274
12582 0.02690130358361472
12611 0.022592119345916883
12657 0.05394282479849465
12665 0.04700104452190941
12666 0.08627987271497577
12667 0.02044518593965668
12807 0.03905298142366343
12810 0.031987615009380604
12822 0.04700104452190941
12834 0.010085156351252393
12850 0.04376825227439792
12877 0.016679506979545806
13008 0.08378542298889495
13020 0.051416490846539285
13336 0.05202193044843727
13464 0.03000256015418465
13480 0.0742785806388249
13503 0.042245400873287875
13784 0.057134992862637526
13787 0.02118280156751648
13822 0.03995433866263986
13832 0.02752538558876487
13874 0.012973166705686299
13875 0.0683502909781206
13902 0.054916698949082896
13919 0.02720934362201547
13948 0.02280746889010964
13970 0.04932560052239607
13993 0.039108411731908294
14040 0.02829639934798717
14062 0.04513170926541582
14072 0.01821695578086582
14074 0.046483224603691295
14090 0.02899853250212664
14170 0.11050343407852509
14171 0.05204276607956659
14226 0.0682834395373225
14246 0.044180730135297344
