10 0.031070297524392932
49 0.03554554791734351
79 0.023424260275432714
167 0.06589047649062915
194 0.022098301703670734
370 0.0483471734752981
437 0.033760223914256385
463 0.04944828662638756
513 0.04188276811013247
556 0.061607740919934095
846 0.07466212799829468
965 0.043939415605692846
1012 0.04714454306296635
1086 0.03931458863810109
1127 0.024418805907237183
1133 0.16448634658049532
1143 0.057118824982963626
1274 0.04188276811013247
1318 0.02706482458171972
1319 0.014726398003833805
1461 0.043413768747398884
1567 0.11389416112323121
1653 0.0643706000018873
1657 0.03573875500047135
1718 0.023797585818102297
1770 0.04188276811013247
1823 0.1822781678677519
1871 0.1665831007267161
1943 0.0447066091690111
2111 0.043216086273919575
2114 0.029081142552177888
2126 0.04126533745601033
2160 0.04067663511872204
2176 0.028192720426680282
2182 0.06669453463676327
2204 0.01839165464601452
2209 0.037180698879551964
2215 0.03832154461628123
2372 0.039058927051253856
2384 0.02830042165659292
2390 0.06224991218434216
2400 0.10260705385917486
2508 0.06589047649062915
2604 0.045108383172062706
2648 0.06791930066907888
2666 0.1581332013400751
2667 0.039575521967632574
2730 0.025939210323014408
2740 0.03832154461628123
2776 0.025585206313007817
2855 0.06589047649062915
3021 0.04944828662638756
3089 0.10260705385917486
3092 0.050309977696988674
3222 0.05347826067667663
3227 0.034983018946428766
3419 0.04783057855891938
3432 0.0124006641763357
3562 0.06393972767271992
3606 0.028629136712877853
3633 0.011058112288585104
3693 0.03785279405984342
3702 0.04944828662638756
3711 0.06819772263312907
3728 0.030414460715964986
3790 0.024823147591768745
3813 0.057118824982963626
3840 0.034269882783253734
3865 0.02277883222464624
3882 0.03984194903205846
3888 0.05130352692958743
3915 0.02364693144202332
3956 0.023873590960271775
3991 0.029313347564875518
4030 0.06007335379329759
4097 0.07466212799829468
4153 0.06075938928925063
4161 0.05003698896367586
4182 0.038562596059349974
4249 0.14349173567675813
4279 0.05610589907468102
4287 0.04783057855891938
4298 0.03633673166439719
4299 0.05271106711335837
4382 0.07466212799829468
4404 0.02716330615368005
4486 0.06393972767271992
4723 0.09566115711783876
4789 0.09371330116041314
4808 0.022298646016727406
4827 0.020138091339054937
4864 0.07267346332879437
4922 0.020659416144530218
4928 0.022919442761607664
4991 0.07267346332879437
4997 0.03535524631422626
5053 0.04157028758863405
5130 0.0857387144772126
5166 0.043939415605692846
5172 0.07811785410250771
5210 0.04039224521504095
5216 0.11423764996592725
5231 0.04067663511872204
5247 0.04160434614608229
5345 0.05942607112546354
5390 0.020483244137443887
5582 0.1437398306453823
5608 0.07102156369200768
5728 0.1317809529812583
5746 0.030542937130435568
5798 0.1098323974475022
5816 0.032953911871162526
5829 0.043939415605692846
5903 0.02919671247075102
5974 0.03311111660246695
6044 0.06360943054327313
6070 0.06224991218434216
6154 0.02621136743876324
6235 0.02630340288537975
6245 0.04706103638226018
6271 0.036964371934345805
6277 0.06075938928925063
6294 0.09528596938308684
6310 0.03600448980402492
6563 0.02621136743876324
6695 0.024339465094801428
6696 0.07186991532269114
6921 0.03740078822054338
6982 0.050654419617798
7047 0.050654419617798
7099 0.028939992781561317
7129 0.07466212799829468
7201 0.02354008909908894
7381 0.346138006384713
7422 0.06570323930112426
7491 0.018895897371924476
7572 0.04011410614780729
7586 0.05610589907468102
7641 0.03880832840431433
7865 0.01800224490201246
8087 0.12482257785207462
8124 0.020425060963085495
8130 0.05347826067667663
8215 0.07466212799829468
8244 0.026967103492805827
8250 0.06867023526139553
8301 0.04188276811013247
8658 0.015101939452606248
8669 0.02919671247075102
8673 0.01969206039039022
8689 0.03535524631422626
8706 0.02083807536788028
8744 0.007424472643554617
8870 0.035167764098027327
8935 0.06075938928925063
8997 0.009996289080154944
9138 0.03984194903205846
9204 0.02313333210339099
9299 0.045108383172062706
9409 0.025939210323014408
9423 0.050654419617798
9533 0.03654250559873701
9556 0.07466212799829468
9652 0.01879342864906613
9654 0.08208779624089883
9655 0.05942607112546354
9708 0.04514160626495248
9765 0.04684852055086543
10228 0.04685665058020657
10259 0.20014795585470344
10359 0.06819772263312907
10386 0.02687013123185336
10396 0.033760223914256385
10438 0.0428693572386063
10445 0.02766754887959
10460 0.024823147591768745
10567 0.012680856097516681
10694 0.1317809529812583
10932 0.13639544526625813
10941 0.07102156369200768
10992 0.03762477314972334
10999 0.015480140998510817
11000 0.030786523208271153
11003 0.15075647437543782
11097 0.04419660340734147
11232 0.0241043843138536
11328 0.03740078822054338
11356 0.022298646016727406
11359 0.021265025388983273
11365 0.01958296645501967
11371 0.08061039369556008
11482 0.043802159534082834
11511 0.031205644463018656
11528 0.05271106711335837
11559 0.07466212799829468
11583 0.07466212799829468
11587 0.050654419617798
11733 0.04191719671260359
11842 0.02851861358126314
11905 0.02787500956076745
12010 0.04067663511872204
12017 0.035167764098027327
12064 0.024719431966640892
12078 0.02777085409107148
12173 0.03535524631422626
12221 0.11033615233010877
12223 0.057118824982963626
12270 0.04157028758863405
12335 0.026967103492805827
12351 0.04888575765547282
12387 0.02954989310861571
12392 0.05942607112546354
12561 0.11221179814936204
12614 0.02919671247075102
12733 0.02372203444067928
12749 0.06393972767271992
12850 0.04552333241641948
12865 0.01568701212742006
12877 0.017348345006136013
12915 0.04126533745601033
12982 0.04639642465738886
12992 0.03808499907254105
12996 0.06224991218434216
13008 0.08714516719702048
13031 0.05610589907468102
13043 0.03249368594834481
13080 0.05942607112546354
13336 0.040580983527185636
13480 0.03862855314214806
13666 0.03633673166439719
13754 0.01630045135487909
13761 0.030287275543588326
13770 0.07033552819605465
13786 0.03424552590436399
13836 0.057118824982963626
13860 0.04157028758863405
13862 0.039575521967632574
13919 0.02830042165659292
13923 0.07102156369200768
13965 0.035167764098027327
13995 0.06224991218434216
14040 0.02943106765219574
14090 0.15080677958151517
14094 0.0519877377815851
14168 0.06224991218434216
14170 0.03831151806241345
14171 0.02706482458171972
