22 0.08128817795424495
194 0.022512323596429514
336 0.03582664840738314
700 0.0487267065479504
854 0.04476264085891498
907 0.08469825226764055
971 0.027875249677156818
1009 0.0694754384768636
1010 0.03640833708820615
1024 0.12344703777615904
1027 0.028941304000567932
1099 0.028720924070091233
1111 0.0340578636231822
1127 0.07462891055525961
1162 0.03456349360554511
1185 0.0403169876572441
1217 0.04114901259205301
1318 0.02757189657534023
1319 0.015002303874648012
1394 0.16860502668590224
1402 0.0366082156965857
1458 0.022311406615692655
1492 0.03508976716637066
1498 0.05369863331044684
1535 0.06189774452096621
1538 0.046813288903631636
1564 0.04299385607471406
1642 0.054480200599649406
1653 0.03278830646741733
1656 0.07127688394001877
1660 0.037656916521623084
1719 0.09546906315712182
1830 0.035638441970009385
2103 0.054480200599649406
2311 0.06045144628436155
2318 0.1143141380342387
2340 0.0366082156965857
2352 0.027773336798644493
2359 0.03810150926858516
2565 0.02512187117165035
2573 0.04299385607471406
2797 0.0487267065479504
2848 0.04422714576386003
2949 0.042038462619562116
2995 0.12568264453023603
3035 0.04402575961790251
3044 0.02998247230304498
3092 0.05125255837445763
3137 0.08301666973516154
3220 0.05359241858342127
3225 0.03928508411405565
3321 0.02006100024036047
3335 0.18569323356289869
3351 0.0723521855027131
3417 0.041438730671979604
3523 0.0385619836461301
3547 0.06189774452096621
3633 0.01126529113162256
3789 0.028291153873764893
3841 0.02264802918628337
3847 0.03235706534852863
3864 0.050374723123511454
3915 0.0240899676284619
3966 0.06189774452096621
3991 0.029862546675497207
3992 0.06589980276306728
4024 0.06189774452096621
4030 0.03059942791650969
4383 0.046411208342298164
4404 0.11068889298021538
4426 0.05715706901711935
4441 0.11240335112393483
4452 0.045708608357631186
4459 0.09108841629623511
4523 0.0723521855027131
4532 0.09108841629623511
4576 0.08952528171782996
4577 0.07239057464458948
4827 0.04103077556986678
4970 0.028720924070091233
4990 0.0286121309181693
5145 0.0723521855027131
5161 0.07017953433274132
5223 0.0208670071804752
5363 0.04822107656558751
5390 0.0626010215414256
5437 0.05097445507109398
5512 0.0694754384768636
5520 0.03235706534852863
5533 0.05369863331044684
5551 0.02051538778493339
5677 0.03621151018110615
5708 0.0760609574633715
5962 0.02597595241978665
5974 0.033731468670736196
6230 0.026334084115521367
6235 0.026796209291710636
6278 0.0208670071804752
6293 0.13027533602699853
6296 0.049801654912414686
6315 0.06780784090913831
6520 0.046813288903631636
6528 0.0279779746190372
6755 0.03979071409641855
6782 0.05620167556196742
6861 0.042349126133820275
6862 0.034911944871318504
6916 0.04822107656558751
6928 0.05369863331044684
7201 0.023981123544867016
7202 0.050374723123511454
7209 0.05296175206943436
7214 0.05296175206943436
7249 0.16860502668590224
7418 0.02479547621920435
7468 0.049945821376403965
7611 0.052264722210990454
7627 0.024715152520137142
7633 0.020926554223965357
7671 0.04197275517766465
7726 0.03621151018110615
7811 0.0694754384768636
8020 0.041735109517745526
8027 0.06844842636553153
8097 0.04772624922936365
8202 0.11150099870862727
8204 0.09644215313117502
8293 0.023863124614681826
8349 0.03582664840738314
8389 0.0487267065479504
8411 0.0428261984219839
8447 0.04402575961790251
8465 0.06189774452096621
8523 0.3908260080809956
8658 0.015384881265979079
8665 0.058188972560307806
8669 0.029743726368993993
8673 0.02006100024036047
8706 0.0212284863379607
8715 0.0732164313931714
8744 0.007563573568948791
8795 0.04422714576386003
8970 0.04058840635582247
8976 0.03582664840738314
8996 0.014163212942405298
8997 0.010183574174775683
9099 0.024635326184623763
9317 0.16235362542328988
9457 0.09334551950906965
9497 0.0210505516824922
9515 0.041438730671979604
9645 0.0208670071804752
9652 0.019145532218157187
9695 0.03787729645209978
9725 0.04023386106393926
9861 0.0723521855027131
9902 0.08924224388646931
9905 0.020631531921789386
9906 0.028397260744309805
9932 0.028720924070091233
9934 0.06189774452096621
10003 0.030349091662523798
10025 0.09453136622087112
10209 0.034911944871318504
10316 0.024166477716498415
10400 0.0760609574633715
10451 0.029165516817053313
10460 0.05057644146246783
10516 0.015462778252192954
10539 0.059310715575043305
10567 0.025836875591180086
10604 0.0487267065479504
10614 0.0235667457689159
10749 0.0403169876572441
10797 0.03192967000935098
10806 0.03508976716637066
10922 0.04367253445390931
11000 0.05227220490873447
11003 0.05759286246699903
11020 0.04299385607471406
11097 0.06753697078928854
11098 0.03221302014052115
11139 0.060539446025331754
11219 0.059310715575043305
11246 0.04991528154484512
11248 0.11062445106891662
11255 0.01606251019977547
11356 0.022716421452758765
11432 0.0723521855027131
11520 0.0403169876572441
11570 0.0974534130959008
11633 0.04332872975945861
11636 0.03325686616904278
11861 0.03879853912702906
11905 0.028397260744309805
11955 0.06844842636553153
12023 0.025713735000590567
12029 0.06513766801349927
12064 0.008394187315316111
12175 0.0471334915378318
12245 0.031790296630347444
12348 0.22573751316319005
12354 0.021790450403672224
12378 0.017954663504319433
12490 0.052264722210990454
12523 0.10015797782757443
12565 0.041438730671979604
12610 0.06982388974263701
12659 0.046813288903631636
12667 0.02166343546497784
12807 0.0413799974861328
12834 0.010686091797570432
12865 0.015980915547683598
12877 0.03534674853097527
12898 0.04438893608458607
12903 0.0208670071804752
12915 0.042038462619562116
12932 0.08665745951891722
12948 0.029393698207371862
12956 0.0403169876572441
12999 0.07054015313410644
13043 0.06620494033606053
13136 0.06712496501183965
13480 0.03935227693327489
13524 0.050374723123511454
13586 0.06513766801349927
13604 0.0723521855027131
13608 0.06414113324968364
13660 0.11992988921217992
13712 0.052264722210990454
13728 0.040865662460882836
13816 0.0340578636231822
13874 0.01374618751497418
13876 0.059310715575043305
13918 0.055750499354313636
13948 0.09666591086599366
14060 0.06358059326069489
14062 0.06376124426755207
14157 0.05531222553445831
14170 0.019514651027418988
14171 0.02757189657534023
