637 0.1404063868902233
1033 0.1845864734964226
1655 0.1276183667563226
1959 0.1339268657353009
2485 0.13978547698022123
2575 0.1172078813907841
2597 0.10807565425328083
2927 0.09069434427382272
2940 0.11974327874294242
3010 0.0823277021763154
3039 0.1985128274827446
3147 0.13736825375176595
3468 0.25851668801740596
3786 0.11399604865462909
3984 0.07091049948066538
4489 0.21882190985900468
4893 0.22218155978573617
5689 0.0644130342811676
7284 0.13228211099570086
7717 0.11132881966883552
8268 0.11762258272034189
8284 0.22218155978573617
8982 0.1499070860045244
9105 0.19862680189748042
9383 0.09931340094874021
9827 0.06842844031486625
9902 0.0388978772167761
10242 0.12105520857007933
10362 0.11399604865462909
10936 0.18323238929738353
11365 0.08695515302422754
11714 0.12105520857007933
11794 0.25851668801740596
12231 0.14296099839032408
12262 0.169110585461453
12310 0.3153603389478025
12378 0.1565174218048629
12865 0.06965576656457356
13709 0.13505073870093784
13723 0.10052840558389825
13806 0.12913034429958958
13989 0.11022337204851575
14211 0.1499070860045244
14212 0.11974327874294242
