10 0.030794302542345112
49 0.03522979964194882
79 0.02321618443421729
167 0.06530517662789445
194 0.021902004247001592
370 0.0479177093781197
437 0.03346033453000345
463 0.049009041428653914
513 0.04151072681173185
556 0.0610604842566899
846 0.07399891025278182
965 0.04354910527114378
1008 0.034138467591414604
1012 0.04672576183610167
1086 0.03896536027371638
1127 0.024201895596265555
1133 0.16302522744457604
1143 0.05661144300300708
1274 0.04151072681173185
1318 0.02682440989728695
1319 0.014595584581480633
1461 0.04302812769209005
1567 0.11288244834739185
1653 0.06379880108113412
1657 0.035421290481921996
1718 0.023586193755780006
1770 0.04151072681173185
1823 0.18065900539823024
1871 0.16510335629046002
1943 0.044309483915050046
2111 0.042832201216301984
2114 0.028822817075560968
2126 0.04089878074500918
2160 0.04031530780376655
2176 0.0279422867331525
2182 0.06610209238945908
2204 0.018228283040387913
2209 0.03685042568819514
2215 0.03798113738297066
2372 0.03871196970841365
2384 0.028049031261604754
2390 0.0616969511648248
2400 0.10169560355955641
2508 0.06530517662789445
2604 0.04470768899158357
2648 0.06731597892250898
2666 0.15672851668809348
2667 0.03922397575323232
2730 0.02570879438052739
2740 0.03798113738297066
2776 0.02535793495998957
2855 0.06530517662789445
3021 0.049009041428653914
3089 0.10169560355955641
3092 0.04986307816600075
3222 0.053003217539937426
3227 0.034672267571147664
3419 0.04740570333330103
3432 0.012290510062618514
3562 0.06337175615660165
3606 0.028374826368185727
3633 0.010959883956520543
3693 0.03751655070044835
3702 0.049009041428653914
3711 0.067591927686394
3728 0.03014429148013109
3790 0.02460264554576864
3813 0.05661144300300708
3840 0.033965466139798055
3865 0.02257648966947837
3882 0.039488036167232496
3888 0.050847801779778205
3915 0.02343687763054297
3956 0.02366152375031589
3991 0.029052959429596875
4030 0.05953972696887736
4097 0.07399891025278182
4153 0.060219668466076744
4161 0.049592514369896555
4182 0.0382200475852402
4249 0.14221710999990309
4279 0.05560751483501494
4287 0.04740570333330103
4298 0.036013955366696195
4299 0.05224283889603116
4382 0.07399891025278182
4404 0.02692201666527529
4486 0.06337175615660165
4723 0.09481140666660207
4789 0.09288085335874327
4808 0.02210056891745774
4827 0.019959206275169204
4864 0.07202791073339239
4922 0.020475900193855732
4928 0.022715851174222
4991 0.07202791073339239
4997 0.035041188472838346
5053 0.04120102202985592
5130 0.08497710429487162
5166 0.04354910527114378
5172 0.0774239394168273
5210 0.04003344411298378
5216 0.11322288600601416
5231 0.04031530780376655
5247 0.04123477804784686
5345 0.058898194061506606
5390 0.0203012931086983
5582 0.14246300116065067
5608 0.07039068478971218
5728 0.1306103532557889
5746 0.030271626648829007
5798 0.10885676499538315
5816 0.03266118489266654
5829 0.04354910527114378
5903 0.028937360395738094
5974 0.03281699318684447
6044 0.06304439303028893
6070 0.0616969511648248
6154 0.025978533946260287
6235 0.02606975184932361
6245 0.04664299693859936
6271 0.03663602035803988
6277 0.060219668466076744
6294 0.09443955169466117
6310 0.035684664784348126
6563 0.025978533946260287
6695 0.048246519123914186
6696 0.07123150058032533
6921 0.03706855999307311
6982 0.05020446043661923
7047 0.05020446043661923
7099 0.028682921127131864
7129 0.07399891025278182
7201 0.02333098435964425
7381 0.3430632900005774
7422 0.06511960265145392
7491 0.01872804661826345
7572 0.03975777573296539
7586 0.05560751483501494
7641 0.03846359710932606
7865 0.017842332392174063
8087 0.12371378881951389
8124 0.02024362677085072
8130 0.053003217539937426
8215 0.07399891025278182
8244 0.026727556857034623
8250 0.06806024302256007
8301 0.04151072681173185
8658 0.014967790125428515
8669 0.028937360395738094
8673 0.019517137383950924
8689 0.035041188472838346
8706 0.02065297240153263
8744 0.007358521643492141
8870 0.034855371646256406
8935 0.060219668466076744
8997 0.009907492839209513
9138 0.039488036167232496
9204 0.022927840553991784
9299 0.04470768899158357
9409 0.02570879438052739
9423 0.05020446043661923
9533 0.03621790142754143
9556 0.07399891025278182
9652 0.01862648811692144
9654 0.08135861687491225
9655 0.058898194061506606
9708 0.04474061696638126
9765 0.04643236886843458
9806 0.067591927686394
10228 0.046440426679371635
10259 0.19837005747958622
10359 0.067591927686394
10386 0.026631445992964495
10396 0.03346033453000345
10438 0.04248855214743581
10445 0.027421780243150826
10460 0.02460264554576864
10567 0.01256821306124587
10583 0.033134539423422475
10694 0.1306103532557889
10932 0.135183855372788
10941 0.07039068478971218
10992 0.03729055528193953
10999 0.01534263213707724
11000 0.03051304897090633
11003 0.16809448117775602
11097 0.043804008494003184
11232 0.02389026698489166
11328 0.03706855999307311
11356 0.02210056891745774
11359 0.021076129859551304
11365 0.019409012521332588
11371 0.07989433797889349
11482 0.043413068434302614
11511 0.030928447204878473
11528 0.05224283889603116
11559 0.07399891025278182
11583 0.07399891025278182
11587 0.05020446043661923
11733 0.04154484958766514
11842 0.02826528500475981
11905 0.02762739806759566
12010 0.04031530780376655
12017 0.034855371646256406
12064 0.024499851218290833
12078 0.02752416780265405
12173 0.035041188472838346
12219 0.04354910527114378
12221 0.10935604506342855
12223 0.05661144300300708
12270 0.04120102202985592
12335 0.026727556857034623
12351 0.04845150935785276
12387 0.029287403758083277
12392 0.058898194061506606
12561 0.11121502967002989
12614 0.028937360395738094
12733 0.02351131349523443
12749 0.06337175615660165
12850 0.045118952274801505
12865 0.015547665646199787
12877 0.017194241037071383
12915 0.04089878074500918
12982 0.045984288906826896
12992 0.037746693054484255
12996 0.0616969511648248
13008 0.1295565954105261
13031 0.05560751483501494
13043 0.0322050471201218
13080 0.058898194061506606
13336 0.04022050587771108
13480 0.03828541877651702
13666 0.036013955366696195
13754 0.016155655741784965
13761 0.030018236083526273
13770 0.06971074329251281
13786 0.03394132562112651
13836 0.05661144300300708
13860 0.04120102202985592
13862 0.03922397575323232
13919 0.028049031261604754
13923 0.07039068478971218
13965 0.034855371646256406
13995 0.0616969511648248
14040 0.029169633818743105
14090 0.11957373996110565
14094 0.05152593484118936
14168 0.0616969511648248
14170 0.037971199894183516
14171 0.02682440989728695
