10 0.039390809024689444
194 0.028016145693354477
567 0.06994188423110823
635 0.07534015459468897
917 0.07492649178705996
920 0.07878161804937889
995 0.03922103249941994
1012 0.08965451767358829
1081 0.06994188423110823
1085 0.09012903005455743
1274 0.053098819499760044
1319 0.018670073272879586
1397 0.0607275843247666
1458 0.05553221689368901
1567 0.02887891978704228
1615 0.04984289100263206
1618 0.042591362844520426
1652 0.06779954236465546
1653 0.02040220253353173
1656 0.04435134286512734
1689 0.023316872174797602
1767 0.3252121145588991
1940 0.062322320642506555
2058 0.04798963320810118
2176 0.07148525470938645
2182 0.028185028641419033
2204 0.046633744349595205
2207 0.10116154500704887
2352 0.03456337355886424
2674 0.061977183910845224
2693 0.03382276213583919
2743 0.05434961357133392
2744 0.04741658186606194
2995 0.022344226994495918
3010 0.023505994976792968
3035 0.05478919536814862
3092 0.14882654464013761
3127 0.061977183910845224
3130 0.022762523028634563
3157 0.03629591431859747
3184 0.03761532032049493
3206 0.06343671073285481
3302 0.07381102362046107
3323 0.059404689417359664
3348 0.06343671073285481
3402 0.05231604318539034
3432 0.015721516472954708
3512 0.16851291903350057
3633 0.028038868246514363
3648 0.12546740803786371
3721 0.0303637921623833
3728 0.03855934152902529
3790 0.03147069529705597
3865 0.05775783957408456
3915 0.05995898556950586
3916 0.05882121668364376
3928 0.07616077718234285
3931 0.057188242421825804
3940 0.0387222234551676
3984 0.020246184462001465
4141 0.06994188423110823
4150 0.044585562089424845
4211 0.05478919536814862
4262 0.036437269699282876
4298 0.04606757487436135
4404 0.034437539722262066
4535 0.03587917057819735
4593 0.09840211227727179
4609 0.07113085266963312
4702 0.04555820726972653
4758 0.05392175536431535
4808 0.02827014147722498
4817 0.035607236408413144
4827 0.05106199639290159
4885 0.10171303272676152
5003 0.06994188423110823
5051 0.039390809024689444
5125 0.13559908472931093
5161 0.04366852782068416
5172 0.04951876418232909
5181 0.10869922714266785
5208 0.05017370131893758
5223 0.025968581645885173
5260 0.02793236622400865
5390 0.051937163291770345
5394 0.07381102362046107
5417 0.0527026578429038
5582 0.04555820726972653
5760 0.06343671073285481
5830 0.061977183910845224
5844 0.039390809024689444
5970 0.11519428990459385
6036 0.08106255177857269
6109 0.08016197109515523
6235 0.03334735751867259
6245 0.07955174531483851
6299 0.06779954236465546
6315 0.04219276481889942
6417 0.08476868815290155
6519 0.03136685200946593
6563 0.03323067531766287
6601 0.05017370131893758
6606 0.02109638240944971
6693 0.039390809024689444
6813 0.043758317447638834
6916 0.060010185122168665
7163 0.061977183910845224
7201 0.014922019227501807
7206 0.03601688586087007
7242 0.023826239779432414
7466 0.028967804955788736
7491 0.023956149249721462
7580 0.018391044815152188
7598 0.031161160321253278
7633 0.05208537354993254
7649 0.03823845619412018
7671 0.026117135780587594
7693 0.025748298113172256
7717 0.03178631987448794
7851 0.10722788206407967
7854 0.06590986291561308
8122 0.09372658980431539
8202 0.0693804042793449
8250 0.02176496797897156
8344 0.06336084053877285
8345 0.04858391344099444
8447 0.05478919536814862
8673 0.1497931307928153
8706 0.02641843537590312
8744 0.009412719134140485
8870 0.08917112417884969
8875 0.04217996256192894
8970 0.050511476572153914
8997 0.0380197756847517
9298 0.050511476572153914
9496 0.0693804042793449
9515 0.05156968852553214
9528 0.04482325135416459
9652 0.04765247955886483
9722 0.03922103249941994
9742 0.09465637150879543
9765 0.11878876439207417
9784 0.08824098763749669
9827 0.01953751327671285
9853 0.055241161366212814
9902 0.011106022423743662
9906 0.035339834686408805
9964 0.11335774963438199
10054 0.06682689718435376
10079 0.03456337355886424
10271 0.05667887481719099
10374 0.05231604318539034
10386 0.03406585363372568
10438 0.10869922714266785
10445 0.035076816797185925
10460 0.03147069529705597
10483 0.06504242291177982
10493 0.042801087816850894
10499 0.03147069529705597
10553 0.20342606545352304
10567 0.016076742760982234
10583 0.08476868815290155
10614 0.029328353430603204
10616 0.03973584881591629
10624 0.04713755340833454
10642 0.09465637150879543
10657 0.02462195980722876
10672 0.14666855272411258
10856 0.04858391344099444
11000 0.06505173498253419
11003 0.07167318908069888
11097 0.028016145693354477
11246 0.03105929501446448
11255 0.07995791709910816
11325 0.03277225179006007
11356 0.02827014147722498
11359 0.053919442087413914
11405 0.09004087745958439
11482 0.24989497602160055
11570 0.06063943172979356
11634 0.04177884837164179
11747 0.1253807121459932
11849 0.03922103249941994
11957 0.057056446317948095
12064 0.020892803339101165
12175 0.029328353430603204
12255 0.06421948704722452
12303 0.06590986291561308
12387 0.03746324589352998
12404 0.059404689417359664
12582 0.07094595690808432
12667 0.026959721043706957
12735 0.025175246771133006
12807 0.025748298113172256
12823 0.0724150364138665
12834 0.013298631898698189
12850 0.05771431354897109
12877 0.021994168047300686
12903 0.025968581645885173
12963 0.04984289100263206
13031 0.07113085266963312
13336 0.017149473929760514
13480 0.09794627544379472
13503 0.1114124592737786
13754 0.04133130465404694
13816 0.08476868815290155
13836 0.0724150364138665
13872 0.058294132790540236
13874 0.017106861070918807
13875 0.04506451502727871
13948 0.060149416180922816
14040 0.03731259941653902
14062 0.03967480969562419
14113 0.04951876418232909
14170 0.04857120181284631
