194 0.024201776198755746
700 0.05238343530931548
854 0.04812188362042552
907 0.09105449008969921
1009 0.07468926990700125
1024 0.13271120450364307
1027 0.03111322380036278
1099 0.03087630530844219
1111 0.036613759112219285
1127 0.08022948779493431
1162 0.03715733443975538
1185 0.043342603357184054
1217 0.04423706816788103
1319 0.01612816195026367
1394 0.18125810533767495
1402 0.03935550408777273
1458 0.023985781266846796
1492 0.03772310255710966
1498 0.05772848368991123
1535 0.06654290276556679
1538 0.05032642393933421
1564 0.046220359181704994
1642 0.05856870422674416
1653 0.03524892717811259
1656 0.07662590606749335
1660 0.040482905377927904
1719 0.10263360379201338
1830 0.038312953033746676
2103 0.05856870422674416
2311 0.06498806609626301
2318 0.1228929201025302
2340 0.03935550408777273
2352 0.029857605707127793
2359 0.04096086288930949
2565 0.02700715904273357
2573 0.046220359181704994
2797 0.05238343530931548
2848 0.04754620193254737
2949 0.045193267576331554
2995 0.1158125004718103
3035 0.047329702626595374
3044 0.032232527284690116
3092 0.036732560933544794
3137 0.08924671205486105
3220 0.0576142980066132
3225 0.04223325991229368
3335 0.19962870829670037
3351 0.07778190436571558
3417 0.044548528337733456
3523 0.041455893879019115
3547 0.06654290276556679
3633 0.012110702549806904
3841 0.024347665906697052
3847 0.03478532327679427
3864 0.05415512840721916
3915 0.0258978155978432
3991 0.03210360175703526
3992 0.03542264909222547
4024 0.06654290276556679
4030 0.03289578275086541
4383 0.04989416896940272
4404 0.08924671205486105
4441 0.06041936844589166
4452 0.024569420946032778
4459 0.0979242083145169
4523 0.07778190436571558
4576 0.09624376724085104
4577 0.03891158722339847
4827 0.022054978984061526
4970 0.03087630530844219
4990 0.030759347700601597
5145 0.07778190436571558
5161 0.07544620511421932
5363 0.05183985998177939
5390 0.06729895768730687
5437 0.05479986764581727
5520 0.03478532327679427
5533 0.05772848368991123
5551 0.022054978984061526
5677 0.03892902753765906
6235 0.0288071490033066
6278 0.022432985895768958
6293 0.14005193703075475
6296 0.05353905390330678
6315 0.07289652634808767
6528 0.03007760071162972
6755 0.04277683523982977
6782 0.06041936844589166
6861 0.045527245044849604
6862 0.03753193546724587
6916 0.05183985998177939
6928 0.05772848368991123
7201 0.01289040161806384
7209 0.056936302696081076
7214 0.056936302696081076
7249 0.18125810533767495
7418 0.026656269559572683
7468 0.053694039437424984
7611 0.056186963758869585
7627 0.026569917913997144
7671 0.022561314537432202
7726 0.03892902753765906
7811 0.07468926990700125
8097 0.05130789799229308
8202 0.08990150012031432
8204 0.10367971996355878
8293 0.02565394899614654
8349 0.038515283550939805
8389 0.05238343530931548
8411 0.04604011954664451
8447 0.047329702626595374
8465 0.06654290276556679
8523 0.4201558110922642
8658 0.016539450121564065
8665 0.06255580349615547
8669 0.03197586449999288
8673 0.021566491617835137
8706 0.02282159250194649
8715 0.07871100817554547
8744 0.008131187080464463
8795 0.04754620193254737
8970 0.043634390856196054
8976 0.038515283550939805
8996 0.015226100869560106
8997 0.010947807409824139
9099 0.026484100956960868
9317 0.17453756342478421
9457 0.10035069736974608
9515 0.044548528337733456
9645 0.022432985895768958
9652 0.020582321676621454
9695 0.0407198238698485
9725 0.04325323847227062
9861 0.07778190436571558
9902 0.09593948864335174
9905 0.022179839236489324
9906 0.03052835244872275
9932 0.03087630530844219
9934 0.06654290276556679
10003 0.032626659842807965
10025 0.10162553675281188
10316 0.02598006743736013
10451 0.03135426281982377
10460 0.054371984835819065
10516 0.0166231929399733
10539 0.06376172847670487
10567 0.02777582145416605
10604 0.05238343530931548
10614 0.025335328198762032
10797 0.03432585376433536
10806 0.03772310255710966
11000 0.044956006400595154
11003 0.020638319305447687
11020 0.046220359181704994
11097 0.04840355239751149
11098 0.03463046809839532
11219 0.06376172847670487
11246 0.05366120772348089
11248 0.11892633807488227
11255 0.017267932178571394
11356 0.02442119071722463
11432 0.07778190436571558
11520 0.043342603357184054
11570 0.10476687061863096
11633 0.046580363689383876
11636 0.035752650260535486
11861 0.04171020182652098
11905 0.03052835244872275
11955 0.07358518497479048
12023 0.027643439694386145
12029 0.07002596851537737
12064 0.00902413479912555
12175 0.050670656397524064
12348 0.24267813803572386
12354 0.023425729542347336
12490 0.056186963758869585
12523 0.10767440124605115
12610 0.07506387093449174
12667 0.023289182681379698
12807 0.044485387480095395
12834 0.011488036808656081
12865 0.017180214200438925
12877 0.03799936926262192
12898 0.047720133917691615
12903 0.022432985895768958
12915 0.045193267576331554
12932 0.09316072737876775
12948 0.031599568237434525
12956 0.043342603357184054
12999 0.07583388679826754
13043 0.07117333501369168
13136 0.07216240356564119
13480 0.021152747631115885
13586 0.07002596851537737
13604 0.07778190436571558
13608 0.06895464812391093
13660 0.06446505456938023
13712 0.056186963758869585
13728 0.04393245383382107
13816 0.036613759112219285
13918 0.05993433341354289
13948 0.10392026974944052
14060 0.06835204203103697
14062 0.06854625011530292
14157 0.05946316903744114
14170 0.02097914125742751
14171 0.029641048265557857
