11 0.016707592013344465
12 0.024514066205989043
24 0.05352824411310005
194 0.029648718506178617
210 0.027287393406643542
249 0.02371760870458614
322 0.020664377209056003
342 0.05008612077474737
407 0.04574955822908828
474 0.04764389539996178
483 0.01958623610445458
513 0.02809651208967345
571 0.05352824411310005
572 0.05352824411310005
593 0.05352824411310005
818 0.03243307463533255
870 0.039865209515950004
907 0.027886888582292522
913 0.04175954668682351
920 0.1250586381103113
962 0.059459237562858265
968 0.017105157935502737
994 0.053122469930734675
1002 0.03754008007636499
1008 0.023106602583841594
1012 0.17394468086641854
1081 0.03700878879016799
1099 0.07565088422294355
1101 0.021797968025538756
1133 0.031526723852039966
1139 0.04574955822908828
1194 0.02424019340032435
1217 0.02709661412610636
1255 0.0534997799743436
1274 0.02809651208967345
1319 0.01975802642576342
1349 0.07973041903190001
1397 0.04819975255283725
1434 0.08151929744651285
1451 0.02346790479982203
1461 0.01456178201094696
1479 0.02620217491879994
1492 0.023106602583841594
1493 0.02709661412610636
1550 0.01764529687305537
1567 0.06112353732737956
1618 0.045073271019976054
1645 0.03905609083292009
1653 0.06477327393034767
1695 0.03441630602900189
1714 0.02465438875132077
1727 0.04574955822908828
1767 0.03441630602900189
1779 0.08769030871846864
1820 0.032086523631938216
1862 0.02899095129697987
1871 0.03192860394925018
1942 0.016763259889587073
1967 0.029990849260546956
2060 0.04420177206160909
2114 0.17557836770368584
2116 0.04289313750330627
2148 0.05352824411310005
2176 0.03782544211147178
2182 0.014913721348833392
2186 0.03905609083292009
2202 0.07527583026549806
2209 0.02494218989597093
2258 0.04420177206160909
2357 0.028531957315863617
2359 0.05017966795502188
2563 0.04175954668682351
2596 0.05008612077474737
2648 0.030375188308996177
2674 0.032794376851312985
2693 0.05369055211820951
2793 0.014692055473351458
2909 0.03175356641961076
2919 0.029729618781429133
2927 0.013701887391316307
2995 0.011823141263773283
3010 0.012437874857994753
3092 0.16874898202498165
3157 0.019205485264372664
3170 0.05662288616251616
3208 0.019823162757332695
3220 0.07058118749222148
3236 0.01891272105573589
3321 0.026420326916994145
3339 0.03441630602900189
3348 0.03356666545181531
3353 0.0448541887362396
3432 0.016637649643128825
3454 0.02371760870458614
3471 0.03398086080281173
3512 0.1069995599486872
3515 0.07811218166584018
3527 0.018629717492850768
3633 0.014836382580454768
3648 0.06638935818171551
3666 0.01998486899333421
3688 0.04574955822908828
3728 0.020403146729938176
3760 0.02709661412610636
3776 0.027482558799759464
3780 0.03243307463533255
3790 0.01665228679684975
3791 0.05008612077474737
3813 0.038317423348470825
3819 0.035875197973685234
3871 0.035875197973685234
3890 0.07354219861796714
3894 0.04764389539996178
3908 0.01898497102976712
3915 0.0793161871962987
3928 0.020149715351697146
3984 0.010712990832290603
3991 0.01966447924548891
3992 0.02169750151917632
4017 0.04574955822908828
4029 0.027886888582292522
4140 0.04075964872325642
4149 0.033171742119781814
4161 0.06713333090363062
4181 0.05008612077474737
4211 0.02899095129697987
4241 0.026034064064835424
4249 0.032086523631938216
4283 0.0263736821803742
4333 0.1505516605309961
4384 0.014913721348833392
4404 0.03644430366854082
4441 0.03700878879016799
4452 0.015049553377949701
4478 0.032086523631938216
4542 0.03901741504526352
4570 0.03905609083292009
4593 0.05206812812967085
4660 0.021307119145104702
4665 0.04175954668682351
4720 0.026034064064835424
4723 0.032086523631938216
4747 0.018025479238184292
4808 0.029917515277160536
4817 0.056523242380182956
4827 0.06754688769410895
4841 0.02831144308125808
4842 0.02923010290615621
4843 0.031124440077029716
4845 0.03642308617759732
4906 0.03536053611632638
4928 0.015375211087929486
4970 0.01891272105573589
4985 0.0350445221721011
4991 0.02437602542944066
5018 0.04574955822908828
5037 0.05008612077474737
5044 0.08769030871846864
5087 0.029729618781429133
5161 0.04621320516768319
5166 0.029476187403188105
5181 0.02875835261804576
5185 0.028531957315863617
5192 0.03763791513274903
5197 0.08128984237831909
5211 0.026910028138174717
5228 0.02465438875132077
5260 0.014780028495917726
5265 0.05352824411310005
5374 0.023974880535598975
5390 0.08244551291788123
5394 0.07811218166584018
5499 0.05352824411310005
5528 0.019823162757332695
5551 0.013509377538821789
5582 0.09642600218963474
5661 0.02276005158044726
5689 0.0097313691313417
5693 0.04764389539996178
5798 0.02947185605886453
5800 0.02437602542944066
5844 0.020843106351718543
5962 0.017105157935502737
5970 0.10158913102830833
5971 0.16058473233930018
6036 0.04289313750330627
6054 0.025393056235770036
6077 0.03082653860910921
6104 0.03143317667176546
6109 0.021208303793055706
6154 0.035167112173367515
6166 0.05706391463172723
6235 0.03529059374611074
6245 0.010523428745921009
6294 0.08522847658041881
6304 0.04669150838603587
6417 0.0224270943681198
6434 0.03243307463533255
6557 0.04420177206160909
6601 0.026548725922194275
6606 0.044651445662979884
6608 0.03700878879016799
6636 0.04442432675307035
6693 0.04168621270343709
6695 0.0163278146633969
6705 0.03441630602900189
6720 0.03684697806957632
6752 0.04013378410741873
6813 0.11577056766741387
6821 0.017583556086683758
6851 0.02359183869004983
7025 0.03782544211147178
7085 0.027682316738677035
7163 0.032794376851312985
7201 0.02368734545763709
7242 0.012607328003164109
7381 0.033171742119781814
7401 0.07682194105749066
7402 0.029990849260546956
7442 0.018841080793394315
7466 0.01532791669982981
7468 0.0438524139073096
7487 0.03700878879016799
7491 0.02535213563532659
7616 0.0614680004017078
7627 0.016274921528380927
7649 0.020233354655905325
7671 0.013819524202609408
7751 0.025548827958627184
7856 0.0263736821803742
7901 0.031124440077029716
7918 0.033171742119781814
7959 0.08428953626902036
7970 0.05008612077474737
8076 0.032794376851312985
8078 0.023345754193017935
8115 0.05841993901639061
8124 0.013701887391316307
8199 0.04289313750330627
8202 0.03671168937437216
8244 0.018090531822460704
8250 0.05758317150113794
8264 0.014780028495917726
8344 0.016763259889587073
8401 0.019431880566554812
8447 0.11596380518791947
8490 0.03398086080281173
8499 0.028531957315863617
8658 0.010130940325909747
8673 0.18494228841895904
8716 0.021797968025538756
8744 0.014941833704058558
8749 0.04289313750330627
8795 0.043685346032840876
8797 0.04764389539996178
8870 0.02359183869004983
8931 0.017105157935502737
8976 0.07077551607014951
8995 0.018156086748268508
8997 0.04694116668166157
9099 0.08111177953568113
9126 0.017960921355152582
9138 0.02672745506485682
9187 0.04075964872325642
9241 0.04075964872325642
9242 0.03175356641961076
9301 0.030260374142578927
9416 0.04574955822908828
9428 0.06713333090363062
9489 0.027287393406643542
9496 0.03671168937437216
9497 0.006930891413325304
9524 0.04075964872325642
9528 0.02371760870458614
9531 0.019431880566554812
9533 0.024514066205989043
9645 0.013740918819646867
9654 0.01835584468718608
9725 0.013246993541024661
9765 0.09428316824089751
9783 0.038977429923916826
9784 0.04669150838603587
9806 0.04574955822908828
9820 0.03175356641961076
9853 0.02923010290615621
9902 0.011753198893557637
9905 0.013585858422837084
9959 0.059459237562858265
10003 0.01998486899333421
10037 0.04280608938701053
10046 0.02672745506485682
10085 0.03905609083292009
10180 0.02709661412610636
10190 0.04029943070339429
10259 0.03356666545181531
10316 0.015913619312400484
10387 0.0263736821803742
10445 0.03712083306160314
10452 0.04764389539996178
10467 0.03763791513274903
10483 0.06883261205800378
10516 0.05091117735570403
10534 0.039865209515950004
10553 0.026910028138174717
10567 0.03402715175982763
10582 0.05017966795502188
10583 0.0448541887362396
10627 0.03642308617759732
10628 0.017047210128883244
10727 0.03398086080281173
10853 0.03175356641961076
10856 0.025707511470470967
10888 0.03356666545181531
10892 0.04175954668682351
10903 0.06286635334353093
10930 0.013740918819646867
10971 0.1070564882262001
10999 0.020769303861235783
11000 0.0378633567218795
11003 0.03792488500653782
11020 0.1415572154062904
11087 0.03053873746445904
11090 0.03642308617759732
11097 0.07412179626544654
11098 0.021212265412968084
11138 0.022106704620274503
11169 0.028531957315863617
11213 0.01722225387070332
11255 0.010577158803174296
11262 0.017833259991447865
11360 0.032086523631938216
11365 0.013136979206062067
11371 0.018025479238184292
11386 0.027682316738677035
11482 0.16161261020686604
11487 0.05352824411310005
11556 0.13724867468726484
11617 0.026034064064835424
11623 0.029729618781429133
11694 0.02875835261804576
11849 0.02075327143185184
11856 0.09838313055393898
11880 0.02359183869004983
11957 0.03019063604179142
11958 0.09149911645817656
11991 0.0648661492706651
12023 0.01693248783292847
12041 0.01842348903478816
12064 0.0055275701713752646
12175 0.015518695980366991
12219 0.05895237480637621
12220 0.030260374142578927
12238 0.032086523631938216
12328 0.020664377209056003
12333 0.06225981429555553
12335 0.018090531822460704
12377 0.05048018272778288
12378 0.04729256505509313
12406 0.020233354655905325
12582 0.11262024022909498
12610 0.045979013297282025
12614 0.01958623610445458
12634 0.09149911645817656
12641 0.02809651208967345
12657 0.03763791513274903
12667 0.08559219983135324
12712 0.03053873746445904
12760 0.04764389539996178
12778 0.05008612077474737
12807 0.027248717618986975
12834 0.00703678867888163
12847 0.02524009136389144
12894 0.028531957315863617
12945 0.03441630602900189
12988 0.05352824411310005
12992 0.025548827958627184
13008 0.02923010290615621
13065 0.04764389539996178
13222 0.05008612077474737
13265 0.04420177206160909
13311 0.03487530001011814
13321 0.07175039594737047
13324 0.032086523631938216
13336 0.01814881785088399
13423 0.04764389539996178
13427 0.05008612077474737
13445 0.04075964872325642
13503 0.029476187403188105
13591 0.06883261205800378
13596 0.1254491698875547
13676 0.03308549130996306
13713 0.05352824411310005
13754 0.01093494650007854
13762 0.04175954668682351
13786 0.011486583576079502
13816 0.06728128310435942
13822 0.041816442132583266
13823 0.04764389539996178
13827 0.020317826205661665
13832 0.057616455793118
13836 0.11495227004541249
13860 0.027886888582292522
13875 0.02384527006829086
13903 0.04175954668682351
13965 0.02359183869004983
14014 0.02264760860272535
14062 0.03149007211752521
14083 0.024514066205989043
14090 0.06070006396771599
14113 0.05240434983759988
14163 0.00686102006657422
14170 0.038551177930163945
14171 0.09078043374134254
