1133 0.10981643628995762
1653 0.07520783683124681
1779 0.20363332064616704
1871 0.11121629757267798
2182 0.10389736263347069
2384 0.1322599754634644
2666 0.2463413629542758
3010 0.08664922485036869
3092 0.07837334836106039
3915 0.11051222523321064
4249 0.22353275238682707
4922 0.09655028838513854
5131 0.29881769663189633
5247 0.06481163504940723
5582 0.16793942776689996
5816 0.15400772569371818
5955 0.3187171283725564
6245 0.07331211754522764
6271 0.1727503209804657
7201 0.05500645263226958
7422 0.10235311359530465
8115 0.10174653004171173
8122 0.1727503209804657
8250 0.0802313454985808
9654 0.12787712786771493
9948 0.3187171283725564
9965 0.23384425196575445
10386 0.12557561652432428
10531 0.15474241064496588
10582 0.17478988095609949
10657 0.09076296211667041
11003 0.17613737211940772
11359 0.09938055942433871
11482 0.10235311359530465
11511 0.14583732430145427
12513 0.12648550182528143
12865 0.07331211754522764
12992 0.17798749092796243
13480 0.09026387579598887
14178 0.1643540040904806
