997 0.12755260156066178
1117 0.15362901649139252
1682 0.20695052059000396
1871 0.09599579343932584
2579 0.27509910227710443
3092 0.0676475653714348
3209 0.2511065516199831
3432 0.05002236806207669
4827 0.08123395672243666
5161 0.27788708234769427
5223 0.08262624991521705
5247 0.05594184005812753
5758 0.30117551720783514
6245 0.06327898919555616
6271 0.1491085793301212
7487 0.22253951659067364
7681 0.32187353216059644
7865 0.07261828137807101
7963 0.20971052171446047
8795 0.08756222603739511
8870 0.1418613402166683
10979 0.23485025741205903
11138 0.13293100153863124
11356 0.08994930130140012
11474 0.28649004189028976
11615 0.2511065516199831
13614 0.11968358148411364
13631 0.1950250463969151
13666 0.1465767752148332
13874 0.10886045278754035
13912 0.098181650925571
