556 0.11789978083937518
557 0.09252280755349918
638 0.0896703685573064
971 0.05236427025713666
994 0.0505146892735384
1067 0.12236254352095262
1162 0.06492828373389413
1461 0.04154083354055826
1479 0.07474773251544341
1624 0.11912871490195426
1653 0.030796777805019188
1730 0.15270163203576584
1952 0.11372468227560464
1963 0.03192714420004532
2064 0.06105710937065543
2176 0.05395288822375694
2204 0.035196422067425286
2558 0.03706402891008321
2630 0.26102228168502084
2693 0.10210976864262543
2940 0.05160740426769663
3036 0.07474773251544341
3078 0.07157452405457665
3092 0.09627905935095864
3157 0.05478806548767085
3321 0.03768503064119871
3512 0.05087347717699134
3648 0.14204318923765077
3790 0.04750447942274799
3915 0.04525353458685564
3928 0.2299267962355796
3929 0.14288218325421656
4071 0.08139397283612594
4150 0.13460229568088838
4219 0.04022497832714047
4384 0.04254482147558737
4758 0.08139397283612594
4827 0.11561582294423965
4842 0.16677118752158282
4967 0.10390523349405534
4970 0.05395288822375694
4985 0.04998628124515459
4991 0.139076441878278
5059 0.041296207818902995
5247 0.026539648099110188
5426 0.08139397283612594
5798 0.21018812562779343
5830 0.09355350525248926
6154 0.05016113933712839
6230 0.04946915681725224
6235 0.05033726913548672
6488 0.11739785426421591
6519 0.04734772974588359
6606 0.03184463052387273
6645 0.16540671754389977
6752 0.057245426545516793
6790 0.15270163203576584
6813 0.1321048722402961
6851 0.06730114784044419
7067 0.11372468227560464
7342 0.06105710937065543
7402 0.08555579776814268
7580 0.027760969426880198
7641 0.07426815762580069
7693 0.0777332363548
7993 0.13591517346886003
8345 0.0733365912176143
8475 0.10390523349405534
8673 0.07537006128239741
8706 0.03987817898046854
8744 0.01420833947897277
8997 0.03826013660487805
9134 0.16310063032600586
9150 0.061897115214094564
9496 0.05236427025713666
9645 0.03919913242432578
9708 0.08638825910354375
9820 0.09058435402785786
9941 0.07955376585710709
10108 0.08203981752431333
10316 0.04539726047178015
10324 0.07073934679066274
10553 0.07676704668558347
10614 0.22135325401874814
10803 0.3054032640715317
10924 0.04154083354055826
10999 0.04443691337730528
11135 0.05998058811867767
11246 0.046883477691632494
11482 0.1257374056956065
12064 0.015768665689421528
12666 0.057245426545516793
12667 0.12208572147596733
12733 0.04539726047178015
12903 0.03919913242432578
12956 0.07573634898659337
13079 0.1389119168489468
13336 0.025886839287070765
13480 0.1108861779768929
13786 0.032768122467766496
13832 0.05478806548767085
13912 0.046578848007981455
13982 0.04913044163813829
14062 0.029944225302253415
14072 0.03626004667907239
14170 0.0366587016155367
