10 0.03129877684472043
12 0.03681122548581593
194 0.044521608660328366
249 0.03561523554160794
322 0.031030390575541234
326 0.029767191944840447
337 0.026779080597081287
338 0.039603693384649995
398 0.04720121682290135
473 0.07154382964675776
513 0.042190758285756795
520 0.08037998459128441
548 0.03619920986865115
556 0.031030390575541234
567 0.05557376151570388
844 0.06120619106053793
906 0.057538855409121195
920 0.09389633053416131
960 0.027665390286388113
976 0.02697078160684739
995 0.0311638774174314
997 0.03185311969953695
1002 0.028185784048120218
1008 0.034697726226957964
1012 0.1424736790771617
1054 0.03273263233354065
1081 0.05557376151570388
1085 0.03580693655137405
1086 0.039603693384649995
1101 0.03273263233354065
1133 0.04734169071726514
1225 0.057538855409121195
1323 0.08037998459128441
1395 0.10774303951540891
1437 0.06637501035364785
1489 0.03660393836710373
1492 0.034697726226957964
1567 0.04589267843494584
1615 0.039603693384649995
1618 0.033841842657956735
1653 0.048632967947235546
1657 0.03600156440696153
1689 0.01852689997959784
1767 0.10336158766781145
1820 0.09636461340572487
1830 0.03524027095328866
1862 0.04353388117148462
1871 0.0479451686858876
1926 0.0752111652981745
1940 0.024759740337045602
1963 0.03361199647482847
2058 0.038131149317062955
2064 0.09641880269987195
2114 0.029294994372536298
2126 0.04156878727806731
2176 0.05680007824756086
2182 0.06718498124196244
2204 0.09263449989798922
2209 0.037454111800771406
2327 0.0752111652981745
2357 0.08568927777875814
2359 0.03767581959626915
2463 0.05557376151570388
2558 0.01950998187095746
2564 0.03934615175833578
2597 0.04903689679340697
2648 0.02280625124817936
2716 0.03273263233354065
2730 0.026129957551610516
2927 0.04115051840887798
2940 0.08149622838730462
2951 0.038131149317062955
3035 0.04353388117148462
3092 0.18582644084661526
3102 0.04870270046459454
3127 0.09849049038185047
3219 0.048182306702862436
3257 0.03561523554160794
3270 0.07154382964675776
3348 0.050404942222593965
3432 0.012491854011914017
3496 0.04126882339323942
3512 0.13389540298540648
3517 0.033514956108594035
3633 0.011139429500878215
3648 0.02492317689515606
3721 0.04825235015885276
3722 0.03836506187837469
3723 0.053098684540527914
3728 0.03063811725826412
3789 0.05595014108257856
3790 0.05001137542686016
3815 0.04768232587890919
3847 0.03199555556034079
3865 0.04589267843494584
3915 0.07146246633318185
3928 0.030257555358364694
4025 0.035056845099229565
4141 0.05557376151570388
4150 0.07085274930294923
4161 0.050404942222593965
4188 0.03129877684472043
4211 0.04353388117148462
4249 0.048182306702862436
4333 0.16955544247030754
4384 0.02239499374732081
4404 0.027363054924124497
4526 0.05651848082343585
4532 0.045035364813177804
4535 0.08552559704448809
4542 0.029294994372536298
4577 0.017895447471345572
4609 0.05651848082343585
4725 0.057538855409121195
4747 0.02706772410382843
4762 0.03986654552006788
4808 0.022462621900193783
4817 0.05658492292989476
4827 0.12171707588023675
4835 0.03417733246522586
4858 0.052370036116011265
4928 0.02308798375161093
4970 0.05680007824756086
5003 0.05557376151570388
5022 0.06120619106053793
5103 0.06637501035364785
5197 0.08137854928812721
5201 0.06637501035364785
5223 0.02063387023604984
5247 0.04191028891095812
5260 0.08877694252405831
5374 0.03600156440696153
5390 0.06190161070814953
5394 0.05864806573353727
5412 0.0418759798996463
5520 0.03199555556034079
5533 0.053098684540527914
5582 0.18099604934325578
5663 0.04296808733943505
5689 0.014612982618608182
5793 0.029888025806119642
5798 0.06638403823454561
5830 0.049245245190925234
5844 0.03129877684472043
5970 0.03050999681380912
6036 0.06440991646023053
6044 0.042718126966343965
6109 0.03184717078503789
6154 0.02640411600876201
6235 0.02649682824955059
6245 0.03160473706768193
6294 0.03199555556034079
6299 0.053871519757704454
6417 0.06735470328254523
6443 0.04284463888937907
6528 0.055330780572776225
6606 0.03352512840497354
6619 0.04544009331163038
6629 0.030898287041874323
6695 0.024518448396703484
6753 0.0752111652981745
6813 0.03476907042035251
6831 0.048182306702862436
6851 0.035426374651474614
6862 0.0690437813082218
6978 0.05864806573353727
7025 0.02840003912378043
7149 0.06270767470223111
7163 0.049245245190925234
7201 0.04742638817917894
7342 0.09641880269987195
7381 0.04981191078901062
7422 0.02206213209734767
7491 0.03806970143496616
7598 0.024759740337045602
7751 0.03836506187837469
7941 0.07404387798529374
8015 0.044262529596001264
8087 0.03143511907399381
8115 0.02193138349559669
8131 0.04284463888937907
8204 0.04768232587890919
8244 0.027165409462434873
8247 0.04251350658579927
8250 0.08646901303541933
8293 0.023596513504186113
8294 0.13060164351445386
8345 0.038603346889367104
8346 0.03790145162665058
8658 0.015212993453909252
8669 0.02941141414896564
8673 0.119021210521921
8739 0.03660393836710373
8744 0.00747906943208095
8847 0.05986306817481011
8870 0.10627912395442385
8970 0.04013493178924709
8997 0.040279192170522775
9134 0.028617956856244756
9150 0.0325817681240536
9317 0.08026986357849418
9387 0.08313757455613462
9497 0.010407682042210166
9645 0.04126774047209968
9652 0.018931628478050418
9654 0.02756381304043073
9765 0.047193027008372225
9806 0.06869922311933675
9827 0.015523932696211468
9898 0.04318460242082781
9932 0.02840003912378043
9959 0.0446430914959007
10040 0.0812031723114853
10047 0.05651848082343585
10260 0.042190758285756795
10271 0.045035364813177804
10382 0.03273263233354065
10386 0.02706772410382843
10438 0.04318460242082781
10460 0.02500568771343008
10489 0.03660393836710373
10495 0.03038315122078966
10499 0.02500568771343008
10516 0.015290020134899728
10553 0.04040909024639859
10556 0.046737606571177225
10567 0.01277410635944471
10583 0.06735470328254523
10614 0.046606891910861314
10624 0.037454111800771406
10657 0.019563884179253775
10749 0.03986654552006788
10806 0.034697726226957964
10992 0.03790145162665058
10999 0.007796988076100897
11000 0.06719465081042898
11003 0.09491567560765249
11048 0.050404942222593965
11087 0.04585809393717352
11097 0.20034723897147766
11098 0.03185311969953695
11135 0.031572935301871934
11138 0.03319624258526478
11246 0.02467880116406738
11255 0.0476491547054492
11325 0.026039866173684575
11327 0.09849049038185047
11359 0.04284280082767608
11425 0.046737606571177225
11438 0.044262529596001264
11482 0.08824852838939068
11733 0.02111272003163192
11876 0.05553556684515415
11911 0.04981191078901062
11957 0.06800305801306049
12011 0.04981191078901062
12023 0.025426447918358176
12064 0.02490120940247607
12069 0.059776051612239284
12175 0.023303445955430657
12219 0.044262529596001264
12249 0.053871519757704454
12335 0.027165409462434873
12378 0.03550812952484261
12407 0.03143511907399381
12513 0.027263849155602846
12582 0.028185784048120218
12657 0.05651848082343585
12665 0.09849049038185047
12666 0.09039955452288302
12667 0.06426420124151411
12749 0.06440991646023053
12807 0.04091767885601929
12822 0.049245245190925234
12834 0.010566701279898807
12850 0.04585809393717352
12877 0.017475918231744717
13008 0.13167900013126865
13020 0.053871519757704454
13112 0.023016964755010295
13184 0.048182306702862436
13336 0.05450586782266851
13480 0.07782522608168292
13487 0.042190758285756795
13503 0.044262529596001264
13666 0.03660393836710373
13764 0.045035364813177804
13822 0.04186207400062759
13832 0.028839664651742494
13874 0.013592608032922832
13875 0.0716138731027481
13902 0.057538855409121195
13918 0.02756381304043073
13919 0.028508532348162696
13993 0.04097575584448397
14040 0.02964749269055938
14060 0.03143511907399381
14062 0.04728665312161162
14072 0.038173553936351357
14090 0.06076630244157932
14170 0.17366960971791423
14171 0.16358309493361708
