194 0.040457050119724856
503 0.13668966488816509
917 0.054099248103269125
920 0.05688276868671435
954 0.12485478384799534
971 0.050094801118949824
994 0.04832538103399945
997 0.05789023797345677
1050 0.13668966488816509
1133 0.0430196754280258
1319 0.026960742509237922
1417 0.09517792549150186
1567 0.08340589872824808
1871 0.04356805944103349
1942 0.09149697925482565
1976 0.08184780677210102
2064 0.05841089230884664
2105 0.06847248190590115
2182 0.12210278267958707
2204 0.10101302404721207
2462 0.058943516751908565
2648 0.04144835182529206
2730 0.04748889512762689
2793 0.04009598084472279
3044 0.053881705257201304
3092 0.09210632185690597
3103 0.08113488458733496
3205 0.10879585092920745
3225 0.07059949232481852
3232 0.06690115830316738
3321 0.0721035204295658
3353 0.06120561876573106
3432 0.022702843812497764
3455 0.09273691801041956
3527 0.0508422253843795
3650 0.14608353844725253
3721 0.0876943941385797
3728 0.05568207810945961
3742 0.07245393321301355
3758 0.042616741047877126
3790 0.045445633773870356
3865 0.1251088480923721
3928 0.05499044039369987
4025 0.0637127265566554
4120 0.08044324687157521
4249 0.08756709632995023
4262 0.05261767491448658
4450 0.06150456669265823
4535 0.05181174520664361
4621 0.07977165947544329
4660 0.05814910259819895
4735 0.07343996044095208
4747 0.14757960958467234
4773 0.08851286613180144
4808 0.040823835767926475
4817 0.05141905541781105
4827 0.03686834316704114
4950 0.13668966488816509
4970 0.10322913666475388
5233 0.10879585092920745
5247 0.02538941890650417
5262 0.0905287581464224
5487 0.06806954752575246
5689 0.026557808129089238
5772 0.11123685841028975
5798 0.040215713115773336
6031 0.09517792549150186
6102 0.04398803727738531
6109 0.02893971317280368
6519 0.04529567763298607
6584 0.13002460552846468
6645 0.07911899257271399
6681 0.08797607455477062
6695 0.04456011925405592
6813 0.15797430359539816
7014 0.24126146393875442
7020 0.0966507620679989
7100 0.10998088078739975
7167 0.07667798509163168
7201 0.021548320257262887
7242 0.06881313278933504
7342 0.05841089230884664
7571 0.060046970196173194
7598 0.04499864609159157
7651 0.07150816341116234
7866 0.13668966488816509
8346 0.13776509647424948
8401 0.05303140274597603
8658 0.02764827494583675
8669 0.0534526533124561
8683 0.13015190333709412
8706 0.0381498574352842
8744 0.013592549594112956
8901 0.13668966488816509
8997 0.018300970533853683
9099 0.044272312535751195
9134 0.05201061460696458
9150 0.05921449227231801
9174 0.07294170160550223
9497 0.018915044926804382
9568 0.11123685841028975
9654 0.050094801118949824
9783 0.0354576727184425
9867 0.06888254823712474
9902 0.016037784452797337
9911 0.07911899257271399
9961 0.055449230492374456
9966 0.05521869980542615
10091 0.07197622262093632
10162 0.06150456669265823
10516 0.055576528301003944
10522 0.06930000354716519
10655 0.17331685048721285
10924 0.039740452493865354
10999 0.01417033871279639
11000 0.009393873559087454
11003 0.03450017518013034
11213 0.047001126735138225
11222 0.12063073196937721
11586 0.09273691801041956
11890 0.1854738360208391
11911 0.0905287581464224
11922 0.08184780677210102
12206 0.09392528838377646
12254 0.07343996044095208
12335 0.04937073772556131
12413 0.0943251557231283
12552 0.0778663554649886
12667 0.15572602989964798
12724 0.10100041407470049
12810 0.060910479196317834
12822 0.08949889335973994
12834 0.01920404837761196
12865 0.05743882442896901
12900 0.05431885299756795
12994 0.0637127265566554
13466 0.10271735816239429
13480 0.07072024499804634
13614 0.05431885299756795
13754 0.02984248229939481
13786 0.031347950997950444
13822 0.0760806303689625
13832 0.15724064696133977
13842 0.06806954752575246
14062 0.028646441625393794
14170 0.10520973696519449
