194 0.04704525121089583
249 0.0752680666043936
527 0.07962283712637985
1068 0.13612179755061038
1095 0.09200307165552794
1319 0.03135114647325657
1395 0.11385029680530201
1822 0.1216007232695331
1940 0.052326420321411174
2179 0.10182690118187095
2377 0.15894880134776934
2382 0.0752680666043936
2579 0.14518667707182273
2618 0.08369714213944626
2716 0.06917606785836897
2740 0.16316608556059617
2875 0.1325243358444201
2895 0.0773575586150369
3032 0.14518667707182273
3092 0.07140354255597973
3139 0.1325243358444201
3150 0.06731733480469428
3432 0.026399873129651533
3573 0.1293511497337642
3633 0.04708340735961308
3721 0.05098746435822508
3925 0.11385029680530201
3984 0.03399778272508512
3986 0.09200307165552794
4114 0.09691498641869944
4358 0.09877371947237412
4555 0.08721617309587679
4734 0.06854213405675866
4808 0.04747176582105974
4914 0.09877371947237412
4966 0.16987241392265637
5130 0.09126491743955419
5161 0.07332903261640981
5520 0.13523670812997127
5814 0.10527085282306389
6245 0.06679241112544479
6247 0.4083653926518311
6271 0.07869374700479459
6278 0.043606942242990894
6695 0.0518164818762321
7025 0.06001970796567647
7099 0.03080529102885558
7965 0.06854213405675866
8658 0.03215063966664838
8669 0.06215711465694283
8673 0.08384516967402547
8683 0.07567320120905872
8744 0.015806019182299028
8795 0.0462119597270648
8870 0.14973786843016945
9251 0.10077025816418636
9497 0.02199525268435327
9765 0.04986809501764054
9827 0.03280776842751761
9898 0.09126491743955419
10522 0.08058511597223024
10524 0.09877371947237412
10602 0.09200307165552794
10657 0.04134566892655834
10754 0.07915428716835018
11003 0.12035499894574493
11138 0.07015584650575388
11327 0.1040732803984963
11359 0.045271282601079564
11604 0.10783859899358647
11631 0.08539924135937818
11817 0.14518667707182273
12057 0.05164862498733218
12081 0.10922048874038501
12217 0.09877371947237412
12254 0.17079848271875636
12364 0.16987241392265637
12584 0.07295742750395694
12764 0.052326420321411174
12865 0.06679241112544479
12892 0.0878501068974871
12940 0.08539924135937818
12964 0.11385029680530201
13031 0.11944429720330448
13324 0.10182690118187095
13429 0.15119837488353824
13480 0.04111831784303873
13513 0.13612179755061038
13631 0.10292668423041497
13666 0.0773575586150369
13834 0.15894880134776934
13874 0.02872617044899828
