194 0.026844284655217175
315 0.0563608392712096
916 0.05383506535659958
997 0.03841164944846219
1012 0.08590444308072268
1075 0.04839867947216836
1111 0.04061148916650577
1249 0.038932806263349565
1307 0.0480750327026922
1319 0.08944570158874934
1408 0.0563608392712096
1481 0.057500075465908664
1492 0.04184195799534187
1493 0.0981343220810295
1514 0.07561913059414765
1615 0.04775805954032411
1620 0.03424758257387026
1653 0.019548817970825694
1689 0.022341572633884862
1842 0.05810300190833572
1963 0.02026633871395691
2046 0.04080984874101185
2184 0.07218882204726797
2204 0.022341572633884862
2260 0.07380849277149955
2308 0.0862746421862002
2503 0.06701635086326216
2695 0.061533310455215415
2736 0.039290325952293446
2776 0.03108006083176766
2848 0.02636880385286262
2934 0.04414065756362141
3044 0.03575188574926828
3092 0.020371631274440954
3105 0.052930530724329926
3130 0.021810410837367396
3137 0.09899125267781228
3153 0.05207627464458884
3208 0.03589623097629964
3225 0.046844563873856104
3238 0.04839867947216836
3292 0.14144730331200495
3307 0.051267000758558334
3321 0.04784252488321794
3332 0.05708930381960484
3429 0.13877211177359464
3432 0.030127831860311163
3490 0.04744749031628316
3493 0.09693015377825277
3746 0.03984269628802036
3758 0.08483188401389105
3789 0.03373511332843251
3865 0.05534194116376507
3908 0.03437841445915544
3915 0.028725508745617113
3928 0.036487559791822805
3940 0.03710254794827156
3985 0.032877452075628005
4025 0.04227501913227737
4180 0.049766038375030894
4404 0.03299708422593742
4420 0.03947225297180672
4458 0.05691990647209666
4535 0.03437841445915544
4591 0.057500075465908664
4735 0.04872928691811933
4746 0.09069707907090244
4817 0.034117854768287645
4827 0.04892617211652576
4858 0.06315298117944698
5247 0.01684652702902962
5294 0.06403165768327825
5390 0.024882366240683355
5548 0.04061148916650577
5551 0.07338925817478865
5641 0.061533310455215415
5689 0.017621783079244457
5751 0.08284433363932053
5798 0.1067366055901371
5816 0.04003132017269377
5844 0.0754863357602316
5970 0.0367919787242306
6067 0.039110526782978335
6109 0.09601118914405463
6197 0.0862746421862002
6278 0.024882366240683355
6563 0.03184070061871644
6572 0.09693015377825277
6579 0.044644724155812526
6693 0.0377431678801158
6831 0.05810300190833572
6862 0.041629918030387694
6865 0.09693015377825277
6869 0.06938605588679732
7025 0.03424758257387026
7104 0.07561913059414765
7201 0.014297860103886425
7233 0.09196463985003533
7402 0.05430810741004254
7486 0.034117854768287645
7580 0.017621783079244457
7649 0.036639015733506135
7865 0.0437370611608838
8076 0.05938479851017188
8202 0.03323917826445638
8250 0.08341832632285164
8488 0.061533310455215415
8673 0.07176378732482691
8715 0.04365259581798998
8736 0.19386030755650555
8844 0.09693015377825277
8996 0.03377717259880578
8997 0.012143160735240755
9018 0.0862746421862002
9060 0.09693015377825277
9099 0.02937580858064121
9251 0.057500075465908664
9489 0.049412628471897355
9496 0.13295671305782553
9528 0.042948381682957816
9580 0.0862746421862002
9645 0.024882366240683355
9652 0.06848890313854887
9765 0.1422750759546289
9781 0.03504981608710449
9898 0.10415254928917768
9918 0.04490309416592282
9932 0.03424758257387026
9990 0.05249746958739443
10005 0.04839867947216836
10156 0.025096374157215724
10289 0.1725492843724004
10362 0.03118644640328931
10374 0.05012776456385927
10396 0.04101080132450309
10445 0.16804810790335015
10451 0.034777726617152754
10460 0.12061734859583718
10468 0.06595574733991764
10489 0.04414065756362141
10495 0.07327803146701227
10582 0.04543323820920532
10608 0.04570532767915705
10614 0.11240642115116892
10616 0.03807377532606677
10645 0.0375804927776234
10657 0.0235920709818177
10670 0.05810300190833572
10672 0.046844563873856104
10675 0.0623218245086082
10708 0.04744749031628316
10992 0.04570532767915705
10999 0.018804762331482466
11000 0.05609767236615299
11003 0.022891746196264096
11097 0.026844284655217175
11098 0.03841164944846219
11200 0.07452043514768769
11255 0.07661343250209655
11314 0.04205696365023136
11317 0.03311765467720432
11325 0.0314014520581788
11359 0.025832048199770245
11482 0.13302352990895644
11636 0.039656358809796025
11910 0.03504981608710449
11957 0.027334942913604044
12023 0.030661731515539848
12064 0.040037795792398356
12175 0.02810160528779223
12206 0.0623218245086082
12230 0.09069707907090244
12264 0.051267000758558334
12328 0.037419521110639654
12333 0.0375804927776234
12387 0.03589623097629964
12499 0.0649636190020951
12667 0.15499228919862149
12768 0.03604194442492704
12807 0.02467129674091255
12847 0.04570532767915705
12961 0.05810300190833572
12968 0.047143071383875364
13079 0.02204421996394668
13109 0.06315298117944698
13336 0.03286428939202136
13601 0.09069707907090244
13628 0.04414065756362141
13676 0.08986793272335963
13786 0.041600330101007575
13787 0.05352801903717418
13832 0.034777726617152754
13858 0.04101080132450309
13925 0.04744749031628316
14076 0.046551742568352206
14170 0.3955862824651243
14242 0.2492872980344328
