49 0.09316130157956891
167 0.08634615178585989
194 0.05791742341964235
463 0.06479948985040337
521 0.07008056792985579
548 0.047090952652107096
1012 0.06178054990646238
1127 0.03199961562875657
1133 0.06158602146639897
1319 0.019298203094325145
1329 0.050534340468322225
1567 0.11940205076851525
1653 0.042177215087375375
1748 0.07115084262270603
1823 0.23886636109234594
1871 0.06237107596206631
1928 0.057580391755259384
1963 0.021862644796422425
2111 0.05663250508636662
2114 0.038109373048375174
2126 0.054076146982760656
2176 0.036945140585903265
2182 0.029133276500397147
2204 0.024101337374358413
2209 0.04872343379418002
2215 0.050218454689375504
2234 0.04990847366462203
2352 0.03572621236216032
2371 0.04107270868019896
2372 0.051184757242422406
2471 0.052210868122282796
2508 0.08634615178585989
2558 0.02538021232679905
2648 0.029668274572759088
2666 0.06907519939413373
2730 0.06798405812332772
2784 0.24472612670619037
2855 0.08634615178585989
2940 0.03533903130516837
2942 0.08634615178585989
2965 0.029221252844534102
3089 0.06723068885443734
3092 0.02197623087045676
3102 0.06335653650811121
3137 0.03559614501323276
3208 0.03872364705050116
3220 0.034469285077163334
3376 0.05709967688022572
3419 0.06267956488129675
3562 0.08378979368225392
3633 0.01449109936655331
3734 0.027307248550495322
3799 0.055735881215563
3813 0.07485134414698555
3888 0.06723068885443734
3915 0.030988113006788665
3956 0.031285138892907044
3985 0.03546708987182995
4030 0.03936155269464046
4142 0.08936968168332496
4249 0.06267956488129675
4383 0.029850512692128812
4384 0.058266553000794294
4486 0.08378979368225392
4555 0.053685928932448876
4636 0.08157537556873012
4789 0.06140328130349638
4820 0.05663250508636662
4827 0.026389954725655144
4864 0.04761745725336068
4881 0.029942388284338414
4922 0.027073124633975723
4998 0.05530511668545198
5075 0.08936968168332496
5130 0.056178134143761854
5166 0.057580391755259384
5216 0.07485134414698555
5223 0.02684226008913579
5231 0.05330468221152904
5247 0.018173466933884743
5266 0.07787487404445062
5299 0.052567516319073304
5345 0.07787487404445062
5374 0.046833838944042715
5581 0.06335653650811121
5582 0.09418190530421419
5621 0.2792105496228134
5728 0.17269230357171977
5798 0.028785965335538767
5916 0.09307018320760446
5938 0.03263752127289588
6044 0.08335695592492338
6182 0.0580754584286588
6235 0.034469285077163334
6245 0.0822281581413954
6277 0.07962212036411531
6294 0.24973493025459995
6443 0.055735881215563
6488 0.04019506993107568
6491 0.09307018320760446
6636 0.043390451127827585
6693 0.04071606048340845
6695 0.127582573955813
6696 0.1412728579563213
6859 0.05709967688022572
6921 0.04901184979381842
7099 0.018962201690511122
7170 0.047352115561016074
7201 0.01542405074799901
7341 0.08634615178585989
7374 0.04990847366462203
7381 0.12959897970080675
7422 0.028700262292201347
7479 0.02853017360140601
7491 0.024762122077509392
7495 0.055735881215563
7586 0.0735239557460709
7671 0.026995812130420672
7674 0.046833838944042715
7751 0.04990847366462203
7773 0.07787487404445062
7865 0.023591035512035768
8085 0.045843484897328715
8087 0.12268027749484826
8124 0.02676601396872342
8250 0.08998888569115808
8301 0.05488525876670193
8554 0.07485134414698555
8673 0.05161090725111913
8688 0.029942388284338414
8996 0.036437678121237854
8997 0.026199267031652047
9069 0.08634615178585989
9204 0.03031506693378035
9497 0.0135391812154536
9533 0.04788711363337801
9655 0.07787487404445062
9765 0.030696313654700182
9821 0.05488525876670193
9876 0.08634615178585989
10068 0.03189564348895325
10089 0.07787487404445062
10259 0.065570954621635
10445 0.03625692971638373
10451 0.03751704215494407
10460 0.03252948504730415
10522 0.04960418068724952
10657 0.025450332947028923
10694 0.08634615178585989
10837 0.06140328130349638
11000 0.05379225137395668
11003 0.19755876892124077
11097 0.1158348468392847
11356 0.029221252844534102
11365 0.025662491516251367
11386 0.054076146982760656
11482 0.08610078687660404
11486 0.07229498604337958
11495 0.05330468221152904
11511 0.04089342583161609
11694 0.056178134143761854
11733 0.027465187858361904
11816 0.07787487404445062
11930 0.04446072582067783
12011 0.06479948985040337
12023 0.06615369006004702
12064 0.010797856980921802
12078 0.03639230599450367
12335 0.03533903130516837
12354 0.028030130633302622
12406 0.039524938272176964
12407 0.04089342583161609
12523 0.03220953617830241
12584 0.04490895586264713
12877 0.02273413262304034
12915 0.054076146982760656
12917 0.07629429748927773
12992 0.09981694732924407
12996 0.08157537556873012
13006 0.05488525876670193
13043 0.04258133934388631
13080 0.07787487404445062
13336 0.01772644520565976
13480 0.025310386952160157
13754 0.0427218415112413
13786 0.04487703739925672
13832 0.03751704215494407
13878 0.07115084262270603
13973 0.03598944807926855
14014 0.04424107357668866
14039 0.04761745725336068
14040 0.03856793227285006
14061 0.06406232395794764
14062 0.020504807989882228
14090 0.07904987654435393
14094 0.06812731272524096
14170 0.050205315395379334
14171 0.03546708987182995
14198 0.08399880474487087
