194 0.07084190221610569
521 0.17143859127035221
920 0.09960398806043701
1133 0.15065832190048634
1319 0.09441866269838785
1567 0.07302352129563948
1656 0.1121472428361052
1871 0.152578806291286
2114 0.09322723006681566
2182 0.07126894130362708
2929 0.10930913911740141
2995 0.1129996653475442
3092 0.10752121945227754
3130 0.057557540149745984
3432 0.039753581554586775
3512 0.08522068569306065
3721 0.07677818422353311
3743 0.17405681185609587
3815 0.15174234575041776
3864 0.15851945244093718
3956 0.07653305756405457
4249 0.15333346492630615
4827 0.06455793375394814
4922 0.06622917715480076
5247 0.04445788128831934
5582 0.11519893206825374
5663 0.06836996984849954
5736 0.16666032918483634
6245 0.05028883187928234
6271 0.23699797904539505
6294 0.10182138905395613
6443 0.1363470822378575
6695 0.07802653929518145
7099 0.04638736872765249
7491 0.06057575518054786
7566 0.08552456980098004
7649 0.09669013733181932
8115 0.06979356639659731
8122 0.23699797904539505
8463 0.08373449976965346
8517 0.08010742303575903
8669 0.09359771975332949
8870 0.22547898375174116
9274 0.179862175351467
9440 0.1947801587858856
9652 0.060247264813175674
9725 0.06330406630526622
9902 0.028082797796820082
9906 0.08936065440942367
10259 0.1604066921922907
10661 0.21122920462916814
11000 0.016449045843282554
11003 0.30205588757912283
11108 0.09750153115332283
11356 0.07148415845938777
11359 0.13634123286307756
12064 0.026414874254455573
12175 0.07415996363778946
12695 0.09037915992164827
12865 0.10057766375856468
13008 0.13968334526250098
13079 0.058174560997762643
13336 0.043364328858338526
13480 0.12383395887798623
13614 0.09511446981816918
13666 0.11648692401527416
13754 0.05225537222025148
13872 0.07370155945290688
14178 0.11273949187587058
14198 0.10274343644209444
