12 0.15825904848468691
556 0.266812094505552
557 0.20938295132639237
638 0.20292776355924652
1101 0.1407243355563179
1653 0.06969438561869688
2114 0.1259452211540273
2182 0.09628069575236382
2204 0.07965096308113662
2693 0.11553932096842992
3236 0.12209762400844856
3721 0.10372340125205026
3915 0.10241062588019635
4383 0.09865104361068863
4404 0.11763941511794482
4577 0.07693621854871731
4593 0.1680719213397427
4762 0.17139449928958417
4808 0.19314288625168072
4817 0.12163512547164519
4827 0.17442893536707568
4970 0.12209762400844856
5231 0.1761632231827651
5798 0.09513288937381685
6235 0.11391532803633043
6417 0.14478587865230585
6813 0.14947940278549782
7616 0.13227599172502857
8202 0.11850251565434083
8344 0.10822103266488806
8669 0.12644573377753685
8997 0.08658427616183303
9496 0.11850251565434083
9820 0.20499615059109108
9911 0.18716113142441537
10386 0.1163697270271132
10999 0.06704171880643527
11003 0.08161241202760973
11875 0.13455989516264855
11910 0.12495770342148668
12335 0.11678969652554508
12413 0.33469845152603567
12582 0.1211764972608464
12667 0.0920950172661263
12915 0.17871278759312606
13875 0.15394140328078806
14062 0.06776502394118208
14170 0.08296016235365926
