210 0.0589865993733159
437 0.04895687160384384
557 0.07010991308145381
638 0.06794845413547891
646 0.11571090882897439
903 0.10827014131676792
971 0.07935890691987033
981 0.054560988484348115
1007 0.11571090882897439
1012 0.03418296850485164
1054 0.047120220972141635
1133 0.03407533657943089
1274 0.06073565465646837
1375 0.05777619212962911
1388 0.08810929772612341
1458 0.031759515365293915
1519 0.06526247950781433
1567 0.03303237464715345
1623 0.061200266578339414
1653 0.07000952972109899
1823 0.08810929772612341
1871 0.03450970456645299
1942 0.0362367955254058
1996 0.0686410340905459
2090 0.07345573073490642
2114 0.12651472030837196
2157 0.0686410340905459
2172 0.0523995295383732
2176 0.04088324169879705
2204 0.026670376279908137
2471 0.11555238425925822
2506 0.19779176578356497
2617 0.0502057336841577
2730 0.0376153485389846
2776 0.03710199504615365
2784 0.2708122700162949
2850 0.05817085660240121
2889 0.12637222940806456
2919 0.06426590793954745
2995 0.02555784228516747
3036 0.056640704797714506
3092 0.07295624355926233
3198 0.0764381465989196
3208 0.042851324875689115
3321 0.028556139751797254
3432 0.017982633214316014
3633 0.016035752158164353
3693 0.05489164951456203
3738 0.05154583186110943
3763 0.057011448531912014
3789 0.04027147869394143
3790 0.035996907264003716
3810 0.07010991308145381
3865 0.03303237464715345
3908 0.04103942298769492
3915 0.034291235430555435
4008 0.09555006523832987
4278 0.06371807052048158
4308 0.09272121671966223
4384 0.0322386859477287
4404 0.03939045235834617
4747 0.03896530923602005
4808 0.032336039972753035
4827 0.029202944700146487
4922 0.029958935881673407
4928 0.06647255772719239
5059 0.03129253875162421
5231 0.17695979811994764
5329 0.08617580681334445
5582 0.05211052843678421
5663 0.030927328874033384
5844 0.04505611605119107
5962 0.036975869527836415
6068 0.09424044194428327
6154 0.11403003903527009
6235 0.03814347680496052
6245 0.022748280358583072
6286 0.09272121671966223
6417 0.048480190499901384
6443 0.061676947682281866
6488 0.044479591443731946
6606 0.024130528862829466
6636 0.048015578578030335
6684 0.10827014131676792
6695 0.14118200999836922
6696 0.10422105687356842
6712 0.06541323093177434
6756 0.06601496322269994
6789 0.04042251815297151
6813 0.05005177293743633
7099 0.041966887258255675
7242 0.027253002696460242
7381 0.14341335090350785
7402 0.06483060451522224
7479 0.03157129637503594
7495 0.061676947682281866
7571 0.04756243973604416
7590 0.09555006523832987
7627 0.035181164493089036
7693 0.05890299471537191
7736 0.06936078087615254
7865 0.02610567970423335
7891 0.030927328874033384
7892 0.04605916300183528
8078 0.10093207725118848
8087 0.09050477468225968
8124 0.05923817860984023
8202 0.03967945345993516
8411 0.030480805855231788
8433 0.026245233157582013
8463 0.03787751286445212
8554 0.08282998915989184
8658 0.021899846180761115
8673 0.028556139751797254
8689 0.05126986890619896
8997 0.014495965496407493
9496 0.03967945345993516
9528 0.05126986890619896
9531 0.042005498178892604
9645 0.05940692548804829
9654 0.03967945345993516
9765 0.06793666449795752
9783 0.028085570618162123
9820 0.0686410340905459
9876 0.09555006523832987
9880 0.06936078087615254
9902 0.01270332464808445
9908 0.04919993728550804
10079 0.03953438400345558
10156 0.029958935881673407
10167 0.08000114064122418
10259 0.07256037312901771
10386 0.0779306184720401
10445 0.2006083611191884
10453 0.08000114064122418
10460 0.035996907264003716
10516 0.022010729845479485
10567 0.03677789847423283
10583 0.048480190499901384
10616 0.045450780523963175
10752 0.053603317777235086
10754 0.16175106295003666
10999 0.04489657871928163
11000 0.014881535024412943
11003 0.21861719217833128
11045 0.08810929772612341
11255 0.02286442752274326
11482 0.06351903073058783
11577 0.06318611470403228
11587 0.07345573073490642
11733 0.03039279038349944
11875 0.04505611605119107
11912 0.054560988484348115
11941 0.07439702376071991
11955 0.048716983342441754
12057 0.07036232898617807
12064 0.011948835212945668
12182 0.048015578578030335
12216 0.07439702376071991
12256 0.04969594560627445
12387 0.042851324875689115
12393 0.08000114064122418
12413 0.03735687679176347
12513 0.07849528163042065
12735 0.02879602801319932
12763 0.04267901196011143
12768 0.08605054222677555
12834 0.015211281945853384
13008 0.06318611470403228
13043 0.047120220972141635
13266 0.09272121671966223
13336 0.019615963894314997
13480 0.08402490699819411
13573 0.23142181765794878
13754 0.023637849858232942
13770 0.10199598888408709
13786 0.024830312425713427
13832 0.041516104091637356
13912 0.035295502499592304
13925 0.11328140959542901
13973 0.0398256788605226
14040 0.04267901196011143
14083 0.05299155477237947
14105 0.10299083275053635
14171 0.03924764081521032
