12 0.0702377644507928
194 0.04247479159936486
210 0.07818390855547656
249 0.06795575240478889
322 0.05920762580699115
326 0.056797376033809514
398 0.09006241724484816
437 0.06488998540859545
898 0.07507453780130187
920 0.059719720998271844
976 0.05146167726161297
994 0.05073554503614871
1012 0.13592365615911686
1054 0.06245559307944004
1085 0.06832152806672982
1133 0.04516522443110195
1185 0.07606747661210797
1492 0.06620509612336124
1493 0.1552745745574033
1519 0.17300457338284378
1653 0.061862849391545634
1862 0.08306494692847807
1963 0.032066733176671254
1996 0.36392159504053867
2064 0.12264811550071944
2114 0.05589639810058329
2204 0.10605091405651264
2659 0.04545138800406408
2965 0.042859870193155014
2995 0.06775138846206374
3027 0.08917782437330361
3092 0.03223333398652574
3157 0.05502760491984869
3250 0.0805021974510783
3321 0.03784979372894504
3336 0.10131509745149922
3723 0.10131509745149922
3758 0.0447421942355146
3783 0.1228975259835373
3789 0.053377913645675956
3790 0.04771217421769178
3865 0.04378282840884693
3908 0.054395786977524334
3928 0.05773301535251879
4079 0.06488998540859545
4180 0.07874309693309763
4404 0.05221015549062105
4535 0.054395786977524334
4577 0.03414545991461836
4630 0.07763728727870164
4827 0.0387071026681317
4885 0.07710268063449835
5223 0.03937051533115427
5247 0.026655682351812378
5417 0.07990158364792338
5455 0.061049211626638074
5844 0.059719720998271844
5962 0.049009741748756844
6109 0.030383042815099588
6154 0.10076089868126954
6563 0.05038044934063477
6601 0.07606747661210797
6606 0.03198385874165527
6712 0.08670210047405588
6813 0.03317061230817669
7201 0.06786904207314247
7342 0.12264811550071944
7468 0.031411511790196016
7536 0.06488998540859545
7588 0.08174983621371228
7718 0.051278101875927504
7810 0.07874309693309763
8015 0.08445524664638238
8087 0.059979869180192304
8097 0.04502339532286395
8131 0.08174983621371228
8204 0.09098039876013467
8250 0.09899246911322483
8433 0.03478679786612361
8658 0.029027195826959205
8673 0.07569958745789009
8683 0.06832152806672982
8688 0.08783517133693594
8706 0.08010506150665424
8739 0.06984224966893907
8970 0.07657957180338869
8997 0.019213707059491335
9113 0.0805021974510783
9134 0.05460457472426135
9150 0.06216773619148912
9287 0.08518137887184665
9386 0.08592985710085473
9409 0.0498573405095251
9489 0.15636781711095313
9497 0.039716815189495755
9521 0.10278970790597157
9528 0.06795575240478889
9533 0.0702377644507928
9684 0.09736204825619514
9708 0.08676595804852935
9765 0.0900467906457279
9783 0.03722607691014158
9827 0.029620484340750913
9902 0.03367529517511611
9906 0.05357810920498155
10046 0.07657957180338869
10174 0.06945306339581013
10396 0.06488998540859545
10445 0.1595380570621794
10575 0.05357810920498155
10583 0.06425816746627107
10614 0.04446420694524288
10672 0.07412054795501782
10754 0.07146442552937819
10999 0.014877065479002652
11000 0.08876142439872067
11003 0.036220825457641694
11057 0.0919343886064187
11097 0.04247479159936486
11098 0.06077743647358481
11200 0.05895556528038931
11246 0.047088457398888325
11255 0.06061140427160007
11325 0.049685441397276105
11482 0.16838285790108992
11733 0.040284186058100434
11880 0.06759539584126555
11882 0.1228975259835373
12057 0.04663094629671358
12064 0.04751282407658245
12117 0.05073554503614871
12175 0.04446420694524288
12198 0.14350687983257532
12303 0.0999247977335949
12335 0.051833037500124565
12354 0.04111280809321106
12413 0.04951474860452282
12513 0.05202086563923405
12558 0.06759539584126555
12666 0.11499141965958955
12667 0.08174632909480394
12735 0.07633550822946371
12760 0.13650940951620524
12768 0.05702793342966362
12847 0.07231797356818678
13336 0.05200003877607635
13480 0.03712366150348077
13596 0.07188745572496553
13761 0.058214686996185025
13764 0.08592985710085473
13816 0.12851633493254214
13874 0.025935414773307606
14163 0.019658212035442282
14170 0.11045693244060527
