109 0.1037655396683583
194 0.061424507002746286
521 0.07432416846955181
548 0.04994245911092031
552 0.08259044452690675
920 0.043181547013349635
940 0.05653244969234596
965 0.0610670670027131
968 0.03543748081973306
1012 0.03276077902212081
1133 0.06531525029048792
1313 0.1587676606194536
1443 0.0793838303097268
1458 0.030438154152246006
1545 0.037077664294090915
1604 0.03016826109760792
1653 0.06709676874054966
1871 0.06614784232444745
2086 0.055372401692665385
2172 0.10043887252367154
2182 0.030897388743379266
2204 0.02556074975228881
2215 0.10651868262110928
2372 0.05428415654631445
2384 0.07866393859295126
2390 0.08651502314886755
2471 0.055372401692665385
2478 0.07039958984759101
2506 0.09478129920622251
2604 0.06269169991408614
2667 0.05500212095109531
2730 0.03605035417420888
2784 0.08651502314886755
2854 0.07667267661943301
2942 0.09157468498904255
2953 0.06326839700845024
2965 0.030990692334033888
3092 0.04661392262621051
3137 0.03775160443160456
3188 0.06213331379023607
3376 0.060557243318156456
3606 0.03978881798438471
3721 0.033285823551928655
3756 0.041403500295441376
4182 0.16078306492427136
4213 0.07039958984759101
4376 0.07130172018215696
4383 0.031658055860119536
4384 0.030897388743379266
4404 0.03775160443160456
4555 0.05693678211074861
4569 0.06159211153252096
4702 0.04994245911092031
4723 0.1329500224512604
4864 0.1010016904695408
4913 0.04861945322918596
4922 0.028712488150877992
5002 0.04579939711298882
5003 0.07667267661943301
5075 0.09478129920622251
5166 0.0610670670027131
5172 0.1085683130926289
5231 0.05653244969234596
5266 0.08259044452690675
5329 0.08259044452690675
5528 0.04106848663123888
5582 0.09988491822184062
5652 0.11089673250749905
5663 0.029640590952270823
5685 0.03681515665085301
5712 0.09870587782818331
5746 0.04244862073136697
5945 0.059110865502841205
5963 0.059579898247759944
6044 0.02946816128104666
6245 0.1308110006633888
6294 0.13242858596375
6443 0.059110865502841205
6606 0.02312657321291047
6695 0.27061620647715
6696 0.04994245911092031
7018 0.11089673250749905
7201 0.03271605182836463
7381 0.20616991311498511
7422 0.030438154152246006
7491 0.05252309412773344
7590 0.09157468498904255
7627 0.03371744485957642
7732 0.05428415654631445
7773 0.08259044452690675
7862 0.02999060619728241
8087 0.0867393047912593
8176 0.07667267661943301
8202 0.03802858158252002
8250 0.07157849848467941
8463 0.03630161109863035
8706 0.028960789012702784
8812 0.11089673250749905
8870 0.04887621232339736
8935 0.08444349214990182
8996 0.05796614255536949
8997 0.01389285785032656
9416 0.09478129920622251
9457 0.04244862073136697
9562 0.08886353129874877
9654 0.11408574474756003
9695 0.051673792161021116
10089 0.08259044452690675
10254 0.08886353129874877
10259 0.13908296756058453
10333 0.060061782791270314
10445 0.038452401743182464
10460 0.03449924848359566
10491 0.1037655396683583
10567 0.017623873196403735
10616 0.04355979138901097
10657 0.026991431283126234
10708 0.05428415654631445
10790 0.07432416846955181
10887 0.04966977635279631
10999 0.010757161816292209
11000 0.021393578517422247
11003 0.23571177595857695
11097 0.061424507002746286
11365 0.027216436726246088
11482 0.030438154152246006
11486 0.15334535323886603
11495 0.05653244969234596
11520 0.05500212095109531
11531 0.06326839700845024
11560 0.08444349214990182
11576 0.036945920714860234
11672 0.075459251687766
11941 0.07130172018215696
12010 0.05653244969234596
12023 0.03507975284836971
12064 0.022903402899457914
12078 0.038595975484077914
12175 0.032150740333714456
12221 0.07667267661943301
12328 0.08562253254355912
12335 0.03747892167348056
12336 0.059579898247759944
12354 0.05945488779424097
12393 0.07667267661943301
12513 0.037614734592292115
12523 0.034159925696355564
12725 0.04994245911092031
12751 0.09478129920622251
12758 0.2217934650149981
12803 0.09870587782818331
12807 0.028226161711753652
12956 0.05500212095109531
12992 0.10586117990425911
12999 0.048116913738392594
13008 0.060557243318156456
13043 0.04515977442166076
13247 0.08651502314886755
13336 0.05639951296415441
13480 0.05368602222929413
13503 0.0610670670027131
13754 0.02265439222031662
13761 0.08418660373399739
13842 0.051673792161021116
13860 0.05777444926163896
13919 0.03933196929647563
14061 0.06794150074764246
14170 0.05324540639065617
