12 0.052990476811875235
194 0.03204486186219971
210 0.05898539946090199
249 0.05126882596843321
322 0.04466885224699285
326 0.04285045318894641
398 0.06794707191995049
437 0.04895587571734406
565 0.10826793887268736
898 0.05663955260576682
971 0.03967864629577772
976 0.038824965984533534
994 0.038277139709641535
1008 0.049948053420902215
1012 0.10254681945253293
1024 0.058573004187243885
1027 0.04119610687175877
1054 0.04711926244700726
1085 0.051544783309672444
1133 0.034074643414884975
1185 0.05738866957213175
1492 0.049948053420902215
1493 0.11714600837448777
1519 0.13052230386140193
1653 0.046672070385950726
1862 0.06266787074604112
1963 0.02419256213687491
1996 0.2745585511458949
2064 0.09253116427152616
2126 0.05983907977214617
2204 0.16001900248766743
2384 0.04103858815887573
2659 0.034290537874169434
2693 0.038686468592219574
2702 0.19778774227996154
2848 0.03147726556282809
2949 0.11967815954429234
2969 0.054235076891253425
2995 0.0766719671535079
3078 0.054235076891253425
3092 0.048636506316457585
3157 0.08303051913222903
3250 0.060734419164564055
3321 0.02855555885940906
3332 0.034074643414884975
3336 0.07643659168505826
3512 0.0770980172865886
3723 0.07643659168505826
3758 0.03375549072052923
3783 0.09271933057365353
3789 0.040270659486736325
3790 0.07199235002127718
3865 0.0330317026986631
3908 0.04103858815887573
3915 0.034290537874169434
3928 0.043556340883550905
3984 0.023157581753843654
4079 0.04895587571734406
4180 0.05940727591140546
4219 0.03048018581105701
4241 0.056276158208689815
4404 0.03938965107308348
4493 0.05940727591140546
4535 0.04103858815887573
4577 0.025760845550601468
4630 0.058573004187243885
4827 0.05840470130075034
4881 0.033133369536966065
4885 0.05816967328392369
4899 0.04119610687175877
5049 0.0487159923357775
5181 0.12433015434885103
5223 0.029702858512655306
5231 0.05898539946090199
5247 0.02011022601036788
5417 0.06028128954038204
5455 0.04605822606086823
5551 0.02920235065037517
5798 0.031853705786040486
5844 0.04505519951432428
5962 0.036975117360304594
5970 0.04391973528062791
6102 0.03484165489010423
6109 0.022922311641847458
6133 0.0775491030485002
6154 0.07601847961511048
6221 0.10826793887268736
6235 0.07628540177164543
6412 0.04847920431010527
6417 0.04847920431010527
6563 0.03800923980755524
6601 0.05738866957213175
6606 0.02413003799674388
6645 0.06266787074604112
6665 0.11570855502391691
6712 0.0654119002880576
6758 0.06426460063481135
6813 0.025025377389161763
7201 0.051203407858184564
7242 0.02725244831264088
7342 0.09253116427152616
7468 0.023698234136003166
7536 0.04895587571734406
7588 0.06167569304248296
7717 0.036357186339421116
7718 0.038686468592219574
7810 0.05940727591140546
8015 0.06371677435991935
8077 0.07873343766361232
8087 0.04525146681168915
8097 0.03396764126112765
8131 0.06167569304248296
8204 0.06863963778647372
8250 0.07468429811386751
8301 0.060734419164564055
8433 0.02624469927393037
8658 0.04379880138297544
8669 0.042338304115024705
8673 0.05711111771881812
8683 0.051544783309672444
8688 0.06626673907393213
8706 0.09065220335826665
8739 0.052692082962918704
8970 0.05777501683946319
8997 0.02899134123550958
9099 0.07013364223688624
9113 0.060734419164564055
9134 0.04119610687175877
9150 0.04690209047598321
9287 0.06426460063481135
9386 0.0648292857233613
9409 0.03761458336309474
9489 0.11797079892180398
9497 0.02996412244605193
9521 0.0775491030485002
9528 0.05126882596843321
9533 0.052990476811875235
9676 0.05072905713269414
9684 0.07345423648970296
9708 0.032730038633645875
9765 0.0679352825222553
9783 0.028084999298147163
9827 0.08938801517321687
9902 0.012703066235544904
9906 0.040421695873303784
10046 0.05777501683946319
10085 0.1688500682223596
10387 0.05701028879825123
10396 0.04895587571734406
10445 0.12036256819204079
10501 0.19778774227996154
10537 0.07538768807118001
10575 0.040421695873303784
10583 0.04847920431010527
10614 0.06709152962124836
10624 0.10783184839379537
10672 0.05591982046133482
10754 0.05391592419689768
10999 0.011223916356935551
11000 0.1041686261172136
11003 0.027326593130178677
11057 0.06935936993090573
11094 0.0775491030485002
11097 0.03204486186219971
11098 0.045853186862104975
11200 0.04447868663459724
11246 0.07105123089875341
11255 0.045727924823683166
11325 0.03748489506801818
11366 0.09554812154754846
11482 0.19055321585675
11733 0.030392172129745848
11880 0.050996957034780445
11882 0.09271933057365353
12057 0.03518044883366029
12064 0.03584577644495961
12117 0.038277139709641535
12175 0.06709152962124836
12198 0.10826793887268736
12303 0.07538768807118001
12335 0.039105136577398676
12354 0.06203464250234366
12413 0.037356116873736606
12513 0.03924684243503701
12558 0.050996957034780445
12666 0.13013192129652087
12667 0.030836523558411995
12725 0.10421893679644478
12735 0.02879544224097561
12760 0.102988737698778
12768 0.04302439588821004
12807 0.029450898251826944
12847 0.054559878598236806
12903 0.029702858512655306
12956 0.1147773391442635
13336 0.039231129728092944
13480 0.028007732584517053
13585 0.06935936993090573
13596 0.054235076891253425
13761 0.04391973528062791
13764 0.0648292857233613
13816 0.09695840862021055
13832 0.08303051913222903
13874 0.019566824284593394
13982 0.037228236095763305
14062 0.02269001971257797
14163 0.014831024836458517
14170 0.11111146191268424
