513 0.2167945495410074
920 0.16082679010598325
1567 0.11790831633255067
2172 0.1870389389344055
2506 0.35300662360936336
3092 0.1736104440145339
4922 0.10693774597362633
6044 0.10975220011666098
6245 0.08119947370397423
6294 0.1644071435748535
6695 0.1259865001621035
8250 0.08886311359138434
8669 0.15112869597182796
8870 0.18203619101650947
9777 0.3410638029527104
10493 0.17475044907846252
10516 0.07856680378123385
10610 0.38646782764216236
11003 0.19508728426611924
12900 0.1535777349016065
12992 0.19713644992351262
13480 0.09997500351280347
13666 0.18808702787411183
13884 0.20217771837251336
14090 0.3122438112126124
