12 0.0672148460975532
194 0.040646746130097396
638 0.08618627830228105
900 0.13063426809274015
968 0.046900442727378644
1029 0.07762683161235359
1397 0.04405278888395376
1412 0.096954661581406
1487 0.13733057874648424
1636 0.13733057874648424
1653 0.02960018683340881
1871 0.04377234242832939
1940 0.04520963684871498
1963 0.030686633496589504
2172 0.06646391729086831
2182 0.04089176706876673
2204 0.06765777093040608
2407 0.10147398729714867
2433 0.12544020602538594
2573 0.07762683161235359
2648 0.04164269587545161
2649 0.09203606751296993
2680 0.09836580721689445
2776 0.047060421186947934
3078 0.06879353736099282
3092 0.09253819224129237
3282 0.08452294413014784
3321 0.03622080059363933
3332 0.043221387138891225
3432 0.022809293464229594
3442 0.06646391729086831
3512 0.04889681767482442
3633 0.040679712757977854
3648 0.18203224447558777
3730 0.24239269661712276
3758 0.04281656347012339
3760 0.07429590558118275
3789 0.05108061565963034
3790 0.04565872037781807
3897 0.08014569479187163
3914 0.06573645889125528
3928 0.1104965618427631
3992 0.1784764159146183
4071 0.07823145714517156
4188 0.05714948200977872
4219 0.03866206008276379
4493 0.07535412299904327
4630 0.07429590558118275
4731 0.14676849853066298
4747 0.049423861494393616
4808 0.04101525157185588
4827 0.03704121236010235
4881 0.04202744470533705
5110 0.1145000376548173
5392 0.09436568758309441
5426 0.07823145714517156
5689 0.026682333032200536
5798 0.08080855507854727
5903 0.05370328342629765
6022 0.08797768308218604
6109 0.02907540641079213
6235 0.04838144368633118
6412 0.06149260117443073
6563 0.048212157309316515
6775 0.03756905298837479
6813 0.06348600695620614
7242 0.03456789274832829
7245 0.04738371491512459
7475 0.06759959492743865
7486 0.05166015034789167
7633 0.07556717397702502
7717 0.09223327780272428
7965 0.05921989256112043
8122 0.06799081042613674
8174 0.13733057874648424
8250 0.03157733178767713
8279 0.0788522079119156
8344 0.04596299626932587
8440 0.13063426809274015
8473 0.2612685361854803
8673 0.03622080059363933
8969 0.10319898183445518
8997 0.07354712229612284
9099 0.04447989764225662
9497 0.019003734254078957
9652 0.06913578549665658
9708 0.041515846655572404
9757 0.07231370650155719
9827 0.028345667204333763
9902 0.016112982810485482
10003 0.05479629052068663
10091 0.07231370650155719
10156 0.03800011668241758
10333 0.07948996764853695
10445 0.05089060012082058
10516 0.05583711689206182
10557 0.08452294413014784
10567 0.02332466745272282
10614 0.12765162089269153
10629 0.08373382536536149
10806 0.0633557372106141
10999 0.014236780945027614
11000 0.009437919784178746
11003 0.10398582134689127
11213 0.0944430135453825
11246 0.045061847309431906
11317 0.05014567977422105
11359 0.03911405048345871
11366 0.12119634830856138
11370 0.11175842852438266
11425 0.08533975685922582
11482 0.16113593545843813
11623 0.16303062365430732
11912 0.06920552642130297
11919 0.07429590558118275
12064 0.015155983313435137
12219 0.08082043114348315
12270 0.07646275034292216
12328 0.05665942655687
12333 0.056903164639894525
12373 0.14676849853066298
12565 0.07481900117340955
12614 0.05370328342629765
12666 0.05502118863971918
12733 0.04363337619920137
12834 0.019294092791365652
12865 0.028854072499928204
12892 0.15180367415009416
12900 0.05457354456977003
13129 0.0909532316113324
13191 0.12544020602538594
13336 0.024881021133933024
13480 0.035525919909968826
13676 0.045358370736507884
13754 0.029982408463439292
13832 0.05265930692306998
13868 0.1145000376548173
13982 0.04722150677269125
14044 0.07481900117340955
14062 0.028780759764546943
14170 0.21140609392841556
