79 0.023122153760613093
194 0.021813296293355593
328 0.035277826433667975
370 0.04772363207385113
451 0.040152021904652065
971 0.027009698836930555
1001 0.034899263921656015
1008 0.034000199259142716
1012 0.2559508170042262
1054 0.03207460956770054
1065 0.04493621055482868
1099 0.08348734290482995
1111 0.03300033722192044
1185 0.0390651099899127
1290 0.09878330747115484
1408 0.04579804238240896
1458 0.021618617960290295
1489 0.035868090894785355
1514 0.061447064888559555
1519 0.022211998441929864
1604 0.021426927136688693
1653 0.06354040184857299
1871 0.02349066446271726
1940 0.02426199629214118
1943 0.044130020720682686
1963 0.06587259177541584
1996 0.18689508014651543
2006 0.030537391267354566
2157 0.04672377003662886
2176 0.13914557150804993
2204 0.018154454468867376
2493 0.06731816545347555
2503 0.0544565644663474
2571 0.0488105439885905
2621 0.051317243427019585
2703 0.07876410905643644
2926 0.04165885930585888
2965 0.02201105673304893
2995 0.01739715552637731
3078 0.07383684827909094
3089 0.05064185695425389
3092 0.08276853614760156
3137 0.026812976552805814
3165 0.23213065037707928
3208 0.02916878330555828
3238 0.039328100900925804
3321 0.019438088667731487
3323 0.0462523326962496
3324 0.1346363309069511
3432 0.024481461565698377
3519 0.02916878330555828
3666 0.02940672586875199
3728 0.030022200443112095
3746 0.03237562670860211
3758 0.022977740512062705
3760 0.039871299824058695
3789 0.027412688845109934
3790 0.0735089981955044
3865 0.04497009980186017
3908 0.02793542649115046
3915 0.04668390620151946
3928 0.029649288963484198
3984 0.03152725041577205
4001 0.07876410905643644
4155 0.0462523326962496
4180 0.04043919792848997
4219 0.04149640756962711
4236 0.04265872134308116
4262 0.056739921955781265
4383 0.022485049900930084
4384 0.021944788106160573
4747 0.026523582755882288
4798 0.04939165373557742
4817 0.027723699272042022
4824 0.08030404380930413
4827 0.03975673416464354
4843 0.04579804238240896
4881 0.022554255656181823
4885 0.07919349592370607
4900 0.05203124386213105
4970 0.05565822860321997
4991 0.035868090894785355
5005 0.06311508655028583
5031 0.0586596433695371
5163 0.07369919832566645
5210 0.039871299824058695
5247 0.02737851206080303
5262 0.0488105439885905
5331 0.1173192867390742
5417 0.04103414879254055
5496 0.05203124386213105
5548 0.03300033722192044
5694 0.07369919832566645
5747 0.04493621055482868
5844 0.030669578816987366
5970 0.1494832779934967
5979 0.05746906607252893
6031 0.051317243427019585
6109 0.015603474208202742
6154 0.025873315147144617
6158 0.04231646412882919
6200 0.05638215415778958
6235 0.025964163597557606
6419 0.03607121092904837
6488 0.03027714004422873
6672 0.05746906607252893
6712 0.08905322595744757
6723 0.0309382258779146
6789 0.05503100200936602
6811 0.04301062086338651
6813 0.10221032766942718
6821 0.07761994544143384
6880 0.03670117332677113
7201 0.01161824436049586
7242 0.01855104672690848
7442 0.027723699272042022
7454 0.061447064888559555
7455 0.07369919832566645
7468 0.01613165333840094
7486 0.027723699272042022
7491 0.018652193893893693
7580 0.01431921842812427
7588 0.041983334870315456
7663 0.05538229212056729
7671 0.020334732241590645
7693 0.02004755621775274
7719 0.12623017310057166
7751 0.03759381061231117
7810 0.04043919792848997
7862 0.021300748216649703
7892 0.031352350218653895
7925 0.05538229212056729
8074 0.05979331119739866
8078 0.034352098779448066
8097 0.046244307521226186
8124 0.02016163561218946
8202 0.027009698836930555
8250 0.0338922920045579
8401 0.028593031314120776
8447 0.04265872134308116
8658 0.029814334540404632
8669 0.028820157696127894
8673 0.058314266003194455
8684 0.07876410905643644
8715 0.035471498636744245
8744 0.007328718005912108
8970 0.039328100900925804
8997 0.10854101835959536
9099 0.09548151119041101
9126 0.02642858908994364
9138 0.039328100900925804
9249 0.130081352483456
9287 0.08749126651564104
9402 0.032224211438079194
9437 0.04672377003662886
9496 0.10803879534772222
9528 0.034899263921656015
9581 0.15752821811287288
9604 0.059975765510958026
9629 0.06311508655028583
9652 0.01855104672690848
9708 0.04455940758795232
9719 0.02045147708079837
9765 0.3005879988879703
9820 0.04672377003662886
9898 0.08463292825765838
9902 0.008647119429680734
9906 0.05503100200936602
9911 0.04265872134308116
9918 0.03648763638554842
9949 0.03648763638554842
9989 0.07613049590538085
10037 0.03149349982071363
10048 0.09006660132933628
10156 0.04078593655308041
10234 0.03149349982071363
10335 0.05954471995487194
10362 0.025341677175204278
10396 0.03332481278637702
10445 0.21848572782265704
10460 0.0735089981955044
10516 0.014982645486982756
10575 0.02751550100468301
10583 0.03300033722192044
10608 0.03713952029847053
10614 0.045669955473550385
10645 0.030537391267354566
10674 0.05203124386213105
10836 0.036277688470890246
10970 0.04672377003662886
10992 0.03713952029847053
10999 0.00764024554446524
11000 0.08610348242308972
11003 0.018601517934446324
11057 0.04721369976657622
11176 0.06731816545347555
11200 0.03027714004422873
11234 0.07369919832566645
11246 0.04836536847207805
11255 0.12451004187175731
11256 0.07876410905643644
11262 0.026240741837717574
11310 0.036277688470890246
11317 0.026910950442275695
11320 0.03759381061231117
11328 0.03691842413954547
11482 0.04323723592058059
11564 0.061447064888559555
11634 0.06505779976308237
11636 0.032224211438079194
11664 0.07369919832566645
11733 0.041376583772815924
11856 0.04825527004579147
11913 0.0544565644663474
11957 0.022211998441929864
12041 0.027109234079676883
12042 0.05064185695425389
12064 0.016267080940499466
12175 0.022834977736775192
12206 0.05064185695425389
12245 0.061606360328030726
12285 0.04134259920166023
12327 0.05064185695425389
12335 0.026619304349729533
12354 0.10556918946748767
12413 0.02542872705272137
12414 0.04672377003662886
12666 0.029527418661492975
12667 0.02099076687954576
12735 0.0196013799716686
12763 0.029051490360478636
12957 0.03382789850160775
13021 0.061447064888559555
13599 0.07369919832566645
13676 0.07302544541394601
13738 0.04265872134308116
13754 0.016090221768505594
13786 0.016901927878683796
13816 0.13200134888768175
13822 0.020510261221619846
13925 0.03855517768263777
13967 0.061447064888559555
13982 0.025341677175204278
14007 0.07010558697249798
14090 0.02977235997743597
14163 0.010095644677233062
14170 0.03781740814973358
14242 0.10128371390850778
