1008 0.20860098918297673
1012 0.07137871752180118
1029 0.2555890685581743
1458 0.06631821562152705
1653 0.0974596544102016
2352 0.0825532056345707
2365 0.11128701985863575
2384 0.08569593305744128
2702 0.20650814126923384
2848 0.06573017648805285
2949 0.12495473173980673
3078 0.11325256854950635
3092 0.05078087449435725
3130 0.05436735627511091
3137 0.08225265665687573
3521 0.12682436098580552
3575 0.17994688117475774
3633 0.03348484562962315
3790 0.07516646995977293
3915 0.07160479368325767
4404 0.08225265665687573
4555 0.12405304782707745
4881 0.06918841863698984
4885 0.12146871155542496
4922 0.0625583591796075
5107 0.24162021722373234
5247 0.12598127708117376
5582 0.10881391675135182
5746 0.09248644869917294
5759 0.13419601309488285
5793 0.08984265578530824
6695 0.07370184079685332
6813 0.05225747672352582
7242 0.0569080002755005
7865 0.054512232811454536
7965 0.09749178773260135
8087 0.09449317933728289
8115 0.06592518860469683
8202 0.08285613051816085
8658 0.045729876680709554
8669 0.17681994620090477
8672 0.24162021722373234
8673 0.05962912883260315
8870 0.10649079347629971
8997 0.030269560299509685
9099 0.07322581233714877
9524 0.18398427487491667
9765 0.07093052763812525
9990 0.13086175468596448
10108 0.129811831523694
10361 0.16272979923980285
10460 0.07516646995977293
10483 0.15535116977115224
10501 0.20650814126923384
10657 0.05880854505219436
11000 0.015537341127169792
11003 0.05706282795367686
11135 0.09490745146094885
11246 0.07418385719284916
11255 0.09548810912732467
11482 0.06631821562152705
12064 0.0499016071853647
12217 0.14049207286697654
12354 0.06476973026633455
12565 0.12317209412757654
12667 0.0643921922546538
12751 0.20650814126923384
12807 0.061498758078601924
12877 0.052532171793874566
13008 0.13194125700695414
13336 0.08192163565498616
13585 0.1448348052202592
13728 0.12146871155542496
13982 0.07773923449701226
14171 0.08195444660543157
