194 0.06064936947756975
917 0.0811004578179611
920 0.0852732476732324
1012 0.12938943677296658
1133 0.06449101410306209
1307 0.10861605956280004
1319 0.040416986136989075
1564 0.1158276821657961
1842 0.13127227921157225
1871 0.13062619872879308
1942 0.0685817933399193
2114 0.15962791920647337
2183 0.21899457502855724
2340 0.09862443519819214
2384 0.15534250119651594
2558 0.05315477740348385
2744 0.10264744567060022
2969 0.10264744567060022
3092 0.04602568509063475
3130 0.09855264778501023
3142 0.08959572543956616
3521 0.1149483572048822
3722 0.10452528032594283
3888 0.14080387723813836
3915 0.06489962447203823
3984 0.04382895261135884
4180 0.1124365535386156
4188 0.0852732476732324
4555 0.1124365535386156
4747 0.07374578095839646
4758 0.11672984927206534
4827 0.1658085619302379
4885 0.11009421799217675
4922 0.05670031026557804
5247 0.038061406937096746
5262 0.1357121214947657
5582 0.19724887039638428
5759 0.12162971789330057
5830 0.13416824595824975
6245 0.08610683366287637
6695 0.2004009038182085
6813 0.047364016300574706
7201 0.03230319642772377
7491 0.0518602866721528
8087 0.08564471090142271
8115 0.05975186525386923
8250 0.04711681610569425
8345 0.10517448578403413
8488 0.13902238517095522
8673 0.05404537698899308
8870 0.09651885231193927
9204 0.1269800751930933
9654 0.07509737098917345
9708 0.06194616206003071
9906 0.07650369592704717
9959 0.12162971789330057
10259 0.1373278305227846
10361 0.1474915619167929
10445 0.07593431463822581
10657 0.0533016337777222
11003 0.20687755190736942
11169 0.11672984927206534
11211 0.1949205470624842
11482 0.12021617738419975
11486 0.15141023412424973
11919 0.11085757796802496
12023 0.06927413814123021
12064 0.04522875355534428
12354 0.05870460558876204
12751 0.18717044110310124
12807 0.05573993163716368
12992 0.10452528032594283
13008 0.2391722003975875
13336 0.0742503834821727
13480 0.0530085393737048
13666 0.09972711450288785
14170 0.15772045146536762
