210 0.016729995031813046
435 0.024989881242101473
470 0.03281835112384937
889 0.029210636628397017
917 0.01215364947112369
964 0.023492544439796894
979 0.01838749314203996
994 0.01085652319094296
1054 0.013364409393610166
1064 0.01616979552692827
1107 0.008645077626807081
1127 0.01004327177797592
1180 0.3376120952547269
1181 0.06563670224769874
1350 0.017357843420016363
1353 0.03281835112384937
1604 0.00892787878515998
1655 0.011820807115017267
1657 0.014699081963293286
1689 0.015128699311365812
1800 0.09734110556582067
1942 0.010277612467063378
1959 0.08683597677433542
1963 0.01372344505779012
1978 0.03281835112384937
1980 0.021382166746649122
2017 0.01150797629902134
2103 0.04399041527498462
2204 0.007564349655682906
2278 0.019271789053501347
2365 0.015115690794473694
2395 0.02629793057311499
2425 0.01939019707304893
2565 0.01014241442911166
2659 0.009725805597931254
2720 0.05965448983303362
2770 0.012456929337750612
2776 0.04209201407689895
2964 0.02629793057311499
2969 0.015382663764820307
3041 0.017921076927791792
3130 0.007384510321252842
3150 0.026010626202651838
3157 0.07064969561620774
3184 0.012202984739191671
3185 0.01697212388906252
3188 0.01838749314203996
3208 0.04861459788449476
3215 0.01838749314203996
3281 0.011011902843212924
3287 0.022690216077662643
3321 0.008099196787930902
3417 0.08364997515906523
3432 0.005100300195819055
3442 0.014861746195914745
3490 0.016064643833202965
3517 0.013683824437949714
3519 0.02430729894224738
3522 0.04466223957075679
3633 0.009096237341623646
3634 0.03744681057985209
3692 0.051205844265889325
3761 0.012456929337750612
3786 0.010559023260292066
3819 0.02199520763749231
3840 0.014094945833923324
3841 0.08229288606583161
3866 0.02057983838451487
3908 0.011639751231416239
3940 0.025124162062951837
3984 0.0065681716362268805
4008 0.027100258935249245
4030 0.03706157997974262
4079 0.027770653925031457
4117 0.023075935608616486
4219 0.008645077626807081
4376 0.02110075595342043
4400 0.023075935608616486
4421 0.014024130703286767
4435 0.04335933335460003
4489 0.03378107784336403
4506 0.06563670224769874
4576 0.01807195218184766
4577 0.014613067708816206
4630 0.01661302759677827
4698 0.021679666677300015
4711 0.017921076927791792
4721 0.015761363966576042
4734 0.03972581133644523
4735 0.01649863108390569
4762 0.016277115448892186
4763 0.017097547592101255
4769 0.03281835112384937
4808 0.009171265911921573
4835 0.02790853228011039
4864 0.029890050563100165
4928 0.02827978487511136
4955 0.03281835112384937
4956 0.01822733183411763
4964 0.016064643833202965
4974 0.012056360062596645
4985 0.010742958718966009
4990 0.01155153163111329
5247 0.011407703747606267
5365 0.022331119785378394
5384 0.02110075595342043
5413 0.06563670224769874
5455 0.07838080951031315
5551 0.016565291945572873
5588 0.020337709527265397
5613 0.011684428173643235
5661 0.013954266140055195
5663 0.008771722118361212
5689 0.05966335985043111
5690 0.030707973430701592
5760 0.04115967676902974
5780 0.02110075595342043
5798 0.0180692966197009
5938 0.03073044690029931
5962 0.010487231338470973
6012 0.03281835112384937
6044 0.008720693946778053
6054 0.01556857037739455
6075 0.030707973430701592
6102 0.009882118601196551
6109 0.013002884218491112
6275 0.0984550533715481
6278 0.008424604730815705
6297 0.018723405289926043
6474 0.030707973430701592
6477 0.03281835112384937
6484 0.01697212388906252
6519 0.020351772263358464
6521 0.05669957149364382
6563 0.010780538895305565
6606 0.01368797768575159
6629 0.07569278633892654
6644 0.029210636628397017
6681 0.009882118601196551
6737 0.027770653925031457
6770 0.019468221113164135
6775 0.09240741870204089
6789 0.01146478242613378
6866 0.01989196473889775
6911 0.01547478708675794
6938 0.06563670224769874
6995 0.03172101323542357
7071 0.05609842394795704
7206 0.011684428173643235
7242 0.007729596290645378
7275 0.029210636628397017
7276 0.6836388488534719
7277 0.16409175561924683
7278 0.03281835112384937
7284 0.11027512910033488
7308 0.03281835112384937
7338 0.016386694902826272
7387 0.021679666677300015
7424 0.05842127325679403
7468 0.02688606624565615
7469 0.017921076927791792
7486 0.01155153163111329
7503 0.023075935608616486
7504 0.04698508887959379
7604 0.013364409393610166
7633 0.008448645567144294
7649 0.012405139539190776
7671 0.0423639898113878
7674 0.014699081963293286
7691 0.024441497478526166
7693 0.008353141386489847
7726 0.02923923467733055
7862 0.01775060855887617
7865 0.007404188347760573
8027 0.013817288976531025
8115 0.008954366536023568
8185 0.06563670224769874
8268 0.08715948326542519
8344 0.010277612467063378
8370 0.019271789053501347
8378 0.021382166746649122
8419 0.02199520763749231
8517 0.11305373713769713
8658 0.031056572314231996
8659 0.02199520763749231
8662 0.03255423089778437
8700 0.018552739777002433
8706 0.008570544155377417
8744 0.024429039438088714
8758 0.01520316901854698
8929 0.024441497478526166
8931 0.010487231338470973
8970 0.016386694902826272
8974 0.04888299495705233
8982 0.027770653925031457
8996 0.022872368754400494
9105 0.009199025080716048
9383 0.009199025080716048
9385 0.030059317115711214
9387 0.03394424777812504
9409 0.010668602714226151
9457 0.012562081031475918
9497 0.012748060305687238
9584 0.014945025281550083
9645 0.008424604730815705
9647 0.011011902843212924
9725 0.04060888719291244
9757 0.03233959105385654
9781 0.011867072591305587
9783 0.015931464498699182
9784 0.028626724864678883
9827 0.02535307149598609
9864 0.025602922132944662
9902 0.0144118535740579
9905 0.016659073333229565
9925 0.01838749314203996
9944 0.021190588024065038
9947 0.10840103574099698
9966 0.012405139539190776
10019 0.02804921197397852
10039 0.030707973430701592
10040 0.011051483504007071
10048 0.012509239645517502
10068 0.01001063949671676
10155 0.03281835112384937
10156 0.01699412591279294
10174 0.02972349239182949
10223 0.023492544439796894
10268 0.016729995031813046
10319 0.042764333493298244
10327 0.013954266140055195
10329 0.02110075595342043
10335 0.012405139539190776
10362 0.021118046520584133
10371 0.016277115448892186
10386 0.011051483504007071
10432 0.015115690794473694
10440 0.016386694902826272
10451 0.011774949269367957
10456 0.03645466366823526
10460 0.010209574481078672
10496 0.05091637166718756
10499 0.010209574481078672
10567 0.015646623096383754
10569 0.01423953379289833
10574 0.014619617338665274
10580 0.018723405289926043
10601 0.02199520763749231
10608 0.03094957417351588
10614 0.01902913208181669
10620 0.027100258935249245
10628 0.010451703338328146
10657 0.023963220082926832
10679 0.018552739777002433
10732 0.00882325552758027
10789 0.023075935608616486
10836 0.015115690794473694
10921 0.03281835112384937
10924 0.00892787878515998
10930 0.01684920946163141
10994 0.01684965160760076
10999 0.025467463691720232
11000 0.002110377693147772
11138 0.013553696864901228
11249 0.027100258935249245
11255 0.012969785101183094
11259 0.012834647588402307
11279 0.02629793057311499
11285 0.05609842394795704
11317 0.0112128865706879
11332 0.014861746195914745
11336 0.12851715066562372
11338 0.2240900045911128
11339 0.07047472916961661
11425 0.01908250158221029
11478 0.02057983838451487
11501 0.06563670224769874
11633 0.01749304145796808
11714 0.0224257731413758
11828 0.022331119785378394
11861 0.015664074558048996
11878 0.017631845198739116
11905 0.02292956485226756
11955 0.02763457795306205
12010 0.016729995031813046
12011 0.020337709527265397
12017 0.014464237686395313
12064 0.0033889723407070234
12069 0.024405969478383343
12081 0.04220151190684086
12215 0.009485076829946856
12245 0.025669295176804614
12285 0.03445213697524293
12303 0.021382166746649122
12378 0.01449761739098122
12513 0.022263118838001274
12523 0.01010915660469791
12648 0.023734145182611174
12659 0.018899857164547937
12687 0.03281835112384937
12733 0.019513389796315634
12735 0.06533787819132483
12748 0.03281835112384937
12763 0.01210477745184882
12764 0.01010915660469791
12788 0.027100258935249245
12834 0.0043142794140588695
12865 0.012903900934270494
12903 0.01684920946163141
12910 0.019271789053501347
13174 0.01838749314203996
13185 0.025602922132944662
13189 0.02629793057311499
13309 0.023075935608616486
13336 0.01112710283293844
13338 0.014619617338665274
13464 0.012834647588402307
13497 0.022331119785378394
13616 0.021337205428452303
13628 0.04483507584465024
13700 0.03040633803709396
13705 0.01777445225119677
13709 0.012509239645517502
13754 0.0067042534218352805
13787 0.01812337291597497
13822 0.05982154482969937
13852 0.024989881242101473
13874 0.0055497271538627055
13884 0.016064643833202965
13918 0.02250806340092479
13989 0.010209574481078672
14062 0.006435557282523568
14072 0.015585883763210137
14076 0.015761363966576042
14211 0.027770653925031457
14212 0.07763957227488655
14235 0.06563670224769874
