10 0.03164390756457032
11 0.02536538884249536
194 0.022506273584794276
249 0.036007963728433935
322 0.03137256180765333
326 0.03009543392166918
328 0.036398552631170436
398 0.047721703294967
437 0.034383494527634034
513 0.04265599457439572
548 0.036598377523730685
567 0.05618657179937208
568 0.06052317652070797
623 0.08126633238951131
635 0.06052317652070797
917 0.03009543392166918
920 0.03164390756457032
971 0.027867758420905123
976 0.027268187646612662
1012 0.14404473227401712
1024 0.04113795411539714
1045 0.036007963728433935
1081 0.11237314359874416
1101 0.03309357413698248
1133 0.023931863095479317
1171 0.051589585547551844
1307 0.08061230556161891
1397 0.024392213724121575
1402 0.036598377523730685
1458 0.0223054105989312
1489 0.037007568951795744
1492 0.035080337064732105
1519 0.04583528386320704
1564 0.042982301810740295
1566 0.02961802944019893
1567 0.046398735691517645
1653 0.08194873716354324
1657 0.036398552631170436
1689 0.03746239115483686
1718 0.024236929346967112
1842 0.048713611625060764
1849 0.07233274141635519
1862 0.04401392803788823
1871 0.024236929346967112
1940 0.1001310611510873
1942 0.0254499035544779
1988 0.05618657179937208
2058 0.03855162041335505
2064 0.032494003362690024
2111 0.04401392803788823
2114 0.14809014720099464
2157 0.04820811752681766
2176 0.11485282218173097
2182 0.0679258281144833
2184 0.12104635304141594
2204 0.0561935867322553
2341 0.048713611625060764
2382 0.036007963728433935
2407 0.11237314359874416
2432 0.0694567674938641
2452 0.06339915044319906
2485 0.03206194790983455
2648 0.023057735130422165
2649 0.05096075608329473
2805 0.07604051667343395
2940 0.027464961658014313
2966 0.06710692570027783
3010 0.018883124025014998
3027 0.04725298082621595
3092 0.08539797441426923
3099 0.03264130150759827
3103 0.04513536959292492
3126 0.059294776282158394
3130 0.03657173805204394
3137 0.027664786550574562
3165 0.034215015692019166
3170 0.042982301810740295
3220 0.026789008019158705
3229 0.1302403255450564
3301 0.04594115992495187
3320 0.0694567674938641
3322 0.08126633238951131
3326 0.06339915044319906
3332 0.023931863095479317
3353 0.03404871083758417
3471 0.051589585547551844
3496 0.08344778706421108
3512 0.16244623653166684
3521 0.04265599457439572
3609 0.06339915044319906
3721 0.024392213724121575
3723 0.05368420222096232
3758 0.023707710534442143
3760 0.16455181646158856
3776 0.04172389353210554
3814 0.04437700690372487
3890 0.037217141819655644
3915 0.07225048091184036
3919 0.045531968496886815
3928 0.03059120455857271
3938 0.07529359303717774
4016 0.06188110998420049
4025 0.035443415930568746
4103 0.04513536959292492
4150 0.035817020274650065
4180 0.08344778706421108
4262 0.029271234148725806
4376 0.052250676473946274
4383 0.023199367845758823
4452 0.022848162262562262
4535 0.028822895121506823
4609 0.05714170849997378
4612 0.04725298082621595
4758 0.04331708550079015
4817 0.05720888326164617
4827 0.08203949773697952
5059 0.021977442587196874
5070 0.037867117223675625
5100 0.059294776282158394
5110 0.12679830088639812
5181 0.0873215956008137
5185 0.04331708550079015
5236 0.0651201627725282
5247 0.042372432471798116
5280 0.04172389353210554
5417 0.08467549027199363
5498 0.05368420222096232
5520 0.032348369639220685
5551 0.02050987443424488
5582 0.036598377523730685
5613 0.028933526250519495
5689 0.014774119561286018
5798 0.04474403542090723
5830 0.049788271105524036
5844 0.03164390756457032
5938 0.02536538884249536
5970 0.06169285935749701
6022 0.048713611625060764
6044 0.02159458926719348
6109 0.016099174314615695
6134 0.06188110998420049
6245 0.01597662080109331
6294 0.032348369639220685
6417 0.03404871083758417
6528 0.02797045575625742
6537 0.04475061124780619
6606 0.016947404519999373
6636 0.0337224036012396
6681 0.04894112637936914
6695 0.04957762525616694
6723 0.03192108915921179
6813 0.01757623398425649
6851 0.035817020274650065
6866 0.024628705632577394
7085 0.042027165110138605
7099 0.029474273807004736
7153 0.07052119601733504
7167 0.04265599457439572
7201 0.04794935760936999
7342 0.032494003362690024
7374 0.038788112321810876
7422 0.0223054105989312
7479 0.022173220236076728
7540 0.03150752060514294
7572 0.04085468013236792
7604 0.06618714827396496
7616 0.06221362241846571
7693 0.020684438467042807
7717 0.025534976123382395
7965 0.032790302558949415
8015 0.04475061124780619
8092 0.0651201627725282
8115 0.044346440472153456
8122 0.03764679651858887
8136 0.0651201627725282
8153 0.05294751901104435
8157 0.09027073918584984
8247 0.042982301810740295
8250 0.03496900175067369
8306 0.031781753235718385
8344 0.0508998071089558
8345 0.039029024894825314
8384 0.048713611625060764
8401 0.029501391111173378
8454 0.06710692570027783
8488 0.051589585547551844
8669 0.059471465948367004
8673 0.040111218005571374
8795 0.022107630031443736
8870 0.07163404054930013
8872 0.035443415930568746
8895 0.051589585547551844
8951 0.04366079780040685
8970 0.04057749853772645
8976 0.035817020274650065
8995 0.027564486842872063
8996 0.01415940668923348
8997 0.09162753676675468
9016 0.0694567674938641
9094 0.018092780060362166
9150 0.03294104635215898
9252 0.059294776282158394
9402 0.03324792864527219
9497 0.03156734176601131
9528 0.036007963728433935
9602 0.08061230556161891
9618 0.04680070819683175
9645 0.020861399334812635
9652 0.01914038700548349
9654 0.027867758420905123
9673 0.06188110998420049
9708 0.022987498186055663
9725 0.02011152426356458
9765 0.09542684634317315
9767 0.07233274141635519
9827 0.06278045863768507
9850 0.05096075608329473
9949 0.03764679651858887
10048 0.030975962903691433
10085 0.059294776282158394
10087 0.05714170849997378
10156 0.063122471321904
10228 0.047721703294967
10234 0.032494003362690024
10271 0.045531968496886815
10303 0.059294776282158394
10316 0.02415998316382635
10333 0.04401392803788823
10445 0.08453501534029002
10456 0.04513536959292492
10495 0.03071818536299154
10503 0.059294776282158394
10508 0.04725298082621595
10516 0.015458622750965453
10568 0.04680070819683175
10597 0.06188110998420049
10614 0.023560412389533894
10754 0.037867117223675625
10992 0.03831938985305983
10999 0.00788296524130183
11000 0.05225815716077355
11003 0.057577384833757864
11097 0.022506273584794276
11098 0.03220436314224102
11102 0.035817020274650065
11135 0.03192108915921179
11176 0.0694567674938641
11213 0.05229349218315195
11255 0.09634916115154744
11277 0.052250676473946274
11317 0.055531745861370344
11325 0.0263270070355114
11359 0.021657613585416586
11450 0.059294776282158394
11482 0.24535951658824323
11486 0.05618657179937208
11520 0.04030615278080946
11656 0.10317917109510369
11700 0.059294776282158394
11733 0.021345529393437236
11810 0.06339915044319906
11910 0.029385798879903703
11912 0.03831938985305983
11919 0.04113795411539714
11955 0.034215015692019166
12057 0.02470851051538481
12064 0.01678386288570207
12078 0.028283550846499517
12156 0.06710692570027783
12173 0.036007963728433935
12175 0.023560412389533894
12217 0.04725298082621595
12328 0.03137256180765333
12333 0.06301504121028588
12335 0.027464961658014313
12354 0.04356918877967084
12377 0.03831938985305983
12378 0.017949838328337814
12413 0.02623656141946474
12513 0.027564486842872063
12552 0.04331708550079015
12565 0.0828551886716923
12666 0.030465462611019765
12667 0.06497284075624976
12807 0.020684438467042807
12834 0.010683219993625646
12859 0.12679830088639812
12945 0.052250676473946274
12994 0.035443415930568746
12999 0.03526059800866752
13015 0.06188110998420049
13079 0.018481894818364788
13112 0.023270772169084887
13155 0.04923974375396558
13266 0.0651201627725282
13336 0.027553451236516143
13480 0.01967085065766696
13496 0.07233274141635519
13503 0.04475061124780619
13596 0.1523650791388512
13674 0.04331708550079015
13775 0.03490256255803682
13816 0.06809742167516834
13822 0.02116184294851306
13832 0.05831535762311334
13833 0.07233274141635519
13836 0.0581733347271217
13871 0.08126633238951131
13874 0.01374249333413809
13880 0.055297360804630616
13902 0.0581733347271217
13978 0.0651201627725282
14047 0.059294776282158394
14062 0.015936027232435708
14072 0.019297246313585637
14090 0.03071818536299154
14101 0.048713611625060764
14102 0.06052317652070797
14163 0.010416368900187267
14170 0.03901881323388018
14171 0.13782243421436033
