249 0.03572903606248386
303 0.10113199988777431
315 0.046886946141487806
322 0.031129541249593475
425 0.068918736124259
896 0.04298153935200989
926 0.068918736124259
940 0.04110668470926542
960 0.02775378885449946
961 0.04170161104218078
1024 0.08163857624446437
1027 0.02870939913781665
1045 0.03572903606248386
1070 0.06290804305401962
1143 0.0577227079547126
1145 0.039471873587672845
1249 0.064776905880432
1255 0.026864647160777484
1290 0.050565999943887156
1319 0.014882091349983095
1489 0.07344179613352857
1492 0.034808595051992824
1521 0.05326834951302203
1545 0.05392088487895615
1567 0.02301965911317018
1576 0.068918736124259
1615 0.039730238130662364
1653 0.03252557581398775
1689 0.018586098545487744
1714 0.11142070295949852
1757 0.06658709685641896
1767 0.05184592825371627
1768 0.04232556941913986
1770 0.04232556941913986
1862 0.0436729839536992
1871 0.024049183375450037
1882 0.04110668470926542
1952 0.060054347222552616
1981 0.06290804305401962
2006 0.03126345461883651
2074 0.068918736124259
2105 0.03779620425270287
2204 0.055758295636463236
2264 0.06290804305401962
2379 0.071772431955726
2384 0.028599624988188584
2425 0.023821486976435893
2449 0.06290804305401962
2479 0.030736014510651364
2485 0.03181358717597719
2558 0.019572321655193924
2621 0.05253737285540557
2648 0.022879123524097284
2659 0.023896936221292017
2743 0.08664517832180112
2816 0.04200978522908746
2828 0.06290804305401962
2848 0.02193637820251876
2949 0.04170161104218078
2965 0.022534396185372788
3010 0.018736850113225203
3092 0.016947291607612394
3135 0.04783468408850901
3137 0.05490097489438825
3151 0.033461180517433485
3155 0.071772431955726
3185 0.04170161104218078
3188 0.04517926525060687
3193 0.045585286968470654
3281 0.027056960708252014
3294 0.058835462512678176
3321 0.019900252697426575
3332 0.047492960503378936
3353 0.033784960087495604
3376 0.0440332503100208
3402 0.04170161104218078
3417 0.04110668470926542
3432 0.012531768937974268
3527 0.08419337587021292
3606 0.028931815350996495
3666 0.060211812570192515
3738 0.07184269921991679
3790 0.0250855877967336
3866 0.050565999943887156
3867 0.0440332503100208
3893 0.04517926525060687
3915 0.023896936221292017
3940 0.03086584922895599
3952 0.056699072990215385
3978 0.046004623221539205
3991 0.029623259952685794
4015 0.071772431955726
4025 0.03516886140831442
4030 0.03035423661030225
4187 0.071772431955726
4201 0.05326834951302203
4219 0.02124151738338988
4241 0.03921862551200863
4298 0.03672089806676428
4381 0.06290804305401962
4404 0.08235146234158236
4410 0.06658709685641896
4420 0.0328372221404744
4459 0.04517926525060687
4591 0.04783468408850901
4658 0.050565999943887156
4732 0.068918736124259
4747 0.02715421296330383
4763 0.08401957045817492
4784 0.034808595051992824
4815 0.04026317398878554
4817 0.028382863698783838
4842 0.0440332503100208
4843 0.046886946141487806
4864 0.07344179613352857
4887 0.029505391745883104
4890 0.055751335043194176
4899 0.02870939913781665
4913 0.03535287335867238
5038 0.039471873587672845
5044 0.0440332503100208
5146 0.0577227079547126
5195 0.058835462512678176
5247 0.08408840773434544
5260 0.022265152347887094
5273 0.056699072990215385
5311 0.068918736124259
5314 0.038487648854392174
5436 0.060054347222552616
5442 0.056699072990215385
5524 0.071772431955726
5571 0.028490785097969117
5613 0.02870939913781665
5629 0.06461572394490056
5689 0.029319350273606506
5798 0.06659615358389133
5818 0.06658709685641896
5844 0.03139878508707916
5870 0.04643817694122941
5873 0.068918736124259
5928 0.13317419371283792
5962 0.025767808734186787
6031 0.05253737285540557
6044 0.021427311594207698
6083 0.04517926525060687
6109 0.015974465648800385
6154 0.026488484456966003
6296 0.09880519471937155
6300 0.071772431955726
6315 0.03363225045588518
6495 0.09880519471937155
6520 0.04643817694122941
6563 0.026488484456966003
6587 0.06290804305401962
6672 0.11767092502535635
6677 0.04026317398878554
6720 0.02775378885449946
6723 0.03167381955627303
6737 0.03411715045030352
6752 0.090688406084166
6775 0.041282005688353454
6811 0.0440332503100208
6851 0.10661871512882785
6862 0.03463219763589316
7006 0.060458937389443995
7099 0.04386893687080747
7115 0.071772431955726
7163 0.049402597359685774
7201 0.023788964298546097
7206 0.02870939913781665
7244 0.05326834951302203
7401 0.028931815350996495
7431 0.03897029518680263
7479 0.04400292065449922
7481 0.071772431955726
7483 0.071772431955726
7484 0.17009721897064617
7487 0.055751335043194176
7491 0.019095672326367687
7533 0.028599624988188584
7540 0.03126345461883651
7580 0.014659675136803253
7588 0.12894461805602966
7598 0.024838854550506762
7616 0.03086584922895599
7627 0.024517111545447584
7671 0.02081821505495724
7959 0.08465113883827972
8074 0.03060748468596647
8126 0.071772431955726
8130 0.05404365415231325
8202 0.08295566112350214
8250 0.017349061086065765
8345 0.03872669525185179
8585 0.037355173999675494
8605 0.06658709685641896
8658 0.04578480951766139
8666 0.039730238130662364
8669 0.05901078349176621
8717 0.038252988877798405
8872 0.03516886140831442
8923 0.039730238130662364
8932 0.04997107361097179
8961 0.040538208457979404
8982 0.03411715045030352
8996 0.014049724001013399
9011 0.04110668470926542
9094 0.01795262837195109
9099 0.0977516994135151
9103 0.045585286968470654
9126 0.027056960708252014
9226 0.071772431955726
9251 0.04783468408850901
9298 0.04026317398878554
9402 0.03299038097596655
9433 0.056699072990215385
9496 0.027651887041167375
9528 0.03572903606248386
9645 0.1655984092338597
9652 0.03798424052670306
9708 0.06842829196369996
9719 0.020937735643687293
9722 0.03126345461883651
9723 0.071772431955726
9765 0.02367191088642425
9783 0.019572321655193924
9853 0.0880665006200416
9867 0.03802255723978143
9873 0.05253737285540557
9892 0.068918736124259
9898 0.04332258916090056
9902 0.008852715135574916
9916 0.041400688689837005
9925 0.04517926525060687
9937 0.05118995832084624
9994 0.04735203775609855
10026 0.06290804305401962
10037 0.032242295807559045
10079 0.027550790784190267
10089 0.060054347222552616
10186 0.05326834951302203
10207 0.04833626248937922
10260 0.04232556941913986
10316 0.02397283323876803
10322 0.040538208457979404
10326 0.060054347222552616
10327 0.034286538488365825
10382 0.0328372221404744
10415 0.046886946141487806
10445 0.027960061228074064
10460 0.125427938983668
10495 0.03048023378621979
10522 0.038252988877798405
10524 0.046886946141487806
10548 0.04200978522908746
10591 0.056699072990215385
10602 0.0436729839536992
10708 0.039471873587672845
10754 0.07514757607904606
10924 0.02193637820251876
10999 0.015643803215863186
11000 0.031112010595842145
11098 0.06390979844105162
11232 0.024359225467115605
11255 0.07966901153996996
11262 0.026864647160777484
11277 0.05184592825371627
11356 0.022534396185372788
11359 0.04297969541719176
11360 0.04833626248937922
11412 0.0577227079547126
11479 0.071772431955726
11529 0.055751335043194176
11604 0.05118995832084624
11606 0.04026317398878554
11780 0.071772431955726
11831 0.12280352351422391
11913 0.055751335043194176
11957 0.0227401155260208
11976 0.038487648854392174
12023 0.07652307734041779
12048 0.068918736124259
12064 0.04163462608116738
12078 0.028064458623404304
12117 0.026675182807902906
12175 0.04675581381170533
12195 0.068918736124259
12246 0.05253737285540557
12256 0.03463219763589316
12264 0.04264934898920198
12335 0.027252210453629248
12377 0.03802255723978143
12378 0.01781079390619653
12387 0.02986230635014541
12484 0.12923144788980112
12558 0.03553957170960928
12579 0.060054347222552616
12666 0.030229468694721998
12667 0.12893908625157527
12725 0.036314876348900495
12733 0.04794566647753606
12810 0.03362204565620732
12865 0.015852861468757074
12999 0.034987459644700694
13022 0.028382863698783838
13051 0.14215828683843712
13064 0.03611659935533562
13071 0.05326834951302203
13075 0.0947040755121971
13184 0.04833626248937922
13305 0.060054347222552616
13336 0.05468002913466565
13432 0.058835462512678176
13461 0.061401761757111956
13574 0.05404365415231325
13585 0.04833626248937922
13616 0.052426899975544276
13681 0.05253737285540557
13712 0.05184592825371627
13738 0.1310189518610976
13754 0.016472786220100313
13786 0.01730379162318846
13787 0.022265152347887094
13797 0.06290804305401962
13824 0.03802255723978143
13858 0.03411715045030352
13975 0.050565999943887156
14016 0.05118995832084624
14062 0.015812582349132014
14072 0.0382955289915652
14079 0.04643817694122941
14083 0.036928847525110685
14084 0.04735203775609855
14088 0.039730238130662364
14170 0.09679140673315575
