11 0.02704406474132478
14 0.05087991520607874
339 0.038390962910988535
340 0.05500377306216178
421 0.03578344207175614
483 0.03170363729403222
486 0.05193746781302218
557 0.052498419251415074
931 0.04161195724617149
960 0.05964306883001999
976 0.029072790355104936
997 0.03433564086795287
1099 0.030613439223163796
1131 0.04692676019152877
1255 0.02886614883655225
1259 0.08107286147472394
1400 0.062023233325851364
1458 0.02378157780529351
1461 0.023570708163005747
1469 0.055708614841813935
1550 0.02856189872446381
1566 0.09473443249755492
1718 0.025840924042614073
1808 0.03721240653233478
1867 0.11141722968362787
1948 0.0632188916383001
1959 0.13100443267023582
2011 0.06759489238573767
2014 0.08107286147472394
2064 0.03464444941499125
2095 0.04037315477887516
2105 0.04061214170749134
2137 0.07056739930459822
2150 0.06452858713659806
2166 0.08107286147472394
2323 0.07154804740028764
2366 0.08107286147472394
2396 0.05723701100996997
2425 0.02559626353752151
2456 0.04771219693553369
2515 0.06597638834040134
2597 0.02642933083885293
2648 0.02458369101012018
2736 0.0351210776119578
2779 0.09709052847373023
2780 0.04655025987198443
2813 0.062023233325851364
2848 0.023570708163005747
2927 0.04435764643919188
2940 0.029282586827644758
2969 0.04061214170749134
3010 0.020132805052663738
3020 0.04386045494238916
3039 0.14563579271059535
3041 0.04731386753748211
3147 0.033592681443801765
3308 0.043262908536880494
3316 0.04386045494238916
3343 0.050380172786621706
3359 0.08107286147472394
3421 0.07190828982657843
3519 0.0320871431717352
3523 0.08220591648057586
3544 0.03221739440315951
3590 0.04161195724617149
3606 0.06217465526611011
3633 0.024015195649523393
3772 0.07154804740028764
3794 0.06942980093549429
3832 0.03665898669294137
3908 0.030730388031448026
3984 0.017340788391904848
4034 0.04771219693553369
4109 0.05087991520607874
4112 0.059904986861057996
4114 0.049432114002275464
4126 0.06452858713659806
4144 0.04582686116577062
4154 0.04771219693553369
4258 0.049432114002275464
4262 0.031208398037660092
4279 0.06092333430009322
4298 0.07891344357983406
4346 0.06092333430009322
4489 0.08918623857228426
4492 0.03578344207175614
4536 0.06452858713659806
4684 0.06452858713659806
4779 0.05433332780117169
4893 0.05433332780117169
5059 0.023431904942105737
5062 0.04513964787093587
5094 0.05723701100996997
5247 0.01505887693568389
5260 0.023923977028106225
5306 0.07711970646017396
5498 0.11447402201993993
5517 0.056451574265965046
5548 0.03630204709133433
5551 0.021867213449017008
5689 0.07875933785058138
6154 0.028461960814651285
6179 0.05500377306216178
6412 0.03630204709133433
6429 0.0320871431717352
6528 0.029821534415009995
6601 0.04297360517697879
6604 0.06759489238573767
6734 0.03721240653233478
6737 0.03665898669294137
6788 0.058956928076711754
6799 0.058956928076711754
6911 0.04085535871218544
7006 0.03248166027900618
7153 0.037594136690964335
7242 0.020407093641044455
7257 0.056451574265965046
7284 0.06469778415356872
7468 0.03549127605658038
7547 0.050380172786621706
7598 0.026689428232328616
7620 0.06759489238573767
7633 0.022305472982769883
7717 0.08167462581437016
7785 0.05433332780117169
7860 0.08664452053461025
7862 0.046863809884211474
7941 0.15962919971135675
7943 0.06942980093549429
7965 0.03496035762740615
8044 0.048981535864353304
8078 0.07557810692609165
8085 0.03798677488908757
8136 0.06942980093549429
8250 0.018641621328121607
8268 0.31640379988873213
8284 0.05433332780117169
8428 0.052498419251415074
8433 0.019652474138102442
8502 0.053694077563863817
8660 0.053694077563863817
8697 0.05807007831130139
8744 0.0080619620454366
8776 0.1264377832766002
8807 0.07711970646017396
8907 0.07405340121103436
8957 0.08664452053461025
8996 0.015096473134322597
8997 0.01085460301741209
9105 0.17000597627456482
9106 0.07154804740028764
9126 0.029072790355104936
9134 0.030848340704438874
9175 0.08664452053461025
9269 0.05723701100996997
9372 0.042690267261942035
9446 0.06452858713659806
9497 0.05609410259340554
9589 0.05139852022565694
9657 0.05500377306216178
9719 0.06749299066992522
9827 0.05020144176865071
9902 0.019024541151182475
9905 0.02199101070101666
9949 0.04013825329760008
9968 0.05723701100996997
10006 0.07405340121103436
10040 0.08753186463761618
10068 0.02642933083885293
10110 0.038390962910988535
10226 0.07154804740028764
10242 0.05920682468536334
10489 0.07891344357983406
10516 0.06592668412611619
10557 0.09979593770662289
10567 0.027539351404459296
10574 0.03859760442954122
10595 0.032887839664149605
10657 0.021088625148727513
10732 0.023294489776665938
10745 0.04731386753748211
10785 0.03945672178991703
10794 0.04085535871218544
10806 0.03740194611709248
10836 0.03990729992783919
10936 0.0896170274534708
10980 0.05308324802341016
11000 0.022286636239545254
11004 0.16214572294944787
11150 0.04110295824028793
11232 0.026174065256420184
11236 0.08107286147472394
11259 0.03388506273003071
11326 0.033448791102542515
11331 0.04297360517697879
11336 0.04241265373858589
11338 0.03480149571898884
11505 0.04135510113164245
11512 0.05723701100996997
11553 0.050380172786621706
11576 0.0577322976731045
11714 0.02960341234268167
11734 0.05139852022565694
11876 0.029931907715480745
11880 0.07637476572219482
11910 0.03133054463774915
11957 0.024434326473972263
11976 0.04135510113164245
11995 0.05308324802341016
12017 0.03818738286109741
12069 0.03221739440315951
12080 0.059904986861057996
12117 0.028662568786661118
12178 0.06942980093549429
12215 0.025041780163277485
12231 0.17480178813703076
12234 0.12184666860018643
12254 0.043558433948973886
12262 0.04135510113164245
12354 0.046452588186245335
12377 0.04085535871218544
12378 0.019137754712224835
12513 0.029388698567519838
12611 0.025515668573168743
12731 0.13885960187098859
12764 0.026689428232328616
12770 0.1297887256106415
12807 0.022053330091415357
12834 0.022780466323417462
12863 0.07711970646017396
12877 0.037675860820101686
12879 0.06092333430009322
12948 0.09399163391324744
13038 0.052498419251415074
13064 0.03880740090208104
13088 0.05201297021193066
13112 0.024810826793516587
13351 0.062023233325851364
13426 0.08107286147472394
13661 0.048122418503977506
13681 0.056451574265965046
13709 0.033025945369654905
13723 0.04916738202024036
13726 0.03859760442954122
13730 0.08107286147472394
13770 0.07637476572219482
13786 0.01859297914624792
13806 0.03157814416585164
13993 0.044169263489427533
14041 0.027877132042656197
14062 0.033981340074825214
14065 0.08420796784958416
14211 0.07331797338588274
14212 0.029282586827644758
14244 0.08107286147472394
14247 0.05433332780117169
