11 0.05038638220531775
194 0.04470697097933119
249 0.03576351685601846
322 0.06231916647585942
326 0.029891125376159032
328 0.03615145417211168
398 0.04739773548593529
437 0.03415007567164474
486 0.04838291005871795
513 0.042366416287155644
548 0.03634992251559335
567 0.055805138629429776
568 0.06011230348937757
635 0.06011230348937757
700 0.04838291005871795
832 0.06665135764237355
855 0.046482992737223276
907 0.042050327345263885
920 0.06285817382570558
968 0.025792676309434232
976 0.027083072397193843
994 0.02670092605687521
997 0.03198573773182835
1012 0.16691133359128582
1072 0.05409580971781528
1074 0.0718416969200372
1075 0.0806040610279275
1081 0.16741541588828934
1133 0.07130819134895233
1217 0.040858681332939316
1255 0.026890573254907495
1397 0.024226622567645184
1458 0.022153986100173828
1489 0.0367563360702534
1492 0.03484218756137702
1519 0.06828618355393555
1566 0.029416961845308835
1653 0.06511393012903972
1657 0.03615145417211168
1689 0.01860403531337143
1862 0.04371513116248798
1871 0.024072392367855945
1940 0.04972565125169983
1942 0.050554264141067555
1988 0.055805138629429776
2064 0.12909364669943
2114 0.14708480922654416
2176 0.08555484155607941
2182 0.02248823359421691
2204 0.03720807062674286
2341 0.04838291005871795
2382 0.03576351685601846
2407 0.055805138629429776
2433 0.13797049418097707
2452 0.06296875331892622
2485 0.03184428931216389
2594 0.04788084760277131
2617 0.035021224769799485
2648 0.045802406668572083
2730 0.026238747635189137
2736 0.03271741982843751
2940 0.02727851057100072
3010 0.018754932365965326
3089 0.05189596287386666
3092 0.10178188093506108
3099 0.03241970985844866
3103 0.04482895959941577
3126 0.058892242478190374
3137 0.05495395782896478
3170 0.04269050832510766
3220 0.07982143731382262
3229 0.06467808223054074
3301 0.045629279671364355
3320 0.06898524709048853
3496 0.041440642989091205
3512 0.16134343952944497
3521 0.042366416287155644
3527 0.028091542611949686
3609 0.06296875331892622
3633 0.011185807665252385
3648 0.025026942639593777
3702 0.05001929887707941
3723 0.05331975686020809
3760 0.08171736266587863
3776 0.041440642989091205
3790 0.025109796985361036
3852 0.03115958323792971
3882 0.04030203051396375
3890 0.03696448621306065
3915 0.023919998285505416
3919 0.04522286611670431
3938 0.0373912241198041
4016 0.06146101836470991
4025 0.03520280159765919
4030 0.030383530380322522
4103 0.04482895959941577
4150 0.035573869657986174
4180 0.08288128597818241
4182 0.03900790400166034
4262 0.029072520839265686
4275 0.06146101836470991
4319 0.058892242478190374
4333 0.056753791203882256
4376 0.05189596287386666
4493 0.08288128597818241
4535 0.02862722544633305
4609 0.056753791203882256
4660 0.03212876661346549
4789 0.04739773548593529
4817 0.028410254968489715
4827 0.10185319636177058
4885 0.040577330408923105
5070 0.03761004913611231
5081 0.06467808223054074
5100 0.058892242478190374
5128 0.07552430124348451
5158 0.034665619910545196
5161 0.03484218756137702
5179 0.05409580971781528
5181 0.043364398216415766
5185 0.043023019272755696
5197 0.040858681332939316
5236 0.06467808223054074
5247 0.02805651946635016
5344 0.09296598547444655
5548 0.03381756472399669
5551 0.020370639272354118
5582 0.10904976754678004
5689 0.01467382265622674
5798 0.04444028207344284
5938 0.05038638220531775
5970 0.06127404571299205
6022 0.04838291005871795
6081 0.03783267999509205
6109 0.01598988202473895
6235 0.026607145771274206
6245 0.04760448146676965
6294 0.06425753322693098
6417 0.03381756472399669
6528 0.027780573026947357
6537 0.04444681325909713
6579 0.037176077009492
6636 0.03349347268604469
6693 0.03142908691285279
6695 0.07386158725480119
6723 0.031704386807812145
6813 0.01745691439543727
6821 0.026514047530148497
6851 0.035573869657986174
6866 0.02446150900604972
6921 0.03783267999509205
6930 0.07552430124348451
7085 0.041741855750655164
7098 0.07552430124348451
7099 0.014637091062210457
7153 0.035021224769799485
7167 0.042366416287155644
7170 0.03655151647299151
7201 0.047623844325965795
7245 0.02605844955981353
7342 0.12909364669943
7381 0.05001929887707941
7422 0.022153986100173828
7571 0.03317738374415293
7580 0.02934764531245348
7604 0.06573782429908842
7633 0.02077890468260241
7693 0.02054401824419787
7717 0.025361627108213408
7751 0.03852479188482433
7862 0.02182824456131993
8015 0.04444681325909713
8087 0.03156599679258975
8097 0.02369475578686928
8136 0.06467808223054074
8153 0.05258807476359893
8157 0.04482895959941577
8247 0.04269050832510766
8250 0.03473160806815635
8306 0.03156599679258975
8344 0.050554264141067555
8384 0.04838291005871795
8411 0.10631008399719213
8669 0.05906773265318035
8673 0.039838915415394784
8758 0.0373912241198041
8870 0.035573869657986174
8951 0.043364398216415766
8976 0.035573869657986174
8996 0.014063282878774609
8997 0.09100550590272997
9016 0.06898524709048853
9094 0.03593990760160873
9150 0.06543483965687502
9252 0.058892242478190374
9310 0.045629279671364355
9497 0.031353040895699145
9602 0.04003252683904066
9673 0.06146101836470991
9708 0.02283144320670118
9725 0.01997499337715252
9765 0.04738951157373856
9767 0.0718416969200372
9827 0.04676569621481628
9902 0.008861258569052287
9908 0.034319627179943336
10072 0.04407574519877015
10085 0.11778448495638075
10087 0.056753791203882256
10156 0.04179596832411862
10271 0.04522286611670431
10316 0.04799193709686649
10361 0.0543608370137215
10445 0.08396113339946784
10451 0.02895973639398109
10456 0.04482895959941577
10460 0.025109796985361036
10468 0.05492196421171392
10495 0.03050964915153306
10499 0.025109796985361036
10503 0.058892242478190374
10516 0.030707357933068447
10553 0.040577330408923105
10568 0.046482992737223276
10597 0.06146101836470991
10614 0.023400468073746534
10616 0.031704386807812145
10624 0.03761004913611231
10657 0.019645336917582173
10754 0.03761004913611231
10925 0.042366416287155644
10932 0.06898524709048853
10999 0.00782945024075559
11000 0.05190339277663648
11003 0.11437301973293887
11020 0.04269050832510766
11098 0.03198573773182835
11135 0.031704386807812145
11138 0.03333445260716068
11213 0.025969243960266057
11255 0.07974589720610467
11314 0.035021224769799485
11317 0.02757737905058187
11482 0.19938587490156445
11511 0.03156599679258975
11520 0.04003252683904066
11656 0.05123935988826661
11700 0.058892242478190374
11705 0.046932195028318816
11733 0.02120062122979792
11849 0.06258725168419216
11929 0.03761004913611231
11957 0.022762061184645185
12010 0.04114635527596846
12023 0.0255323089932827
12057 0.024540772118315686
12064 0.02500488368693495
12069 0.030012462319995548
12078 0.028091542611949686
12173 0.03576351685601846
12175 0.023400468073746534
12217 0.046932195028318816
12322 0.057778414041262584
12333 0.06258725168419216
12335 0.02727851057100072
12354 0.0432734111008442
12377 0.03805925142720786
12413 0.05211689911962706
12414 0.04788084760277131
12522 0.21638323887126112
12534 0.06898524709048853
12552 0.043023019272755696
12565 0.04114635527596846
12621 0.058892242478190374
12657 0.056753791203882256
12665 0.04945027401003406
12666 0.060517284111527424
12667 0.06453176033763468
12807 0.02054401824419787
12834 0.010610694934045393
12859 0.06296875331892622
12891 0.06011230348937757
12894 0.08604603854551139
12994 0.03520280159765919
13022 0.028410254968489715
13043 0.03286891214954421
13079 0.018356426979674052
13088 0.024226622567645184
13112 0.02311279413071739
13155 0.04890547044015163
13336 0.041049599131892586
13351 0.057778414041262584
13462 0.07552430124348451
13480 0.019537311367378754
13496 0.0718416969200372
13538 0.07552430124348451
13596 0.11349803998527615
13614 0.060024924639991095
13666 0.0735126721405068
13674 0.043023019272755696
13676 0.024944621122885736
13775 0.034665619910545196
13816 0.06763512944799338
13822 0.02101818177504807
13832 0.08687920918194326
13833 0.0718416969200372
13836 0.057778414041262584
13872 0.023255823012354532
13874 0.013649199818846419
13902 0.057778414041262584
13919 0.02862722544633305
13978 0.06467808223054074
14047 0.058892242478190374
14062 0.03165568499476885
14072 0.019166243307051772
14090 0.03050964915153306
14101 0.04838291005871795
14102 0.06011230348937757
14170 0.03875392664011664
14171 0.10950944044126637
