322 0.1358036466871682
860 0.35178078089545345
1075 0.3512988393266745
1458 0.09655431133617233
1653 0.07094694667556625
2064 0.281316150027755
2352 0.12019123017616347
3092 0.07393311656382537
3236 0.12429198626032315
3349 0.29048839823591877
3721 0.10558753839797695
4493 0.18061186492793202
4827 0.0887819030636796
6077 0.2025880729676759
6813 0.0760829378462386
7342 0.281316150027755
7633 0.09056125714247423
8344 0.11016600211754737
9150 0.14259320764882244
10506 0.1575598515592663
10516 0.0669163505107893
10614 0.10198688712668982
10624 0.16391688508048824
10924 0.09569817078656304
10999 0.03412330280964892
11003 0.08307916617366443
11371 0.118461146400119
11482 0.09655431133617233
12010 0.17932926290106516
12413 0.11357123906999456
12522 0.23576721723389046
12667 0.09375016683284138
12726 0.19209650150780155
13079 0.16000661529721327
13480 0.085149987722653
13874 0.059487673362229994
14065 0.1139627545783968
