79 0.03163115466473581
150 0.06601331026554641
331 0.07576309135774874
339 0.04774226597661312
384 0.10774946578887375
920 0.0419560479143146
995 0.04177521507017401
1008 0.04651234363944748
1107 0.028383586136808584
1109 0.09590458948363871
1133 0.031730796604808674
1171 0.06840163841004786
1274 0.056556762104812815
1319 0.019885920299573638
1340 0.09590458948363871
1371 0.21664451061950588
1477 0.09590458948363871
1545 0.036025394347099796
1653 0.08692340251431599
1901 0.04536503068826589
1942 0.03374353722805975
1965 0.09209139102051794
2064 0.04308317356922585
2114 0.19634987553052538
2172 0.04879420075848752
2176 0.03807028652133208
2209 0.05020728180840504
2382 0.04774226597661312
2411 0.10774946578887375
2491 0.08405971317840366
2888 0.10774946578887375
2940 0.03641526397892285
2961 0.06528602840892557
3092 0.15851854258514364
3230 0.10774946578887375
3257 0.04774226597661312
3353 0.045144530283035604
3429 0.0771309047141606
3432 0.016745345291373444
3439 0.11226960260108713
3512 0.07179477934275617
3560 0.06601331026554641
3648 0.033409548532133584
3721 0.03234116664186202
3760 0.10908804296312348
3915 0.031931840621388694
3919 0.06036996056793359
3928 0.040560289262540815
3985 0.07309444501145558
3992 0.0436758992636631
4060 0.07449669399220867
4095 0.07861780248493097
4404 0.03668020795746352
4452 0.0302939385310113
4542 0.039269975106105075
4593 0.05240516556777586
4630 0.05454402148156174
4747 0.036284316638502734
4789 0.0632732877856745
4827 0.027193647710032385
4913 0.04723962549606831
4970 0.03807028652133208
5031 0.0802465147152829
5082 0.09209139102051794
5087 0.05984411771545287
5092 0.10774946578887375
5181 0.05788901136034351
5204 0.10774946578887375
5211 0.10833686792062276
5228 0.049627953640569766
5247 0.018726930857124284
5391 0.04449960301619641
5395 0.06677292617969592
5417 0.11226960260108713
5647 0.059333974032018906
5663 0.028799386316975
5685 0.0715406734241673
5699 0.07221483687316864
5793 0.04006493445437477
5798 0.02966262763485708
5903 0.03942603595609536
5911 0.09590458948363871
5962 0.03443175953783391
5970 0.040898687336457004
5974 0.04471188579957778
6067 0.04347603096997085
6083 0.06036996056793359
6109 0.021345585324651445
6245 0.021183093980151058
6417 0.045144530283035604
6484 0.05572300922273058
6606 0.022470237426065506
6693 0.0419560479143146
6734 0.04627663584306895
6736 0.08897578101939566
6813 0.023303990308147747
6995 0.15622001624183599
7099 0.039079372279259464
7342 0.04308317356922585
7466 0.030854268871091665
7580 0.039177441467383806
7598 0.06638092325977296
7693 0.054850197601740085
7717 0.03385633330957616
7865 0.048618977599495516
7959 0.056556762104812815
8074 0.040898687336457004
8153 0.07020209624991755
8202 0.03694932445325248
8235 0.14663541250207968
8306 0.04213881483624634
8344 0.0674870744561195
8401 0.039115326590865425
8673 0.026591345918787805
8722 0.3232483973666212
8744 0.010025701547496907
8872 0.046993742918617826
8997 0.013498576358435276
9099 0.06530945342192274
9150 0.0436758992636631
9496 0.11084797335975743
9497 0.027903020530566147
9602 0.053441152103690534
9676 0.04723962549606831
9708 0.030478681349841295
9719 0.02797766338562225
9827 0.02080985040572633
9902 0.01182927745038146
9916 0.05532090727520589
10048 0.041070432945974775
10079 0.036814236443002205
10110 0.04774226597661312
10156 0.027897623219126543
10327 0.045814755177448985
10331 0.039902956518347
10387 0.05308879850077863
10468 0.07331770625103984
10499 0.03352015438303086
10516 0.020496290336626987
10522 0.05111485141134012
10567 0.03424740980379998
10614 0.09371489179197244
10856 0.051747832823582036
11003 0.050893830814809644
11102 0.04748909772678388
11138 0.04449960301619641
11255 0.021291249684896672
11262 0.03589738967137809
11386 0.05572300922273058
11482 0.088722943643505
11486 0.14899338798441733
11631 0.05416843396031138
11753 0.10774946578887375
11770 0.09590458948363871
11869 0.05050448137428677
11972 0.0863415702974437
12011 0.06677292617969592
12057 0.032760538468881335
12064 0.011126700360612755
12098 0.0863415702974437
12100 0.06205215811364008
12117 0.03564422142154884
12335 0.03641526397892285
12378 0.023799345116313802
12406 0.0407286506668182
12407 0.04213881483624634
12523 0.03319046162988648
12584 0.04627663584306895
12648 0.03896206507650356
12662 0.0802465147152829
12667 0.05743082591461156
12695 0.03807028652133208
12763 0.03974249952436158
12764 0.03319046162988648
12770 0.05380092421954964
12834 0.014164675744204587
12859 0.08405971317840366
12865 0.021183093980151058
12885 0.11064181455041178
12894 0.05743328983852983
12900 0.1201948033631243
12956 0.053441152103690534
12965 0.10774946578887375
12994 0.046993742918617826
13051 0.09497819545356775
13336 0.01826629530384452
13459 0.10082065732463068
13480 0.10432480894141537
13617 0.05613480130054357
13676 0.03329965397780057
13754 0.04402291400868224
13770 0.09497819545356775
13874 0.018220907377280028
13907 0.10774946578887375
13912 0.06573401898868549
14060 0.08427762967249268
14072 0.025585847427187784
14163 0.013810863016132302
14170 0.12933573344725752
