194 0.10574220671452479
907 0.19891727438264697
962 0.21206147537707407
981 0.18003766051054848
994 0.25261517662475086
1012 0.11279527460696043
1217 0.1932802439059448
1319 0.070467036008613
1689 0.08800559307586847
2114 0.13915567940391338
3519 0.14139868969950378
3819 0.5117958267595785
4747 0.12857580683193764
4827 0.0963624375196492
5247 0.06636008246840233
6693 0.1486739509471175
6723 0.14997624532151105
7201 0.05632063949920455
9880 0.22887328596895923
9883 0.305956900738489
9902 0.08383560906354194
10999 0.03703687938070408
11003 0.09017277939910935
11014 0.3572644757235151
11020 0.20194562311764147
11255 0.07544691096072387
13874 0.06456695576175686
14170 0.0916618959417601
14171 0.12950743066093495
