194 0.02809083005765855
994 0.033554103971505926
1001 0.044942739454707316
1012 0.05992901016044005
1131 0.05493525029917264
1280 0.18981740565111946
1319 0.13103890265598794
1474 0.06700504175817396
1566 0.11090174859637399
1604 0.027593269754369737
1605 0.07260807763444771
1689 0.07013708818916006
1909 0.05786816614760578
1967 0.05682996718305473
2053 0.07723587549028467
2114 0.036967249532124664
2204 0.07013708818916006
2254 0.06608556289472865
2560 0.060170157966994424
2597 0.061879486201313595
2659 0.03005941096426607
2947 0.09028090496972276
2965 0.0283455029337266
3010 0.023568656354678107
3092 0.021317611531748718
3130 0.022823202487577895
3137 0.03452934199194271
3150 0.08039067762466144
3257 0.044942739454707316
3281 0.03403433368369152
3321 0.02503207392718848
3353 0.2974813144220354
3360 0.08127864521321973
3432 0.06305370514905716
3519 0.15025245589767927
3588 0.07554099348288085
3914 0.0454302464801525
3940 0.07765089534009728
4062 0.07132047056255043
4079 0.04291518531156383
4384 0.02826016320739453
4435 0.2680201670326958
4747 0.13662666030767354
4758 0.054065497907119835
4817 0.0357021568105589
5223 0.07811342307796745
5247 0.017628814994041935
5260 0.028006827252223653
5358 0.03639267057184477
5520 0.040375078120067014
5663 0.027110638534277025
5689 0.055320212866515006
5962 0.03241273882211698
6032 0.056334958874803547
6067 0.04092666932410231
6520 0.0584135234818921
6563 0.03331926037460321
6601 0.301844714660014
6681 0.09162757611385014
6781 0.06700504175817396
6813 0.17549986675322998
7201 0.014961797772785553
7206 0.10833869487234019
7242 0.14333852912161713
7536 0.04291518531156383
7614 0.06608556289472865
7693 0.025816936936568655
8156 0.041692837966839404
8250 0.02182298819400755
8389 0.12160216399207785
8545 0.07554099348288085
8673 0.02503207392718848
8758 0.09397644254475085
8961 0.10198417541975656
9402 0.041497847692320934
9497 0.06566708534105202
9588 0.12160216399207785
9600 0.16616526339246537
9645 0.02603780769265582
9765 0.08932907018563892
9781 0.03667739483099567
9883 0.08127864521321973
9902 0.02227125686285465
9922 0.07400778621007861
9966 0.038340390800831785
10316 0.06030976018255323
10323 0.18981740565111946
10495 0.11502117240249532
10608 0.04782770742655169
10664 0.11077684226164358
10670 0.060801081996038925
10999 0.029516974826092224
11000 0.03261257369859525
11003 0.02395475090439149
11014 0.18981740565111946
11048 0.12721163575588934
11255 0.02004276646027166
11264 0.09028090496972276
11359 0.05406317846357375
11430 0.05324036829176882
11861 0.048412735559453586
11905 0.03543404225932243
12064 0.02094849857116447
12291 0.060170157966994424
12387 0.03756311397441982
12413 0.03274672661179425
12513 0.03440415458438327
12523 0.09373268563399274
12587 0.060801081996038925
12648 0.07335478966199134
12666 0.038024959112391836
12695 0.07167581735363883
12733 0.06030976018255323
12735 0.025242357976288758
12834 0.01333408288044061
12865 0.059822858474765185
12877 0.022052799255068825
12959 0.05245550528238865
13336 0.03439038067634117
13480 0.024551844215002883
13617 0.0528431505623954
13754 0.020720742028650013
13786 0.06529813430786205
13816 0.04249733063171936
13874 0.017152463883607732
13919 0.03597481589200031
13926 0.08127864521321973
14043 0.05245550528238865
14060 0.039667865304995824
14062 0.019890286639144755
14072 0.04817107236641343
14107 0.05897802002210769
14170 0.12175170263914496
14171 0.24082908209068288
14172 0.10143121756527877
14246 0.0584135234818921
