343 0.12518481463291065
555 0.08903969925710918
907 0.08564879941840711
994 0.05438488602844604
1099 0.05808650353297475
1111 0.0688801728957484
1127 0.15093290404065937
1217 0.08322163519090134
1318 0.05576265805117695
1480 0.21140510409413146
1483 0.07245744371634678
1625 0.17807939851421836
1653 0.03315628137193578
2412 0.12243772995788561
2545 0.32880181879978987
2736 0.06663937965013896
2760 0.07751971024479533
3092 0.03455183528480938
3137 0.055965563272490505
3151 0.13644011378836682
3249 0.05921538934774019
3281 0.0551632479893813
3353 0.1377603457914968
3432 0.05109909314095762
3519 0.060882736553094896
3610 0.16440090939989493
3776 0.08440698427861945
3840 0.14121501133890366
4444 0.087629994359165
4489 0.03384472240545817
4835 0.06990278197633454
5098 0.1463283517119942
5260 0.1361813841988462
5344 0.0946773253066272
5426 0.087629994359165
5548 0.0688801728957484
5588 0.10188013190472456
5667 0.14051028764578635
5689 0.05977576740676641
5970 0.062401992827975566
6044 0.0873712399527956
6315 0.06856883122771233
6606 0.034284415613856166
6813 0.07111306160557203
7448 0.0850204993931543
7536 0.06955743667126427
8097 0.04826186890281798
8156 0.06757624173050639
8250 0.03537095571793801
8264 0.04539379473294874
8411 0.043306826059488684
8412 0.05968099438759532
8744 0.0305938305997731
8751 0.08977420386648823
8997 0.02059572372524779
9099 0.0498236044901249
9781 0.059447152556894596
9902 0.01804875742211984
10004 0.0946773253066272
10025 0.09559226793269605
10048 0.06266403713774027
10241 0.16440090939989493
10464 0.11559705681109163
10548 0.17129759883681422
10672 0.07945194143529016
10692 0.16440090939989493
11000 0.03171530561862531
11020 0.17390546116729827
11317 0.05617005992355721
11848 0.16440090939989493
11860 0.1463283517119942
11913 0.1136648256205968
12018 0.15382914086035318
12064 0.03395357266065934
12069 0.06112987763904573
12281 0.15382914086035318
12378 0.036312328340545305
12667 0.08762623497780855
12891 0.12243772995788561
13336 0.055740333139158084
13480 0.03979391762494939
13754 0.033584422180068345
14021 0.1357565831724524
14170 0.07893463616161023
14171 0.16728797415353083
14198 0.2641319963167387
