14 0.03327827963671957
49 0.025244968831243275
197 0.056670310311283036
339 0.025109813845015407
421 0.02340435094683467
463 0.03511889752112817
486 0.0339699775540974
543 0.03798104412600937
637 0.02245740885537481
640 0.1294566249798134
654 0.03553700254486511
868 0.056670310311283036
931 0.027216522351905803
940 0.028889142126036955
960 0.01950493347795897
968 0.018109217370932105
974 0.07712218588070185
997 0.02245740885537481
1002 0.039743653510154534
1010 0.02538218733193652
1107 0.014928209827710058
1240 0.04867794553204666
1307 0.02810711543612447
1328 0.056670310311283036
1397 0.01700968015019607
1434 0.04315220832660446
1442 0.050440554916191815
1460 0.02187736004103325
1461 0.015416547262451032
1469 0.036436516361542645
1566 0.06196156033496923
1656 0.02484545251571378
1718 0.01690139405457582
1751 0.056670310311283036
1793 0.03553700254486511
1871 0.01690139405457582
1896 0.050440554916191815
1948 0.04134865291621939
1959 0.12852622080025763
2006 0.021971472285404213
2095 0.026406276997636417
2137 0.09230996701873063
2150 0.0422052662351446
2237 0.04421079952110059
2239 0.050440554916191815
2279 0.036436516361542645
2323 0.04679638162139814
2382 0.025109813845015407
2400 0.036436516361542645
2424 0.05737432850093207
2456 0.06241283324753767
2485 0.022358096936450692
2515 0.04315220832660446
2558 0.013755124891060871
2565 0.017513791928007606
2730 0.03684481430047408
2763 0.02297112794272163
2793 0.015554467675535935
2927 0.014506177499032137
2929 0.024216690101279963
2961 0.03433687083121569
2965 0.06334730019975798
3039 0.03175128873091815
3102 0.06867374166243138
3130 0.025502956551534745
3137 0.019291777940735704
3147 0.06591441685621263
3204 0.027740222159006175
3208 0.02098676695681458
3238 0.02829633584012194
3242 0.03471938120559868
3281 0.01901521343615205
3297 0.02115796522280128
3308 0.05659267168024388
3314 0.03553700254486511
3321 0.013985589754710244
3358 0.03597551084005338
3402 0.029307247149773882
3421 0.02351600004987094
3422 0.03597551084005338
3423 0.04843502163023583
3443 0.015694537583998795
3458 0.050440554916191815
3519 0.02098676695681458
3589 0.05302613701648935
3634 0.03233133754525971
3756 0.02115796522280128
3763 0.027921796763125742
3772 0.04679638162139814
3786 0.018233186746239572
3832 0.023977005571360198
3841 0.015789145165095306
3847 0.022557830427638752
3848 0.05302613701648935
3852 0.0437547200820665
3899 0.03798104412600937
3908 0.020099374028305153
3984 0.011341835042170944
3988 0.05302613701648935
4014 0.15907841104946807
4020 0.15132166474857542
4057 0.056670310311283036
4079 0.023977005571360198
4112 0.03918117583965878
4120 0.06241283324753767
4126 0.0422052662351446
4143 0.03327827963671957
4164 0.07384490586302647
4262 0.020412019019780587
4272 0.04315220832660446
4383 0.016177860328964948
4384 0.015789145165095306
4422 0.039847231408074946
4452 0.015932950428424474
4489 0.08166582835109558
4492 0.04680870189366934
4577 0.012616829506961386
4660 0.022557830427638752
4689 0.048192097728425004
4747 0.038167121633175254
4808 0.015836825049939496
4881 0.016227653460283587
4885 0.028489625810507457
4919 0.04679638162139814
4985 0.03710160830247699
5062 0.059047654402245915
5094 0.037436172018860056
5130 0.03044644549637118
5223 0.014547500041776337
5247 0.009849338695846796
5350 0.09938181006285512
5432 0.03856109294035093
5487 0.026406276997636417
5497 0.04541093123475
5498 0.037436172018860056
5520 0.022557830427638752
5528 0.02098676695681458
5551 0.014302367468279165
5581 0.03433687083121569
5613 0.040353043205090394
5689 0.08242074330128239
5798 0.015600915516455118
5814 0.03511889752112817
5974 0.02351600004987094
6006 0.037436172018860056
6044 0.04517634937495359
6062 0.02433897276602333
6067 0.02286600818048429
6068 0.02307749175468266
6109 0.011226607345731051
6122 0.04541093123475
6245 0.011141145809116312
6419 0.025953022780822912
6429 0.02098676695681458
6519 0.017571590437262165
6563 0.01861569712062256
6604 0.04421079952110059
6606 0.011818112678149625
6618 0.029095763575575518
6619 0.032036634513400594
6629 0.02178422307062716
6632 0.02484545251571378
6645 0.06138539507284404
6655 0.03263603239272764
6677 0.02829633584012194
6737 0.023977005571360198
6755 0.027740222159006175
6775 0.014506177499032137
6789 0.019797240126064534
6813 0.024513241946675812
6819 0.06655655927343913
6840 0.036922452931513236
6866 0.017174595551743447
7000 0.04056662622630691
7046 0.030206760966451415
7257 0.036922452931513236
7284 0.16926372178241025
7290 0.05302613701648935
7317 0.056670310311283036
7329 0.04421079952110059
7333 0.17001093093384909
7401 0.02033283227656652
7442 0.019947037547235803
7468 0.02321325820790252
7547 0.03295142044456756
7580 0.010302592912660299
7633 0.0145890134514459
7649 0.02142103680004294
7851 0.060068649111375674
7862 0.015325762276256004
7865 0.012785458041060831
7901 0.03295142044456756
7911 0.03295142044456756
7941 0.02610158215016849
7965 0.02286600818048429
7966 0.031206416623768836
8011 0.025244968831243275
8078 0.07414839529056104
8085 0.09938181006285512
8250 0.024385303510291643
8268 0.31982500452987933
8271 0.05302613701648935
8284 0.03553700254486511
8315 0.056670310311283036
8373 0.050440554916191815
8411 0.014928209827710058
8433 0.012853805421496405
8463 0.018550804151238495
8474 0.04703200009974188
8662 0.02810711543612447
8688 0.016227653460283587
8691 0.020176521602545197
8697 0.03798104412600937
8700 0.032036634513400594
8715 0.05104306667165385
8744 0.03163781538731091
8758 0.02625263843221645
8776 0.08269730583243878
8872 0.0494322635270407
8878 0.02610158215016849
8907 0.09687004326047166
8931 0.018109217370932105
8949 0.0422052662351446
8964 0.03856109294035093
8997 0.028398043754276025
9099 0.017174595551743447
9105 0.1747323515157572
9113 0.02974575544496216
9126 0.0380304268723041
9134 0.12105912961527117
9168 0.027387720617892505
9201 0.07023779504225634
9314 0.050440554916191815
9385 0.025953022780822912
9497 0.02201318800764627
9500 0.04338408273606904
9559 0.037436172018860056
9719 0.16186188392339199
9725 0.01402458173436903
9730 0.029095763575575518
9731 0.09359276324279628
9732 0.02538218733193652
9781 0.020491909654385115
9783 0.013755124891060871
9800 0.03918117583965878
9827 0.010944840156652223
9872 0.056670310311283036
9902 0.018664653758513658
9906 0.03959448025212907
9918 0.02625263843221645
9949 0.02625263843221645
10003 0.02115796522280128
10013 0.03597551084005338
10029 0.05302613701648935
10030 0.031206416623768836
10040 0.05725068244976288
10041 0.0422052662351446
10071 0.05302613701648935
10093 0.04541093123475
10110 0.05021962769003081
10113 0.07338882642399239
10162 0.023859518444595138
10209 0.04867794553204666
10242 0.0387245391487279
10322 0.028489625810507457
10346 0.05302613701648935
10385 0.07487234403772011
10432 0.02610158215016849
10451 0.04066566455313304
10460 0.017629763049503915
10503 0.04134865291621939
10531 0.07054800014961281
10567 0.036024519040157146
10602 0.03069269753642202
10628 0.07219147229296338
10664 0.030945887158611577
10732 0.015235885155130508
10745 0.030945887158611577
10785 0.051613758236618755
10786 0.07384490586302647
10884 0.0864031821457984
10887 0.02538218733193652
10924 0.015416547262451032
10930 0.014547500041776337
10936 0.058614494299547765
10949 0.019221834885690618
10974 0.04541093123475
10980 0.06943876241119736
10999 0.021988445805893923
11000 0.04373007953752411
11150 0.02688360884008097
11232 0.03423857368098889
11239 0.04541093123475
11259 0.022162705823515694
11263 0.056670310311283036
11331 0.02810711543612447
11338 0.06828631110852823
11339 0.02433897276602333
11482 0.015554467675535935
11553 0.03295142044456756
11576 0.018880058449924183
11606 0.02829633584012194
11689 0.05302613701648935
11714 0.01936226957436395
11733 0.01488510357138778
11808 0.08842159904220118
11876 0.0391542474464363
11905 0.019797240126064534
11910 0.14344336758069579
11976 0.05409704848325668
11995 0.03471938120559868
12064 0.04096423961752863
12069 0.06321587540618002
12078 0.039446534771463385
12080 0.07836235167931756
12165 0.03918117583965878
12173 0.025109813845015407
12175 0.016429631335854507
12186 0.05302613701648935
12231 0.16006205726339004
12234 0.039847231408074946
12248 0.03295142044456756
12262 0.08114557272488503
12308 0.03327827963671957
12333 0.021971472285404213
12354 0.030382562809903434
12378 0.012517150438495172
12501 0.05302613701648935
12513 0.019221834885690618
12611 0.06675463592709138
12764 0.017456362740822275
12770 0.02829633584012194
12797 0.0339699775540974
12807 0.02884819609979705
12871 0.04843502163023583
12877 0.012321048756147274
12928 0.047954011142720396
12935 0.0314747242263345
12948 0.08196763861754046
12957 0.02433897276602333
12961 0.0679399551081948
12974 0.056670310311283036
12999 0.02458864541019326
13057 0.02538218733193652
13077 0.03553700254486511
13079 0.02577635002591569
13088 0.1700968015019607
13112 0.032455306920567174
13212 0.04541093123475
13332 0.02610158215016849
13336 0.019214139309696548
13356 0.04541093123475
13426 0.05302613701648935
13464 0.022162705823515694
13487 0.02974575544496216
13616 0.03684481430047408
13661 0.0314747242263345
13695 0.02351600004987094
13706 0.04421079952110059
13709 0.0216007955364496
13723 0.16079094090938018
13728 0.028489625810507457
13730 0.05302613701648935
13754 0.011576819334618753
13786 0.012160837076918146
13806 0.020653853444989743
13852 0.04315220832660446
13872 0.016328075032547528
13912 0.01728624465477972
13918 0.019433318459888983
13919 0.040198748056610306
13993 0.028889142126036955
14062 0.022225676533859363
14211 0.07193101671408059
14212 0.019152431936845297
14243 0.056670310311283036
14244 0.05302613701648935
14247 0.03553700254486511
