968 0.0783289209087456
1054 0.2994555186011982
1519 0.06912534662407081
2565 0.15150698063220883
2638 0.3258271049067929
2889 0.26770432957402707
3430 0.13275702801300618
3481 0.29671128954630727
3865 0.06997510252509628
3956 0.07333813070890087
4384 0.06829376872125957
4957 0.10320105473841662
5344 0.14116265477979872
5687 0.11162409462290132
5697 0.10220421077176281
6184 0.19641871695618923
6960 0.16428176549214601
7201 0.036156817257216346
7726 0.10919362921228343
8104 0.10803310170023783
8349 0.10803310170023783
8411 0.06456991171693437
8729 0.202411291430056
8795 0.06668214790688719
9654 0.16811227492165898
10493 0.10370922909359047
10827 0.12077187906527256
11000 0.03152473747913983
11472 0.1667906865996203
11571 0.48577498913315326
11842 0.08760734042649035
11876 0.08467814728416134
12007 0.11558087493996931
14046 0.16192499637771776
