49 0.028186011060625602
150 0.0775283874756035
295 0.050701310768579644
311 0.04529264358179206
318 0.03097196173323431
322 0.024426075398069066
437 0.02677032991217828
451 0.03225473102936531
741 0.041797491042459986
762 0.030578393715656835
783 0.056316886278439435
817 0.056372022121251204
864 0.05224816630969972
968 0.0202189436052961
1054 0.07729806784835082
1095 0.03426840088514469
1127 0.019363008132245854
1145 0.06194392346646862
1162 0.026903241764494604
1519 0.05352971043927338
1593 0.02965713267134624
1808 0.027174466333203768
2091 0.046165776485180644
2172 0.0286528253752849
2179 0.037927484461141976
2371 0.024853148281986422
2565 0.09777075509504729
2575 0.02093092285873699
2604 0.035768906698842556
2638 0.36445643650663934
2716 0.02576602261611694
2763 0.02564726740590359
2889 0.0691021742640465
2927 0.03239229821738558
3015 0.03514153378853327
3236 0.022355551576342756
3316 0.03202922270440363
3430 0.06853680177028938
3481 0.22976911059635108
3485 0.04936136355053177
3738 0.028186011060625602
3742 0.031381598125976726
3841 0.05288574803591259
3865 0.03612516642168541
3956 0.037861354700612006
3984 0.012663160334378495
3992 0.02564726740590359
4045 0.037927484461141976
4149 0.039210253757272974
4384 0.017628582678637532
4426 0.04448943917147216
4489 0.03907710352505745
4542 0.023060030120716578
4593 0.030773248345812614
4734 0.025529901177372343
4808 0.03536363455282618
4827 0.01596859518222645
4922 0.016381982162994725
4938 0.04712218536979071
4957 0.02663915551950552
5038 0.03097196173323431
5059 0.017111215621564164
5070 0.029482611782993773
5166 0.034841968314552316
5208 0.06276319625195345
5216 0.04529264358179206
5344 0.03643813451090144
5677 0.056372022121251204
5687 0.057626767941869786
5697 0.3693457805598699
6068 0.10306409046446777
6081 0.02965713267134624
6102 0.019052311544371082
6154 0.041568856626493435
6179 0.04016666264188304
6184 0.050701310768579644
6231 0.056316886278439435
6256 0.041797491042459986
6315 0.02638984875669899
6355 0.0632724090063471
6436 0.13587793074537619
6487 0.038337120853884396
6488 0.024322087958212522
6512 0.05224816630969972
6528 0.021777260824585577
6949 0.030773248345812614
6960 0.1696233632904964
6973 0.09424437073958142
6995 0.030578393715656835
7020 0.02093092285873699
7064 0.02849479536680877
7099 0.011474052369825924
7157 0.05407770809769837
7201 0.00933311273268199
7206 0.02252708905508611
7228 0.05224816630969972
7366 0.059203689037607386
7380 0.03248542390528001
7401 0.022701609943438575
7422 0.03473313046060972
7558 0.04016666264188304
7564 0.086106930802102
7572 0.03180867100989409
7580 0.011502846358438738
7629 0.050701310768579644
7633 0.016288635460589652
7722 0.04374578804067197
7726 0.22548808848500482
7751 0.030199680916404983
7817 0.086106930802102
7865 0.014274965604810272
8060 0.11840737807521477
8104 0.027886445586644656
8115 0.0172636443470892
8244 0.0641510784210243
8348 0.04374578804067197
8349 0.11154578234657862
8411 0.0166673482598415
8563 0.041223923613052355
8609 0.05407770809769837
8658 0.011975154622398341
8688 0.01811817724858829
8729 0.05224816630969972
8737 0.02600783427227875
8744 0.017661812545736847
8758 0.029311074304250423
8795 0.03442515414147193
8839 0.041223923613052355
8872 0.027595564404115584
8906 0.03455108713202325
8996 0.02204848539329474
8997 0.007926604907980136
9428 0.039677068071932275
9497 0.008192575780291186
9531 0.022969217753000155
9602 0.031381598125976726
9618 0.03643813451090144
9654 0.23867032912114963
9695 0.14741305891496884
9708 0.01789762555407876
9719 0.01642898317700788
9725 0.015658447373337697
9758 0.024531151731437217
9791 0.05224816630969972
9902 0.006946362801989702
9905 0.016058998479677386
10068 0.01930009445816004
10190 0.023817725617904947
10200 0.04712218536979071
10228 0.03715520364431265
10242 0.043235953114461406
10266 0.08033332528376608
10396 0.02677032991217828
10493 0.02677032991217828
10516 0.024071574848138422
10517 0.050701310768579644
10548 0.06592671400037281
10567 0.01005534507595568
10569 0.02745322587365525
10575 0.044207242472213026
10657 0.015400028848435093
10765 0.04374578804067197
10827 0.06234937960580905
10838 0.04712218536979071
10930 0.016242285733167435
11000 0.05289335959361618
11133 0.08749157608134395
11138 0.02613096094766528
11186 0.0424058408226241
11188 0.04374578804067197
11218 0.028339215534915765
11232 0.03822737207257111
11255 0.02500520347745702
11311 0.04371572248605445
11356 0.053045451829239254
11396 0.05224816630969972
11472 0.086106930802102
11571 0.12539247312737994
11586 0.04016666264188304
11634 0.10452384379066113
11672 0.043053465401051
11733 0.03323844023783897
11842 0.06784191030373607
11869 0.02965713267134624
11876 0.06557358372908166
11957 0.01784323681309113
11976 0.030199680916404983
12007 0.2386779406788532
12017 0.08365933675993396
12064 0.02613518799201162
12067 0.05407770809769837
12078 0.022021030661677845
12103 0.0424058408226241
12520 0.048179446340960025
12610 0.027174466333203768
12611 0.018632889974698866
12640 0.075067832887129
12648 0.09151687942779595
12733 0.01881049988820928
12763 0.02333750489090239
12833 0.0424058408226241
12877 0.0412693577291501
12885 0.03248542390528001
12903 0.016242285733167435
12928 0.02677032991217828
12956 0.031381598125976726
13004 0.15674449892909917
13011 0.04374578804067197
13088 0.018991310151976876
13112 0.01811817724858829
13219 0.03679026531276431
13608 0.024962818205797047
13616 0.020568620035581044
13862 0.031381598125976726
13912 0.01930009445816004
13973 0.04355452164917115
13987 0.03545031809471644
14041 0.08142942171731744
14046 0.041797491042459986
14101 0.037927484461141976
14163 0.016219970411725036
