11 0.0247338994546688
194 0.021945963903891287
920 0.030856109989675157
1002 0.05557429014231482
1008 0.03420698713442693
1009 0.06772759188936363
1027 0.028213205545283792
1090 0.05392069369576934
1111 0.23240730782920468
1112 0.15515867503051667
1117 0.07564490938114786
1133 0.04667212470047453
1145 0.03878966875762917
1185 0.1179081073594517
1319 0.029249758950733246
1397 0.04756990444542017
1451 0.034741858507612945
1458 0.021750101544857445
1492 0.03420698713442693
1498 0.15704308752557208
1519 0.02234709094325948
1550 0.026122076619859286
1620 0.027998369880779094
1653 0.01598171301868171
1656 0.034741858507612945
1714 0.03649832794602805
1718 0.023633533760518608
1830 0.034741858507612945
1839 0.17704922704347895
1963 0.016568306572255526
2341 0.04750085163249981
2552 0.041912226850471315
2674 0.04854875670120722
2693 0.026494476616713825
2707 0.18546235056484647
2740 0.03805736957381522
2776 0.025408831038161273
2818 0.07414743395263314
2965 0.04428985422960904
2995 0.1225207503966236
3036 0.03878966875762917
3092 0.016654386226133806
3130 0.03566125863390282
3142 0.032420197825253017
3147 0.06144623696112405
3151 0.032882860389881044
3198 0.05234769584185737
3210 0.05234769584185737
3215 0.044398417771874206
3216 0.041912226850471315
3220 0.026122076619859286
3227 0.034741858507612945
3232 0.0362905946158937
3238 0.03956729286454581
3304 0.09938410366384226
3421 0.032882860389881044
3527 0.027579411741023057
3633 0.01098188161175091
3648 0.024570681831574147
3666 0.029585576419453665
3816 0.05781859067316817
3832 0.10058247896305365
3847 0.031543033980165634
3899 0.05310960064674486
3940 0.030332385029932768
3984 0.015859498956703508
3993 0.04910740779829753
4029 0.041283716872369494
4079 0.03352749298768455
4399 0.04327220976865161
4458 0.046533637565444576
4460 0.06034053575903887
4500 0.04910740779829753
4508 0.04401169247957389
4542 0.028880667541433726
4577 0.0705693897534449
4734 0.06394792933136342
4762 0.03930270245315057
4826 0.054787767150644776
4889 0.23772944781407035
5049 0.03336320855245616
5078 0.15848629854271357
5089 0.05672506820289186
5166 0.043636512966986715
5208 0.03930270245315057
5247 0.027545027094857552
5297 0.07384877684030887
5389 0.07924314927135678
5455 0.031543033980165634
5533 0.15704308752557208
5759 0.04401169247957389
5847 0.07860540490630114
5920 0.05094985873742583
5962 0.02532245557558745
6044 0.021056976615505686
6109 0.01569837392493598
6245 0.031157742936515312
6278 0.020342039967725944
6310 0.01787814385496196
6429 0.029346186698944572
6441 0.06772759188936363
6443 0.08447735172511038
6515 0.07053196639648614
6519 0.024570681831574147
6528 0.081822334126908
6556 0.11563718134633634
6606 0.016525486836338484
6695 0.024171677515010405
6734 0.03403363845045809
6775 0.020284257887392097
6789 0.02768284920010892
6813 0.034277322288079365
6851 0.03492533009211608
6861 0.24770230123421694
6862 0.13613455380183237
6866 0.02401555649697965
6911 0.03736540140090349
6978 0.05781859067316817
6987 0.05571912504406559
7201 0.02337781213192401
7422 0.04350020308971489
7468 0.04868929625952106
7491 0.037531271607809134
7718 0.026494476616713825
7802 0.04801388532802121
7810 0.04068514754055236
7856 0.03904356790480341
7862 0.021430298529932074
7965 0.03197396466568171
8078 0.03456102689378097
8086 0.05234769584185737
8087 0.03099052389484367
8097 0.023262781790811076
8115 0.021621202155062125
8122 0.03670955275564974
8247 0.041912226850471315
8250 0.017049211796080876
8255 0.07924314927135678
8346 0.03736540140090349
8579 0.07924314927135678
8706 0.020694425118383784
8715 0.1070617046910107
8717 0.03759185041630437
8997 0.02978213469990351
9171 0.06349895002551541
9301 0.044797422088437955
9317 0.31653834291636646
9383 0.02221195436879812
9392 0.04098086895705049
9409 0.02576039467095152
9420 0.05162935288416821
9440 0.06034053575903887
9515 0.04039622492342689
9521 0.05310960064674486
9531 0.028766933006529
9652 0.018663873463826027
9708 0.022415208076595302
9783 0.057702141156520545
9902 0.008699710870118003
9906 0.02768284920010892
9932 0.027998369880779094
9966 0.029953434300412925
9990 0.042918170009297575
10068 0.024171677515010405
10070 0.04607658427577412
10079 0.027074621784947035
10316 0.023558503207309206
10327 0.03369395343890553
10329 0.05094985873742583
10334 0.07924314927135678
10349 0.04801388532802121
10362 0.025495804259556287
10389 0.07924314927135678
10395 0.06543625107776249
10460 0.024652025677585523
10499 0.024652025677585523
10516 0.015073769347839442
10537 0.05162935288416821
10553 0.03983757382633659
10567 0.025186877608817663
10613 0.038540797648263084
10628 0.025236669711209126
10629 0.09041902164179737
10630 0.07414743395263314
10771 0.06182078352161549
10806 0.06841397426885386
10999 0.00768671321751468
11000 0.05605286850596005
11003 0.018714651635264003
11098 0.031402612627304406
11169 0.04223867586255519
11246 0.024329762370897155
11255 0.01565841338146304
11277 0.05094985873742583
11317 0.027074621784947035
11359 0.021118431898521802
11503 0.04969205183192113
11525 0.06672641710491233
11581 0.04098086895705049
11658 0.05781859067316817
11778 0.07924314927135678
11828 0.05392069369576934
11905 0.02768284920010892
11926 0.059016409014492975
12064 0.03273203337458187
12078 0.027579411741023057
12117 0.026214147217245444
12215 0.022902654562055452
12238 0.04750085163249981
12324 0.04969205183192113
12333 0.030723118480562025
12348 0.13203507743872167
12379 0.050305226139622336
12398 0.03805736957381522
12523 0.024409556799806626
12546 0.07924314927135678
12565 0.04039622492342689
12611 0.023336062350237264
12614 0.02899544076226274
12639 0.05094985873742583
12648 0.028654218526032848
12667 0.021118431898521802
12726 0.04327220976865161
12787 0.05234769584185737
12794 0.05162935288416821
12796 0.07924314927135678
12807 0.020169484666563084
12834 0.010417253637041008
12865 0.015578871468257656
12877 0.05168625513430357
12918 0.06182078352161549
13051 0.03492533009211608
13063 0.07053196639648614
13075 0.046533637565444576
13088 0.04756990444542017
13111 0.05234769584185737
13210 0.05571912504406559
13336 0.04030123271980163
13446 0.04011379550217505
13480 0.019181130846274718
13660 0.11691272153113581
13754 0.01618808186476566
13786 0.017004724739596314
13874 0.08040218515717948
13912 0.024171677515010405
13918 0.027173970763456207
14060 0.03099052389484367
14157 0.05392069369576934
14170 0.01902370606971446
14182 0.05781859067316817
