12 0.03194197663275789
13 0.03688998168407757
175 0.030108043014715077
406 0.03308730596146927
638 0.040957619446160505
762 0.03370774723966413
854 0.03840765058492833
920 0.02715869372491238
965 0.03840765058492833
968 0.02228812431541762
1008 0.030108043014715077
1112 0.03414159250248199
1127 0.02134459350580981
1133 0.020539755994116643
1162 0.029656484959863443
1397 0.02093485643181873
1402 0.03141091611292019
1458 0.01914383720242714
1519 0.0196692907425411
1617 0.041808934489513984
1667 0.04607499257196032
1822 0.049927834531397604
1942 0.02184262909232176
2017 0.02445747577156655
2136 0.054412942074016146
2254 0.04544272698877905
2371 0.02739658754443166
2386 0.09349120017396834
2479 0.21268338939973805
2565 0.1939976793901223
2569 0.06526251850546158
2573 0.11066994505223271
2575 0.09229186644345742
2638 0.1545209384401718
2667 0.03459315055733362
2760 0.032887991807622974
2927 0.017853642198746255
2969 0.032692205523767184
3036 0.03414159250248199
3130 0.01569402626266128
3135 0.08275017845339223
3147 0.08112491484185598
3173 0.050890322734268335
3220 0.02299192862012875
3222 0.04674560008698417
3249 0.025122323517513888
3281 0.02340318923055382
3296 0.05759517651842959
3316 0.035307052203011974
3321 0.03442584587644923
3481 0.028142598461600898
3548 0.04322298074723634
3634 0.039792159745630516
3641 0.054412942074016146
3734 0.018214660039498898
3738 0.37284637461102976
3756 0.02604040525263214
3835 0.06526251850546158
3841 0.058298007539301956
3956 0.020868018547129323
3984 0.013959091892652814
4029 0.036336784602396484
4030 0.026255201055277795
4219 0.018373063265600155
4364 0.049927834531397604
4383 0.01991108476880989
4435 0.04607499257196032
4441 0.048222675781686944
4489 0.04307620409133486
4575 0.09349120017396834
4577 0.015528305765933306
4734 0.056285196923201795
4735 0.035063929531463645
4784 0.030108043014715077
4815 0.03482603571194437
4882 0.06526251850546158
4981 0.04427726728824907
5002 0.028805169916509964
5039 0.04607499257196032
5059 0.03772471088563115
5247 0.012122185116075367
5280 0.03580994044863289
5281 0.051944609275281065
5297 0.09749947317580518
5344 0.04016716637896704
5480 0.12416056812209628
5551 0.01760280069581953
5571 0.0246433900009862
5613 0.02483248240490307
5647 0.03840765058492833
5677 0.40391690582861556
5687 0.031762108665451885
5798 0.019201003408530072
5880 0.054412942074016146
6102 0.06300630188499755
6109 0.013817274100628631
6154 0.02291148000181311
6230 0.02259541174907285
6265 0.05759517651842959
6497 0.04055533379465496
6519 0.0216264338796848
6537 0.03840765058492833
6681 0.04200420125666503
6709 0.06526251850546158
6819 0.040957619446160505
6880 0.06499964878387011
6928 0.04607499257196032
6995 0.03370774723966413
7039 0.03555563876020436
7099 0.05059316858736491
7119 0.04745950173266251
7153 0.03026275373610484
7351 0.041808934489513984
7402 0.039078258099952176
7422 0.01914383720242714
7434 0.059611951262313057
7472 0.054412942074016146
7506 0.06208028406104814
7562 0.040957619446160505
7580 0.012680032875252528
7671 0.018006923675833824
7693 0.017752621987405293
7718 0.02331970478702454
7726 0.06214106243517161
7862 0.018862355442815577
7965 0.028142598461600898
8097 0.08190102589827565
8104 0.061480617195792696
8279 0.03747230751534016
8349 0.061480617195792696
8379 0.05759517651842959
8383 0.039792159745630516
8411 0.09186531632800078
8463 0.04566322449002526
8502 0.04322298074723634
8517 0.02184262909232176
8589 0.051944609275281065
8658 0.013200676560097335
8666 0.03436506750232575
8685 0.05759517651842959
8704 0.06208028406104814
8744 0.006489766582923321
8753 0.06526251850546158
8795 0.07589636036984274
8903 0.03688998168407757
8951 0.03747230751534016
8997 0.03495121387884664
9087 0.051944609275281065
9094 0.03105661153186661
9101 0.04226049254436561
9134 0.02483248240490307
9204 0.02022095478614038
9301 0.03942945065248386
9320 0.06526251850546158
9454 0.06208028406104814
9503 0.05589001776871893
9584 0.031762108665451885
9647 0.02340318923055382
9652 0.08213712345693953
9654 0.023917776722385868
9695 0.03249982439193506
9732 0.09371824332278711
9783 0.01692927569791936
9789 0.06208028406104814
9800 0.09644535156337389
9835 0.03660992530121709
9863 0.059611951262313057
9890 0.023657490918982355
9902 0.015314489292129547
9905 0.05310736725172894
9919 0.06526251850546158
10003 0.02604040525263214
10068 0.021275241327153107
10156 0.07223397267622644
10157 0.059611951262313057
10190 0.026255201055277795
10242 0.07149099750628918
10267 0.05589001776871893
10335 0.026364183574870772
10362 0.022440701027683085
10374 0.03607022625203641
10390 0.049927834531397604
10461 0.039078258099952176
10468 0.04745950173266251
10575 0.04873135486684911
10600 0.039078258099952176
10604 0.041808934489513984
10628 0.022212617972675215
10866 0.03840765058492833
10930 0.017904500386090684
10992 0.032887991807622974
10999 0.013531264316569463
11000 0.0358808603409484
11042 0.051944609275281065
11138 0.028805169916509964
11188 0.048222675781686944
11311 0.02409476667841989
11317 0.023830332502096395
11352 0.03688998168407757
11364 0.03660992530121709
11365 0.01711756341436914
11495 0.03555563876020436
11733 0.018320009752573942
11905 0.024365677433424555
12007 0.06577598361524595
12021 0.03414159250248199
12028 0.041808934489513984
12041 0.02400591771671491
12057 0.0424126425042049
12174 0.13052503701092316
12220 0.03942945065248386
12268 0.048222675781686944
12308 0.040957619446160505
12324 0.043737568239068395
12378 0.015405624623832371
12403 0.031762108665451885
12523 0.04296923217532125
12614 0.02552098418577824
12637 0.09985566906279521
12701 0.06526251850546158
12726 0.03808700099591987
12735 0.03471504309940642
12834 0.04584489118650968
12895 0.04607499257196032
12948 0.025220649820590982
12949 0.06526251850546158
12963 0.03436506750232575
12966 0.035063929531463645
13079 0.015862267319665967
13088 0.10467428215909365
13213 0.06526251850546158
13223 0.13052503701092316
13238 0.05311006897581104
13338 0.031070531217585805
13608 0.08255244284200479
13726 0.2174937185231007
13728 0.035063929531463645
13744 0.03026275373610484
13754 0.042744904413364856
13764 0.039078258099952176
13786 0.014967087919821051
13822 0.01816235906139637
13872 0.020095963216004757
13874 0.035383888672749095
13912 0.021275241327153107
13973 0.02400591771671491
13982 0.022440701027683085
14000 0.05759517651842959
14045 0.06526251850546158
14060 0.02727700112283333
14163 0.00893995067166193
