12 0.031667045539494815
13 0.03657246210438891
175 0.02984889696131905
406 0.032802516785592546
638 0.040605088880464775
762 0.03341761779944244
854 0.03807706812015527
920 0.026924933321064062
965 0.03807706812015527
968 0.02209628589366707
1008 0.02984889696131905
1112 0.0338477288677931
1127 0.021160876245751768
1133 0.020362966134311034
1162 0.029401225558540314
1397 0.020754665862140496
1402 0.031140555965625375
1458 0.0189790622997395
1519 0.019499993154300732
1617 0.04144907648199236
1667 0.045678415734354536
1822 0.04949809549897035
1942 0.02165462513861736
2017 0.02424696530035682
2136 0.053944598808223145
2254 0.04505159218971756
2371 0.027160779540065905
2386 0.09268650238804778
2479 0.2108527801848218
2565 0.21369766875990387
2569 0.06470079072736887
2573 0.10971738631316671
2575 0.09149749156702705
2638 0.15319094527707414
2667 0.03429540027057184
2760 0.032604918169230036
2927 0.01769997226701776
2969 0.03241081705776309
3036 0.0338477288677931
3130 0.015558944584789538
3135 0.0820379308272834
3147 0.08042665619040257
3173 0.05045229937000682
3220 0.022794032411499132
3249 0.02490609056645426
3281 0.023201753218156256
3296 0.05709944311316961
3316 0.03500315721950254
3321 0.03412953561512333
3481 0.027900369389453346
3548 0.04285095175580757
3634 0.039449660528755336
3641 0.053944598808223145
3734 0.018057882753745733
3738 0.4004403108206217
3756 0.025816270185243184
3835 0.06470079072736887
3841 0.057796224724414966
3956 0.020688403264726526
3984 0.013838943147973345
4029 0.0360240265025688
4030 0.026029217196703223
4219 0.018214922571043925
4364 0.04949809549897035
4383 0.01973970601017888
4435 0.045678415734354536
4441 0.04780761339762855
4489 0.04270543843645336
4575 0.04634325119402389
4577 0.015394650478102023
4734 0.05580073877890669
4735 0.03476212715426516
4784 0.02984889696131905
4815 0.03452628093526332
4882 0.06470079072736887
4981 0.04389616383800813
5002 0.028557237957012722
5039 0.045678415734354536
5059 0.03740000662183229
5247 0.01201784700184351
5280 0.03550171700365261
5281 0.051497511452207385
5297 0.0644401835789667
5344 0.039821439403682615
5480 0.1230918928448448
5551 0.017451289807954486
5571 0.024431279328169183
5613 0.024618744175284098
5677 0.4004403108206217
5687 0.031488725732387625
5798 0.019035736464672832
5880 0.053944598808223145
6102 0.062463993822510853
6109 0.01369834601054589
6154 0.022714276230813114
6230 0.02240092844184599
6265 0.05709944311316961
6497 0.04020626578342929
6519 0.021440290762172604
6537 0.03807706812015527
6681 0.04164266254834057
6709 0.06470079072736887
6819 0.040605088880464775
6880 0.0644401835789667
6928 0.045678415734354536
6949 0.033630564810902486
6995 0.03341761779944244
7039 0.03524960414160831
7099 0.05015770288931845
7119 0.04705100814295459
7153 0.030002276056045246
7351 0.04144907648199236
7402 0.038741903579824634
7422 0.0189790622997395
7434 0.05909885906640664
7472 0.053944598808223145
7506 0.0615459464224224
7562 0.040605088880464775
7580 0.012570893251832048
7671 0.017851934419238328
7693 0.017599821557194032
7718 0.023118987342222022
7726 0.061606201664711036
7862 0.018700003310916143
7965 0.027900369389453346
8097 0.08119608710101638
8104 0.060951441011912036
8279 0.03714977573871501
8349 0.060951441011912036
8379 0.05709944311316961
8383 0.039449660528755336
8411 0.09107461285521962
8463 0.045270191824097965
8502 0.04285095175580757
8589 0.051497511452207385
8658 0.013087055650527268
8666 0.034069280372834694
8685 0.05709944311316961
8704 0.0615459464224224
8744 0.006433907841237452
8753 0.06470079072736887
8795 0.07524310495077234
8903 0.03657246210438891
8951 0.03714977573871501
8997 0.03465038166820855
9087 0.051497511452207385
9094 0.030789300956204045
9101 0.041896747884771095
9134 0.024618744175284098
9204 0.02004690891320979
9301 0.03909007334658688
9320 0.06470079072736887
9454 0.0615459464224224
9503 0.05540896101182781
9584 0.031488725732387625
9647 0.023201753218156256
9652 0.06514412201595643
9654 0.023711911550724447
9695 0.03222009178948335
9732 0.09291159133028003
9783 0.016783561976777637
9789 0.0615459464224224
9800 0.0956152267952571
9835 0.03629481622380887
9863 0.05909885906640664
9890 0.02345386608020056
9902 0.015182674366201234
9905 0.0526502613341237
9919 0.06470079072736887
10003 0.025816270185243184
10068 0.02109212099541035
10156 0.07161224017335298
10157 0.05909885906640664
10190 0.026029217196703223
10242 0.07087565994190329
10267 0.05540896101182781
10335 0.026137261681571464
10362 0.02224754934711979
10374 0.035759762474176504
10390 0.04949809549897035
10461 0.038741903579824634
10468 0.04705100814295459
10575 0.04831191417838546
10600 0.038741903579824634
10604 0.04144907648199236
10628 0.022021429449382644
10866 0.03807706812015527
10930 0.01775039270759377
10992 0.032604918169230036
10999 0.013414797970902836
11000 0.035572026474022335
11042 0.051497511452207385
11138 0.028557237957012722
11188 0.04780761339762855
11311 0.023887378118188366
11317 0.02362521998063443
11352 0.03657246210438891
11364 0.03629481622380887
11365 0.01697022906253425
11495 0.03524960414160831
11733 0.01816232570040104
11905 0.02415595708919273
12007 0.06520983633846007
12021 0.0338477288677931
12028 0.04144907648199236
12041 0.02379929389757808
12057 0.04204758825894261
12174 0.12940158145473774
12220 0.03909007334658688
12268 0.04780761339762855
12308 0.040605088880464775
12324 0.04336111008837576
12378 0.015273025277557504
12403 0.031488725732387625
12523 0.0425993872494903
12614 0.025301319881217015
12637 0.0989961909979407
12701 0.06470079072736887
12726 0.03775917842741353
12735 0.03441624365872915
12834 0.045450294878355474
12895 0.045678415734354536
12948 0.025003570555030778
12949 0.06470079072736887
12963 0.034069280372834694
12966 0.03476212715426516
13079 0.015725737556778516
13088 0.10377332931070248
13213 0.06470079072736887
13223 0.12940158145473774
13238 0.052652939803916825
13338 0.030803100832355518
13608 0.08184189716654353
13726 0.2156217058264886
13728 0.03476212715426516
13744 0.030002276056045246
13754 0.04237699032223312
13764 0.038741903579824634
13786 0.014838263148202474
13822 0.018006031940805304
13872 0.019922993170954865
13874 0.035079332342107944
13912 0.02109212099541035
13973 0.04759858779515616
13982 0.02224754934711979
14000 0.05709944311316961
14045 0.06470079072736887
14060 0.027042222423134834
14163 0.008863002696897044
