79 0.018064609352229213
91 0.05081422866035287
108 0.023164054189842093
295 0.04930982617653944
311 0.04404959848647888
319 0.03280025518331998
322 0.023755707964856897
326 0.022788650276701725
344 0.04326843781712497
437 0.02603562500944599
451 0.031369508131428386
482 0.025535038443327194
518 0.04930982617653944
538 0.03613548852055264
587 0.04187187398198606
592 0.04124202329556801
599 0.033327913329641766
632 0.054771283643315995
741 0.04065036952055321
756 0.054771283643315995
762 0.05947835493875397
817 0.08223735944539576
864 0.05081422866035287
994 0.020356478998931223
1052 0.04326843781712497
1054 0.025058880671954335
1095 0.033327913329641766
1144 0.048006653469442
1402 0.02771276294782002
1471 0.02741245314846526
1519 0.017353533712300143
1567 0.017566860203896157
1593 0.20190240140249802
1620 0.02174200914334675
1689 0.014183502600072024
1736 0.06153591381719
1808 0.05285734001815587
1838 0.02919178362693556
1953 0.054771283643315995
1963 0.012866044506078502
2172 0.0278664558628652
2384 0.02182506750345074
2565 0.07606996925015946
2575 0.020356478998931223
2604 0.03478723814252571
2638 0.43625110425411945
2648 0.017459614087227848
2667 0.03052033813873089
2716 0.025058880671954335
2750 0.048006653469442
2763 0.024943384668312397
2776 0.01973111431507678
2852 0.026838211150424632
2853 0.04685717367738976
2889 0.03360284132429863
2927 0.03150329982292601
2995 0.02718369765011446
3099 0.024716414010480477
3220 0.020284981987543523
3222 0.04124202329556801
3273 0.035780565828791445
3297 0.04594909459100597
3316 0.031150188825148944
3348 0.11576442305910697
3430 0.033327913329641766
3432 0.009563296830706405
3439 0.03205868604252539
3481 0.09931695810441282
3485 0.048006653469442
3590 0.02955328045057572
3636 0.03906429879107519
3699 0.028506639317220746
3702 0.03813413830530238
3721 0.01847009847009844
3724 0.042545196002665445
3733 0.054771283643315995
3734 0.01607016344366134
3738 0.05482490629693052
3745 0.03031910836201489
3841 0.06857908282411235
3956 0.03682225944052814
3984 0.012315623116410906
3986 0.033327913329641766
4030 0.023164054189842093
4079 0.02603562500944599
4149 0.03813413830530238
4405 0.03205868604252539
4426 0.04326843781712497
4444 0.03280025518331998
4458 0.03613548852055264
4489 0.06334107057896615
4566 0.029928684363716093
4569 0.034177083322339256
4575 0.04124202329556801
4577 0.013700086146025164
4593 0.029928684363716093
4678 0.03052033813873089
4784 0.02656328315576777
4788 0.03770032028973225
4808 0.03439308858758669
4827 0.015530341144692464
4835 0.02616488912974525
4922 0.03186476564961081
4938 0.04582892896494918
5038 0.030121944112708365
5087 0.034177083322339256
5189 0.031593869699977205
5208 0.06104067627746178
5217 0.05259355913882318
5297 0.0286734689934436
5528 0.022788650276701725
5551 0.015530341144692464
5571 0.02174200914334675
5685 0.020428503668311823
5687 0.11209043187460689
5689 0.011187153662732487
5697 0.3335513809219691
5866 0.054771283643315995
6068 0.05011776134390867
6077 0.0354380991673176
6256 0.04065036952055321
6307 0.04582892896494918
6315 0.025665586062607562
6323 0.08374374796397212
6354 0.05081422866035287
6374 0.05259355913882318
6436 0.1321487954594366
6488 0.023654574433866465
6528 0.021179589434341548
6813 0.013308950802676642
6823 0.04404959848647888
6866 0.018649173189841523
6916 0.03650380764325098
6923 0.06318773939995441
6949 0.029928684363716093
6960 0.12372606988670401
6973 0.13748678689484753
7020 0.040712957997862446
7064 0.02771276294782002
7099 0.01115914991782128
7157 0.05259355913882318
7201 0.009076967825056655
7206 0.021908838819569603
7228 0.05081422866035287
7245 0.01986666230523736
7380 0.031593869699977205
7401 0.022078570026482863
7422 0.03377988851998494
7442 0.04331930341205733
7452 0.054771283643315995
7564 0.04187187398198606
7579 0.05259355913882318
7580 0.011187153662732487
7629 0.04930982617653944
7633 0.01584159799893065
7671 0.015886884847736392
7718 0.02057416754266943
7722 0.042545196002665445
7726 0.16447471889079152
7751 0.029370858346678644
7817 0.04187187398198606
7891 0.01644738135279305
7892 0.02449460222598412
7918 0.07626827661060476
7948 0.03650380764325098
8104 0.08136332751841566
8187 0.054771283643315995
8204 0.03650380764325098
8244 0.04159364558202033
8344 0.01927099483557199
8349 0.10848443669122088
8411 0.016209917121628992
8433 0.013957408355370352
8463 0.02014354040448764
8558 0.05757885883422687
8563 0.04009254350351576
8609 0.10518711827764636
8658 0.023292999092780146
8688 0.01762092847740095
8737 0.025294055868651393
8744 0.00572569619595593
8795 0.05022054679901459
8830 0.054771283643315995
8839 0.04009254350351576
8903 0.06509350532057571
8906 0.03360284132429863
8921 0.05081422866035287
8981 0.022164555590689573
8996 0.021443370313674232
9236 0.042545196002665445
9295 0.03728496831260489
9383 0.017248594008665595
9392 0.03182351084582833
9500 0.0471089563762818
9531 0.02233883340770384
9602 0.03052033813873089
9618 0.0354380991673176
9654 0.12661095413394724
9695 0.0573469379868872
9708 0.017406429768110257
9732 0.02756145296488416
9791 0.05081422866035287
9800 0.042545196002665445
9902 0.00675572163979553
9905 0.015618263346614194
10005 0.03072580464154134
10068 0.037540816538906396
10190 0.04632810837968419
10230 0.04685717367738976
10242 0.08409870673293547
10396 0.05207125001889198
10422 0.03447739312169401
10461 0.03447739312169401
10516 0.011705468296224446
10517 0.04930982617653944
10548 0.03205868604252539
10569 0.02669977906476793
10575 0.042993985934577504
10608 0.02901593565491746
10657 0.014977378969472753
10732 0.016544008859045348
10827 0.09095732508604466
10831 0.048006653469442
10838 0.04582892896494918
10887 0.02756145296488416
10930 0.015796520328001166
10994 0.031593869699977205
11000 0.06331287972740995
11133 0.042545196002665445
11186 0.04124202329556801
11218 0.05512290592976832
11246 0.01889316835858517
11259 0.024065552985688597
11310 0.05668522726847614
11311 0.06377393338433317
11332 0.0278664558628652
11356 0.03439308858758669
11359 0.0163994240159681
11472 0.04187187398198606
11550 0.054771283643315995
11556 0.05259355913882318
11570 0.03688657428658236
11571 0.12195110856165961
11586 0.03906429879107519
11591 0.054771283643315995
11634 0.05082760672743104
11645 0.054771283643315995
11672 0.04187187398198606
11678 0.028506639317220746
11733 0.016163109845306358
11842 0.02199333543749143
11865 0.06153591381719
11869 0.028843200200356862
11876 0.06377393338433317
11905 0.021496992967288752
11957 0.03470706742460029
11976 0.029370858346678644
12007 0.1740956139295047
12023 0.019465538787264362
12064 0.057190307395283475
12078 0.021416669070190967
12103 0.04124202329556801
12348 0.034177083322339256
12407 0.024065552985688597
12412 0.054771283643315995
12414 0.03650380764325098
12513 0.020872184543140083
12623 0.09371434735477951
12648 0.08900522192417384
12726 0.03360284132429863
12733 0.03658850099616068
12763 0.0453940259973588
12834 0.008089471808163901
12854 0.029928684363716093
12877 0.040136730691840934
12885 0.031593869699977205
12928 0.02603562500944599
12992 0.029370858346678644
13004 0.05081422866035287
13011 0.042545196002665445
13088 0.07388039388039376
13112 0.01762092847740095
13122 0.02834261363423807
13128 0.04685717367738976
13504 0.04404959848647888
13505 0.054771283643315995
13616 0.02000411948470422
13726 0.02741245314846526
13862 0.06104067627746178
13874 0.010405992993378578
13912 0.018770408269453198
13973 0.042359178868683095
13987 0.06895478624338802
14041 0.05939595894568131
14043 0.03182351084582833
14062 0.012066965119864607
14101 0.03688657428658236
14122 0.05757885883422687
14125 0.05757885883422687
14163 0.015774817444885954
14200 0.03858814101970233
14245 0.054771283643315995
