194 0.046525295540103574
249 0.07443618544629152
322 0.06485381529074573
326 0.12442743596250619
398 0.09865099795887732
976 0.056369193430528194
994 0.0555738153929012
1012 0.04962856034188597
1075 0.16776478830518937
1133 0.04947229487580456
1319 0.031004645902528757
1489 0.07650258387804969
1492 0.07251858213817362
1653 0.13552449547216217
1655 0.06050992024344437
1674 0.0933044913770798
1862 0.09098623111144942
1901 0.07072977723224562
1963 0.07024939649486514
2064 0.2686883022255044
2114 0.061226820505360866
2204 0.15488559788016806
2212 0.22518399072629044
2228 0.11431150715955789
2940 0.05677596752400846
3092 0.03530718653339784
3130 0.03780081395696207
3165 0.07072977723224562
3321 0.04145924613312192
3432 0.05221619049592011
3496 0.08625223853035156
3519 0.062213717981253094
3548 0.10410737350292769
3554 0.11097676231272861
3633 0.06984454496654097
3723 0.11097676231272861
3751 0.06971144236557839
3852 0.06485381529074573
3984 0.06724406176096571
4028 0.07107805912750037
4045 0.10070148526111475
4063 0.131059644336421
4262 0.12101984048688874
4384 0.04680575271491943
4405 0.08752120147889156
4478 0.10070148526111475
4535 0.05958310729660368
4586 0.08388239415259469
4624 0.07524361649728425
4660 0.06687101940865406
4997 0.07443618544629152
5247 0.05839527176207445
5528 0.062213717981253094
6044 0.04464064848132473
6315 0.07006784139186632
6488 0.06457771763252154
6528 0.057820932263547925
6606 0.03503392069593316
6781 0.11097676231272861
6813 0.07266769218979262
6821 0.05518485687052316
6851 0.074041464366177
7167 0.0881790913388542
7201 0.12390201032887053
7342 0.2686883022255044
7604 0.06841151696661524
8015 0.0925091133394528
8020 0.17250447706070313
8124 0.17200995994625862
8250 0.03614421408019519
8345 0.0806813669545289
8411 0.13276072080524368
8688 0.048105678113882576
8744 0.01563132717630578
8867 0.1251143892854058
8997 0.12627584960918456
9150 0.06809620931516178
9497 0.021752155749606976
9765 0.09863388116759991
9781 0.06074675011918734
9883 0.13461734601229056
10432 0.0773762092130063
10614 0.0487044265831003
10670 0.10070148526111475
10925 0.0881790913388542
10999 0.01629578020555658
11000 0.05401441062923952
11098 0.13314665417431676
11213 0.05405093316489781
11255 0.0995871924494289
11359 0.0447709332670533
11930 0.07143095416199105
12040 0.1387244111838489
12064 0.01734792252746452
12069 0.062466261915600015
12417 0.09025623515716279
12522 0.11259199536314522
12552 0.08954570810077617
12667 0.0895418665341066
12807 0.04275917153208507
12886 0.13461734601229056
12999 0.07289122017882196
13088 0.10084787675902593
13336 0.028479447232767293
13480 0.04066386809549493
13728 0.08445538796964686
13806 0.061226820505360866
13816 0.07038598942245158
14065 0.05442357120554617
14170 0.12099038589112843
14171 0.11396341486245572
