108 0.0433760894966495
194 0.03191224900545934
249 0.05105665761824229
322 0.044483996898598444
326 0.08534624602488884
398 0.06766588314924532
976 0.03866429468333719
994 0.038118735505355245
1012 0.03404081493792062
1075 0.11507184718748499
1091 0.053073254599222186
1112 0.056405158308551646
1133 0.033933630611488
1319 0.021266452343429637
1458 0.03162743999002227
1489 0.05247402467702682
1492 0.19896540355957082
1550 0.0379848530364541
1567 0.0657900118981309
1653 0.1626762375686179
1655 0.04150446804673822
1674 0.06399865121945393
1862 0.06240852915795107
1871 0.03436619223231616
1901 0.048514388504861616
1963 0.09636977938141164
2064 0.1842964758404052
2114 0.04199619839266667
2176 0.08142644864406692
2204 0.13279732319622908
2212 0.15445635542295855
2228 0.0784076111353389
2234 0.05499870488118695
2265 0.0784076111353389
2384 0.04086875611417093
2400 0.07408763570113293
2506 0.09848461368016138
2648 0.032694181122951346
2730 0.03745892104892003
2940 0.0778866116644123
3092 0.07265284713977449
3130 0.025928024176951427
3165 0.048514388504861616
3316 0.05833060859051644
3321 0.028437385960039155
3432 0.053723551474894896
3496 0.05916142780621926
3519 0.04267312301244442
3527 0.040104005399715446
3548 0.07140847549621802
3554 0.07612027030953034
3633 0.04790719725195526
3723 0.07612027030953034
3746 0.047364646192763656
3751 0.04781590060792791
3852 0.044483996898598444
3877 0.09848461368016138
3893 0.0645609994434209
3931 0.06514120294508517
3984 0.04612349514695091
4028 0.04875327916501622
4045 0.06907233657661002
4063 0.17979071195907528
4120 0.12690618408294393
4262 0.08300893609347644
4384 0.03210461788983055
4405 0.06003182446082202
4478 0.06907233657661002
4535 0.04086875611417093
4586 0.057535923593742495
4624 0.05161048410026452
4660 0.045867620997236146
4827 0.029081501100143577
4828 0.10256253424759601
4997 0.05105665761824229
5197 0.05833060859051644
5247 0.040054005709785956
5528 0.08534624602488884
5582 0.10378764235072509
6044 0.030619547357270658
6245 0.02265367917746972
6248 0.10256253424759601
6294 0.045867620997236146
6315 0.04806035890400473
6488 0.044294618258080634
6505 0.0571511751666568
6528 0.03966005947305866
6606 0.024030179452002365
6695 0.07029744467973911
6781 0.07612027030953034
6813 0.049843627233143034
6821 0.037851944266850915
6851 0.05078591377341361
6855 0.06981835343471517
7085 0.059591444711417134
7167 0.06048307887598628
7201 0.08498585038505935
7342 0.1842964758404052
7381 0.07140847549621802
7479 0.03144000372876647
7604 0.046924266443358766
7671 0.02974915070266791
7761 0.10781988823889026
7929 0.0722586229794755
8015 0.06345309204147197
8020 0.11832285561243852
8087 0.045064200400262704
8124 0.17697549073576085
8250 0.04958348556172333
8345 0.05534030128050278
8411 0.12141619252632965
8669 0.04216309339068517
8688 0.06599250410879942
8716 0.046924266443358766
8744 0.010721711691354966
8867 0.08581743541210302
8870 0.05078591377341361
8997 0.11548545966442987
9011 0.05874129722815966
9150 0.04670799320597898
9497 0.014920060208723317
9654 0.03951444216659466
9680 0.0683555829357575
9765 0.06765414254020506
9781 0.041666912452064504
9813 0.05604326776470786
9883 0.09233562552429796
10141 0.06766588314924532
10396 0.04875327916501622
10432 0.053073254599222186
10460 0.07169442047360651
10495 0.04355613898526254
10499 0.035847210236803255
10567 0.018312476805361445
10614 0.03340694069204293
10628 0.036697357720060726
10657 0.028046046053975097
10670 0.06907233657661002
10925 0.06048307887598628
10999 0.011177467861750617
11000 0.05186876993734872
11003 0.08164051836370824
11097 0.03191224900545934
11098 0.22831715161229038
11200 0.044294618258080634
11213 0.037074172621834336
11255 0.068308029993305
11262 0.03838947935018392
11359 0.030708911228591138
11369 0.06345309204147197
11486 0.07966844725623959
11576 0.03838947935018392
11733 0.06053279736339319
11930 0.04899533403178755
11968 0.0784076111353389
12040 0.09515270997083189
12041 0.03966005947305866
12064 0.02379828938202733
12069 0.04284634587592415
12221 0.07966844725623959
12335 0.0778866116644123
12417 0.06190781632215419
12522 0.07722817771147927
12552 0.061420457433074574
12667 0.061417822457182275
12751 0.09848461368016138
12803 0.10256253424759601
12807 0.029329020124608304
12886 0.09233562552429796
12992 0.05499870488118695
12999 0.0499969477174685
13006 0.06048307887598628
13088 0.13834549646361025
13336 0.03906877757913481
13480 0.027891826782057205
13503 0.06345309204147197
13545 0.06981835343471517
13666 0.05247402467702682
13728 0.05792894681167339
13806 0.04199619839266667
13816 0.04827858039093503
13827 0.043737980040493285
13875 0.051331472951395556
13919 0.04086875611417093
14039 0.05247402467702682
14065 0.03732976944941013
14170 0.13831455473134893
14171 0.1172532757841904
