319 0.07368511690835511
437 0.05848851058874417
518 0.11077353777408057
538 0.08117765185959558
592 0.09264938004556827
741 0.09132024167949222
994 0.045730422720659414
1054 0.056294273980053204
1127 0.04230480199116266
1319 0.025513014598744152
1593 0.06479567207316057
1808 0.05937147831525297
1963 0.05780662304484766
2565 0.08544483184788484
2578 0.12304259268479016
2638 0.4287628519788449
2693 0.046219455678034586
2750 0.10784598636517921
2776 0.04432555347245905
2889 0.07548811061363309
2927 0.035385766322204346
2995 0.030533816401048474
3010 0.03212139471739895
3222 0.09264938004556827
3297 0.051611860759136964
3440 0.09895654152998468
3481 0.055778389741213075
3687 0.09895654152998468
3734 0.036101300598561516
3841 0.03851538430966412
3928 0.05203758420507581
4149 0.08566757860635564
4566 0.06723419052468675
4569 0.07677813377116109
4612 0.08038032513485867
4827 0.03488860060623078
4835 0.05877889984831158
5196 0.10526370301440108
5217 0.11815037816356455
5517 0.09006709669479013
5697 0.4034781167817546
5746 0.10582932780907632
6068 0.056294273980053204
6271 0.0640395947840645
6813 0.05979658330960053
6949 0.06723419052468675
6960 0.09264938004556827
7020 0.045730422720659414
7099 0.025068806986314866
7201 0.02039122658115183
7418 0.04216734656550985
7468 0.02831272851089256
7479 0.037718057584927224
7564 0.09406432700875907
7580 0.025131716838879162
7620 0.10784598636517921
7652 0.08775716552434266
7716 0.0626014354644696
7726 0.061581527451550155
7817 0.09406432700875907
7891 0.036948713082975065
7918 0.08566757860635564
8104 0.12185405808054073
8244 0.04671964623791136
8301 0.07256055920473173
8349 0.24370811616108146
8503 0.09720167971796978
8744 0.012862661928169577
8795 0.0376064844760592
8893 0.119961038767476
9299 0.07814883436499365
9497 0.01789935188869924
9648 0.11815037816356455
9654 0.09480965828971732
9725 0.03421098163538599
9758 0.053596296067518576
9902 0.015176593476071004
10190 0.05203758420507581
10230 0.10526370301440108
10516 0.026296100291102676
10575 0.04829256452792112
10827 0.2043338106724473
10887 0.0619162525575223
10999 0.013409425141939192
11246 0.04244312464921115
11311 0.19102248690308704
11356 0.038631692638545295
11571 0.09132024167949222
11672 0.09406432700875907
11842 0.09881517590999384
11869 0.06479567207316057
11876 0.04775562172577176
11921 0.0626014354644696
12007 0.06518371881524775
12064 0.04282562704562154
12610 0.05937147831525297
12834 0.01817283653983653
12865 0.027177247913125282
12877 0.030055454109713158
12885 0.07097499606082402
13031 0.09720167971796978
13336 0.02343508631893435
13674 0.07368511690835511
13754 0.028240011798871815
13822 0.03599764050674627
13862 0.06856332889076278
13912 0.04216734656550985
13973 0.047579523842669585
13987 0.07745277372595732
14014 0.05848851058874417
14236 0.11077353777408057
