194 0.05618194026696661
463 0.12571557411066034
513 0.1064812675531447
702 0.09742733896207863
1008 0.08757031207722472
1012 0.059929308998370706
1075 0.20258552269352154
1099 0.0716761747674002
1340 0.18056271031670015
1458 0.11136106038860023
1567 0.05791209698181237
1611 0.11682762952559969
1653 0.2045669194826691
2064 0.24334230396861364
2182 0.11304121651041786
2204 0.04675829195333275
3092 0.0852708713308085
3852 0.07831467021222603
3889 0.15108274034093383
4150 0.08940927897413702
4384 0.05652060825520893
4452 0.057035389826261516
4795 0.10491153370689522
4839 0.20286344671059472
4970 0.1433523495348004
5208 0.10061540660612057
5582 0.09135976474112188
6044 0.05390612176325911
6109 0.04018803229612878
6245 0.03988210452224472
6294 0.08075055890337722
6606 0.04230545162598618
6813 0.1755007418889426
6821 0.06663885304432678
7201 0.02992374476053973
7342 0.24334230396861364
7466 0.05809034210145841
7604 0.1652215946260013
7633 0.05222448115443429
7663 0.14264165240872728
7693 0.051634131347104914
8265 0.135961237528911
8669 0.07422868861234976
8673 0.10012879500171087
8744 0.037751433043800416
8995 0.06880865228360641
8996 0.10603749276837128
9150 0.08223004539226528
9494 0.20286344671059472
9777 0.16751761578780425
9783 0.049239399431693816
10268 0.10341483771676578
10386 0.0683136708004479
10387 0.09995201894267117
10499 0.06310949202975129
10567 0.03223935980955221
10924 0.05518681469818818
10999 0.0590342440268672
11003 0.1437292221331496
11135 0.07968394757322263
11255 0.04008573280833849
11371 0.0683136708004479
11482 0.11136106038860023
11600 0.10061540660612057
12335 0.06856020964517184
12413 0.06549377980879292
12522 0.135961237528911
12667 0.05406344805134659
12725 0.09135976474112188
12865 0.03988210452224472
12892 0.10491153370689522
13008 0.11077739465391935
13090 0.20286344671059472
13480 0.04910393328712253
13666 0.09238122074905196
14090 0.15336232794567925
14170 0.04870092390316556
14171 0.13761730456721283
14178 0.08940927897413702
14189 0.16007114065563643
