14 0.08049073018743458
49 0.061060427310782185
421 0.056608494124048975
486 0.08216375148080206
640 0.20874593250164034
997 0.05431810948821827
1566 0.09991163985154626
1718 0.04087968379042312
1948 0.10001067668837504
1959 0.051811419106679725
2137 0.05581791434252203
2237 0.1069333984349696
2279 0.08812961004723611
2400 0.08812961004723611
2558 0.033269750070829836
2763 0.055560650415909206
2793 0.03762185048470106
2929 0.05857331239034533
2965 0.03830479297715107
3039 0.07679737180655512
3204 0.06709573816659481
3321 0.0338271792817202
3423 0.11715059492919673
3458 0.12200141174917686
3519 0.050761043391305785
3841 0.038189468844165325
3852 0.05291513574316952
4126 0.10208258161498947
4272 0.10437296625082017
4383 0.039129660696519145
4452 0.038537293033892646
4489 0.028218071654711605
4492 0.056608494124048975
4881 0.03925009617401101
4885 0.06890833328187566
5094 0.09054749386430386
5247 0.02382275983453489
5350 0.0600941105326973
5432 0.09326835886581111
5497 0.10983617703432214
5520 0.054561000820532696
5551 0.03459337482279421
5689 0.12459526685521613
5798 0.0377341946524894
6006 0.09054749386430386
6044 0.03642292999205369
6062 0.058869079511780255
6067 0.05530639549311936
6109 0.02715398249699262
6122 0.10983617703432214
6245 0.026947275252503025
6629 0.05268986379890831
6645 0.07423693962240567
6655 0.07893731606284332
6737 0.057993583418821625
6755 0.06709573816659481
6866 0.04154048080984172
7257 0.0893049529366129
7284 0.20470049397439327
7290 0.12825520231420576
7442 0.04824623252103462
7468 0.028073147464057382
7633 0.03528669024481282
7941 0.06313233223739662
8011 0.061060427310782185
8078 0.11956264054344046
8085 0.0600941105326973
8268 0.22751943369519959
8284 0.08595394097093653
8697 0.09186538512076237
8744 0.012753818656188487
8776 0.10001067668837504
8872 0.11956264054344046
8907 0.11715059492919673
8964 0.09326835886581111
9105 0.1536829287003501
9126 0.04599241399657493
9134 0.24400644717214412
9168 0.06624313680780557
9201 0.08494266337416777
9204 0.039738623431546036
9458 0.08494266337416777
9497 0.035495776741488405
9719 0.03559073083850153
9725 0.033921489833481006
9730 0.07037440880732662
9902 0.030096339636914857
9918 0.06349769458707841
10003 0.05117512349359832
10029 0.12825520231420576
10030 0.0754794805500966
10040 0.046157726945973546
10071 0.12825520231420576
10242 0.04683184446851205
10322 0.06890833328187566
10567 0.021783276313012124
10936 0.14177185531345857
10980 0.0839763465960829
10999 0.026591910368021974
11000 0.03525689099671339
11150 0.06502383323998039
11239 0.10983617703432214
11259 0.053605306348099895
11331 0.06798314905737676
11339 0.058869079511780255
11714 0.04683184446851205
11905 0.04788391499915871
11910 0.09912824755498627
11976 0.13084543374645463
12064 0.02830882566545819
12069 0.10193419504508378
12186 0.12825520231420576
12231 0.22122558197247744
12234 0.09637916343622005
12248 0.07970015040590762
12262 0.06542271687322732
12354 0.036743405792472476
12378 0.030275440607474856
12501 0.12825520231420576
12513 0.04649217274394102
12611 0.08073027584092984
12770 0.06844081960556557
12948 0.049564123777493134
12957 0.058869079511780255
12961 0.08216375148080206
13079 0.031172843936072125
13088 0.16456638870637913
13112 0.03925009617401101
13332 0.06313233223739662
13356 0.10983617703432214
13616 0.044558583542179966
13661 0.07612844062498944
13709 0.05224620456160383
13723 0.03889077314874214
13728 0.06890833328187566
13806 0.04995581992577313
14062 0.02687880732792019
14211 0.057993583418821625
