79 0.0177574282960165
91 0.04995015415278013
108 0.022770159226853257
295 0.048471333398133185
311 0.0433005536593815
319 0.032242500690277745
322 0.023351752179185566
326 0.02240113889878225
344 0.042532676297449584
437 0.02559290019687911
451 0.03083608288802581
482 0.02510082589399878
518 0.048471333398133185
538 0.03552101979255129
587 0.04115986044077961
598 0.051699227867593366
599 0.032761186232567754
632 0.053839921086195244
741 0.039959127147065655
756 0.053839921086195244
762 0.0584669506213046
817 0.08083894786383211
864 0.04995015415278013
1052 0.042532676297449584
1054 0.024632764984522142
1095 0.032761186232567754
1144 0.047190320592796604
1162 0.025719966235380427
1471 0.0269463159546107
1519 0.03411688839433973
1593 0.19846913629803856
1620 0.02137229545606929
1689 0.01394231812580338
1808 0.05195852326442586
1838 0.028695389669423917
1942 0.01894329970348046
1953 0.053839921086195244
1963 0.012647262850544436
2172 0.027392598544505677
2340 0.02724151911260067
2384 0.02145394144382209
2479 0.046113098042391186
2565 0.056082323651515664
2575 0.02001032566686972
2604 0.034195695843050225
2638 0.45563489078511404
2648 0.01716272072010286
2667 0.03000135267258421
2716 0.024632764984522142
2750 0.047190320592796604
2763 0.024519232941666476
2776 0.01939559504547182
2852 0.026381838699335355
2853 0.04606038721936505
2889 0.033031439192734005
2927 0.030967599508288545
2995 0.026721450346942156
3099 0.024296121824057246
3130 0.01361084518678172
3222 0.040540720099397964
3251 0.031056629282813795
3273 0.03517213241133589
3297 0.022583874817253657
3316 0.03062049301396586
3332 0.017813366330048895
3348 0.11379589791395832
3430 0.032761186232567754
3432 0.009400677005165062
3439 0.031513541619675234
3481 0.09762811515766058
3485 0.047190320592796604
3590 0.0290507393921809
3636 0.038400026880796065
3702 0.037485683381424446
3721 0.018156022242610165
3724 0.04182173290473454
3733 0.053839921086195244
3734 0.015796897098185367
3738 0.08083894786383211
3745 0.02980354472327382
3771 0.04504962737419472
3780 0.03665095316598285
3841 0.08426615558845967
3890 0.027702088146916607
3956 0.03619611246294714
3984 0.012106201144252406
3986 0.032761186232567754
4030 0.022770159226853257
4079 0.02559290019687911
4138 0.047190320592796604
4149 0.037485683381424446
4405 0.031513541619675234
4426 0.042532676297449584
4444 0.09672750207083326
4452 0.017006727922837833
4458 0.03552101979255129
4489 0.06226398241266771
4566 0.029419759720251907
4569 0.03359591644800935
4575 0.040540720099397964
4577 0.01346712196448742
4593 0.029419759720251907
4678 0.03000135267258421
4770 0.04995015415278013
4784 0.026111585739169108
4788 0.03705924225807649
4808 0.016904124317453022
4827 0.015266254249529045
4835 0.025719966235380427
4922 0.015661459380590156
5087 0.03359591644800935
5189 0.031056629282813795
5208 0.06000270534516842
5217 0.051699227867593366
5297 0.028185888757472355
5528 0.02240113889878225
5551 0.015266254249529045
5571 0.04274459091213858
5677 0.0538926319092214
5685 0.02008112558715211
5687 0.13773047674825795
5689 0.010996920837259958
5697 0.2774364834960092
5866 0.053839921086195244
5891 0.0433005536593815
6068 0.049265529969044285
6077 0.034835489250870995
6184 0.048471333398133185
6256 0.039959127147065655
6307 0.04504962737419472
6315 0.01261457680306143
6323 0.08231972088155921
6354 0.04995015415278013
6374 0.051699227867593366
6436 0.1299016609781445
6488 0.023252338381196964
6528 0.020819439456794996
6813 0.013082637712538068
6823 0.0433005536593815
6866 0.03666410374467779
6916 0.03588307580405095
6923 0.06211325856562759
6949 0.029419759720251907
6960 0.12162216029819391
6973 0.13514888212258416
7020 0.04002065133373944
7064 0.02724151911260067
7099 0.010969393284209423
7153 0.026245760592857312
7157 0.051699227867593366
7201 0.008922617818956712
7206 0.021536288264073708
7228 0.04995015415278013
7245 0.019528838099280146
7380 0.031056629282813795
7401 0.021703133263464
7422 0.03320547577559664
7442 0.0425826769444126
7452 0.053839921086195244
7564 0.04115986044077961
7579 0.051699227867593366
7580 0.010996920837259958
7629 0.048471333398133185
7633 0.015572218312355354
7671 0.015616735077414614
7718 0.020224312508817035
7722 0.04182173290473454
7726 0.13473157977305353
7751 0.028871419299152642
7817 0.04115986044077961
7891 0.03233540115202328
7918 0.07497136676284889
7948 0.03588307580405095
8104 0.07997977848080512
8187 0.053839921086195244
8204 0.03588307580405095
8244 0.04088636319730354
8344 0.01894329970348046
8349 0.10663970464107346
8401 0.021958970975755294
8411 0.015934274323855014
8433 0.013720068518289089
8463 0.01980100800333443
8558 0.056599754646178786
8563 0.039410786725966394
8609 0.10339845573518673
8658 0.02289691147614985
8688 0.017321292027168568
8737 0.024863941126276587
8744 0.0056283331491978885
8795 0.049366567600876154
8830 0.053839921086195244
8839 0.039410786725966394
8903 0.06398661774127168
8906 0.033031439192734005
8921 0.04995015415278013
8970 0.030203325304250312
8981 0.02178765667944945
8996 0.0210787348536275
9099 0.018332051872338894
9236 0.04182173290473454
9295 0.03665095316598285
9383 0.016955288948896214
9392 0.031282365477920786
9500 0.04630788845975036
9531 0.021958970975755294
9602 0.03000135267258421
9618 0.034835489250870995
9654 0.12445798830664223
9695 0.05637177751494471
9708 0.017110440777880553
9725 0.014969747559278664
9732 0.02709278209205041
9791 0.04995015415278013
9800 0.04182173290473454
9843 0.034835489250870995
9902 0.013281686890363043
9905 0.015352681371522708
10005 0.030203325304250312
10068 0.05535367620180042
10133 0.048471333398133185
10190 0.0683104776805598
10230 0.04606038721936505
10242 0.08266864372649918
10396 0.05118580039375822
10422 0.03389111960599932
10461 0.03389111960599932
10516 0.011506421749211522
10517 0.048471333398133185
10519 0.031750426387397425
10548 0.031513541619675234
10569 0.026245760592857312
10575 0.021131445676653652
10637 0.047190320592796604
10657 0.014722694962670643
10732 0.016262684972310603
10827 0.08941063416982148
10831 0.047190320592796604
10838 0.04504962737419472
10887 0.02709278209205041
10930 0.015527907168190868
10986 0.04504962737419472
10994 0.031056629282813795
11000 0.06612603786805679
11135 0.0237600412712792
11186 0.040540720099397964
11218 0.05418556418410082
11246 0.01857189800623855
11259 0.02365632841623648
11262 0.020152451905725708
11310 0.05572131890796465
11311 0.08358597942501175
11325 0.01959616009945867
11332 0.027392598544505677
11356 0.033808248634906043
11359 0.03224111746690923
11377 0.056599754646178786
11472 0.04115986044077961
11550 0.053839921086195244
11556 0.051699227867593366
11570 0.03625933366219418
11571 0.11987738144119697
11586 0.07680005376159213
11591 0.053839921086195244
11634 0.04996330473147508
11645 0.053839921086195244
11672 0.04115986044077961
11678 0.028021895949467933
11733 0.015888262985506954
11842 0.043238696105354614
11869 0.028352733756862643
11876 0.06268948456875884
11957 0.03411688839433973
11960 0.04115986044077961
11976 0.028871419299152642
12007 0.14261265958968625
12023 0.019134535517399385
12064 0.05621781036043092
12069 0.022492071765920253
12078 0.02105248765351796
12103 0.040540720099397964
12348 0.03359591644800935
12407 0.02365632841623648
12412 0.053839921086195244
12414 0.03588307580405095
12513 0.020517261856000044
12623 0.0921207744387301
12648 0.0874917256981544
12678 0.023351752179185566
12726 0.033031439192734005
12733 0.035966328982247
12763 0.0669331796219664
12834 0.023855741264904404
12877 0.03945422252980736
12885 0.031056629282813795
12928 0.02559290019687911
12992 0.028871419299152642
13004 0.04995015415278013
13088 0.05446806672783051
13112 0.017321292027168568
13122 0.027860659453982323
13128 0.04606038721936505
13504 0.0433005536593815
13505 0.053839921086195244
13608 0.023864887622590238
13616 0.01966395787743656
13726 0.0269463159546107
13744 0.026245760592857312
13862 0.06000270534516842
13874 0.01022904347532805
13912 0.018451225400600135
13973 0.04163887891358999
13987 0.06778223921199863
14041 0.058385955737311396
14043 0.031282365477920786
14046 0.039959127147065655
14062 0.023723542943937012
14101 0.03625933366219418
14122 0.056599754646178786
14125 0.056599754646178786
14163 0.015506573333441345
14245 0.053839921086195244
