107 0.08808520377873816
1012 0.04099086233827637
1075 0.06928292192292479
1085 0.061811720583330496
1107 0.036551375477943064
1133 0.04086179439505489
1162 0.05899861669520745
1307 0.06881962015302594
1349 0.103338615353852
1451 0.06083351415221665
1458 0.038084753291229304
1461 0.037747058359089355
1519 0.039130090661665465
1566 0.05057048105881504
1567 0.039611115742497864
1604 0.037747058359089355
1653 0.027984218659044862
1689 0.031982059207192035
1842 0.08317470204982892
1942 0.04345373037895629
2049 0.07283179220362432
2064 0.11096196557544856
2114 0.05057048105881504
2176 0.09805112930318005
2182 0.07731871136134419
2184 0.103338615353852
2194 0.07515035794863215
2204 0.06396411841438407
2209 0.06465515669022695
2212 0.09299570550764741
2311 0.05159420151077811
2425 0.04099086233827637
2479 0.052889046803822864
2575 0.0459013640671856
2609 0.05311246010585637
2744 0.06503787974967636
3092 0.20413455658205176
3215 0.07774229393253355
3321 0.06848678418975614
3481 0.05598689061398366
3721 0.04164780727930741
3738 0.061811720583330496
3911 0.10124121751306579
3919 0.07774229393253355
3940 0.05311246010585637
4071 0.07396055352918397
4181 0.12983326645348128
4241 0.06748551343790565
4383 0.039611115742497864
4404 0.047235470782305874
4535 0.0492128510691555
4576 0.07640818721741327
4747 0.04672565598377948
4827 0.03501901497835398
4852 0.07640818721741327
4970 0.049025564651590026
5059 0.03752477342630293
5066 0.10124121751306579
5281 0.103338615353852
5571 0.049025564651590026
5663 0.03708682820177452
5677 0.061811720583330496
5685 0.046063770865101446
5697 0.057855189576878345
5775 0.09299570550764741
5920 0.08921396510429781
6054 0.06582389263392888
6245 0.027278837075804217
6315 0.028936374751234912
6417 0.05813552484866312
6606 0.028936374751234912
6695 0.04232496905339663
6813 0.030010052140058044
6995 0.20117459588451223
7201 0.040934898887566025
7342 0.11096196557544856
7431 0.20117459588451223
7473 0.11859202692896584
7604 0.056504703239687336
7641 0.06748551343790565
7716 0.06283544103529355
7726 0.061811720583330496
8019 0.08921396510429781
8020 0.0712403021890975
8097 0.040733479038869834
8122 0.06427897622670388
8202 0.04758202946017972
8235 0.18883188314868873
8250 0.02985342499318949
8683 0.12362344116666099
8688 0.03973303306949523
8717 0.06582389263392888
8870 0.061154775642299444
8997 0.05214896354358232
9242 0.08231161020328458
9496 0.09516405892035944
9654 0.04758202946017972
9765 0.040733479038869834
9890 0.04706421683447606
9905 0.035217268762822794
9932 0.049025564651590026
9966 0.05244891170754064
10137 0.11457985487836744
10156 0.03592556966936985
10386 0.18690262393511792
10567 0.02205129980496592
10638 0.07916252999923053
10639 0.11859202692896584
10992 0.06542737701919497
10999 0.04037864962226271
11003 0.06553927014918697
11213 0.044643534798404466
11359 0.03697869028767798
11365 0.03405368384038327
11482 0.07616950658245861
11495 0.07073439436283811
11509 0.08921396510429781
11581 0.07175811481480118
12007 0.06542737701919497
12041 0.04775737717069199
12064 0.014328570066905919
12098 0.11118761174453648
12182 0.057578380628510464
12231 0.11197378122796732
12322 0.0993264433032536
12335 0.04689428532414766
12413 0.13439066245008438
12523 0.04274149924089362
12558 0.061154775642299444
12667 0.14791476115071192
12695 0.049025564651590026
12724 0.19186840033884528
12865 0.13639418537902112
12885 0.0712403021890975
12892 0.07175811481480118
12900 0.20637680604311243
12948 0.05017396544408112
12967 0.09593420016942264
12994 0.060516875290285724
13024 0.05676825155418842
13038 0.08407303172813976
13129 0.08598780593795195
13338 0.061811720583330496
13471 0.13875594023298893
13480 0.06717289430769402
13614 0.05159420151077811
13744 0.06020472791142704
13754 0.02834557359680888
13786 0.029775527491544572
13806 0.05057048105881504
13822 0.07226440098981889
13827 0.052667878899601235
13925 0.06792129047471507
14014 0.05870714195407014
14100 0.09441594157434437
14163 0.017785139529019667
14170 0.06662158802851557
14178 0.061154775642299444
