898 0.08117341219676728
1117 0.07914936639637245
1307 0.0822470149619159
1359 0.12627195173918285
1390 0.11870602380994683
1458 0.04551546879799054
1653 0.10033265712438504
1689 0.03822207818464901
1826 0.1293696003047263
1842 0.09940291662078275
1942 0.05193198690550947
1963 0.034671757245351306
2182 0.04620218184895725
2184 0.12350101067476225
2204 0.07644415636929802
2212 0.11114009588071083
2311 0.12332149041710427
2341 0.09940291662078275
2659 0.049143749151461566
2693 0.05544381120612518
2744 0.07772741925876092
2765 0.15516503265797774
3010 0.03853209688999577
3092 0.10455567690963323
3232 0.07594371104399637
3236 0.058590941659511744
3455 0.10527150625074679
3512 0.05524680941883491
3521 0.08704200182673134
3633 0.045962589076836466
3730 0.27387105646792453
3916 0.09642241575731109
3956 0.049614799635745464
4071 0.08839099575354038
4405 0.08639259560669442
4660 0.06600870234822594
4870 0.1209943895802451
5002 0.06848578990159299
6134 0.12627195173918285
6288 0.14759910472874174
6315 0.06916430058220194
6813 0.1793265642765034
7099 0.030071972534557057
7153 0.07195127125518574
7401 0.059497914834745466
7473 0.1417305150987777
7540 0.0642929016995609
7547 0.09642241575731109
7564 0.11283743417998279
7580 0.030147437767485748
7598 0.05108079236333781
7604 0.06752933483851617
7633 0.08538071509668307
7671 0.04281239774705667
7862 0.04484623127202686
7865 0.03741279538940381
8004 0.0877078504453222
8011 0.07387180423743472
8122 0.07682044608352721
8124 0.1273438891850525
8344 0.10386397381101894
8346 0.07819291133329563
8473 0.2951982094574835
8744 0.015429757644085997
8997 0.020774582283755096
9302 0.16582860915275718
9765 0.04868098737702071
9781 0.059963406909280176
9990 0.17962588578230385
10137 0.13693552823396227
10244 0.12350101067476225
10386 0.05584229785427364
10512 0.15516503265797774
10567 0.05270745700007998
10568 0.09549952753431158
10749 0.0822470149619159
10753 0.1293696003047263
10999 0.048256927199534685
11000 0.01066357649477946
11003 0.07832663592980059
11359 0.044193601862374976
11482 0.18206187519196215
11581 0.08575883926253162
11875 0.06457120710751278
12100 0.09549952753431158
12335 0.05604382846210671
12541 0.11870602380994683
12834 0.021799722723115273
12865 0.0652024209412521
12892 0.08575883926253162
12900 0.06166074520855214
12903 0.04256888104770341
12994 0.0723243217033316
13112 0.04748534441315696
13480 0.12041849470126409
13598 0.1293696003047263
13806 0.06043728667823469
13832 0.059497914834745466
14170 0.0796201248304477
14171 0.1687407459187701
14178 0.07308668278116989
