968 0.029844239984693256
994 0.030895159365973236
1127 0.05716166707868411
1224 0.06955486083906309
1291 0.18678690594898026
1319 0.017236417357202955
1350 0.04939641626321037
1461 0.025406682509343182
1594 0.09339345297449013
1764 0.08738780512522393
1808 0.04011096279489442
1830 0.04094564840761515
1928 0.051428604986375574
1963 0.03905375732668401
2046 0.03932081546067726
2227 0.07286000735408779
2565 0.08658891192842408
2575 0.030895159365973236
2637 0.07982158364926428
2638 0.2482879171458224
2641 0.07483784097007197
2659 0.02767739806066421
2725 0.09339345297449013
2750 0.07286000735408779
2763 0.07571347132229943
2889 0.050999248834644934
2989 0.057218019067082536
3241 0.049021415218660755
3481 0.03768349684319943
3679 0.05378463149049128
3688 0.07982158364926428
3734 0.04877958124833096
3832 0.03951443586593656
3841 0.05204145798333962
3867 0.050999248834644934
3888 0.060047881486338904
4045 0.05598299151383724
4383 0.02666133694278072
4399 0.050999248834644934
4450 0.03932081546067726
4489 0.01922663020506899
4569 0.05187077961582922
4593 0.045422957137109365
4680 0.09339345297449013
4735 0.04695129625688137
4827 0.023570498842083468
4872 0.06259328454388662
4913 0.04094564840761515
4941 0.09339345297449013
5208 0.09264182776883846
5294 0.06169532779657675
5647 0.051428604986375574
5697 0.19470503093437216
5869 0.24938019049286692
5882 0.17477561025044785
5962 0.05968847996938651
5974 0.03875469240845958
6044 0.024817082276612775
6069 0.09339345297449013
6210 0.06675885386331101
6278 0.023974480704008545
6315 0.03895282537156814
6558 0.06354921298979689
6636 0.07750938481691916
6741 0.26741743801928636
6742 0.08738780512522393
6813 0.08079632161616566
7020 0.030895159365973236
7057 0.05484306380628915
7099 0.10161788247898176
7153 0.04052242675590363
7162 0.057218019067082536
7201 0.013776172565484458
7379 0.08312673016428897
7418 0.028487969598258406
7442 0.03287299298195741
7580 0.06791526084248616
7633 0.02404289537568563
7714 0.03875469240845958
7722 0.1291422363197416
7726 0.08320811361125609
7817 0.06354921298979689
7862 0.025257067600011954
8074 0.03544954589343489
8104 0.04116188217617441
8250 0.02009365825021481
8349 0.08232376435234882
8683 0.08320811361125609
8744 0.017379852032809086
8803 0.09339345297449013
8921 0.07712108231502274
8970 0.046632751719883375
9059 0.07982158364926428
9099 0.02830397033662059
9102 0.03951443586593656
9336 0.06169532779657675
9383 0.026178302287182053
9384 0.06685435950482159
9602 0.09264182776883846
9618 0.2689231574524564
9654 0.25621101472748814
9725 0.069338112364363
9835 0.049021415218660755
9906 0.032626124765901904
9961 0.03544954589343489
10190 0.03515623432690819
10200 0.06955486083906309
10209 0.04011096279489442
10228 0.05484306380628915
10396 0.03951443586593656
10453 0.0645711181598708
10516 0.01776546467020101
10524 0.05430439534966962
10561 0.0472768423303295
10575 0.032626124765901904
10663 0.06354921298979689
10797 0.0733691468933604
10827 0.04601550615545263
10881 0.07111543446575655
10887 0.041830194787250724
10999 0.00905931548669327
11311 0.12905347959290217
11502 0.13989825515965013
11520 0.04632091388441923
11571 0.06169532779657675
11586 0.05928813802886193
11636 0.038209413038949924
11663 0.06685435950482159
11672 0.12709842597959378
11733 0.09812342390777679
11842 0.1001382807949665
11876 0.03226336989822554
11976 0.044576340996087975
12007 0.08807534507893691
12057 0.028395684252463197
12064 0.009644233122475806
12175 0.05415251806898383
12270 0.04865567441203981
12324 0.058565470310604585
12387 0.034586481388608266
12614 0.06834620678771602
12712 0.053282490179595715
12847 0.044037672539468456
12885 0.04795021965340061
12900 0.03472687817517755
12928 0.03951443586593656
12956 0.04632091388441923
12968 0.045422957137109365
13112 0.0534867934198543
13128 0.07111543446575655
13295 0.06955486083906309
13349 0.052326561733685446
13723 0.026498568820355266
13822 0.024319758578407097
13824 0.044037672539468456
13862 0.04632091388441923
13912 0.028487969598258406
14051 0.06354921298979689
14062 0.01831411072914088
14084 0.05484306380628915
14101 0.11196598302767448
14154 0.05787642746509543
14163 0.011970771049219132
