13 0.054555898281570446
1002 0.03616969972618522
1054 0.0840089798978465
1127 0.03156611684269387
1153 0.09180936145564339
1162 0.04385841637751657
1942 0.03230265228017487
2479 0.23590009052403277
2565 0.22314406321942645
2575 0.03412217523598542
2638 0.13711086124317678
2941 0.1653093867304065
3130 0.023209599499031397
3222 0.06913118649113387
3232 0.04723838691525266
3257 0.04570362041439227
3421 0.04280264069570092
3454 0.04570362041439227
3680 0.09180936145564339
3699 0.14335119676968322
3734 0.05387463452047174
3738 0.2297481136176059
3841 0.028738608009891843
3881 0.07252792673334092
3899 0.06913118649113387
3908 0.036583869829799984
4219 0.02717157680432187
4414 0.05940246492927033
4588 0.10314844893789817
4734 0.041619558182455385
4808 0.08647617761554091
4965 0.07018696217294952
5059 0.027895181778667906
5205 0.09651550796838246
5210 0.052214933721179045
5280 0.052958645664710154
5281 0.07681990314246523
5571 0.03644464477430631
5677 0.3675969817881694
5697 0.21504207523809682
5762 0.30944534681369446
5920 0.1326398294538783
5974 0.04280264069570092
5977 0.10314844893789817
6054 0.04893219286211347
6154 0.03388335573499775
6210 0.036865925873590034
6563 0.03388335573499775
7242 0.02429420860564808
7533 0.07316773965959997
7627 0.0313616286140733
7693 0.052508035795207894
7726 0.09189924544704235
8097 0.06056094140040125
8349 0.09092252543648037
8401 0.03744506052078928
8442 0.13096163132042093
8683 0.09189924544704235
8744 0.009597593422550187
8995 0.034986617212939684
9002 0.10314844893789817
9239 0.09651550796838246
9385 0.04723838691525266
9409 0.033531539051252696
9511 0.11880492985854066
9725 0.025526838391335273
9784 0.044987060087515546
9890 0.034986617212939684
9902 0.011324154715102983
9905 0.026179827995937707
9908 0.04385841637751657
9957 0.04645301152662434
10156 0.053412730040726344
10242 0.035242229370949105
10301 0.07854347951661199
10382 0.04200448994892325
10497 0.07252792673334092
10608 0.04863743091843896
10930 0.026478627997462697
10999 0.04002226327992098
11000 0.006632940969515704
11138 0.04259942261307105
11485 0.20629689787579633
11586 0.06548081566021047
11667 0.07854347951661199
11805 0.08815899062471999
11833 0.08265469336520324
12007 0.09727486183687792
12028 0.06183044482928704
12057 0.0313616286140733
12064 0.021303156829432186
12175 0.029904388728527357
12245 0.04033944260064191
12264 0.054555898281570446
12324 0.06468266491343277
12678 0.03982007055710864
12695 0.03644464477430631
12865 0.04055710665034098
12877 0.022426153333269742
12885 0.1588759369941304
12900 0.23012471470799903
12948 0.07459668687236838
12963 0.05082185031025357
13338 0.045949622723521176
13386 0.09651550796838246
13388 0.10314844893789817
13608 0.040695083678391246
13628 0.046972383570157615
13744 0.04475501583834509
13754 0.021071544366723604
13822 0.026859970329954814
13925 0.05049135734703228
14043 0.05334357743117801
14060 0.04033944260064191
