12 0.03297388429002644
194 0.01994025399856865
249 0.03190256885534891
322 0.055591330894782576
326 0.05332829482715168
398 0.042280783682860874
483 0.02634545723906218
548 0.03242566749262977
567 0.0497805426903387
819 0.05362271582082321
920 0.05607214823613172
941 0.05362271582082321
964 0.051540787773337836
976 0.024159245452407867
994 0.023818354762492867
1012 0.10635140382369877
1024 0.03644767095503072
1045 0.03190256885534891
1074 0.06408583059389183
1075 0.07190222978676275
1086 0.035475254786785565
1090 0.048992713775584715
1101 0.05864091818893837
1112 0.03524456027243905
1133 0.021203307023924235
1274 0.037792634270192166
1307 0.035710706222706806
1319 0.01328826624860872
1349 0.05362271582082321
1390 0.051540787773337836
1402 0.03242566749262977
1451 0.09470007597633479
1489 0.032788205563577554
1492 0.12432281670987327
1519 0.02030472079008093
1564 0.03808173806828507
1567 0.12332595683806157
1653 0.10164766187725624
1656 0.031566691992111595
1689 0.033191171883997464
1842 0.04315960104775457
1862 0.03899574495278384
1901 0.030314041144724253
1963 0.030108154995948905
1976 0.04034070826794529
2064 0.17273548498587812
2114 0.2099293879991459
2158 0.051540787773337836
2159 0.07200087136920735
2182 0.12036273002395328
2184 0.10724543164164642
2204 0.08297792970999367
2212 0.048255749043260805
2234 0.034365742907545356
2270 0.06737086932396887
2311 0.026772385096716072
2433 0.06153775659613873
2648 0.04085768293894488
2659 0.04267529926631052
2693 0.024073063986163587
2698 0.07200087136920735
2730 0.023406072072827376
2765 0.06737086932396887
2770 0.027329519497123533
2940 0.048667169130278805
2995 0.015903313987177353
3078 0.03374834984447824
3092 0.12105832051623384
3099 0.028919751661826282
3137 0.02451062671731425
3142 0.05891443020233543
3157 0.02583330906916272
3165 0.030314041144724253
3220 0.023734698783392568
3229 0.057695583465654225
3316 0.03644767095503072
3321 0.017768998324170254
3388 0.04315960104775457
3490 0.03524456027243905
3496 0.036966805353398316
3512 0.02398752808003339
3519 0.02666414741357584
3527 0.025058843514710917
3543 0.057695583465654225
3554 0.04756347708843942
3606 0.02583330906916272
3633 0.01995642658299419
3713 0.0497805426903387
3723 0.04756347708843942
3734 0.018803097235649945
3751 0.02987759349487665
3760 0.03644767095503072
3763 0.035475254786785565
3790 0.02239900036940873
3852 0.08338699634217386
3865 0.020554326139676928
3877 0.06153775659613873
3890 0.06594776858005288
3893 0.04034070826794529
3915 0.02133764963315526
3925 0.048255749043260805
3993 0.04461932904827738
4028 0.030463311114401204
4029 0.03751066957209735
4030 0.027103393492569898
4063 0.11234157963715265
4095 0.0525343698235929
4120 0.0396484363131239
4130 0.057695583465654225
4150 0.09520018661342516
4221 0.05362271582082321
4262 0.025933917562057585
4384 0.020060455003992218
4404 0.02451062671731425
4405 0.03751066957209735
4452 0.020243162743023548
4535 0.05107339049546213
4586 0.035951114893381375
4660 0.02866021798834998
4747 0.024246082297311896
4808 0.020121033342750342
4928 0.04136241022505338
4970 0.07631853530064592
4972 0.07200087136920735
4997 0.03190256885534891
5038 0.03524456027243905
5051 0.02803607411806586
5104 0.07200087136920735
5110 0.056170789818576324
5172 0.0704891205448781
5197 0.03644767095503072
5247 0.03754140208247076
5276 0.07200087136920735
5299 0.03619669403735008
5331 0.05362271582082321
5363 0.04271174011352355
5582 0.0972770024778893
5685 0.02390262813447672
5798 0.01982130510971477
5816 0.02973574086230687
5945 0.038378351889716715
5970 0.027329519497123533
6031 0.04691078572809935
6044 0.0191325140237132
6081 0.03374834984447824
6129 0.06737086932396887
6235 0.023734698783392568
6245 0.014155069945824083
6248 0.06408583059389183
6278 0.018482917660024408
6304 0.03140238714195455
6310 0.016244204677092353
6412 0.030166697292969547
6417 0.030166697292969547
6429 0.02666414741357584
6434 0.04362574699802232
6488 0.027677332885083228
6528 0.02478144549937042
6606 0.030030342381832102
6681 0.02168058802146632
6693 0.05607214823613172
6695 0.04392510543912227
6752 0.026991987827698998
6781 0.04756347708843942
6813 0.10900613913926463
6821 0.02365165121679608
6851 0.031733395537808386
6855 0.08725149399604464
6866 0.021820700086991354
7020 0.023818354762492867
7026 0.04034070826794529
7085 0.0372354998697847
7099 0.013056903976589727
7153 0.031240412935764163
7167 0.037792634270192166
7201 0.042482482326395204
7206 0.02563471293174925
7342 0.17273548498587812
7381 0.04461932904827738
7402 0.04034070826794529
7422 0.019762292109767713
7466 0.020617589404399683
7473 0.06153775659613873
7571 0.029595628796781837
7598 0.02217869147658303
7604 0.05864091818893837
7671 0.03717729961002833
7726 0.03207428622772338
7751 0.034365742907545356
7761 0.06737086932396887
7929 0.04515054064510022
7959 0.037792634270192166
7965 0.029051764578082794
8020 0.036966805353398316
8045 0.06737086932396887
8074 0.027329519497123533
8076 0.044111734812665594
8087 0.028158203518339062
8097 0.02113672380276728
8115 0.019645173236154532
8122 0.033354552542197484
8124 0.055291249391239986
8157 0.07997865400607782
8161 0.07200087136920735
8250 0.030982062595023722
8344 0.04509654067817138
8345 0.03457918818889136
8401 0.026137833517911078
8411 0.075866471150308
8498 0.03808173806828507
8570 0.06408583059389183
8658 0.027254267101073364
8669 0.07903637171718654
8673 0.017768998324170254
8688 0.06185276821319906
8691 0.02563471293174925
8716 0.029320459094469186
8744 0.006699422982957632
8795 0.01958706120195783
8867 0.05362271582082321
8870 0.06346679107561677
8974 0.05362271582082321
8996 0.012545042820554
8997 0.08118075831205963
9001 0.05062678088883907
9011 0.03670428827296188
9016 0.06153775659613873
9071 0.05945582854865335
9099 0.021820700086991354
9150 0.029185321540055268
9403 0.056170789818576324
9497 0.009322745952031902
9533 0.03297388429002644
9602 0.035710706222706806
9652 0.01695812401294651
9680 0.04271174011352355
9685 0.06408583059389183
9708 0.020366612486719043
9714 0.06737086932396887
9765 0.06341017140830184
9781 0.026035420364392152
9783 0.017476187663498143
9813 0.035018434267885416
9883 0.057695583465654225
9902 0.007904617232761533
10061 0.05945582854865335
10068 0.021962552719561136
10079 0.024600187882898025
10137 0.05945582854865335
10141 0.042280783682860874
10234 0.028789247497646355
10316 0.021405418319153668
10333 0.03899574495278384
10386 0.0727382468919357
10396 0.030463311114401204
10432 0.03316263222495369
10460 0.04479800073881746
10483 0.04629339266503224
10495 0.02721589676786843
10516 0.027392261358678473
10553 0.03619669403735008
10614 0.020874206722330837
10628 0.022930211966231566
10638 0.0410776730002692
10670 0.04315960104775457
10925 0.037792634270192166
10999 0.006984200586615384
11000 0.06945003067857726
11003 0.06801704563739373
11098 0.2282610414377216
11138 0.02973574086230687
11200 0.027677332885083228
11213 0.023165663402152804
11246 0.022106189708736627
11255 0.0426820268284862
11259 0.028158203518339062
11262 0.02398752808003339
11317 0.024600187882898025
11359 0.038376705434508766
11371 0.024246082297311896
11380 0.07200087136920735
11482 0.05928687632930315
11486 0.0497805426903387
11509 0.04629339266503224
11576 0.02398752808003339
11634 0.02973574086230687
11656 0.04570767504550769
11694 0.03868287633846508
11726 0.08456156736572175
11733 0.01891185034410227
11815 0.027560214011470054
11828 0.048992713775584715
11905 0.025152827502662938
11911 0.04461932904827738
11919 0.03644767095503072
11955 0.030314041144724253
11968 0.048992713775584715
12041 0.02478144549937042
12064 0.03717568878707691
12069 0.053544770193432144
12078 0.050117687029421834
12100 0.04146479448238029
12219 0.0396484363131239
12223 0.051540787773337836
12248 0.04186550191502318
12335 0.024333584565139402
12413 0.046490477135818206
12417 0.03868287633846508
12445 0.048992713775584715
12522 0.048255749043260805
12541 0.051540787773337836
12552 0.038378351889716715
12565 0.03670428827296188
12582 0.02524759144963817
12667 0.057565058151763146
12807 0.036652265449155445
12834 0.01893037684740555
12886 0.057695583465654225
12904 0.04461932904827738
12914 0.051540787773337836
12982 0.04186550191502318
12992 0.034365742907545356
12994 0.0628047742839091
12996 0.056170789818576324
13079 0.016374708841272283
13088 0.15127820018258328
13123 0.07200087136920735
13129 0.04461932904827738
13336 0.048823970269739295
13480 0.01742810763425525
13545 0.04362574699802232
13596 0.03374834984447824
13614 0.08031715529014823
13666 0.09836461669073265
13676 0.022251656517654032
13754 0.029417205418424536
13761 0.027329519497123533
13770 0.031733395537808386
13786 0.015450610051498894
13816 0.060333394585939094
13822 0.03749821327652065
13832 0.05166661813832544
13872 0.020745177213034465
13874 0.036526989680089446
13875 0.03207428622772338
13883 0.06408583059389183
13919 0.025536695247731066
13982 0.023165663402152804
14033 0.05945582854865335
14062 0.01411910459302184
14065 0.023325372160448648
14076 0.03457918818889136
14090 0.02721589676786843
14101 0.04315960104775457
14170 0.06914028159081356
14171 0.21979586279559885
14189 0.028406452209970415
