11 0.019646415815798977
150 0.03856282602102727
210 0.03208717791097749
295 0.050437933507182196
300 0.03186284103038579
311 0.04505736263447154
421 0.02599521887654816
482 0.026119227565248437
499 0.03856282602102727
518 0.050437933507182196
538 0.03696219412179419
592 0.04218555590190288
599 0.03409038738922552
636 0.026119227565248437
637 0.024943450041478438
741 0.041580366306291035
762 0.030419548639017243
783 0.05602433787971757
817 0.028039593654638807
854 0.034660975317383685
962 0.03495898464354616
1027 0.02241006795774868
1054 0.05126435256824291
1091 0.028991034297817117
1099 0.022239421561912134
1107 0.016580766661202537
1145 0.030811072195316064
1339 0.0519767536233789
1402 0.028346773924088166
1458 0.017276351420821404
1519 0.03550109369122363
1567 0.03593750761650977
1593 0.029503073254233087
1660 0.02915881255081949
1674 0.03495898464354616
1711 0.05602433787971757
1801 0.035910425286724466
1869 0.12588745773724988
1943 0.03526616491299552
1962 0.04100977837813287
2095 0.029329458946656034
2105 0.029503073254233087
2172 0.02850398301669013
2471 0.0314287478101488
2503 0.04351854251827484
2513 0.03526616491299552
2525 0.05602433787971757
2555 0.06294372886862494
2565 0.03890514678754242
2604 0.035583098550163283
2614 0.03900656889988484
2637 0.05379679152087785
2638 0.33467372370204573
2641 0.050437933507182196
2648 0.017859054121177234
2693 0.02104486214912903
2750 0.04910494689081022
2852 0.054904428363240824
2856 0.12588745773724988
2889 0.034371605170527765
2927 0.03222403048099894
2967 0.05379679152087785
3010 0.029251332104574358
3021 0.03900656889988484
3220 0.06224718187115979
3251 0.03231667241042102
3370 0.11204867575943514
3430 0.06818077477845104
3441 0.05602433787971757
3481 0.2539728142151367
3665 0.05602433787971757
3666 0.023500157650109887
3734 0.016437815706731917
3841 0.03507401554288819
3865 0.03593750761650977
3866 0.03947095826193617
3890 0.028826029366423263
3938 0.02915881255081949
3956 0.037664676946867925
3985 0.02134969716517499
3992 0.02551403796963661
4028 0.026631266521664417
4045 0.03773046318422342
4106 0.05889614461228625
4149 0.03900656889988484
4258 0.035910425286724466
4426 0.044258330616831945
4489 0.025916073560653865
4510 0.04910494689081022
4566 0.06122678212209002
4593 0.06122678212209002
4678 0.031218580656656843
4808 0.017589965832334097
4816 0.047929169367040225
4827 0.015885643384655458
4835 0.026763487938977388
4887 0.023031406229406824
4957 0.026500773538442098
4985 0.04120876629673361
5038 0.030811072195316064
5064 0.03208717791097749
5087 0.03495898464354616
5172 0.030811072195316064
5196 0.047929169367040225
5208 0.062437161313313685
5226 0.05889614461228625
5520 0.0250549883087373
5551 0.015885643384655458
5687 0.028663707561255934
5697 0.20995836922038388
5867 0.1177922892245725
5868 0.06294372886862494
5869 0.11204867575943514
5974 0.026119227565248437
5981 0.041580366306291035
6067 0.025397281421513665
6068 0.025632176284121455
6081 0.029503073254233087
6148 0.12588745773724988
6184 0.050437933507182196
6185 0.06294372886862494
6210 0.022496497684372837
6429 0.023310007690142222
6488 0.024195742409728754
6505 0.031218580656656843
6563 0.020676459786873883
6585 0.05379679152087785
6741 0.09011472526894308
6742 0.05889614461228625
6813 0.04084029661141712
6821 0.041352919573747766
6849 0.05889614461228625
6960 0.12655666770570864
6973 0.093754801063941
7020 0.04164438667913796
7078 0.028826029366423263
7099 0.03424334489864031
7119 0.042829816275631816
7157 0.05379679152087785
7201 0.00928463016616478
7206 0.02241006795774868
7233 0.05971926310427552
7394 0.05602433787971757
7442 0.044310359911881904
7491 0.014905756560022007
7558 0.03995800954306315
7579 0.05379679152087785
7580 0.011443092712502649
7629 0.10087586701436439
7714 0.026119227565248437
7726 0.08411878096391642
7732 0.030811072195316064
7817 0.042829816275631816
7892 0.0250549883087373
7914 0.04218555590190288
7918 0.03900656889988484
8027 0.026500773538442098
8104 0.027741584328476333
8122 0.02915881255081949
8124 0.03222403048099894
8244 0.0638178338738105
8306 0.024616123304917255
8349 0.055483168656952665
8383 0.035910425286724466
8401 0.02284989993702022
8411 0.06632306664481015
8433 0.014276725130612991
8503 0.044258330616831945
8609 0.1075935830417557
8658 0.02382589496905323
8744 0.011713376679934532
8795 0.08561581590500472
8875 0.026244796152547985
8996 0.01096697524524603
8997 0.039427143522112754
9003 0.06294372886862494
9137 0.0519767536233789
9204 0.01824839593316278
9372 0.0310127471568321
9392 0.03255156727302881
9531 0.02284989993702022
9618 0.2899907994845071
9619 0.0468774005319705
9645 0.016157912199813194
9654 0.3237688804167417
9695 0.11731783578662414
9758 0.024403720162824688
9899 0.028663707561255934
9906 0.0219887999200521
9930 0.04218555590190288
9940 0.04218555590190288
9941 0.03279212279417539
9957 0.028346773924088166
9961 0.07167504361922614
10190 0.023694000072137653
10200 0.0468774005319705
10228 0.07392438824358838
10242 0.021505678011566158
10322 0.031643435032119915
10382 0.025632176284121455
10432 0.057982068595634234
10461 0.03526616491299552
10503 0.04592595988879219
10516 0.023946530635968757
10522 0.02985963155213776
10529 0.041580366306291035
10567 0.030009332223051275
10575 0.0439775998401042
10587 0.022496497684372837
10595 0.023891681206408714
10663 0.042829816275631816
10675 0.04047004849947912
10797 0.024724044043212566
10827 0.1240509886273284
10838 0.0468774005319705
10881 0.047929169367040225
10986 0.0468774005319705
10994 0.03231667241042102
11000 0.06071376384508018
11108 0.023992009398300127
11213 0.040503210822821614
11218 0.028192002280177514
11246 0.019325405163640633
11310 0.028991034297817117
11311 0.04348863314469716
11359 0.016774609083230304
11433 0.05889614461228625
11472 0.042829816275631816
11495 0.03208717791097749
11511 0.024616123304917255
11520 0.031218580656656843
11571 0.041580366306291035
11600 0.031218580656656843
11733 0.016532888530739028
11842 0.08998599073749135
11869 0.029503073254233087
11876 0.02174431657234858
11955 0.026500773538442098
11959 0.07249769987112678
12007 0.08903928162138043
12017 0.027741584328476333
12064 0.012999711981368536
12270 0.03279212279417539
12378 0.013902802350661629
12655 0.05889614461228625
12735 0.015664291276418385
12834 0.016549084545851477
12903 0.016157912199813194
12964 0.04218555590190288
12992 0.030042803132886837
13057 0.028192002280177514
13088 0.07557062522756691
13128 0.09585833873408045
13145 0.04592595988879219
13219 0.036599151529367484
13381 0.05602433787971757
13391 0.04505736263447154
13428 0.07182085057344893
13674 0.03355065751057176
13806 0.022940240563230407
13860 0.03279212279417539
13862 0.09365574196997054
13908 0.05602433787971757
13973 0.02166413484756899
13982 0.020251605411410807
13989 0.01958138254953475
14014 0.026631266521664417
14041 0.020251605411410807
14046 0.041580366306291035
14060 0.024616123304917255
14062 0.01234303244489619
14065 0.020391224065865285
14101 0.03773046318422342
14163 0.01613571279940241
