108 0.056328517273033896
300 0.03787428433113225
336 0.032975485508364086
421 0.030899639804294013
507 0.0748190872797112
702 0.03593266650759845
781 0.0748190872797112
819 0.055721584737502744
960 0.02575142631576201
981 0.03527933019272564
1033 0.0389788902170901
1044 0.05459063933908186
1065 0.04268551120297938
1083 0.043087785167267925
1127 0.022896592973075097
1180 0.04810538151015046
1451 0.032802256950179444
1566 0.027268290134197175
1604 0.02035372647238646
1655 0.026949007764512322
1689 0.017245160640977683
1701 0.07000786040786407
1808 0.06426715215346365
1871 0.022314098334244154
1877 0.0748190872797112
1959 0.056562330898167715
1963 0.03128663075369908
1973 0.06394643140017896
2058 0.035493136796873395
2095 0.034862938504591705
2112 0.07000786040786407
2204 0.017245160640977683
2313 0.06659424061703499
2365 0.03446066454030317
2388 0.0748190872797112
2716 0.030468103320878497
2850 0.03761348382202658
2909 0.044383538013523925
3049 0.06659424061703499
3130 0.01683516396538998
3159 0.034660096890128236
3220 0.02466370845328081
3341 0.051693471254613335
3421 0.03104704474947408
3516 0.04749673807482652
3633 0.020737549336698104
3634 0.04268551120297938
3728 0.028518492270035153
3734 0.01953907704795708
3746 0.03075404355441388
3786 0.024072400222635848
3839 0.059953870180754286
3841 0.02084564957718422
3946 0.07000786040786407
3984 0.014974079747774417
3985 0.025377664849354938
4167 0.1496381745594224
4197 0.039880534847474246
4202 0.07914462228335357
4256 0.07000786040786407
4349 0.0748190872797112
4487 0.06178301374518785
4489 0.04620834365554654
4540 0.046917796646230935
4663 0.038140946013729436
4685 0.03018889172120207
4702 0.03369485396633012
4719 0.059953870180754286
4864 0.03407158228998289
4881 0.04284918201155962
4887 0.02737665568636843
4922 0.05811466510520351
4957 0.031500575577448724
4958 0.22445726183913364
4990 0.02633511507208338
4997 0.03315128050875454
4998 0.03957231114167679
5051 0.029133445700451868
5277 0.06178301374518785
5284 0.06659424061703499
5439 0.06659424061703499
5474 0.031972132151050554
5733 0.06659424061703499
5746 0.028638959756444933
5767 0.04749673807482652
6088 0.05172902351807807
6109 0.014821950157701217
6110 0.07000786040786407
6223 0.0748190872797112
6245 0.014709119397962756
6315 0.015602886221921578
6412 0.03134746447900057
6460 0.07000786040786407
6521 0.043087785167267925
6723 0.029388637159350365
6859 0.08171273527709164
7043 0.0748190872797112
7111 0.0748190872797112
7138 0.1496381745594224
7245 0.02415509007289458
7276 0.03710847375715919
7284 0.05586768937634297
7329 0.05836939395435877
7393 0.0748190872797112
7418 0.022822198086797866
7429 0.059953870180754286
7466 0.02142459100577981
7468 0.045971023866735454
7475 0.03446066454030317
7547 0.043504176855401845
7566 0.05003063549703466
7580 0.027204036614784266
7607 0.0748190872797112
7671 0.019316235841669818
7714 0.12418817899789632
7715 0.05836939395435877
7717 0.023509164879049832
7747 0.04942517883371652
7862 0.02023386741799796
7865 0.016880025816529858
7891 0.019997721405634786
8004 0.03957231114167679
8042 0.0392718914121503
8085 0.032802256950179444
8115 0.020414113093768716
8130 0.05014454729168256
8154 0.0757485686622645
8264 0.04131756086361353
8268 0.3974113727457423
8552 0.06394643140017896
8658 0.042481556477075834
8662 0.07421694751431838
8706 0.01953907704795708
8744 0.034808239355557144
8758 0.034660096890128236
8795 0.02035372647238646
8955 0.0748190872797112
8981 0.026949007764512322
9030 0.055721584737502744
9102 0.03165568818479803
9105 0.04194376846082192
9168 0.036158691350847705
9242 0.044383538013523925
9361 0.0748190872797112
9372 0.036863806419121146
9409 0.0729666564858142
9493 0.06659424061703499
9497 0.038750605641695475
9645 0.019206365191025962
9725 0.01851598127981811
9732 0.03351088213399167
9820 0.044383538013523925
9827 0.04334983943682472
9902 0.008214015127928378
9989 0.036158691350847705
10001 0.05459063933908186
10040 0.02519510824100198
10065 0.13318848123406998
10289 0.06659424061703499
10329 0.04810538151015046
10331 0.05541563968984446
10347 0.0748190872797112
10451 0.026844461312950898
10459 0.03351088213399167
10559 0.06659424061703499
10569 0.032463206870226656
10574 0.03332971914188229
10646 0.0748190872797112
10652 0.04942517883371652
10665 0.05697178687334072
10999 0.050803004509849106
11000 0.019244907487388545
11102 0.06595097101672817
11108 0.028518492270035153
11320 0.03571086667614115
11331 0.03710847375715919
11338 0.09015513489823371
11339 0.032133576076731826
11365 0.018362208775863115
11495 0.038140946013729436
11519 0.07000786040786407
11553 0.043504176855401845
11604 0.04749673807482652
11713 0.19978272185110496
11714 0.02556307401989299
11726 0.043935713338817364
11788 0.07000786040786407
11890 0.04749673807482652
11929 0.034862938504591705
11933 0.05836939395435877
11937 0.0748190872797112
11955 0.031500575577448724
12051 0.05836939395435877
12057 0.02274826672306966
12064 0.023178478686300172
12078 0.026039682081647864
12215 0.02162402335560488
12250 0.05697178687334072
12318 0.0392718914121503
12351 0.045838330484702795
12370 0.06394643140017896
12378 0.049577376549034956
12448 0.0392718914121503
12523 0.023046796820377437
12611 0.04406646888220751
12614 0.02737665568636843
12667 0.019939411973840727
12733 0.02224325665820228
12735 0.018619614650274677
12834 0.019671338563682892
12857 0.059953870180754286
12877 0.016266888555932616
12879 0.05260838467620013
12932 0.039880534847474246
12973 0.0748190872797112
13009 0.374095436398556
13068 0.04085636763854582
13077 0.046917796646230935
13079 0.017015638098221215
13112 0.06427377301733943
13336 0.025367504750198864
13452 0.06659424061703499
13524 0.04636579267640565
13616 0.024322218828604733
13641 0.06394643140017896
13644 0.0748190872797112
13669 0.044383538013523925
13709 0.028518492270035153
13723 0.04245691041960146
13770 0.032975485508364086
13827 0.028399235532618045
13874 0.012652235901080637
13948 0.02224325665820228
13973 0.02575142631576201
14041 0.024072400222635848
14070 0.06659424061703499
14072 0.10659782326147606
14083 0.034264528744324084
14084 0.043935713338817364
14113 0.07324816439058854
14163 0.02876996626888629
14178 0.06595097101672817
14211 0.03165568818479803
14212 0.07585810641394637
14225 0.059953870180754286
