637 0.19492089262876325
1959 0.18592561773210273
2485 0.1940589068133012
2575 0.16271528218784084
3010 0.11429244460815746
3147 0.19070316695125442
3468 0.35888897010918686
3984 0.09844237261321614
4489 0.3037822063592888
4893 0.3084462816705542
5689 0.08942218667608609
9105 0.2757460994714144
9383 0.1378730497357072
10242 0.1680563814400384
10936 0.2543746169344237
10999 0.0477126224980564
11000 0.031629896222202844
11138 0.2031399529363787
12262 0.23476984915858157
12354 0.13185395299597225
12378 0.21728723490342075
13723 0.13955979485662717
13806 0.17926678788490474
13989 0.1530189512322319
14041 0.1582564159085234
14212 0.16623507872984358
