138 0.06141630996484688
300 0.03108964397656229
311 0.0879279635794373
319 0.03273650319469401
322 0.023709535347738123
326 0.02274435727455519
344 0.043184339417884965
437 0.025985021047367173
451 0.03130853700439233
518 0.04921398547469167
538 0.03606525402876955
587 0.04179049000436368
598 0.052491336032165076
599 0.03326313576191726
632 0.05466482781752004
743 0.052491336032165076
756 0.05466482781752004
762 0.02968137512323129
817 0.02735917312391778
864 0.05071546393704549
920 0.02391460249700461
962 0.03411065527124462
1027 0.021866255856863154
1052 0.043184339417884965
1127 0.018794993394080643
1135 0.03571102118003799
1144 0.047913345670193196
1145 0.030063397804829577
1162 0.02611403392435503
1471 0.02735917312391778
1593 0.08636141794265839
1620 0.021699750437984076
1656 0.02692619829572652
1689 0.014155934933558989
1711 0.05466482781752004
1808 0.02637730210781005
1830 0.02692619829572652
1838 0.029135045219037363
1882 0.03130853700439233
1968 0.05071546393704549
2090 0.03898837173751139
2095 0.028617738004189996
2172 0.027812293419088887
2182 0.017111447391287494
2384 0.021782647362282186
2479 0.04681961848688645
2525 0.05466482781752004
2565 0.07592211638171957
2638 0.4354031878192918
2693 0.020534178704538802
2750 0.09582669134038639
2776 0.019692764071508186
2853 0.04676610005657095
2889 0.03353752939468302
2900 0.06141630996484688
2927 0.031442068652596175
2989 0.03762704432352791
2995 0.02713086224460568
3010 0.014270753510400204
3099 0.02466837412371544
3130 0.04145815002562015
3184 0.022836683366881633
3222 0.04116186352286636
3251 0.03153246249413365
3273 0.03571102118003799
3332 0.01808629328641807
3370 0.10932965563504007
3430 0.03326313576191726
3432 0.00954470919511118
3481 0.12390490173403401
3485 0.047913345670193196
3606 0.02203565716689262
3636 0.03898837173751139
3689 0.06141630996484688
3703 0.05466482781752004
3721 0.01843419919123597
3724 0.04246250332736483
3734 0.016038928781877404
3738 0.02735917312391778
3746 0.025244893252292757
3771 0.09147970776967647
3780 0.03721249964239181
3841 0.06844578956514998
3889 0.045739853884838234
3956 0.018375345055603457
3984 0.012291685940908733
3986 0.03326313576191726
3993 0.038060019151719165
4000 0.04676610005657095
4030 0.02311903153648197
4138 0.09582669134038639
4149 0.038060019151719165
4383 0.017532716497828824
4444 0.09820950958408205
4452 0.017267295993115994
4458 0.03606525402876955
4489 0.05057436651695664
4510 0.047913345670193196
4566 0.029870513683808813
4569 0.03411065527124462
4575 0.04116186352286636
4678 0.03046101749506496
4762 0.03046101749506496
4770 0.05071546393704549
4785 0.06141630996484688
4788 0.03762704432352791
4827 0.015500155704778041
4835 0.02611403392435503
4877 0.06141630996484688
4922 0.015901415959366255
4957 0.02585769466156396
4985 0.02010438855180917
5087 0.03411065527124462
5172 0.06012679560965915
5189 0.03153246249413365
5208 0.06092203499012992
5216 0.04396398178971865
5520 0.024446993462156494
5528 0.02274435727455519
5551 0.015500155704778041
5571 0.04339950087596815
5677 0.05471834624783556
5687 0.13984071010458693
5689 0.011165409829061761
5697 0.20486343144154695
5721 0.05746694608437233
5866 0.05466482781752004
5867 0.05746694608437233
5869 0.05466482781752004
5891 0.04396398178971865
5982 0.06141630996484688
6068 0.050020350304473195
6077 0.03536922015151684
6109 0.012166808207185105
6136 0.06141630996484688
6184 0.04921398547469167
6256 0.04057135971161021
6271 0.02845123258531092
6281 0.05071546393704549
6315 0.012807850662081387
6323 0.04179049000436368
6334 0.052491336032165076
6354 0.05071546393704549
6365 0.05466482781752004
6374 0.052491336032165076
6436 0.0879279635794373
6446 0.0527546042156201
6488 0.023608598384234177
6505 0.03046101749506496
6528 0.021138423872147767
6601 0.03046101749506496
6723 0.024124080028874232
6741 0.0879279635794373
6823 0.04396398178971865
6849 0.05746694608437233
6866 0.03722585170728263
6916 0.03643285727055813
6923 0.03153246249413365
6949 0.029870513683808813
6960 0.12348559056859908
6973 0.045739853884838234
7020 0.020316913269629682
7064 0.027658899228212675
7153 0.026647884224263195
7201 0.00905932543946218
7206 0.021866255856863154
7228 0.05071546393704549
7245 0.03965609720951452
7380 0.03153246249413365
7394 0.05466482781752004
7422 0.033714232473814665
7442 0.04323510614825631
7452 0.05466482781752004
7540 0.023811529262012205
7558 0.03898837173751139
7564 0.04179049000436368
7579 0.052491336032165076
7580 0.011165409829061761
7633 0.01581080758678902
7652 0.03898837173751139
7671 0.015856006414124994
7718 0.020534178704538802
7726 0.19151421186742448
7751 0.029313771881442706
7817 0.04179049000436368
7891 0.032830827028069574
7918 0.07612003830343833
7948 0.03643285727055813
8087 0.024018778140442832
8104 0.054136790833913054
8115 0.016757214542555937
8187 0.05466482781752004
8204 0.03643285727055813
8244 0.06226920357164844
8348 0.04246250332736483
8349 0.10827358166782611
8411 0.032356821657155206
8433 0.04179084040610646
8502 0.038060019151719165
8503 0.043184339417884965
8563 0.04001461790924409
8658 0.03487158872482986
8688 0.017586679681908603
8737 0.025244893252292757
8744 0.011429134972466781
8795 0.050122935981341786
8903 0.03248349339008357
8906 0.03353752939468302
8970 0.030666084644331452
8996 0.03210253808340418
9099 0.018612925853641316
9137 0.05071546393704549
9236 0.04246250332736483
9295 0.03721249964239181
9383 0.017215068898482497
9392 0.031761657299563435
9402 0.025126827202930302
9497 0.007952246191264618
9500 0.047017393379765564
9531 0.022295414688996748
9618 0.14147688060606736
9654 0.12636486763057228
9725 0.01519910609619242
9730 0.03153246249413365
9732 0.027507883337876314
9791 0.05071546393704549
9800 0.04246250332736483
9843 0.03536922015151684
9902 0.013485181856517776
9905 0.015587907017321455
9920 0.03441038137553952
9961 0.023311915657502732
10068 0.05620177588659259
10133 0.04921398547469167
10190 0.06935709460944593
10200 0.045739853884838234
10228 0.03606525402876955
10242 0.04196762443226993
10361 0.041363524565391316
10362 0.01976017146726357
10396 0.051970042094734346
10422 0.03441038137553952
10461 0.03441038137553952
10517 0.04921398547469167
10522 0.058270090438074726
10561 0.03108964397656229
10567 0.029281113190732514
10575 0.0214552104859183
10637 0.047913345670193196
10657 0.014948268290657235
10702 0.05466482781752004
10732 0.016511853210904346
10765 0.04246250332736483
10827 0.12104071534883848
10835 0.05466482781752004
10838 0.045739853884838234
10887 0.027507883337876314
10986 0.045739853884838234
10994 0.03153246249413365
11000 0.05134173044616916
11259 0.024018778140442832
11310 0.05657505141941999
11311 0.06364997962077164
11320 0.029313771881442706
11325 0.01989640207693635
11356 0.08581560174838886
11359 0.0491026481674654
11377 0.05746694608437233
11511 0.024018778140442832
11520 0.06092203499012992
11550 0.05466482781752004
11570 0.036814879952156425
11571 0.12171407913483064
11574 0.03643285727055813
11586 0.03898837173751139
11591 0.05466482781752004
11634 0.025364408000968158
11672 0.04179049000436368
11678 0.02845123258531092
11733 0.016131694528893143
11842 0.06585176473055779
11869 0.028787139314219463
11876 0.06364997962077164
11957 0.03463960927357898
11959 0.03536922015151684
11976 0.029313771881442706
12007 0.20271677322897805
12023 0.01942770472772951
12064 0.05707914985073992
12069 0.022836683366881633
12078 0.02137504270980633
12103 0.04116186352286636
12192 0.03721249964239181
12348 0.03411065527124462
12412 0.05466482781752004
12414 0.03643285727055813
12513 0.020831616466332255
12523 0.01891829035451195
12648 0.06662417065615292
12678 0.023709535347738123
12726 0.03353752939468302
12733 0.018258693004909756
12763 0.0679586943200793
12773 0.06141630996484688
12822 0.03762704432352791
12834 0.03229499504943059
12877 0.04005871921344699
12885 0.03153246249413365
12903 0.015765817530762175
12928 0.025985021047367173
12968 0.029870513683808813
12992 0.029313771881442706
13004 0.05071546393704549
13088 0.03686839838247194
13112 0.03517335936381721
13122 0.028287525709709996
13128 0.04676610005657095
13145 0.044811501299046014
13529 0.04921398547469167
13608 0.02423053278040292
13674 0.03273650319469401
13723 0.01742567882933178
13744 0.026647884224263195
13754 0.01254634959216761
13786 0.013179277389615865
13862 0.03046101749506496
13872 0.017695511314829653
13912 0.018733925295530862
13973 0.06341527161644331
13987 0.06882076275107904
14041 0.03952034293452714
14046 0.04057135971161021
14061 0.03762704432352791
14062 0.024087022493507602
14163 0.015744156830305295
