79 0.06093497500880704
194 0.057485677080805035
548 0.09347982481791225
965 0.11430231564847225
1012 0.061320005830801286
1133 0.06112692750603719
1318 0.07040539979119455
1349 0.1545887091555047
1451 0.09100348784413775
1653 0.08372560875552469
1689 0.04784334715580691
2114 0.07565057226174368
2126 0.10734607099841613
2204 0.09568669431161382
2212 0.13911630248001763
2384 0.07361963477633596
2760 0.09787564621602861
2848 0.05646745900521314
2995 0.1375427974659427
3036 0.1016063993378337
3078 0.09729298038575503
3092 0.13087445228205882
3512 0.06915354705484321
3517 0.08654808315373126
3790 0.06457398698437297
3915 0.06151422326731495
3928 0.0781362627687544
3940 0.0794532287830923
4030 0.0781362627687544
4180 0.10657145267091239
4404 0.07066158598685959
4747 0.06989893195532741
4827 0.052386460790711895
4970 0.14667892983001032
5208 0.10295024960029978
5231 0.105814643248362
5360 0.10813935661306785
5363 0.12313350170471898
5520 0.0826244257702049
5528 0.07686996203568075
5551 0.052386460790711895
5798 0.057142759813338655
5816 0.08572504628535697
5970 0.07878816050678102
6102 0.06250287895096251
6235 0.06842466650476073
6413 0.1942232049245105
6813 0.13468000919507295
6851 0.09148407681741957
7026 0.11629806364896494
7100 0.1562725255375088
7201 0.0306181438408641
7328 0.15805715204479268
7466 0.05943836456501631
7726 0.09246682919969682
8020 0.10657145267091239
8097 0.06093497500880704
8115 0.11326997990407922
8122 0.19231540749211568
8156 0.08532111778201519
8202 0.07118001811869828
8211 0.18475278014212299
8247 0.10978568765605379
8463 0.067947560182633
8517 0.06500431677231484
8658 0.03928560784027061
8669 0.07595121142888142
8870 0.09148407681741957
8997 0.026003964185750572
9457 0.0794532287830923
9604 0.15805715204479268
9645 0.05328432808285895
9899 0.09452498434684796
9902 0.04557637768531074
9917 0.12863288207941465
9949 0.09615770374605784
10156 0.05374261520581734
10445 0.07197330373335002
10614 0.12035633117251326
10992 0.09787564621602861
10999 0.020134723440261137
11000 0.013347814048665165
11003 0.09804303199403236
11246 0.06372984432267859
11325 0.06724462044973957
11359 0.1659540718131052
11402 0.13523891321373996
11467 0.16633036270918664
11581 0.10734607099841613
12010 0.105814643248362
12041 0.07144232835121539
12078 0.07224203796042424
12175 0.06017816558625663
12614 0.07595121142888142
12667 0.05531802393770174
12695 0.07333946491500516
12903 0.1065686561657179
13480 0.05024342055343057
13728 0.10435130189280292
13754 0.04240337087543241
13816 0.08696744882500111
13822 0.05405172320462809
13874 0.03510116995223575
13982 0.06678419672058193
14062 0.04070390915596292
14072 0.049289157796473984
14090 0.07846059800314052
14170 0.14949317725932953
14171 0.07040539979119455
14178 0.09148407681741957
