968 0.07849340018232435
1240 0.10549593006800546
2215 0.11796850944913909
2424 0.12434292534487361
2488 0.1165255142619636
2574 0.1234867059124453
2720 0.2976625315116715
3852 0.09482620598447357
3897 0.13413323474911298
3924 0.17922344703656218
3958 0.20283632552719794
4439 0.14571308874133868
4578 0.20283632552719794
4692 0.13413323474911298
6062 0.10549593006800546
6102 0.07396433481613326
6681 0.07396433481613326
6752 0.09208442239039867
7453 0.31648779020401635
8124 0.06287622331901753
8433 0.05571410802295298
8474 0.10192880038896296
8669 0.08987875320469864
8996 0.04279799729340687
9385 0.11249194050461936
9755 0.5500884292621059
10451 0.08813153589323054
10531 0.10192880038896296
10949 0.08331597920641766
10999 0.047653850541320944
11245 0.10049465993894517
11371 0.08271663790863407
11587 0.15593386016032518
11642 0.24563432282060482
11752 0.14424286082606533
12919 0.11001768585242117
13022 0.08645932999623827
13024 0.10049465993894517
13754 0.05017908252232369
