32 0.082927655411763
79 0.02601746074584026
194 0.024544710926388793
249 0.039269275628081836
311 0.06344220775250603
326 0.06564247280017747
398 0.05204395156207586
637 0.03512117547654795
762 0.04283169745531264
971 0.06078359191987096
976 0.029737920884638155
994 0.02931831422155044
1012 0.026181857700064436
1027 0.06310818494447573
1067 0.07101822363925113
1075 0.0885053643351562
1083 0.05103954013149485
1090 0.06030575123102001
1101 0.03609092405515057
1133 0.026099418875158105
1162 0.037683847050277025
1230 0.035924581529692926
1318 0.030061056480253673
1319 0.04907008513658884
1403 0.04366693994189567
1458 0.02432565538593045
1489 0.04035941705711433
1492 0.07651526399606791
1545 0.029631839027489795
1560 0.07318493158213452
1653 0.1608677910357102
1672 0.04880376188080742
1674 0.0984467370877903
1719 0.05204395156207586
1841 0.082927655411763
1963 0.03706050890603105
2064 0.2126222938791195
2176 0.03131381688876206
2204 0.14299401689705052
2212 0.05939861201809262
2564 0.0433829751454921
2585 0.1514952063117272
2659 0.052529565785065326
2694 0.05698312272484525
2793 0.02432565538593045
2828 0.0691413358477211
2909 0.052574421284941136
2940 0.029952517104198138
2995 0.09787795195960974
3078 0.16616508320000672
3092 0.05587958187214611
3184 0.03295446753366456
3185 0.045833647884779054
3214 0.04395676009324904
3231 0.0886267835069781
3321 0.04374416969307938
3341 0.030616693227485836
3429 0.12688441550501206
3490 0.0433829751454921
3496 0.04550290840509725
3517 0.03695351242458819
3554 0.058546485710435914
3633 0.012282308982585024
3723 0.058546485710435914
3742 0.04395676009324904
3758 0.02585496437702278
3790 0.02757121294175477
3799 0.04724039889521676
3914 0.03969524093382663
3931 0.05010214088674282
3984 0.017737512876371334
3992 0.035924581529692926
4045 0.0531256989751206
4071 0.04724039889521676
4286 0.055576371714407546
4387 0.06748580348691943
4420 0.03609092405515057
4535 0.031433441264882477
4586 0.0442526821675781
4660 0.03527822492440839
4689 0.037683847050277025
4747 0.05968961891134101
4763 0.04617235775274008
4795 0.045833647884779054
4808 0.02476723450832112
4817 0.031195202013080455
4823 0.07101822363925113
4893 0.11115274342881509
4899 0.031554092472237866
4917 0.05010214088674282
4928 0.025456757026904434
5172 0.0433829751454921
5247 0.015403395596193142
5628 0.056262155496606604
5663 0.023688256434139392
5689 0.03222448109478858
5793 0.03295446753366456
5970 0.03364025131586361
5974 0.03677670783734962
5987 0.05939861201809262
6045 0.082927655411763
6210 0.03167578829178606
6315 0.055447092562270796
6505 0.04395676009324904
6566 0.04965588818846412
6606 0.0184823641874236
6629 0.03406837921555894
6637 0.04395676009324904
6752 0.03322477931359517
6775 0.022686232802655904
6813 0.05750444390886797
6851 0.03906103805117893
7100 0.0667238199119277
7167 0.04651943166697811
7201 0.05229222497424756
7242 0.02087396939785734
7245 0.02861285824670176
7342 0.2126222938791195
7431 0.04283169745531264
7486 0.031195202013080455
7497 0.039269275628081836
7557 0.0788840596773496
7604 0.07218184811030114
7654 0.082927655411763
7671 0.06864301267306278
7718 0.029631839027489795
7865 0.019995197055009666
8015 0.04880376188080742
8122 0.08211308143678112
8124 0.04537246560531181
8250 0.11440863847863621
8251 0.06748580348691943
8264 0.024471312433992056
8345 0.042563960229717236
8346 0.041790052150365645
8658 0.016773811094744642
8669 0.03242895663228439
8688 0.025378451646919452
8701 0.06748580348691943
8738 0.05939861201809262
8739 0.04035941705711433
8758 0.04105654071839056
8867 0.0660048793262351
8870 0.03906103805117893
8891 0.06466522046873872
8895 0.056262155496606604
8996 0.015441851924843574
8997 0.01110293583186368
9099 0.02685937580760379
9124 0.0757476031558636
9134 0.0946622774167136
9150 0.035924581529692926
9276 0.055576371714407546
9298 0.0442526821675781
9311 0.06748580348691943
9328 0.0757476031558636
9497 0.03442645782484161
9524 0.13497160697383886
9566 0.0757476031558636
9592 0.05010214088674282
9602 0.04395676009324904
9657 0.056262155496606604
9708 0.025069520983643567
9765 0.05203492149168052
9783 0.021511660499744623
9827 0.017116651977975298
9902 0.009729893359222508
9917 0.05492249663911023
10030 0.04880376188080742
10072 0.048396319458508134
10091 0.04366693994189567
10108 0.04761524189195506
10122 0.0886267835069781
10156 0.06883959735574158
10180 0.04486389930617644
10316 0.026348200225522072
10382 0.03609092405515057
10501 0.0757476031558636
10614 0.07708297545067426
10616 0.06962448962654413
10638 0.40450421921113217
10645 0.03436121854410226
10749 0.04395676009324904
10992 0.041790052150365645
10999 0.017193881729159005
11000 0.068389537142581
11052 0.042563960229717236
11098 0.1404847019061918
11135 0.03481224481327207
11171 0.07318493158213452
11213 0.05702981633681092
11246 0.027210788594959703
11255 0.017512615608820982
11326 0.034214036263620545
11359 0.04723837225267071
11369 0.04880376188080742
11482 0.02432565538593045
11540 0.07318493158213452
11866 0.04310463378559234
11930 0.037683847050277025
12064 0.04576002566635784
12069 0.03295446753366456
12078 0.030845247521036713
12278 0.0757476031558636
12322 0.12688441550501206
12413 0.02861285824670176
12552 0.04724039889521676
12558 0.07812207610235786
12666 0.03322477931359517
12667 0.14171511675801216
12768 0.03295446753366456
12904 0.05492249663911023
12968 0.04310463378559234
13024 0.03625925875400163
13051 0.03906103805117893
13064 0.03969524093382663
13088 0.053202928726304305
13336 0.07512255339346312
13480 0.04290495636690393
13503 0.04880376188080742
13649 0.0757476031558636
13822 0.02307851257046025
13858 0.03749767506558827
13872 0.02553550109477989
13897 0.0886267835069781
13948 0.026348200225522072
13982 0.02851490816840546
14062 0.034758768950490335
14163 0.011359799861779733
14170 0.021276411839305752
