194 0.044908646860086346
639 0.09934669444180481
1318 0.055001722112823635
1319 0.029927304656420618
1653 0.06540766305078642
1674 0.09006237155659602
1718 0.048361968804608683
1942 0.05078231751894664
2114 0.0590993271191808
2648 0.046009024126727784
2716 0.066034371645599
3092 0.10224102522582472
3135 0.09619368207023343
3286 0.12347654555608768
3461 0.10867967844884563
3633 0.022472535055703353
3666 0.060541802100465364
3693 0.07692526710406485
3734 0.04234758763315068
3738 0.07223643157171199
3895 0.10867967844884563
3928 0.06104118468877855
3984 0.06490748286505828
3985 0.055001722112823635
3986 0.08782466558631961
4402 0.09619368207023343
4843 0.09428781806174605
4881 0.046434114717641355
4914 0.1885756361234921
4922 0.04198451249383386
4928 0.04657738748494086
4929 0.1443315584186137
4990 0.11415366146588399
5059 0.043853426215482876
5360 0.08448003788816465
5391 0.06696965272379357
5424 0.13859288751970353
5520 0.12909480577973517
5665 0.1207669475348195
5771 0.23663163594548614
5970 0.06155045668125721
6072 0.08325516852897069
6245 0.06375897092609414
6271 0.07511979643796239
6443 0.0864341974887147
6446 0.06964399728482529
7155 0.30345998394446944
7242 0.11457723699431793
7442 0.057076830732941994
7491 0.03840065148713358
7533 0.05751272922282337
7633 0.04174527918528852
7716 0.07343280519922002
7717 0.05095206991887275
7865 0.036584551601943925
8106 0.16215749840349772
8124 0.04150825082339137
8401 0.058866588922480916
8502 0.10048987798785904
8658 0.03069048811415418
8673 0.040018631199728386
8683 0.14447286314342397
8744 0.015088173948515752
8870 0.2144060733601247
8989 0.2886631168372274
9497 0.020996317587336315
9676 0.07109324802565777
9765 0.04760328855920261
9905 0.041156754756545344
10003 0.060541802100465364
10091 0.07989595767464647
10339 0.12993969803151412
10522 0.07692526710406485
10638 0.09251350111867243
10657 0.0394679164681943
10979 0.11831581797274307
10992 0.07646187807686201
10999 0.015729538739417896
11000 0.010427506431263013
11003 0.0765926422806689
11108 0.06180892514044897
11126 0.12993969803151412
11200 0.06233378815808861
11359 0.08643048940778904
11769 0.12347654555608768
11842 0.05795614357312658
12173 0.07184969653632775
12221 0.11211375804663008
12387 0.06005193214226446
12584 0.13928799456965058
12667 0.04321524470389452
12834 0.06395136256761186
12865 0.03187948546304707
12900 0.060295700746688836
13324 0.19440467330205055
13412 0.16215749840349772
13480 0.07850178149611592
13614 0.060295700746688836
13661 0.09006237155659602
13666 0.07384429230120738
13674 0.0864341974887147
13754 0.06625225986797743
13786 0.06959449870853915
13948 0.04820843166071497
14040 0.059810452478717885
14072 0.03850540680596823
14090 0.06129456009018253
14170 0.03892874797371761
