896 0.1183857467699669
1451 0.09737381155090682
1653 0.04479323728178729
1689 0.05119242328264521
2212 0.14885456527280577
2693 0.07425820851381558
2940 0.15012367329437357
3092 0.09335718557049619
3130 0.04997534425403413
3236 0.07847329157437438
3648 0.06886623356147505
3928 0.08360586947137486
3938 0.1028888270719145
4030 0.08360586947137486
4071 0.1183857467699669
4758 0.1183857467699669
4827 0.1121071176874096
4912 0.16205283177681465
4970 0.07847329157437438
5051 0.0864829104830501
5211 0.11165598425199408
5272 0.22210117176542618
5363 0.13175295447064492
6044 0.05901808829083801
6557 0.1834034635667988
6752 0.0832622162872036
6813 0.09607181838639259
6862 0.09538882602208554
6995 0.21467483794620956
7206 0.07907542883497344
7423 0.10171457927111298
7726 0.09893958808064714
8020 0.22806309505097264
8235 0.3022557624817616
8250 0.04778520228442273
8683 0.19787917616129427
8997 0.05564852882422614
9408 0.16541005394196806
9496 0.15232536322895993
9531 0.08062740549304538
9902 0.02438338198368452
9990 0.12029021987063131
10162 0.09350975802312318
11000 0.014282172701087238
12374 0.15616848996818505
12398 0.10666646207749228
12667 0.059190333973834726
12695 0.07847329157437438
12725 0.10002349427772547
12865 0.0436641607469994
12885 0.22806309505097264
12900 0.247754422461568
13079 0.050511083432798955
13249 0.17797363350927486
13480 0.05376050391631078
13858 0.09397021127242677
13920 0.22210117176542618
14170 0.21327710714454745
