194 0.10698635630771036
336 0.08513031885414239
920 0.0752116150396098
1012 0.11412240971578569
1318 0.06551559945496994
1319 0.07129614235041459
1407 0.1547783757037601
1451 0.08468310777701782
1545 0.06458015532868543
1604 0.10509135485054566
1653 0.11686603861959431
1940 0.05949817361711683
2172 0.08746988398687341
2182 0.05381563812843007
2212 0.12945438812886595
2648 0.10960779700015832
2716 0.07865719975311494
2740 0.09276464955445549
2763 0.07829466990399374
2789 0.1335449106576592
2965 0.05397814999350892
2995 0.12799016628582183
3092 0.1623799352517336
3321 0.04766840949160546
3440 0.1382670723626244
3514 0.15950053740872527
3823 0.10377350236489455
3956 0.05779060633414877
4404 0.06575399299056327
4577 0.043003134367004495
4660 0.07688598885897749
4827 0.04874811296017976
4914 0.11231144561155829
4922 0.05001007965197674
5065 0.15950053740872527
5223 0.04958362151563834
5247 0.03357043345397826
5360 0.2012577101810873
5736 0.12584629155028196
5816 0.07977126487949619
5972 0.19315478326716862
6254 0.15068785317496683
6271 0.08947935274595649
6463 0.16508566927091906
6813 0.04177540152310694
7025 0.06824588769985558
7100 0.07270953804179996
7201 0.02849165055353594
7375 0.1547783757037601
7486 0.06798737633683474
7633 0.049725115599636834
7716 0.08746988398687341
7732 0.09454962518246772
8115 0.052701573002048856
8122 0.08947935274595649
8124 0.09888555596289955
8131 0.10295656289209396
8154 0.0977771775540324
8202 0.06623641894077252
8250 0.08311473836233295
8401 0.14023851301290244
8502 0.11969906291345733
8517 0.060489632799892175
8658 0.07311428257609576
8673 0.04766840949160546
8870 0.08513031885414239
8974 0.1438522042248182
8995 0.06551559945496994
8997 0.024197935199397756
9342 0.19315478326716862
9457 0.07393503804814976
9497 0.025009877513645147
9647 0.06481135200891311
9719 0.05015356195046386
9765 0.05670291522121149
9843 0.1112364786586058
9850 0.12112412984531674
9902 0.06361650627426797
9917 0.11969906291345733
10156 0.05001007965197674
10386 0.06504430685568202
10567 0.030696444616609704
10866 0.10636378390024329
10992 0.0910779805654574
10999 0.01873632533812733
11003 0.04561687052784254
11135 0.07587042354325936
11356 0.05397814999350892
11359 0.10295214599139813
11586 0.12261873917871728
11815 0.07393503804814976
11833 0.1547783757037601
12010 0.09846559786735645
12041 0.06648051118621817
12175 0.05599866777515465
12335 0.06527904681446585
12695 0.06824588769985558
12807 0.04916301882500599
12865 0.1518936877025944
13480 0.046753911290733856
13614 0.07182155080296632
13666 0.0879600290790469
13816 0.08092737999837296
14040 0.14248708939615526
14072 0.04586592405190019
14171 0.06551559945496994
14198 0.07758223280016244
