194 0.07037804641422499
994 0.08406559300124898
1458 0.06974993956709583
1653 0.15375425005709195
2006 0.09852531736058023
2479 0.09686311448884993
2648 0.07210248942819782
2716 0.10348497221675614
2763 0.20601602307648945
2854 0.1756977290378272
2995 0.11225977061374469
3092 0.1602257944043341
3150 0.1007043727352749
3915 0.07531007861587254
3956 0.0760319374405652
4489 0.052315576380712235
4914 0.1477620213434506
4922 0.06579552437140535
5065 0.20984612640810352
5360 0.1323918764707422
5571 0.08978737883746912
5662 0.20984612640810352
5736 0.16556907728140907
5771 0.18541721274223882
6102 0.07652046108198894
6271 0.11772308653184575
6481 0.1492277358490913
7580 0.04619928164900608
7633 0.06542061276596137
7716 0.23015867695762993
7732 0.12439376644252961
8122 0.11772308653184575
8154 0.2572801608593031
8376 0.25412317553479796
8517 0.07958289882358449
8658 0.04809622974618857
8669 0.09298486431054447
8673 0.06271471711857365
8870 0.11200130069562562
8995 0.086195288042824
9497 0.032904126866549775
9676 0.11141292956066882
9850 0.15935638760550944
9902 0.055797836731057385
9905 0.06449831377772787
10003 0.09487735783939365
10091 0.1252079902352331
10575 0.08877554225530304
10866 0.13993700839000225
10999 0.04930071533555772
11003 0.12003123920012675
11314 0.11026134530435708
11359 0.06772425156893118
11815 0.09727228254085649
11835 0.15568997868736326
11955 0.10699176624526809
12078 0.08844383086051562
12175 0.07367438196473226
12335 0.08588406868201276
12666 0.19053351800697785
12865 0.049959552657419415
13480 0.061511561893031516
13666 0.11572419554727098
13744 0.11026134530435708
13754 0.05191321656342202
13872 0.07321897930061794
14198 0.10207069703775937
