337 0.02912503875501864
435 0.0665681064076388
637 0.0346435846575844
994 0.028919632870208687
995 0.033893961902421194
1001 0.03873527739901219
1057 0.06044225275170398
1318 0.05930455008634327
1419 0.0817999742813499
1436 0.0665681064076388
1689 0.020149933003112627
1698 0.0778113648670739
1799 0.07471755904900017
1882 0.04456540143939261
1901 0.03680652796801622
1942 0.0273775290765014
1947 0.06510732040500662
1959 0.06608968172727626
2565 0.05403477642862938
2575 0.028919632870208687
2730 0.028419049847461728
2776 0.056062404715677874
2940 0.0295452116259585
3010 0.020313368808781557
3102 0.05296925834936926
3184 0.03250634041592558
3220 0.02881805993508774
3247 0.04987545253129551
3297 0.0652780348880645
3421 0.03627660447302597
3432 0.013586192061376633
3529 0.059485691175289054
3756 0.03263901744403225
3840 0.03754615097977195
3847 0.034798498488586814
3980 0.0637858787273797
3985 0.029652275043171635
3991 0.06423152249188119
4030 0.032908242284484676
4219 0.0690863364001161
4289 0.05296925834936926
4358 0.050832014107710426
4428 0.043650917721172834
4499 0.07218973563735635
4577 0.01946316264487988
4586 0.043650917721172834
4720 0.12755544278543468
4741 0.05482062352198642
4763 0.0455444888430752
4964 0.04279303729894576
4985 0.05723423910732135
4997 0.03873527739901219
5089 0.12515899398672561
5214 0.05775034880218933
5247 0.015193934488534098
5641 0.05549708176101306
5663 0.09346453881814522
5689 0.031786280604403166
5886 0.09628022031639155
5938 0.02728661305476712
5945 0.09319601272897697
6102 0.026324011555088105
6263 0.06044225275170398
6624 0.049420833323050806
6721 0.08742160351106747
6723 0.034338854948475765
6730 0.173251046406568
6775 0.022377736963424866
7206 0.06225001635182537
7242 0.20590117391070167
7276 0.04335901970537571
7284 0.39166820932838703
7442 0.030770998042825848
7497 0.03873527739901219
7533 0.09301799288577205
7571 0.07186850039816332
7580 0.015893140302201583
7598 0.02692879594078554
7627 0.02657998147709938
7633 0.022505522601947048
7692 0.09884166664610161
7693 0.022251118333331765
7819 0.0778113648670739
7856 0.043073140636334044
7865 0.019723294921687954
7891 0.07009840411360892
8074 0.06636559730990443
8268 0.26119759885080157
8412 0.03173588423290032
8428 0.10593851669873852
8659 0.058590887579086814
8706 0.022830236357639987
8715 0.11811123087329917
8716 0.035600146233999326
8779 0.0637858787273797
8831 0.08742160351106747
8986 0.08742160351106747
8996 0.015231867873711105
9094 0.01946316264487988
9105 0.09801754149803213
9201 0.05417564008338615
9215 0.0778113648670739
9242 0.05185949473201935
9375 0.0404982385932638
9385 0.040036041006238754
9402 0.03576619185494814
9497 0.03395831403513392
9500 0.033462901992340505
9548 0.2622648105332024
9758 0.033893961902421194
9781 0.03161153681972333
9782 0.05695786776364524
9882 0.07218973563735635
9902 0.06718307852970451
9930 0.058590887579086814
9957 0.03937041029109972
9961 0.06636559730990443
10041 0.13021464081001324
10110 0.03873527739901219
10136 0.06820112622308036
10156 0.04526899392229688
10327 0.03717140806922821
10331 0.032374921008903115
10377 0.05549708176101306
10381 0.06820112622308036
10433 0.06510732040500662
10451 0.031366138490777386
10496 0.1808415395119715
10574 0.07788754441935011
10602 0.0473476291196517
10608 0.041221775463716887
10732 0.023503409525301083
10884 0.03332214297995749
10909 0.0817999742813499
10924 0.02378210521320001
10936 0.04521038487799287
10949 0.029652275043171635
10999 0.03392014584901136
11000 0.016864887689152678
11052 0.08397031930579334
11332 0.03958875564827531
11336 0.04279303729894576
11338 0.07022723518037735
11339 0.03754615097977195
11511 0.0341889654493397
11636 0.07153238370989629
11714 0.059737829015114395
11805 0.07471755904900017
11828 0.059485691175289054
11905 0.061079830599396805
12021 0.04279303729894576
12064 0.04513776380190567
12219 0.048140110158195776
12231 0.07054780854577837
12276 0.05482062352198642
12333 0.033893961902421194
12354 0.023434602219644583
12387 0.09712476302670935
12695 0.0617759998985405
12733 0.02598990759000578
12735 0.1087794992339192
12834 0.022984775983929843
12865 0.034373442680430806
13030 0.049420833323050806
13057 0.03915545026995204
13112 0.050066692027181704
13336 0.05928080715676876
13344 0.046237865502301786
13676 0.02701738821431469
13709 0.06664428595991498
13723 0.049608346265055295
13728 0.04394909359246932
13754 0.017858806564339545
13786 0.018759732767677468
13788 0.07471755904900017
13822 0.022764682364909566
13918 0.08993555101284531
13919 0.031005997628590683
14011 0.17484320702213493
14012 0.08742160351106747
14041 0.028127151831664605
14062 0.03428610627038402
14163 0.022410650148516217
14210 0.08742160351106747
14211 0.036987767720494946
14212 0.0886356348778755
