194 0.07458992100303011
905 0.22240466720895807
1217 0.1363387295605826
1653 0.21727452332958538
2114 0.09815958505465099
2204 0.06207861968566393
2648 0.07641756576926027
2995 0.11897811673563356
3092 0.05660491188272698
3142 0.11018973717802621
3236 0.09516083261444863
3722 0.25710184522907803
4747 0.09069660613747849
5520 0.10720843354523472
5970 0.10223072888076268
6109 0.053355618193164915
6528 0.0926992235039544
6563 0.08847303529727739
6813 0.11650173001559988
7100 0.20276973198736048
7201 0.07945648538293197
7466 0.07712360961186723
7671 0.0695340149934161
8122 0.1247683925888063
8346 0.12699749033332358
8517 0.08434565093644729
8669 0.09854967616718498
8870 0.11870417831653213
8997 0.03374116358852838
9497 0.034873321279823934
9652 0.06343475517293139
9902 0.08870570680692376
9917 0.3338124207603492
10003 0.1005554286710947
10180 0.1363387295605826
10614 0.0780835304571016
10992 0.12699749033332358
10999 0.05225118697709196
11000 0.017319312322851874
11003 0.06360733997316272
11015 0.5386630790123353
11359 0.07177730601932258
12078 0.09373687809211213
12335 0.09102392329428642
12834 0.03540615163946576
12877 0.058557064741588255
13235 0.18326560185779214
13480 0.06519280906676107
13614 0.10014667263366342
13872 0.07760087357087704
14170 0.1293155077752829
