194 0.04642078516089168
994 0.05544897920532755
1101 0.06825784328227552
1162 0.07127049787643125
1963 0.035045797178864864
2006 0.064986495407746
2135 0.14325950805028137
2204 0.07726883816905611
2352 0.05726908176352981
2479 0.2555604798255907
2565 0.15540514680817796
2575 0.05544897920532755
2854 0.11588878845709223
2995 0.07404562870643033
3092 0.03522787553900921
3150 0.06642378255276032
3617 0.12483334319816898
3699 0.15529837461550552
3738 0.07466873542698961
3841 0.0934012246821833
3956 0.05015004554859952
3984 0.033546505273253466
4577 0.03731764181133827
4985 0.05486895612295001
5571 0.05922302245564037
5677 0.14933747085397922
5689 0.060945338419696855
5697 0.13977846928788698
5962 0.05356284532173773
6481 0.09842939693331419
6629 0.06443265586171353
6636 0.06955484864183181
6823 0.11998662787449807
7025 0.05922302245564037
7329 0.13076524334509
7423 0.07676299402491531
7580 0.09141800762954527
7598 0.05163185344871052
8154 0.16969989480974546
8186 0.1077707252588918
8517 0.15747669210766388
8744 0.031192428643701326
8795 0.045598554564780805
8840 0.11405472772757705
9027 0.16761757304931477
9094 0.03731764181133827
9101 0.10156046302238567
9298 0.08369396803470937
9676 0.07348705925767234
9732 0.0750745957785093
9902 0.03680379782197808
9905 0.042542561489892654
9989 0.08100649592543033
10003 0.06258033107331792
10004 0.09652977923677754
10091 0.08258616871698209
10180 0.08484994740487273
10567 0.02663803329561855
10575 0.11711124660437099
10614 0.09719004238671354
10749 0.08313429817027328
10762 0.08668400813438791
10999 0.03251834956316193
11000 0.010778615470591935
11003 0.039585812987119724
11314 0.07272748367863058
11482 0.04600649100960114
11835 0.10269183958037666
11905 0.05855562330218549
12064 0.017308953662445253
12175 0.09719004238671354
12231 0.06763232414796672
12429 0.2983828163944048
12611 0.049361164613483145
12666 0.1256743538076256
12667 0.08934072746947123
12810 0.06988923464394349
12895 0.11072747376166471
12935 0.09309490027910201
12966 0.08426567472826428
13031 0.11785882562965509
13088 0.05031067042795621
13238 0.12763417725601853
13480 0.04057252431732979
13487 0.0879810134939442
13669 0.09943266077754272
13700 0.15529837461550552
13726 0.07466873542698961
13728 0.08426567472826428
13744 0.07272748367863058
13754 0.06848306811239854
13822 0.04364780164163435
13827 0.06362294849491079
13874 0.02834486696500546
13989 0.0521447311574714
14005 0.35357647688896526
14162 0.11588878845709223
14163 0.021484499468578135
