104 0.10412801394730811
149 0.06811575841623001
194 0.08605561358562293
302 0.13278841390243992
319 0.08281420639154334
326 0.11507373810672022
338 0.07654979766060849
971 0.15983390416442558
1002 0.05448017296855146
1012 0.045897787021156905
1099 0.05489430562356047
1140 0.12449763269499463
1162 0.0660612094781651
1274 0.08155032356588543
1318 0.0526981692348842
1475 0.13278841390243992
1566 0.05662416052729817
1653 0.09400244113188384
1963 0.03248423706505202
2064 0.06212248746320269
2176 0.05489430562356047
2204 0.14324224066094182
2352 0.10616636391574337
2384 0.055104011680350326
2730 0.05050647534382104
2736 0.06297715046667506
2852 0.06776121542253562
2929 0.06639195689980795
2995 0.03431675051154326
3092 0.06530601398318017
3210 0.10263420429361589
3225 0.07508558598398193
3321 0.03834259216803708
3376 0.0848405788680538
3666 0.05800622253846377
3713 0.10741826924947645
3721 0.046633373375482366
3908 0.055104011680350326
3915 0.04604315802065575
3925 0.10412801394730811
3991 0.05707628904634252
4262 0.05596115246681481
4404 0.05288992361075363
4436 0.10263420429361589
4452 0.043681434320986076
4535 0.055104011680350326
4824 0.07920185090872085
4835 0.0660612094781651
4899 0.055315517811140635
4928 0.04462665811018152
5172 0.0760519966299809
5421 0.06672720442427481
5426 0.08281420639154334
5689 0.028245367213806667
5830 0.09518590901356397
6044 0.04128483603730326
6154 0.05103639497071185
6230 0.10066467626362743
6270 0.1553661042838626
6534 0.1553661042838626
6606 0.06480056723551272
6695 0.04739159667484911
6752 0.058244295046969784
6756 0.08863889985958777
6758 0.0862904272024232
6775 0.07953964866947706
6813 0.033602488531499296
6866 0.047085501894526725
7085 0.08034811865214249
7100 0.11696938050152753
7167 0.08155032356588543
7201 0.045835124310612416
7342 0.06212248746320269
7862 0.042016780338123554
7865 0.03505233686586872
7891 0.08305281933558166
8124 0.03976982433473853
8202 0.05327796805480852
8345 0.07461623249887828
8346 0.07325954235844014
8389 0.09313136007549906
8567 0.07461623249887828
8688 0.04448938581673565
8982 0.0657348429460252
9104 0.07976831983221817
9150 0.06297715046667506
9204 0.045043124017684524
9298 0.07757662594115501
9331 0.13278841390243992
9405 0.1282959536865286
9457 0.05947043421509033
9497 0.02011696097909727
9708 0.04394781867700949
9722 0.12047303202024136
9765 0.045609592941181845
9890 0.0526981692348842
9899 0.07075158491832005
9902 0.017056871145513273
9925 0.08704865050178995
10004 0.08947424470217696
10079 0.053083181957871685
10121 0.13828674083834444
10141 0.09123501593737886
10287 0.14537531713204677
10362 0.04998771275264017
10445 0.05387173926691014
10516 0.05910801985992841
10567 0.02469101170977129
10614 0.1351293720530536
10616 0.061027182122527654
11000 0.009990787151815806
11003 0.036692414982699026
11101 0.14537531713204677
11255 0.030700277673385845
11482 0.04264379414340588
11733 0.04080867990743794
11900 0.11570905045692176
11960 0.10571826330510593
12064 0.03208762244723371
12552 0.08281420639154334
12558 0.13695095480515915
12666 0.11648859009393957
12667 0.28983728763671923
12764 0.04785798876184279
12768 0.05777042827071982
12876 0.0921649494295001
12956 0.07705786334997412
12957 0.06672720442427481
13212 0.12449763269499463
13336 0.026338535604600526
13480 0.03760700581371161
13497 0.10571826330510593
13539 0.11570905045692176
13628 0.07075158491832005
13660 0.05730550291267352
13705 0.08414643964367649
13822 0.040457505607841955
13965 0.06847547740257957
14040 0.05730550291267352
14072 0.0737854876673353
14090 0.11745490783668094
14163 0.059742476714055005
14170 0.03729835485174428
14171 0.0526981692348842
