79 0.028282832057910132
107 0.06116096842313729
194 0.026681848156607506
249 0.04268849825409634
322 0.03719309317385789
548 0.043388451143957125
567 0.06661083059987492
700 0.057751416894619705
907 0.050192639965730736
917 0.03567902056641297
920 0.03751478153584823
958 0.09014826519310223
968 0.030786978306314557
1012 0.028461543250849958
1027 0.03430154490671252
1101 0.03923340382207795
1133 0.028371926379216938
1162 0.08193004904134321
1217 0.04877025248293882
1231 0.08575258875935261
1255 0.03209746385024747
1274 0.050569934019288415
1319 0.035561783950736135
1402 0.043388451143957125
1451 0.25343438933136314
1458 0.052887438378387254
1489 0.13162067878941885
1492 0.041588769607607524
1567 0.02750353175338767
1647 0.06661083059987492
1653 0.07772210724748944
1689 0.06661914700877815
1737 0.19268724632640297
1783 0.08234303723083504
1862 0.0521798040114564
1917 0.061944711127113146
1963 0.04028741158137594
2114 0.07022608707247191
2158 0.0689661963854045
2176 0.17020174120923892
2182 0.08052806364563844
2194 0.1043596080229128
2204 0.08882552934503753
2209 0.04489257931056139
2212 0.06457051995165487
2356 0.08575258875935261
2463 0.06661083059987492
2609 0.07375607607309677
2648 0.02733562201078266
2776 0.03089199337819494
2850 0.048434422858659766
2929 0.04117012334257898
2940 0.03256051846278503
2995 0.021280060375518668
3092 0.08099344487637757
3220 0.03175915557679235
3229 0.0772018650037238
3321 0.023776513339025494
3353 0.040365746425052244
3512 0.06419492770049494
3521 0.050569934019288415
3633 0.0267034885249786
3648 0.029872973664106496
3721 0.02891768556613672
3723 0.06364419799091416
3760 0.04877025248293882
3789 0.03353097998088189
3915 0.028551688838648098
3928 0.03626677121311717
3931 0.05446459400032182
3956 0.028825361219913054
3984 0.019281939260257626
4030 0.03626677121311717
4095 0.07029569827630015
4202 0.05095678082890112
4333 0.06774317320284921
4384 0.026842687881879483
4660 0.03834994200953094
4701 0.061944711127113146
4827 0.07294517503803957
4970 0.03404034824184778
5031 0.07175200282698617
5070 0.04489257931056139
5161 0.041588769607607524
5197 0.04877025248293882
5211 0.048434422858659766
5247 0.01674458760693379
5270 0.08234303723083504
5363 0.11430427759800071
5426 0.051353676723264276
5528 0.07135804113282594
5562 0.07955723078925336
5582 0.043388451143957125
5622 0.06277083841530527
5689 0.01751515253276441
5844 0.03751478153584823
5970 0.036569348086921964
6044 0.025601019629515418
6102 0.029010571158033002
6235 0.03175915557679235
6245 0.018940753060003524
6294 0.03834994200953094
6315 0.02009164566260027
6417 0.040365746425052244
6487 0.05837516198155563
6488 0.037034753593042494
6629 0.037034753593042494
6681 0.029010571158033002
6695 0.029387865211590675
6781 0.06364419799091416
6789 0.06731347797109989
6813 0.14585999019173307
7006 0.036117700442299276
7100 0.03626677121311717
7201 0.01421134282981055
7375 0.23160559501117142
7466 0.027588183675241074
7726 0.04291827149850317
7751 0.04598444604135716
7891 0.07725246345325114
7901 0.056019796196026046
8020 0.049464900865607876
8027 0.04056290571297359
8115 0.052574007265399014
8122 0.08926276529139332
8124 0.07398465038369524
8250 0.04145677832380025
8344 0.15085803957783267
8401 0.03497476537247975
8411 0.02537903558745374
8433 0.02185239817709635
8502 0.059704663872451276
8673 0.023776513339025494
8688 0.05517636735048215
8716 0.03923340382207795
8717 0.04570407794008483
8744 0.0089644287771356
8758 0.04463138264569666
8867 0.14350400565397234
8870 0.04246212918321641
8981 0.0347019075357048
8997 0.06034840843039609
9134 0.03430154490671252
9287 0.05350930590235204
9299 0.05446459400032182
9347 0.057751416894619705
9372 0.04746907244039725
9602 0.04778412757770676
9719 0.10006432750183064
9758 0.03735309079089783
9765 0.028282832057910132
9783 0.023384706414838374
9902 0.02115417353818921
9917 0.059704663872451276
10048 0.036722913528403935
10079 0.03291725761179457
10156 0.024944514377815565
10327 0.040965024520671606
10386 0.032443432580945224
10516 0.018326651162287853
10543 0.06774317320284921
10567 0.015311071476299357
10614 0.027931560660904665
10624 0.04489257931056139
10657 0.07034794151399675
10836 0.044374576049189186
10903 0.11315096089041207
10992 0.04542876179217719
11000 0.0867350115813893
11003 0.06825968028873607
11020 0.20382712331560449
11090 0.06555664485688692
11098 0.03817921807908995
11200 0.037034753593042494
11213 0.06199547040751731
11262 0.03209746385024747
11317 0.03291725761179457
11359 0.0513514736185366
11656 0.06116096842313729
11733 0.12652875918181472
11885 0.07336187281915416
11955 0.04056290571297359
11957 0.027169537410212535
12041 0.03315979655840439
12064 0.019897762253284917
12078 0.03353097998088189
12130 0.09014826519310223
12333 0.03735309079089783
12335 0.06512103692557006
12354 0.025826276281275616
12403 0.04387355959647295
12413 0.031104213912099027
12584 0.041378012710163434
12611 0.028371926379216938
12631 0.17150517751870523
12657 0.06774317320284921
12667 0.0256757368092683
12877 0.06284002002904208
12903 0.02473180143699526
12953 0.06661083059987492
13006 0.050569934019288415
13031 0.06774317320284921
13079 0.0438216579330281
13088 0.02891768556613672
13336 0.032665425456300974
13401 0.0772018650037238
13480 0.02332037102373873
13503 0.05305316358706527
13596 0.09031663750633008
13806 0.035113043536235955
13816 0.040365746425052244
13827 0.036569348086921964
13832 0.03456728434931617
13860 0.050192639965730736
13872 0.11103563042272831
13948 0.02864236941822908
14062 0.01889262819246487
14101 0.057751416894619705
14154 0.059704663872451276
14170 0.11564487186594986
14171 0.26142806793327816
