194 0.03719926703321434
796 0.11955444125629715
920 0.05230231308767602
1145 0.06575000544811463
1162 0.057112568710472364
1524 0.06752624551881821
1545 0.04490917395501759
1656 0.11777761756235189
1721 0.08636200299873786
1768 0.0705035299052059
1871 0.04005976393409332
1963 0.028083927558096952
2006 0.052076887278979946
2017 0.047100297536230316
2046 0.056551943193872536
2204 0.06191933493659439
2480 0.1256828001499882
2558 0.03260246191767162
2565 0.0415112722631815
2575 0.04443400466039226
2689 0.10478864562496382
2740 0.06450872969434972
2831 0.37628527181148586
2848 0.07308074612287724
2879 0.08636200299873786
2965 0.037536517456342705
2995 0.02966820902905894
3090 0.13694636194985235
3092 0.05645967187528162
3105 0.07334808775548561
3137 0.09145092619926105
3297 0.050148709000823764
3633 0.018614718788006076
3666 0.050148709000823764
3734 0.03507785984925997
3790 0.08357229512507844
3841 0.037423506368316754
3915 0.039806159270683684
3974 0.07216430877112516
3984 0.02688247093119435
4028 0.05683041173607122
4079 0.05683041173607122
4190 0.06847318097492618
4219 0.03538291336949044
4358 0.15620322442515372
4414 0.07735407796400878
4660 0.053466676114321
5161 0.05798218088701265
5247 0.04668989809816677
5437 0.08422997110626794
5677 0.11967148847456782
5746 0.05141457880018992
5747 0.07663188879889696
5829 0.0739655959230589
5844 0.05230231308767602
5955 0.11480091679920587
6003 0.11091700451865487
6102 0.04044592327186635
6528 0.04623068535969002
6563 0.04412301314984261
6579 0.06186609316756364
6590 0.10003512116787255
6597 0.11091700451865487
6720 0.04623068535969002
6866 0.040707307411728115
7006 0.10070906449154773
7039 0.06847318097492618
7099 0.024358127919888308
7153 0.05828012336797686
7201 0.019813152886703732
7422 0.07373454535056616
7562 0.07887633541203704
7566 0.04490917395501759
7856 0.06618037443152323
7892 0.053466676114321
8122 0.062224127480003374
8124 0.03438261035278064
8250 0.08669724215610132
8370 0.07887633541203704
8401 0.04876107640214958
8439 0.13432023688763048
8451 0.07104286352584815
8616 0.13432023688763048
8673 0.03314871082489696
8688 0.03846286079858804
8689 0.05951539925122412
8706 0.14031143939703988
8744 0.02499603310262581
8827 0.10763320347524352
8870 0.059199800291725585
8961 0.06752624551881821
9030 0.10003512116787255
9457 0.05141457880018992
9497 0.017391920693555194
9594 0.06151397704939229
9638 0.11955444125629715
9645 0.03448055323856532
9652 0.03163599538828562
9749 0.08051580107944795
9827 0.025941511780394787
9902 0.04423905040396446
9905 0.034091454930252174
10242 0.0917850854045145
10324 0.062224127480003374
10349 0.08138541325598823
10426 0.1256828001499882
10460 0.04178614756253922
10575 0.046923511956221846
10645 0.052076887278979946
10802 0.1256828001499882
10841 0.10478864562496382
11000 0.06909949390113812
11003 0.03172206637459781
11019 0.09139768443023027
11150 0.1274393130356698
11246 0.08247979731062778
11320 0.0641105397807037
11577 0.07334808775548561
11579 0.10478864562496382
11586 0.08526932553653922
11905 0.046923511956221846
11921 0.06082673873729234
11955 0.056551943193872536
12007 0.06333581658124356
12064 0.027741038292359046
12262 0.0641105397807037
12328 0.05185382199332159
12378 0.02966820902905894
12565 0.06847318097492618
12704 0.10478864562496382
12725 0.06049125873096385
12763 0.04954290874238391
12815 0.09800477223759281
12834 0.017657652290601865
12877 0.029203407896290338
13020 0.0900228499936305
13324 0.08051580107944795
13336 0.022770721825009374
13480 0.06502553375867727
13503 0.0739655959230589
13524 0.0832389766062595
13530 0.1256828001499882
13608 0.10598653370220694
13614 0.04994485538651001
13649 0.11480091679920587
13726 0.11967148847456782
13787 0.11126407908596479
13872 0.03870088048298768
13874 0.022714141339868717
13941 0.13432023688763048
13984 0.11480091679920587
14040 0.04954290874238391
14072 0.06379051742353063
14113 0.06575000544811463
14163 0.01721659015539232
14170 0.03224592572683538
