177 0.07435144743819275
318 0.04089022559736056
322 0.032248126292027494
344 0.05873645396085715
518 0.06693757577468798
538 0.04905354953675914
592 0.05598561734054508
666 0.08353436248701658
741 0.05518245349941445
762 0.08074124772641898
778 0.08353436248701658
780 0.08353436248701658
783 0.07435144743819275
817 0.0372121198161614
1099 0.029514551102172815
1127 0.02556369459547241
1133 0.049199536093877984
1135 0.04857174567704032
1145 0.12267067679208168
1304 0.07816270153614664
1471 0.0372121198161614
1519 0.02355724138363236
1580 0.07139520909101241
1593 0.039154344046632754
1620 0.029514551102172815
1656 0.07324643275116749
1714 0.03847480299367099
1718 0.024913348272415318
1808 0.035876644444521766
1901 0.03516990910352656
2172 0.03782842377530046
2340 0.03761978724289742
2525 0.07435144743819275
2565 0.025816047863515736
2599 0.04810685074878326
2637 0.07139520909101241
2638 0.5181805414978943
2641 0.06693757577468798
2666 0.05518245349941445
2693 0.027929218285174084
2740 0.040118270595166164
2750 0.06516853238936891
2776 0.026784782303955246
2848 0.022724623180039386
2889 0.04561550732985998
2927 0.04276540159561796
2961 0.050613956389675155
2965 0.023344129882093088
2995 0.018450793304119126
3157 0.02997142899780892
3220 0.02753665190418782
3307 0.0441818779611634
3332 0.09839907218775597
3471 0.05302937899336474
3481 0.06741086842432065
3724 0.057754660725864146
3841 0.023273847775606708
3928 0.03144496245089686
3956 0.024992916956055582
3984 0.016718330188709433
4384 0.023273847775606708
4489 0.017196968800294244
4577 0.018597724340704034
4593 0.040627877499720695
4762 0.04143104134085132
4808 0.023344129882093088
4815 0.04170995997974075
4922 0.021628043846444445
4957 0.03516990910352656
5172 0.04089022559736056
5208 0.08286208268170264
5216 0.05979687143849899
5217 0.07139520909101241
5234 0.08353436248701658
5390 0.021443611921208843
5437 0.05238299977499423
5551 0.02108227645049392
5687 0.07608079726707488
5689 0.015186444651441835
5697 0.13932077775567575
5746 0.031974958964711725
6044 0.06659179248884615
6184 0.06693757577468798
6281 0.06897978648732281
6310 0.018846289718513737
6334 0.07139520909101241
6354 0.06897978648732281
6365 0.07435144743819275
6374 0.07139520909101241
6488 0.03211083857639457
6505 0.04143104134085132
6510 0.08353436248701658
6813 0.05420028655016545
6923 0.042888349260984164
6960 0.11197123468109016
7020 0.02763370835294296
7064 0.03761978724289742
7099 0.03029685971842487
7201 0.012321889341463813
7366 0.07816270153614664
7422 0.04585584705514148
7448 0.043200084726170394
7469 0.04561550732985998
7561 0.0636081255364529
7564 0.05684063309131864
7580 0.015186444651441835
7633 0.02150480439028764
7717 0.026247621725614404
7726 0.11163635944848421
7751 0.0398706344879353
7817 0.05684063309131864
7865 0.018846289718513737
7876 0.057754660725864146
7918 0.05176669581585515
8074 0.031707310548536725
8087 0.032668737682667516
8104 0.1104498702053004
8122 0.038697466150996646
8207 0.05302937899336474
8306 0.09800621304800254
8349 0.1104498702053004
8411 0.022004793765561834
8433 0.018947036561454644
8658 0.04743000572169526
8688 0.02392022699397722
8737 0.0343364175589529
8744 0.00777257298793707
8795 0.022724623180039386
8903 0.0441818779611634
8906 0.04561550732985998
8921 0.06897978648732281
8997 0.01046497040452743
9204 0.02421795066938366
9372 0.04115787401353555
9402 0.03417583200487941
9420 0.054425210487629064
9497 0.010816114095869902
9522 0.07435144743819275
9602 0.04143104134085132
9618 0.1443205522463498
9645 0.021443611921208843
9654 0.14322754363238316
9676 0.036623216375583745
9695 0.11677180709987829
9783 0.020275618439225183
9902 0.00917082180654016
9975 0.05684063309131864
10068 0.025480633846893242
10147 0.08353436248701658
10190 0.03144496245089686
10200 0.062212294042188566
10228 0.04905354953675914
10230 0.0636081255364529
10361 0.028129951610278474
10382 0.03401716967734656
10422 0.04680270229172125
10499 0.025986994054702728
10516 0.01589005137133339
10561 0.04228605709162489
10575 0.029181944193517568
10616 0.032811962277629836
10827 0.24694724408121332
10924 0.022724623180039386
10994 0.042888349260984164
11000 0.021486643803479706
11310 0.03847480299367099
11311 0.02885748358471361
11356 0.046688259764186175
11359 0.02226204740207303
11571 0.1103649069988289
11574 0.049553538912033325
11645 0.07435144743819275
11842 0.05971144786089898
11866 0.040627877499720695
11876 0.02885748358471361
11959 0.04810685074878326
12007 0.11816649188464949
12017 0.03681662340176679
12023 0.026424266289293154
12064 0.03450455422318468
12457 0.05238299977499423
12465 0.04765771804249481
12648 0.03020591557939266
12807 0.021261712322203318
12825 0.07816270153614664
12831 0.06897978648732281
12877 0.05448519413584144
12903 0.042887223842417686
12947 0.1035333916317103
12956 0.04143104134085132
12961 0.10014628129236879
12992 0.0398706344879353
13057 0.0748287710320583
13079 0.03799539749879148
13112 0.02392022699397722
13128 0.0636081255364529
13428 0.04765771804249481
13676 0.025816047863515736
13680 0.07139520909101241
13723 0.023701244388419043
13872 0.072204757534871
13918 0.0859365261794299
13987 0.187210809166885
14101 0.05007314064618439
