11 0.031785796340738935
79 0.02989524743872104
194 0.028202990815450347
249 0.04512218633129062
322 0.03931348604578349
323 0.09064137757572086
328 0.045611639869433736
336 0.044882911870636456
403 0.09064137757572086
421 0.04205747963343151
483 0.0745246964853553
486 0.06104384788858249
556 0.07862697209156698
635 0.07584261273215168
832 0.08409281981077209
920 0.07930702797565715
1008 0.04395976172208188
1012 0.1504207351353364
1024 0.051550663761007004
1029 0.053861846948054154
1081 0.07040834025406775
1133 0.059978842124662445
1249 0.040903365150821984
1319 0.03758917524216815
1397 0.030566294195174332
1402 0.04586204381073225
1458 0.027951286021935015
1482 0.07160523815425007
1492 0.04395976172208188
1550 0.10070927258653042
1567 0.029071518917296185
1615 0.05017530293241464
1651 0.09064137757572086
1653 0.08215307515403744
1871 0.030371704724546502
1910 0.06634942860457618
1963 0.042584212762879325
2176 0.03598100188505195
2182 0.170238000460363
2204 0.07041713078471384
2250 0.07040834025406775
2407 0.07040834025406775
2594 0.06041040471300293
2595 0.06825171069322655
2618 0.05017530293241464
2648 0.0577880731484343
2682 0.08703744617339883
2736 0.04127898046831442
2848 0.11081377543538488
2919 0.056559892479990666
3035 0.05515459516332903
3078 0.04773281226852714
3092 0.12841636954191757
3137 0.1733360518474255
3185 0.052664949047871834
3220 0.033569757528843475
3301 0.0575696419281929
3421 0.042258112408410216
3540 0.14321047630850015
3606 0.036537978827279986
3648 0.03157604364337658
3734 0.02659462505728971
3760 0.051550663761007004
3790 0.06336115896407835
3813 0.07289798636952494
3882 0.05084834742907573
3915 0.06035886370056998
3931 0.0575696419281929
3952 0.07160523815425007
4180 0.052284914321215334
4249 0.06104384788858249
4319 0.07430328368618658
4660 0.040536287288630374
4720 0.09905837509386968
4762 0.050508319487030634
4815 0.05084834742907573
4842 0.11121915082099712
4970 0.03598100188505195
4991 0.09274961697389153
5059 0.027540303777901783
5127 0.06929405496720291
5172 0.04984901444733533
5179 0.06825171069322655
5197 0.051550663761007004
5247 0.08849601566485
5260 0.02811865260453634
5544 0.14860656737237316
5548 0.04266701350680701
5551 0.02570126938676577
5970 0.03865418100608818
5999 0.06929405496720291
6022 0.06104384788858249
6044 0.02706054382887959
6081 0.04773281226852714
6102 0.030664475231201617
6109 0.02017414671606068
6154 0.06690459430310335
6210 0.0363969235141784
6235 0.033569757528843475
6245 0.020020572842391594
6315 0.02123707828497158
6417 0.04266701350680701
6488 0.03914611946318216
6537 0.05607774531188361
6579 0.04690438808470861
6606 0.02123707828497158
6629 0.07829223892636432
6695 0.031063278967163068
6720 0.035050249603766154
6813 0.06607522526027135
7026 0.057056877251979395
7085 0.052664949047871834
7177 0.08160317369531489
7201 0.03004307414927764
7233 0.04830968540137025
7245 0.0328774773822215
7374 0.048606037398380264
7422 0.027951286021935015
7486 0.035844707990230505
7571 0.04185930867244877
7580 0.018513698268327685
7616 0.03898046949116749
7751 0.048606037398380264
7862 0.027540303777901783
7865 0.022975392156249212
8078 0.044414741969251416
8122 0.0471758353262991
8202 0.03492155784167592
8250 0.04382024556326534
8344 0.06378340630196319
8346 0.04801867337157345
8384 0.06104384788858249
8532 0.16818563962154418
8662 0.10101663897406127
8669 0.03726234824267765
8673 0.15079213030254252
8686 0.09064137757572086
8688 0.029160996878512695
8981 0.03668027693447931
8997 0.03827333696001164
9084 0.06929405496720291
9094 0.022672367682098522
9099 0.03086264619218436
9275 0.07584261273215168
9373 0.09064137757572086
9459 0.07944654413447369
9496 0.06984311568335184
9645 0.026141771165292652
9652 0.02398514160445146
9654 0.03492155784167592
9765 0.05979049487744208
9771 0.07944654413447369
9776 0.08409281981077209
9784 0.044414741969251416
9827 0.019667812750937208
9853 0.05560957541049856
9890 0.03454152311501943
9911 0.05515459516332903
9941 0.05305414211369591
9959 0.11311978495998133
10037 0.040718783362445124
10316 0.030275282165377535
10386 0.20575827260500076
10445 0.03531075090750001
10499 0.03168057948203917
10516 0.05811438226178157
10553 0.05119568835774758
10582 0.04773281226852714
10629 0.05809922152595575
10645 0.15793042075962685
10749 0.10101663897406127
10849 0.07040834025406775
10958 0.09064137757572086
10999 0.009878276626351695
11000 0.0327427888247438
11003 0.07215119151227391
11098 0.040355830319759846
11135 0.040000854916500427
11172 0.07754426204582333
11213 0.03276492828083473
11246 0.031266435490984984
11255 0.06036837899432023
11317 0.03479388341640624
11325 0.03299081630832365
11356 0.02845868054658143
11359 0.027139520664440548
11365 0.02499279041784691
11376 0.06727257875313075
11443 0.09064137757572086
11482 0.11180514408774006
11564 0.07944654413447369
11733 0.02674844270269447
11905 0.035575522914158
11911 0.06310845024493943
11959 0.0586467563570179
12017 0.044882911870636456
12042 0.06547620347472305
12064 0.01051607075311309
12100 0.0586467563570179
12347 0.06170315292827779
12513 0.03454152311501943
12582 0.035709554643461455
12667 0.054279041328881096
12807 0.10368007407550378
12834 0.026774646120290967
12894 0.1628441101004277
12940 0.05119568835774758
13051 0.08976582374127291
13064 0.045611639869433736
13088 0.09169888258552301
13129 0.06310845024493943
13336 0.017263847105334275
13351 0.07289798636952494
13476 0.08409281981077209
13480 0.02464987454898335
13587 0.09064137757572086
13596 0.04773281226852714
13608 0.04017736739134982
13624 0.04801867337157345
13676 0.03147218006555986
13744 0.044185649749570795
13754 0.020803475579889742
13872 0.08802436154214968
13874 0.017220950053052818
13875 0.045365059038743515
13965 0.044882911870636456
13982 0.06552985656166946
14083 0.04663742778041306
14102 0.07584261273215168
14170 0.02444756630010001
14171 0.03454152311501943
