194 0.035796795883554534
1002 0.04532454189093829
1012 0.0381844633963008
1075 0.19361860511661025
1094 0.12925615170331295
1133 0.0380642319624533
1233 0.12925615170331295
1319 0.07156539047826346
1408 0.07515705801552089
1545 0.04321602713116408
1567 0.036899179789727864
1604 0.03516274325570301
1653 0.10427322696869214
1871 0.03854944753109581
1942 0.040478713606827504
1963 0.027025119110763853
2064 0.051682532047402995
2114 0.14132466892167678
2172 0.058533474568114544
2182 0.10803774312413766
2209 0.06022860518634983
2649 0.08105436809484988
2659 0.114916212492733
2678 0.09088532883529471
2776 0.041445194309806956
2940 0.04368371435268754
3036 0.06327112634416288
3044 0.047675062794790835
3092 0.10866210605533441
3130 0.02908413596821137
3137 0.04400154088512004
3151 0.053636333614641464
3215 0.07241974449118434
3236 0.045669077744031054
3249 0.0465566363144895
3282 0.07443770698938199
3512 0.04306247284982557
3521 0.06784543541767361
3606 0.04637602368615648
3633 0.017912914474606596
3648 0.04007806110027669
3758 0.03770771165961451
3760 0.06543095377329941
3815 0.07667622703226257
3890 0.059194802909870184
3915 0.07661080832848867
3940 0.1484285038013795
4017 0.11047274082677007
4028 0.10937563081971932
4030 0.04865608254914049
4249 0.07748022814719503
4383 0.036899179789727864
4404 0.04400154088512004
4452 0.03634057845008424
4500 0.08010073565346729
4747 0.087053260107423
4871 0.12925615170331295
4928 0.037126953252059086
4970 0.09133815548806211
5066 0.09430983745649943
5179 0.0866288462942165
5197 0.06543095377329941
5223 0.03318058189509183
5247 0.022464807580102712
5262 0.08010073565346729
5363 0.07667622703226257
5551 0.03262147267311417
5663 0.034547715104622095
5798 0.03558325852865507
6235 0.04260859303837062
6245 0.025411218412988847
6434 0.07831705457051331
6488 0.049686420040568925
6579 0.05953364369397044
6720 0.08897543093524002
6771 0.07918950116040774
6813 0.11182177413165491
6821 0.08491901166128055
7025 0.045669077744031054
7201 0.03813233142802102
7206 0.04601950338331768
7342 0.051682532047402995
7401 0.04637602368615648
7431 0.06246712522923041
7580 0.023498609856582357
7616 0.04947616793379317
7621 0.09088532883529471
7651 0.06327112634416288
7693 0.032899121170860114
7726 0.057579842126731964
7865 0.05832327704133532
7959 0.06784543541767361
8004 0.06836443530855939
8042 0.06784543541767361
8115 0.03526706613076102
8157 0.07178894392976412
8202 0.0443243727650824
8488 0.08205453722070577
8666 0.06368526973682531
8931 0.0826086088065564
8997 0.08096439368819727
9099 0.07834515519274327
9150 0.05239356519933294
9291 0.12925615170331295
9496 0.0443243727650824
9497 0.016736217800589485
9524 0.09842346645287443
9645 0.03318058189509183
9654 0.0443243727650824
9708 0.03656219575131129
9765 0.0379447015905134
9902 0.02838077886461263
9990 0.2100157885404304
10037 0.051682532047402995
10048 0.049268050403028785
10386 0.13057989016113447
10445 0.08963671626190486
10460 0.0402107437687074
10495 0.04885804872180719
10516 0.024587329447156938
10562 0.12925615170331295
10614 0.03747343024437083
10645 0.05011350633634893
10657 0.0629199518819978
10820 0.2418887199592195
10903 0.07590257292613911
10999 0.1379186058058744
11000 0.008311791723703176
11020 0.06836443530855939
11034 0.08936615981855306
11135 0.10154259510868689
11213 0.04158705924074583
11232 0.03904642704006716
11311 0.08930474034757482
11317 0.04416232132270753
11356 0.03612133143280579
11359 0.03444698074610835
11365 0.031722231978957495
11482 0.03547731823753678
11511 0.05054968025311639
11581 0.06684526629181774
11606 0.0645395350388701
11967 0.07117697607587581
12041 0.04448771546762001
12182 0.053636333614641464
12206 0.08310601901592396
12378 0.028549670666779377
12541 0.09252615637354546
12582 0.04532454189093829
12666 0.048456086809570593
12670 0.07667622703226257
12695 0.045669077744031054
12712 0.07374274549700259
12725 0.05821064268815219
12735 0.03216692188312433
12834 0.01699193089651681
12865 0.050822436825977695
12877 0.02810239327119772
12892 0.06684526629181774
13438 0.08310601901592396
13480 0.06257396838223188
13614 0.048061855415274864
13780 0.2071505232431704
13816 0.05415533350552723
13875 0.057579842126731964
14004 0.08421436464984229
14170 0.24824162697380853
14171 0.04384201166984237
14242 0.08310601901592396
