68 0.16420025406046154
920 0.1236328371887911
962 0.17634401784771395
1029 0.1679319758763457
1567 0.09063999640072648
1674 0.17634401784771395
1848 0.17058286164487868
2182 0.08846213478382464
2693 0.10615684592297815
3648 0.09844867378023546
3756 0.11854212192744909
3776 0.16301537113933554
3928 0.11951992353920211
4052 0.13367816398248844
4150 0.13993720046007754
4452 0.08926783518458928
4578 0.26218695028144845
4817 0.11175763510886265
4827 0.08013213796423177
5739 0.194522917340099
6775 0.0812740281819886
7201 0.04683456926526749
7316 0.29942793109290194
8346 0.14971396554645097
8923 0.15643796563012208
9521 0.21279709633255187
10386 0.10691981810670109
10949 0.10769452878357406
10950 0.09812484500657365
10999 0.030798767701304974
11003 0.0749850023039763
11034 0.21952109641622303
11071 0.17058286164487868
11135 0.12471578647032695
11181 0.23646422344220866
11200 0.2441017366405459
12280 0.1967612947685894
12288 0.14298996546277984
12582 0.11133625021667515
12892 0.16420025406046154
13271 0.1967612947685894
