1127 0.08265261218305141
1519 0.0761653417862667
2182 0.07524907274339335
2425 0.07978726824589842
2565 0.08346852150784849
2599 0.15553921063473103
2638 0.35901060928371503
2927 0.06913461079997969
3481 0.21795301708012432
3690 0.23083519898459598
4660 0.1075077722722473
5005 0.21642276590015186
5196 0.2056579776456266
5697 0.2252261731940818
6813 0.058413508367116056
6960 0.18101286183791068
7201 0.039839168681152164
7726 0.12031433469789474
7785 0.16936486818123236
7918 0.16737223241681423
8104 0.11903561453337931
8349 0.11903561453337931
8411 0.07114596360399053
8503 0.18990687484954544
8674 0.25271587536454604
8688 0.0773389479239795
8795 0.0734733181735958
9204 0.07830154898264804
9618 0.15553921063473103
9645 0.06933154882242402
9654 0.18523348530184824
9961 0.10251616926294889
10567 0.042922077564263444
10930 0.06933154882242402
10999 0.026198539260055734
11311 0.09330210038296029
11446 0.25271587536454604
11842 0.19305922798066405
12007 0.12735208246598567
12064 0.02789005642462035
12834 0.03550500983568873
12865 0.05309729454437408
13128 0.2056579776456266
13862 0.13395496411899116
13990 0.16189662488572634
