326 0.11218070967163016
1012 0.0894877737545232
1408 0.1761354542015135
1458 0.083143402983253
1545 0.10127957065536766
1703 0.15334169625583702
2006 0.11744426183313887
2204 0.0698205188980494
2405 0.22560009971432224
2736 0.12278772808956073
2848 0.0824061760511626
3046 0.22560009971432224
3092 0.06366417842152915
3137 0.3093614196992608
3151 0.12570023670920966
3323 0.17788261688806548
3751 0.12570023670920966
3758 0.08837047504832239
4052 0.12753644794578162
5548 0.1269165467128932
6067 0.12222583070190861
8156 0.12451396214194116
8250 0.06517346523577686
8673 0.07475726904902023
9113 0.1590001910442472
9402 0.12393163163043341
9496 0.10387705074302828
9765 0.08892587636687109
10445 0.2100694751604346
10460 0.18847298722148814
10614 0.08782142131239255
11000 0.019479224561723858
11311 0.10464573400558021
11359 0.16145748010342825
11482 0.083143402983253
11569 0.2168410660115132
12667 0.16145748010342825
12807 0.07710123045347778
12834 0.03982169533033945
12877 0.06585978660779623
12903 0.0777608519688942
13480 0.07332308257675199
13712 0.1947643613621287
13874 0.05122513464646379
14171 0.2054932122803695
14242 0.3895287227242574
