324 0.09226067184349142
326 0.06459926146488472
1012 0.10306306871476023
1085 0.07770641116652859
1290 0.10938626820405005
1319 0.03219349835171643
1408 0.10142760098866876
1458 0.0478781284600282
1492 0.07529925875862657
1519 0.04919227106515666
1545 0.05832184058175861
1703 0.08830181551619172
1721 0.11215505714397586
2006 0.0676302779677278
2017 0.061167369656206054
2204 0.040206145683259656
2405 0.12991181701924237
2736 0.0707073130019845
2848 0.047453596332495164
3044 0.06433949616895815
3046 0.12991181701924237
3092 0.03666101703080508
3137 0.17814577298359213
3151 0.07238448108542918
3220 0.05750208280494349
3323 0.20486740923722446
3751 0.07238448108542918
3758 0.05088813789940159
4052 0.07344186332274326
4161 0.10938626820405005
4384 0.048600488056395
4885 0.08769377344098747
4928 0.050104380078277444
5548 0.07308489319888703
5663 0.04662359005561627
5689 0.0317123592547972
5844 0.13584605982786546
6067 0.07038374439230442
6282 0.12265356191731894
7099 0.03163297670174778
7491 0.04130847480414999
8156 0.0717013648779775
8250 0.03753013984010522
8673 0.0860979464978315
9113 0.18312051946006713
9402 0.07136602985396151
9496 0.05981759948561812
9528 0.0772903912854491
9765 0.10241593149540006
10445 0.24193701379501747
10460 0.10853216935627776
10614 0.05057196530654293
10616 0.06851799479638307
10645 0.0676302779677278
10887 0.07812878274107089
11000 0.05608555714611563
11098 0.06912603687158732
11311 0.060260245740991494
11359 0.09297528963039248
11482 0.0957562569200564
11569 0.24973585495411696
12651 0.11690926026167724
12667 0.13946293444558872
12768 0.064861489027802
12807 0.04439874341950368
12834 0.022931323185149496
12877 0.03792535800096189
12903 0.04477858646798304
12984 0.08769377344098747
13382 0.14908759566384674
13480 0.04222309697141092
13712 0.11215505714397586
13874 0.02949799369505765
14079 0.10045680661783352
14163 0.022358532521885317
14170 0.08375312097859695
14171 0.1183332659261626
14242 0.5607752857198791
