324 0.0651096167018976
326 0.13676574435766023
339 0.05454488516918695
1001 0.05454488516918695
1012 0.1818325394248894
1085 0.05483847608345434
1290 0.07719538404509355
1319 0.06815817496525092
1408 0.07157884384982519
1458 0.033788249425766186
1492 0.10627943147927656
1519 0.03471565781768311
1545 0.041158519765270546
1564 0.1302192334037952
1703 0.06231579770082181
1721 0.07914935623069431
2006 0.04772761121218941
2017 0.08633329702464795
2204 0.028374026355872092
2405 0.09168054428997353
2736 0.049899116878207354
2816 0.12826648372463723
2848 0.0669773026057429
2965 0.03440160126734396
3044 0.04540526153397612
3046 0.18336108857994707
3092 0.025872180627805066
3137 0.12571990604730474
3151 0.10216543462057019
3220 0.08116001100320985
3323 0.14457772985627224
3332 0.03625200064831311
3751 0.051082717310285096
3758 0.035912454213686565
3922 0.0837644754920124
4052 0.05182892640245064
4161 0.07719538404509355
4384 0.034298028462712335
4885 0.061886694100510585
4928 0.03535934561062898
5548 0.05157700770866813
5551 0.031068370160763466
5663 0.032902904532682874
5689 0.04475969044091417
5844 0.09586842052114689
6067 0.049670770089352674
6109 0.024387038959829254
6282 0.08655829449308822
6606 0.02567193858644029
6752 0.04614910113431465
7099 0.022323823868145305
7491 0.029151955077898542
8156 0.05060063286908915
8250 0.026485532469382844
8673 0.06076049722252009
9113 0.12923065260702915
9402 0.05036398236086999
9496 0.042214097260673454
9528 0.05454488516918695
9531 0.04468872504499742
9765 0.10841448328836961
10445 0.2134228203556401
10460 0.1148889522276635
10614 0.035689326894956505
10616 0.048354085107281106
10645 0.09545522242437882
10887 0.05513654947458331
11000 0.07124461918165009
11098 0.09756637741518466
11255 0.04864992247079606
11311 0.04252647877108323
11352 0.0651096167018976
11359 0.06561393223812541
11482 0.06757649885153237
11569 0.1762420050481167
11912 0.058046234856595706
12651 0.08250446232879001
12667 0.0984208983571881
12768 0.13732091707976593
12807 0.03133279986291056
12834 0.03236589617697976
12877 0.05352888665093919
12903 0.031600860292118414
12984 0.061886694100510585
13382 0.10521315328320302
13480 0.029797416438059006
13676 0.07608879743087732
13712 0.07914935623069431
13786 0.02641642291798059
13874 0.020817137189486946
14079 0.07089374099810665
14163 0.015778721891234117
14170 0.08865858272343811
14171 0.1252641038741747
14242 0.6331948498455545
