11 0.020494453578532818
79 0.0385509775676979
194 0.018184376438045137
249 0.029093326566851263
322 0.025348064466862337
323 0.05844262906318902
324 0.03472837710585021
326 0.0729485533137335
328 0.029408910380098883
336 0.028939050132376024
339 0.029093326566851263
403 0.05844262906318902
421 0.02711730279580007
483 0.04805111428389198
486 0.03935909905784316
556 0.050696128933724674
635 0.048900864060516094
832 0.0542203307862674
920 0.05113460697586297
1001 0.029093326566851263
1002 0.023024366044040675
1008 0.028343832769792
1012 0.19397285129703096
1024 0.033238200926821615
1029 0.03472837710585021
1081 0.045397020902355326
1085 0.029249923034500754
1117 0.031339601072721664
1133 0.03867241778185592
1249 0.02637316709963574
1255 0.02187525998699999
1290 0.04117472262543373
1319 0.06059071155538346
1397 0.01970815803182782
1402 0.029570362743783937
1408 0.03817895432250405
1458 0.03604417065383634
1482 0.046168741962623085
1492 0.08503149830937601
1519 0.018516749402627312
1545 0.021953263863788746
1550 0.06493408218648623
1564 0.06945675421170042
1567 0.018744375271301267
1615 0.03235141274152164
1642 0.04400649590348648
1651 0.05844262906318902
1653 0.11918170385967254
1655 0.023650256385677776
1703 0.033238200926821615
1721 0.0422169386044737
1871 0.01958269303388023
1910 0.04277996592949454
1940 0.02022570398262726
1963 0.02745692328395841
2006 0.025457107021949508
2017 0.04604873208808135
2176 0.023199386447247214
2182 0.10976395747132787
2204 0.06053691833632557
2250 0.045397020902355326
2405 0.048900864060516094
2407 0.045397020902355326
2594 0.03895067538277182
2595 0.04400649590348648
2618 0.03235141274152164
2648 0.037259880791959826
2682 0.05611893064036736
2736 0.053230703419108724
2816 0.06841519029708518
2848 0.10717370828987352
2919 0.07293597922870405
2965 0.018349236908080217
3035 0.035561899349643274
3044 0.024218404669178777
3046 0.09780172812103219
3078 0.030776573747700837
3092 0.09659850934997596
3137 0.2235229616393267
3151 0.08173999296288682
3185 0.033956656045582456
3220 0.06493408218648623
3232 0.030070305252752786
3301 0.03711904340486558
3321 0.016204314873667063
3323 0.07711533530514587
3332 0.01933620889092796
3421 0.027246664320962274
3540 0.13850622588786926
3606 0.02355850716784956
3648 0.02035921182234138
3734 0.017147354209167468
3751 0.027246664320962274
3758 0.019155100519784467
3760 0.033238200926821615
3763 0.03235141274152164
3789 0.045704477345803025
3790 0.040853226301177326
3813 0.04700226420641614
3882 0.03278537006778276
3915 0.03891744340470922
3922 0.044678565783594484
3931 0.03711904340486558
3952 0.046168741962623085
4052 0.027644679730439936
4161 0.04117472262543373
4180 0.03371162194355149
4249 0.03935909905784316
4319 0.047908354471124896
4384 0.018293992911887977
4586 0.03278537006778276
4660 0.0261364871648074
4720 0.06386963687061138
4747 0.022111046713536874
4762 0.0651322620934272
4815 0.03278537006778276
4842 0.0717105117993648
4885 0.03300932426613852
4928 0.018860081671256766
4970 0.023199386447247214
4991 0.059801953650028626
5059 0.017757097266476056
5127 0.044678565783594484
5161 0.056687665539584
5172 0.03214103247799189
5179 0.04400649590348648
5197 0.033238200926821615
5247 0.05705936908064322
5260 0.018129997887011064
5544 0.1437250634133747
5548 0.02751031052599894
5551 0.033142694725023375
5663 0.017549857215723653
5685 0.04359567214009748
5689 0.023874067879866394
5844 0.05113460697586297
5970 0.024922965898140612
5999 0.044678565783594484
6022 0.03935909905784316
6044 0.017447763566018386
6067 0.026493555363700218
6081 0.030776573747700837
6102 0.01977146198884005
6109 0.026015274805551974
6154 0.043137918818731295
6210 0.023467559263465592
6235 0.021644694062162077
6245 0.012908617935368382
6282 0.046168741962623085
6315 0.013692981304897494
6417 0.02751031052599894
6488 0.02524015190676944
6519 0.02035921182234138
6537 0.03615711671222729
6579 0.030242432623891948
6590 0.048900864060516094
6606 0.02738596260979499
6629 0.05048030381353888
6695 0.020028597741111005
6720 0.022599267475318957
6752 0.02461515623147247
6813 0.07100528080064294
7026 0.036788429323635206
7085 0.033956656045582456
7099 0.011907153090565418
7177 0.0526150874822066
7201 0.019370802666335715
7233 0.031148522888600694
7244 0.04337518329207856
7245 0.021198334210856425
7374 0.031339601072721664
7396 0.04337518329207856
7422 0.01802208532691817
7486 0.0231115085513936
7491 0.015549163711918446
7571 0.02698952856869132
7580 0.011937033939933197
7616 0.025133346161670365
7751 0.031339601072721664
7862 0.017757097266476056
7865 0.014813789874798212
8077 0.044678565783594484
8078 0.028637189319831127
8122 0.030417453027098487
8156 0.02698952856869132
8202 0.02251629118880958
8250 0.04238081589347585
8344 0.041125477729839786
8346 0.03096088774265279
8384 0.03935909905784316
8532 0.1084406615725348
8662 0.0651322620934272
8665 0.18800905682566457
8669 0.02402555714194599
8673 0.16204314873667067
8683 0.029249923034500754
8686 0.05844262906318902
8688 0.01880206776711907
8981 0.04730051277135555
8997 0.024677409973119707
9084 0.044678565783594484
9094 0.014618409493194212
9099 0.019899236215948798
9113 0.0689294618016271
9275 0.048900864060516094
9373 0.05844262906318902
9402 0.026863303158252274
9459 0.051224562483337746
9496 0.09006516475523832
9528 0.029093326566851263
9531 0.02383621612837864
9645 0.01685536866418062
9652 0.015464843665311772
9654 0.02251629118880958
9672 0.044678565783594484
9708 0.018573191106435977
9765 0.0771019551353958
9771 0.051224562483337746
9776 0.0542203307862674
9784 0.028637189319831127
9827 0.012681169636097526
9835 0.03446473090081355
9853 0.0358552558996824
9890 0.044542514173557236
9911 0.035561899349643274
9941 0.03420759514854259
9959 0.07293597922870405
10037 0.026254154731571087
10091 0.03235141274152164
10106 0.04117472262543373
10316 0.019520522885879913
10386 0.13266628028122124
10445 0.15937061204238803
10460 0.061279839451766
10499 0.020426613150588663
10516 0.03747027435592967
10553 0.03300932426613852
10582 0.030776573747700837
10608 0.03096088774265279
10614 0.03807217630343963
10616 0.02579125768628725
10629 0.03746049920374321
10645 0.15274264213169705
10749 0.0651322620934272
10797 0.02579125768628725
10849 0.045397020902355326
10887 0.029408910380098883
10958 0.05844262906318902
10999 0.02547677328382003
11000 0.07600136898458884
11003 0.0465207550326157
11098 0.07806040304091104
11135 0.02579125768628725
11172 0.04999803250934582
11213 0.02112576618994073
11246 0.0201595864979133
11255 0.07784715711681992
11262 0.02187525998699999
11284 0.05611893064036736
11311 0.045365820490326086
11317 0.022433970848183042
11325 0.021271411485206924
11352 0.03472837710585021
11356 0.018349236908080217
11359 0.052496055826809454
11365 0.016114543034433087
11376 0.04337518329207856
11443 0.05844262906318902
11482 0.1261545972884272
11564 0.051224562483337746
11569 0.09400452841283229
11733 0.017246530852707043
11884 0.12287679473223737
11905 0.022937946719358237
11911 0.04069028789127362
11912 0.03096088774265279
11959 0.03781353195640861
12017 0.028939050132376024
12042 0.0422169386044737
12064 0.00678042234864557
12100 0.03781353195640861
12175 0.019036088151719813
12347 0.03978419762656488
12513 0.022271257086778618
12582 0.023024366044040675
12651 0.04400649590348648
12665 0.08045478169197957
12667 0.08749342637801576
12768 0.0732446731287286
12807 0.10027433837338895
12834 0.03452685193799304
12865 0.012908617935368382
12877 0.028551410004168373
12894 0.1049966160738673
12903 0.01685536866418062
12940 0.03300932426613852
12984 0.03300932426613852
13051 0.05787810026475205
13064 0.029408910380098883
13088 0.05912447409548348
13129 0.04069028789127362
13336 0.011131170328228947
13351 0.04700226420641614
13382 0.05611893064036736
13476 0.0542203307862674
13480 0.03178688394308466
13587 0.05844262906318902
13596 0.030776573747700837
13608 0.025905067221938124
13624 0.03096088774265279
13676 0.06087673183844301
13712 0.0422169386044737
13744 0.028489478065058194
13754 0.013413408302680885
13786 0.014090076755996573
13816 0.02751031052599894
13872 0.05675526175486839
13874 0.022207023392280277
13875 0.029249923034500754
13965 0.028939050132376024
13982 0.04225153237988146
14079 0.03781353195640861
14083 0.030070305252752786
14102 0.048900864060516094
14163 0.008416105513198973
14170 0.06305200061995428
14171 0.06681377126033586
14242 0.3377355088357896
