79 0.020181230498318818
107 0.04364144293331201
145 0.06432534461755735
194 0.03807769509553336
249 0.030460401600838023
312 0.04479016655892863
322 0.026539152258521655
324 0.03636023921701832
326 0.050917569819791474
398 0.040369465443914204
548 0.03095985337353609
907 0.035814986080371675
917 0.025458784909895737
920 0.0267686931676025
968 0.021968065442467065
976 0.023067117954991244
1002 0.024106264874683304
1012 0.10154374984569986
1072 0.09214866063430073
1075 0.06865186327881928
1099 0.024289509364025613
1101 0.027995017052952216
1119 0.046074330317150365
1133 0.020244803800691876
1162 0.029230615962652088
1207 0.06432534461755735
1217 0.034800040703283144
1228 0.06432534461755735
1231 0.061188807260764644
1274 0.03608420446150487
1319 0.025375130657769477
1402 0.06191970674707218
1408 0.03997295663977378
1451 0.1506985408682007
1458 0.037737860982042445
1489 0.09391800833649332
1492 0.11870275846125744
1545 0.022984832353344163
1567 0.039250320667778366
1604 0.018701620960275594
1647 0.04753019511158092
1653 0.09705264226859561
1662 0.04833817880383989
1689 0.031690752859843616
1703 0.034800040703283144
1783 0.05875591987692629
1862 0.0372329280871215
1904 0.06432534461755735
1917 0.04420068297433502
1963 0.057494209748135426
2006 0.026653318646882387
2064 0.08246345721001704
2069 0.06874604573257177
2176 0.048579018728051225
2182 0.038307229645846694
2194 0.0372329280871215
2204 0.14260838786929628
2209 0.03203312486088577
2212 0.046074330317150365
2234 0.03281222697210706
2405 0.05119868140511915
2571 0.04260229601361995
2609 0.05262868898118014
2648 0.03901069648788812
2659 0.020373073403300867
2736 0.027865988440947106
2776 0.022042999005240274
2848 0.018701620960275594
2850 0.03456040928865457
2926 0.03636023921701832
2940 0.04646715200916025
2995 0.015184398881171185
3036 0.03365131707766651
3046 0.05119868140511915
3092 0.10113760563204753
3137 0.0468052298034579
3150 0.02724280223147601
3151 0.02852696598969773
3189 0.05676810614575021
3220 0.045323526145816535
3227 0.030139708173640135
3278 0.04364144293331201
3281 0.023067117954991244
3308 0.03432593163940964
3321 0.03393148855522934
3323 0.040369465443914204
3432 0.010683823486086697
3496 0.0352957074419331
3512 0.022903163129030884
3517 0.02866410981641773
3521 0.03608420446150487
3536 0.03504505754181282
3633 0.009527144522308947
3721 0.06190269171345867
3723 0.04541335276839974
3734 0.017953096370842095
3751 0.02852696598969773
3758 0.020055185274064195
3889 0.05119868140511915
3890 0.031483287830765636
3915 0.020373073403300867
3928 0.025878174709771027
3931 0.038863241250638246
3938 0.03184674783583276
3984 0.013758638451378476
4030 0.07763452412931307
4109 0.040369465443914204
4130 0.055087433583388065
4184 0.06960008140656629
4262 0.024761565365005168
4383 0.019625160333889183
4384 0.019153614822923347
4405 0.10744495824111502
4458 0.08073893088782841
4459 0.03851709184534322
4478 0.041208555549473655
4500 0.04260229601361995
4535 0.024382299630196752
4660 0.02736462238671202
4701 0.04420068297433502
4758 0.03664344450252788
4827 0.03470004673196947
4864 0.03130600277883111
4887 0.025154501240892704
4928 0.059238911089560704
4970 0.07286852809207683
5049 0.02894368386443624
5247 0.011948109772136926
5260 0.018981913786714516
5262 0.04260229601361995
5363 0.12234282099609826
5528 0.025458784909895737
5548 0.02880300074521118
5622 0.04479016655892863
5689 0.012497946802257055
5798 0.018925275786793736
5878 0.2754371679169403
5970 0.026094078605859376
6042 0.06432534461755735
6067 0.027738468970125957
6102 0.06210152741027221
6151 0.03281222697210706
6245 0.02703036969798516
6488 0.052852337925656724
6681 0.041401018273514806
6695 0.020969727517890592
6789 0.02401578476647527
6806 0.06432534461755735
6813 0.07434176920257007
6819 0.040369465443914204
6821 0.022582469701833
6851 0.030298875824785465
6987 0.04833817880383989
7067 0.05119868140511915
7087 0.05119868140511915
7100 0.025878174709771027
7167 0.03608420446150487
7195 0.03851709184534322
7201 0.030421534670056954
7245 0.02219442908488807
7342 0.08246345721001704
7375 0.055087433583388065
7422 0.018868930491021223
7447 0.055087433583388065
7466 0.01968556375966887
7468 0.014079856820942241
7475 0.03166350334649044
7530 0.04833817880383989
7669 0.05363156878895751
7693 0.017497693214360188
7726 0.030624356426798383
7782 0.06432534461755735
7865 0.031019758966368213
7891 0.05512353813510614
7901 0.03997295663977378
8007 0.055087433583388065
8115 0.01875710601878293
8122 0.03184674783583276
8124 0.035194525538171144
8153 0.04479016655892863
8157 0.03818159489860552
8247 0.03636023921701832
8250 0.014790753580780934
8279 0.036934202812562635
8344 0.043057935117827205
8502 0.04260229601361995
8673 0.01696574427761467
8688 0.01968556375966887
8716 0.027995017052952216
8744 0.012793146249760948
8758 0.03184674783583276
8867 0.05119868140511915
8870 0.030298875824785465
8981 0.024761565365005168
8996 0.01197793958682157
8997 0.08612328059982147
9050 0.05875591987692629
9094 0.01530531831432266
9113 0.03608420446150487
9134 0.024475886389078626
9138 0.03432593163940964
9150 0.05573197688189421
9184 0.052347405030735775
9276 0.043109493996566495
9287 0.03818159489860552
9402 0.028125590954516434
9496 0.023574315937937778
9497 0.008901307822860994
9719 0.03570047818830286
9758 0.026653318646882387
9765 0.020181230498318818
9783 0.05005851068878847
9880 0.041208555549473655
9902 0.015094572258587978
9911 0.0372329280871215
9917 0.04260229601361995
9959 0.03818159489860552
10048 0.026203655311783952
10050 0.07772648250127649
10072 0.037540069255935435
10079 0.023488127422174886
10156 0.0533975161995699
10207 0.041208555549473655
10273 0.061188807260764644
10327 0.029230615962652088
10387 0.0338715829623972
10390 0.04921086767394307
10445 0.07151113948065033
10460 0.0427728907852582
10614 0.0996529029909927
10657 0.033464541784436946
10726 0.061188807260764644
10836 0.03166350334649044
10903 0.08073893088782841
10992 0.03241571816796665
10999 0.006668477253155242
11000 0.07957262007025978
11003 0.03247115514759199
11020 0.1454409568680733
11090 0.046777980290104715
11098 0.13621401115738002
11135 0.02700317081684743
11200 0.026426168962828362
11213 0.06635535343052167
11255 0.027168380164584574
11259 0.026885301663816676
11262 0.022903163129030884
11311 0.023748764307023967
11314 0.029828178680973
11359 0.05496280871389166
11369 0.037856114296592594
11482 0.05660679147306367
11505 0.03281222697210706
11569 0.04921086767394307
11722 0.03636023921701832
11733 0.05417079976614957
11815 0.02631434449059007
11842 0.02457028343300908
11886 0.07844148363659516
11919 0.034800040703283144
11955 0.02894368386443624
11960 0.046777980290104715
12069 0.05112425933822772
12078 0.023926049358958493
12130 0.06432534461755735
12327 0.04420068297433502
12335 0.023233576004580123
12354 0.018428353761691864
12378 0.015184398881171185
12413 0.04438885816977614
12504 0.24475522904305858
12523 0.021176095643612516
12541 0.04921086767394307
12552 0.03664344450252788
12582 0.024106264874683304
12584 0.0295253039142742
12667 0.03664187247592778
12807 0.10498615928616112
12834 0.009037311130675603
12877 0.05978604151703084
12881 0.02866410981641773
12903 0.05294217188894215
12940 0.06912081857730915
12942 0.04833817880383989
12953 0.09506039022316184
13027 0.1023973628102383
13079 0.01563448415904976
13480 0.03328052735120349
13503 0.037856114296592594
13557 0.03432593163940964
13596 0.03222274338751345
13600 0.0711045110495187
13712 0.04420068297433502
13806 0.025054931686167327
13816 0.05760600149042236
13822 0.017901546438088597
13827 0.026094078605859376
13832 0.024665504915706307
13860 0.035814986080371675
13872 0.05942215174471465
13874 0.011625257932153877
13885 0.10726313757791502
13919 0.024382299630196752
13967 0.05363156878895751
14004 0.04479016655892863
14016 0.04364144293331201
14062 0.013480845323074166
14101 0.041208555549473655
14170 0.0165036924894694
14171 0.3730842856817845
14182 0.05015953448542709
14242 0.08840136594867004
