79 0.021886143717521494
194 0.020647252093033423
323 0.06635804638990558
324 0.03943195739097358
326 0.08282864002636442
328 0.033392026857128006
336 0.032858529158359955
339 0.033033700654917855
483 0.0272795570788715
486 0.04468986017588868
556 0.05756236722231347
635 0.05552395328289713
832 0.06156388381674269
920 0.029030116168842574
1001 0.033033700654917855
1002 0.026142765555544775
1012 0.17619548841081206
1024 0.03773995308517488
1029 0.03943195739097358
1081 0.051545552746179425
1085 0.03321150640786482
1117 0.03558420856762395
1249 0.029945125226213842
1255 0.024838025603521368
1290 0.04675139017301654
1319 0.041278237950339
1397 0.02237741330085637
1402 0.033575346184319614
1408 0.04334987769478293
1458 0.061388941257593165
1492 0.06436539217878068
1519 0.021024641354194955
1545 0.02492659425550559
1550 0.07372869610910131
1564 0.11829587217292072
1566 0.027171575874019253
1615 0.03673305910245326
1642 0.09993339257422519
1651 0.06635804638990558
1653 0.09021571137735979
1655 0.0268534259243732
1660 0.03453716561677274
1703 0.03773995308517488
1721 0.047934762950628235
1940 0.022965055211608267
1963 0.015587832188649755
2006 0.028904994792223294
2017 0.05228553111108955
2176 0.026341490565376248
2182 0.020771714923897795
2204 0.06873598432610653
2250 0.051545552746179425
2405 0.05552395328289713
2407 0.051545552746179425
2594 0.04422611996413646
2595 0.049966696287112596
2618 0.03673305910245326
2648 0.02115316283428939
2736 0.06044022220549599
2816 0.07768128238378173
2848 0.12168921933317223
2919 0.08281436291852262
2965 0.020834441117446083
3044 0.02749852370243759
3046 0.11104790656579426
3078 0.03494492532606886
3092 0.10968172492224387
3137 0.2537967113292312
3151 0.09281078438612296
3220 0.07372869610910131
3227 0.032685915001436416
3232 0.034143000458848764
3301 0.0421464133919403
3321 0.018399012764138665
3323 0.08755976723804089
3332 0.021955087701509488
3540 0.15726538504659884
3751 0.030936928128707655
3758 0.021749450174817355
3760 0.03773995308517488
3763 0.03673305910245326
3789 0.05189465081490454
3790 0.04638635067460309
3882 0.037225791220239064
3915 0.04418838707673467
3922 0.050729790709734254
3931 0.0421464133919403
4161 0.04675139017301654
4180 0.03827749382031448
4319 0.054397019083820684
4384 0.020771714923897795
4586 0.037225791220239064
4720 0.07252008327318712
4735 0.0374800775745993
4747 0.025105747073079852
4762 0.07395371732510644
4815 0.037225791220239064
4842 0.04071145963917097
4852 0.04105420420975644
4885 0.0374800775745993
4928 0.021414474237726456
4991 0.06790147668108762
5161 0.06436539217878068
5179 0.049966696287112596
5247 0.0388724633486787
5260 0.02058550855976024
5544 0.16319105725146205
5548 0.031236282339577082
5551 0.056447267413441
5663 0.019926794155650573
5685 0.04950023092123101
5689 0.027107550246841725
5844 0.0870903485065277
5970 0.028298510073095695
5999 0.050729790709734254
6022 0.04468986017588868
6044 0.019810873033485932
6067 0.03008181876891798
6081 0.03494492532606886
6109 0.04430814048063532
6154 0.04898047990007985
6210 0.026645984467590846
6235 0.024576232036367104
6282 0.05242179501553294
6417 0.031236282339577082
6519 0.02311664523353536
6537 0.04105420420975644
6579 0.034338440606941266
6590 0.05552395328289713
6606 0.031095092852994808
6629 0.028658655470594208
6695 0.022741253077311164
6752 0.027949010940913573
6813 0.064497737939926
6821 0.024490239950039926
6928 0.049249879261152936
7026 0.041771021235716105
7099 0.013519847238582332
7201 0.021994366826868957
7244 0.049249879261152936
7245 0.024069417606655073
7374 0.03558420856762395
7396 0.049249879261152936
7422 0.02046298041919772
7479 0.020341708999660285
7486 0.02624171056603029
7491 0.01765512851593501
7571 0.030644966140494383
7580 0.013553775123420863
7862 0.020162102613228785
8077 0.050729790709734254
8078 0.03251578458777448
8202 0.025565877497060675
8250 0.0320805570885664
8346 0.035154202643386444
8384 0.04468986017588868
8662 0.07395371732510644
8665 0.21347283506138479
8669 0.0272795570788715
8673 0.11039407658483198
8683 0.03321150640786482
8744 0.006936956531091198
8981 0.0268534259243732
8997 0.018679797515707912
9094 0.01659831377960746
9099 0.02259437094306458
9113 0.07826520636020828
9373 0.06635804638990558
9402 0.030501644873539697
9459 0.058162371338509086
9496 0.07669763249118203
9528 0.06606740130983571
9531 0.027064571888040526
9645 0.0382764893936353
9652 0.017559388237750825
9672 0.050729790709734254
9708 0.021088727471806314
9719 0.01935822982841723
9765 0.08754457487008598
9784 0.03251578458777448
9827 0.014398695891668086
9835 0.03913260318010414
9853 0.04071145963917097
9890 0.0505753123915102
9941 0.038840641191890866
9959 0.04140718145926131
10030 0.08210840841951288
10037 0.029809993929631212
10091 0.03673305910245326
10445 0.1809556249713205
10460 0.04638635067460309
10516 0.01418173824945988
10539 0.054397019083820684
10553 0.0374800775745993
10582 0.03494492532606886
10608 0.035154202643386444
10614 0.043228637756469436
10616 0.029284402523202805
10645 0.17342996875333977
10749 0.03697685866255322
10797 0.029284402523202805
10887 0.033392026857128006
10999 0.028927324634984295
11000 0.0767066011706061
11003 0.035214322946925246
11098 0.059088556067556766
11213 0.023987021037993852
11246 0.022889982833993478
11255 0.08839070634031336
11259 0.029156575767380927
11262 0.024838025603521368
11284 0.06371962833429362
11311 0.05151012657829464
11317 0.025472407763243225
11352 0.03943195739097358
11356 0.020834441117446083
11359 0.03973738306760116
11365 0.018297082307417518
11376 0.049249879261152936
11482 0.12277788251518633
11564 0.058162371338509086
11569 0.10673641753069239
11733 0.019582385541750354
11884 0.13951911773627837
11905 0.026044641674942803
11912 0.035154202643386444
12017 0.032858529158359955
12042 0.047934762950628235
12064 0.015397513355126388
12175 0.021614318878234718
12347 0.04517253371394971
12413 0.024069417606655073
12651 0.049966696287112596
12665 0.09135150525199157
12667 0.07947476613520232
12768 0.0831648660438348
12807 0.07590360329049105
12834 0.039203137834910466
12865 0.014656949584841298
12877 0.03241838739844049
12894 0.07947817579846347
12903 0.01913824469681765
12940 0.0374800775745993
12984 0.0374800775745993
12994 0.03251578458777448
13051 0.032858529158359955
13336 0.02527753213209918
13351 0.053368208765346196
13382 0.06371962833429362
13476 0.06156388381674269
13480 0.0360920710292676
13596 0.03494492532606886
13608 0.0294136263204103
13624 0.035154202643386444
13676 0.06912182186454179
13744 0.032348067452976595
13754 0.015230108307305397
13786 0.015998424129770518
13816 0.031236282339577082
13822 0.019413871624058318
13872 0.021480714521636562
13874 0.012607361373607606
13965 0.032858529158359955
13982 0.047974042075987704
14079 0.04293496285077322
14102 0.05552395328289713
14163 0.009555975304659289
14170 0.08948963387648662
14171 0.1011506247830204
14182 0.054397019083820684
14242 0.3355433406543976
