194 0.04454486375818371
527 0.0753909978274958
663 0.10086254075743945
1001 0.07126767709677123
1012 0.047516032585726335
1119 0.10779931724217029
1194 0.07283796176650624
1319 0.1187395124794771
1408 0.09352403831498597
1615 0.07924875938780168
1653 0.12975565478139484
1689 0.03707315437539698
2017 0.05640101281694535
2064 0.12862555387462388
2204 0.03707315437539698
2571 0.09967585837069859
2599 0.09262889134267306
2736 0.06519757330241965
3092 0.20282564083350912
3130 0.036191755218618775
3220 0.10604267365136298
3281 0.053969738663072066
3383 0.1062528394534047
3432 0.0249967578347483
3758 0.04692277163504653
3790 0.1000749960202553
3865 0.04591664968755692
3928 0.060546719745778195
4404 0.05475469509209031
4459 0.09011777652547696
5070 0.07494735062597974
5551 0.04059355090165383
5663 0.042990530982102114
6155 0.08318100004074612
6182 0.08933282009645872
6210 0.05748666904745155
6302 0.15050090111801037
6579 0.07408255353363867
6601 0.07977473825123707
6618 0.0825807589091205
6813 0.0347872314473076
6861 0.08379570619748698
6995 0.07773292312957604
7201 0.023725580269370692
7242 0.037883034178266224
7245 0.05192792354141103
7342 0.12862555387462388
7418 0.04906251037449189
7423 0.07366090639481204
7431 0.07773292312957604
7448 0.08318100004074612
7580 0.05848246183670642
7865 0.03628819794637874
7959 0.08442559180787855
8202 0.055156421049812915
8235 0.10944563496702532
8247 0.08507142557202949
8250 0.034605671455888096
8673 0.03969445973588778
8683 0.0716512793797654
8706 0.04200455042618969
8744 0.02993190398233783
8862 0.16084393939225025
8997 0.040300231314966226
9150 0.06519757330241965
9496 0.055156421049812915
9509 0.10944563496702532
10386 0.05416372492953177
10445 0.055771127206553785
10499 0.05003749801012765
10516 0.030596013228780337
10567 0.0255615573891447
10645 0.062360310667443936
10726 0.1431623986755569
10999 0.015602121397899
11000 0.010343038274239871
11003 0.0379861012724481
11255 0.03178269561552118
11262 0.053586136380077906
11482 0.04414731174649139
11581 0.08318100004074612
11770 0.1431623986755569
11861 0.07677020241945066
11912 0.15168499519658535
12064 0.033218954828877274
12131 0.16084393939225025
12327 0.10341557681842899
12504 0.1431623986755569
12554 0.10086254075743945
12558 0.07088975802001807
12666 0.12059569757072425
12667 0.1714607161163395
12695 0.05682974679318588
12768 0.299036373032272
12770 0.08031179116351461
12810 0.06706492414094262
12834 0.021144441229767826
12885 0.165161517818241
12900 0.17942182381936317
13480 0.03893293837614045
13617 0.08379570619748698
13786 0.034515373764759744
13806 0.058620592219713524
13816 0.20216965456600847
13874 0.02719941579669216
13912 0.04906251037449189
13918 0.055156421049812915
13975 0.2017250815148789
14072 0.03819349323681663
14113 0.07873340709028012
14163 0.020616284244732063
14170 0.23168043074223058
14242 0.10341557681842899
