898 0.14606621247067422
940 0.0760579267838927
997 0.05912477258847405
1001 0.06610789530022454
1012 0.1763034820396336
1142 0.14919883372346182
1319 0.027535692121458955
1455 0.09592828619125515
1479 0.07303310623533711
1604 0.040587935004519765
1653 0.06018067088992541
1943 0.08359324700797868
2017 0.1569527337785856
2128 0.11360903301140722
2176 0.05271527155067621
2182 0.04156889262089735
2405 0.11111596997939947
2571 0.09245932346276348
2599 0.08592255704282986
2965 0.04169442190019274
3092 0.0940705294085559
3220 0.09836518114069108
3332 0.04393708880032974
3432 0.023186991874882833
3496 0.07660190967588802
3606 0.053531290816921664
3758 0.08705112333699272
3760 0.07552616926734486
3956 0.04463928316649807
3984 0.02986023106774627
3986 0.08080623965366564
4150 0.06575733757509998
4219 0.07860452796673723
4222 0.07399904499138675
4928 0.042855199167829844
5551 0.11296373007472885
5689 0.05424832997925114
5812 0.14919883372346182
5844 0.058095818579063534
5970 0.05663170955646632
6044 0.0396460310028497
6067 0.12040102599403447
6182 0.08286512144617156
6245 0.029331866226471603
6519 0.04626162774661706
6567 0.07952688951238437
6579 0.06871897460506599
6730 0.09856013093284155
6896 0.14919883372346182
7020 0.09871188179245838
7649 0.056396262701908
7671 0.03851904593182567
7792 0.1578245040067781
7891 0.03987801534778271
7959 0.0783131766216579
8154 0.07552616926734486
8654 0.14919883372346182
8673 0.03682057975112441
8744 0.013882416652319998
9094 0.033216974415465846
9402 0.06104067984536886
9496 0.05116309463748927
9528 0.06610789530022454
9684 0.0947145733005287
9765 0.13139734895443936
9961 0.05663170955646632
10106 0.09356009001182278
10156 0.03862935948198501
10335 0.056396262701908
10445 0.10346659210289869
10495 0.112792525403816
10496 0.07715869333295199
10531 0.06191177994278711
10575 0.05212120988093591
10754 0.20856348109187725
10888 0.09356009001182278
10993 0.1396046317068699
10999 0.014472527376375346
11000 0.009594202016591922
11003 0.0704718129755486
11200 0.057352441831648004
11311 0.15462509439881356
11320 0.0712120376370737
11325 0.04833439174172255
11482 0.08190209030555444
11733 0.03918877593055679
11738 0.1396046317068699
11815 0.05710975033336755
11912 0.07035149867067311
12117 0.04935594089622919
12175 0.043255133426151116
12327 0.09592828619125515
12387 0.055252938203152926
12545 0.1396046317068699
12667 0.11928521663891181
12735 0.07425978827610175
12768 0.16643167880328127
12865 0.08799559867941482
12892 0.07715869333295199
12903 0.03829994979563227
13057 0.0668249869547894
13165 0.1396046317068699
13404 0.11111596997939947
13480 0.07222838511784724
13669 0.08850645401998099
13786 0.09604937924343662
13816 0.06251085532451826
13914 0.1396046317068699
13924 0.2177214402832685
14043 0.07715869333295199
14159 0.14919883372346182
14170 0.14327117409127382
14242 0.1918565723825103
