11 0.023287815248482356
79 0.02190270747655637
107 0.09472819395257277
194 0.020662878240463294
300 0.03776851524290164
312 0.04861080775268757
324 0.03946180008272081
326 0.05526088398192227
398 0.04381301688599519
548 0.033600756505611826
907 0.03887003636674516
917 0.027630441990961135
968 0.023841961036631814
976 0.02503476370965003
1012 0.11020552236040589
1072 0.05000451182591883
1075 0.18626982126310163
1101 0.030383017000033707
1119 0.05000451182591883
1162 0.06344802719961616
1207 0.06981235393968695
1217 0.03776851524290164
1228 0.06981235393968695
1231 0.06640826714622583
1290 0.04678677232034071
1397 0.0223943488600176
1402 0.033600756505611826
1408 0.043382685526879586
1451 0.19626391312789598
1458 0.020478467107084525
1459 0.058206389486072325
1489 0.13590573105680928
1492 0.06441410486476114
1519 0.02104055311542984
1567 0.042598408061341936
1604 0.040593771848002454
1647 0.0515845631870331
1653 0.09028398796933053
1689 0.03439400237060963
1781 0.056812685412841075
1904 0.06981235393968695
1917 0.09594208138413694
1923 0.059786440847186595
1963 0.062398517167428856
2017 0.026162550789287014
2064 0.14916277288171206
2105 0.03497137216522259
2114 0.027192139726709978
2176 0.07908427859148351
2182 0.04157487053329791
2194 0.1212267902776022
2204 0.0859850059265241
2209 0.03476557900899222
2212 0.05000451182591883
2234 0.03561113922584169
2349 0.07461014480637933
2453 0.07461014480637933
2609 0.08567694470306057
2648 0.04233834372498332
2730 0.024254295725774446
2763 0.030242982132234676
2776 0.023923286499206282
2926 0.03946180008272081
2940 0.025215420779473748
3010 0.017336485805098625
3027 0.043382685526879586
3036 0.03652180446650045
3062 0.058206389486072325
3092 0.09408405744235289
3119 0.0515845631870331
3137 0.02539887884545832
3151 0.03096034165597938
3220 0.02459483169424606
3236 0.02636142619716117
3281 0.02503476370965003
3308 0.03725396425262033
3323 0.04381301688599519
3332 0.021971703638376715
3432 0.011595163167400184
3496 0.03830646279686337
3517 0.03110918397355332
3633 0.020679636910781268
3928 0.05617121223034946
3931 0.04217831042435582
3984 0.029864525188525753
4030 0.02808560611517473
4079 0.031567285371761476
4130 0.059786440847186595
4184 0.07553703048580328
4287 0.04472368212665395
4383 0.042598408061341936
4404 0.02539887884545832
4405 0.03887003636674516
4458 0.04381301688599519
4459 0.08360526833153065
4535 0.052924263111749865
4701 0.04797104069206847
4758 0.039769163031914974
4795 0.03858489466018721
4827 0.037659991696565594
4928 0.021430681030284813
4970 0.02636142619716117
5049 0.03141260593745667
5059 0.02017736159231767
5185 0.039769163031914974
5197 0.03776851524290164
5211 0.03750844305467504
5260 0.020601087978765944
5363 0.08851918189882638
5528 0.05526088398192227
5548 0.0312599224225673
5622 0.04861080775268757
5689 0.013564032821992837
5798 0.020539618706888522
5844 0.029052086592466823
5878 0.17935932254155976
5926 0.0555659746364399
5962 0.023841961036631814
6042 0.06981235393968695
6067 0.03010458513670987
6102 0.02246628104643816
6151 0.03561113922584169
6245 0.05867216872900406
6315 0.015559313040840975
6486 0.04180263416576532
6488 0.028680344767238027
6567 0.039769163031914974
6606 0.015559313040840975
6629 0.028680344767238027
6695 0.022758463995825887
6789 0.026064352647073002
6813 0.0645465507871466
6821 0.024508774527829163
6851 0.03288339698186711
6992 0.04678677232034071
7099 0.027060158520053036
7153 0.032372548951474026
7167 0.03916221931613288
7195 0.04180263416576532
7201 0.033016518736143564
7233 0.03539401738686348
7245 0.024087633699836773
7342 0.14916277288171206
7375 0.059786440847186595
7418 0.022758463995825887
7422 0.020478467107084525
7447 0.059786440847186595
7466 0.02136475992259463
7468 0.015280881177517134
7491 0.01766849017974578
7633 0.05762215171660407
7669 0.058206389486072325
7726 0.03323664136980353
7733 0.04008472328536927
7782 0.06981235393968695
7891 0.07976750019919794
7901 0.043382685526879586
8007 0.059786440847186595
8015 0.04108527464202061
8020 0.03830646279686337
8097 0.04380541495311274
8115 0.020357103907533355
8124 0.03819664998638069
8153 0.04861080775268757
8156 0.06133631741318332
8157 0.04143851902995704
8202 0.02558522613334133
8247 0.07892360016544162
8250 0.048157254196862835
8254 0.06981235393968695
8474 0.03096034165597938
8507 0.039769163031914974
8573 0.07461014480637933
8673 0.0368258748212216
8688 0.02136475992259463
8689 0.03305870105081859
8691 0.02656370134883872
8716 0.060766034000067415
8717 0.03539401738686348
8744 0.006942206522953604
8758 0.034563303857314674
8973 0.05076818376974752
8981 0.026873748996450817
8996 0.025999337053691757
8997 0.09346967332127798
9050 0.0637678522965934
9134 0.02656370134883872
9138 0.03725396425262033
9150 0.030242982132234676
9204 0.021630676916188907
9241 0.056812685412841075
9276 0.04678677232034071
9287 0.04143851902995704
9299 0.04217831042435582
9317 0.03725396425262033
9385 0.06833768077867508
9387 0.03858489466018721
9496 0.02558522613334133
9497 0.009660597326765996
9528 0.03305870105081859
9645 0.019152728805009577
9708 0.021104687734368036
9719 0.03874576084925631
9765 0.02190270747655637
9783 0.03621903089341489
9902 0.008191076373939059
10048 0.02843885050311115
10072 0.04074227067724716
10156 0.05795237200186024
10273 0.06640826714622583
10327 0.03172401359980808
10386 0.025124747475813027
10390 0.05340859861937995
10445 0.07761110351969784
10460 0.06963218483190951
10508 0.043382685526879586
10522 0.03539401738686348
10543 0.052461468609566686
10614 0.021630676916188907
10645 0.02892687052212904
10657 0.07263819414803067
10726 0.06640826714622583
10887 0.03341729843962725
10994 0.03830646279686337
10999 0.014474608632223555
11000 0.07676465386707804
11003 0.03524097367020466
11020 0.15784720033088323
11025 0.06981235393968695
11084 0.07461014480637933
11090 0.05076818376974752
11098 0.0886999127482444
11135 0.029306565394521537
11200 0.05736068953447605
11213 0.024005174772227064
11232 0.04507730637560776
11255 0.04422880087066619
11262 0.049713646781330174
11267 0.06981235393968695
11311 0.025774555104048816
11317 0.025491685660239332
11325 0.02417067129132053
11332 0.03378710379349483
11359 0.01988372845502123
11369 0.04108527464202061
11482 0.020478467107084525
11505 0.03561113922584169
11600 0.03700484329907294
11733 0.09798602891169278
11849 0.02892687052212904
11886 0.08513261221918803
11905 0.026064352647073002
11919 0.03776851524290164
12064 0.0154091664222104
12069 0.027742602150401276
12078 0.025966962729184036
12173 0.03305870105081859
12182 0.03096034165597938
12335 0.025215420779473748
12413 0.024087633699836773
12504 0.1992248014386775
12522 0.10000902365183766
12523 0.02298243550690639
12541 0.05340859861937995
12552 0.039769163031914974
12582 0.026162550789287014
12631 0.06640826714622583
12667 0.01988372845502123
12747 0.06640826714622583
12807 0.1519220965324518
12877 0.048664383174177574
12903 0.038305457610019154
12940 0.03750844305467504
12942 0.052461468609566686
12953 0.1031691263740662
12959 0.03858489466018721
12984 0.03750844305467504
13027 0.0555659746364399
13051 0.03288339698186711
13306 0.0637678522965934
13336 0.025296662544319642
13480 0.03611938604534875
13557 0.03725396425262033
13600 0.03858489466018721
13775 0.03204383869678532
13816 0.0312599224225673
13824 0.03518080786672609
13827 0.05663985361269389
13860 0.07774007273349032
13872 0.021496971445826844
13885 0.058206389486072325
13912 0.022758463995825887
13919 0.026462131555874933
13948 0.02218113933988021
14004 0.04861080775268757
14014 0.031567285371761476
14016 0.047364096976286386
14062 0.014630773464115256
14072 0.017716689057900917
14094 0.04861080775268757
14154 0.04623630989664941
14170 0.035822944384882885
14171 0.30368153124020997
14182 0.05443818755680291
14242 0.04797104069206847
