68 0.07089074048062048
288 0.04465550816320912
336 0.030207784446384302
556 0.02645936421705085
920 0.026688215027993116
962 0.038066804695530615
968 0.04380404008568909
1045 0.030368824606875646
1064 0.03376975049843001
1107 0.018054780841888232
1196 0.05000873347344696
1198 0.10208951254618996
1319 0.012649421081519053
1350 0.07250184957609303
1521 0.04527682080842162
1524 0.034456505918165944
1546 0.06413195512214415
1553 0.06100484753802317
1655 0.024687121509942286
1689 0.03159547690382243
1703 0.03469541689828094
1714 0.03156830931415997
1848 0.03682316280356032
1917 0.04406779681837041
1942 0.021464242275314436
1963 0.028660678782777574
2017 0.024033791133141313
2062 0.06853936571904183
2176 0.04843296942236399
2182 0.13367221605847338
2413 0.06853936571904183
2594 0.04065833538494421
2605 0.15941112334883173
2659 0.02031182323186525
2693 0.13749438070533104
2738 0.04108466500816679
2776 0.021976728323281833
2793 0.018812202416444386
2814 0.05219002634422779
2815 0.05219002634422779
2953 0.03910282749517863
3009 0.06853936571904183
3021 0.0424742152924283
3026 0.04593581117598586
3108 0.053470329357004506
3110 0.0429798884213289
3130 0.015422153649778555
3137 0.046664513265859756
3147 0.053146374744847125
3170 0.07250184957609303
3232 0.031388635603346725
3321 0.01691473799471538
3333 0.0748544155065968
3402 0.03544537024031024
3417 0.03493969711140965
3432 0.01065170334362431
3467 0.038066804695530615
3512 0.04566861285171397
3514 0.05659743694112547
3617 0.05104475627309498
3633 0.009498501851479086
3666 0.025589299022906895
3734 0.017899121685297788
3756 0.025589299022906895
3867 0.0748544155065968
3956 0.020506515218847575
3984 0.013717274100149512
4045 0.04108466500816679
4052 0.028856666772631726
4150 0.030207784446384302
4188 0.026688215027993116
4190 0.03493969711140965
4241 0.03333489203050527
4282 0.06853936571904183
4444 0.03653327863735175
4542 0.024979605846481456
4727 0.06853936571904183
4735 0.034456505918165944
4747 0.023080430420181743
4788 0.04199102409918459
4815 0.03422273320901178
4827 0.034595723551608636
4922 0.07098264057306129
5093 0.06853936571904183
5161 0.11834588720468725
5181 0.07364632560712064
5223 0.01759433502629978
5247 0.011912188644411717
5277 0.05659743694112547
5416 0.06853936571904183
5455 0.0818470578870415
5472 0.05000873347344696
5528 0.025382244914706743
5617 0.2741574628761673
5663 0.07327708427365377
5689 0.03738111788782504
5746 0.05247046463482271
5771 0.05000873347344696
5826 0.04527682080842162
5845 0.13707873143808366
5938 0.021392963252588923
5962 0.021902020042844545
6044 0.018212701469565728
6102 0.020638274553475257
6151 0.06542715877058557
6210 0.0489928293064755
6310 0.015463250152474638
6412 0.08614921982108358
6484 0.03544537024031024
6497 0.03985278083720793
6521 0.03947133776922868
6579 0.03156830931415997
6596 0.06100484753802317
6712 0.038746401727115014
6758 0.038066804695530615
6811 0.0374272077532984
6813 0.04447095963072728
6879 0.06413195512214415
7006 0.025694324110607684
7099 0.06214590877803058
7201 0.020220049684473607
7242 0.03228569436811809
7245 0.022127703139349347
7316 0.2908643639057035
7466 0.01962638053624362
7486 0.04824950821521276
7494 0.05857927445411364
7547 0.03985278083720793
7580 0.012460372629275011
7604 0.027910852059291582
7633 0.017644543023255462
7693 0.0174450876654628
7822 0.04738729901822659
7851 0.04843296942236399
7865 0.04638975045742392
7901 0.07970556167441586
8011 0.030532286514511956
8027 0.028856666772631726
8081 0.05000873347344696
8250 0.05898514500030707
8328 0.12200969507604634
8345 0.0329167630957254
8412 0.024881234025643975
8433 0.031091824478326167
8474 0.08532360519011702
8669 0.02507887605254324
8673 0.01691473799471538
8700 0.038746401727115014
8706 0.017899121685297788
8724 0.10001746694689392
8744 0.006377342290497091
8923 0.06753950099686001
8997 0.008586435718670099
9059 0.05857927445411364
9094 0.015259303981969787
9099 0.08308660242950572
9126 0.022997768333493297
9147 0.04465550816320912
9295 0.04152840057908816
9409 0.022280804431095428
9471 0.2056180971571255
9497 0.01774909336959225
9592 0.038746401727115014
9708 0.01938746955612862
9725 0.01696189647221909
9827 0.013237132426357769
9902 0.007524595759503341
9916 0.03518959345073678
9929 0.04663734567619729
9957 0.030866774813948533
10003 0.07676789706872068
10064 0.05857927445411364
10068 0.04181336709804069
10113 0.029586471801171813
10316 0.020376333878272927
10327 0.02914273623025044
10330 0.038066804695530615
10335 0.02590746843019989
10361 0.023080430420181743
10386 0.09232172168072697
10516 0.02607535413713022
10523 0.06413195512214415
10567 0.010892377647940635
10587 0.0489928293064755
10608 0.03231826265618928
10655 0.04065833538494421
10755 0.04738729901822659
10837 0.04024809756631144
10949 0.09299065869128173
10950 0.1270913305560552
10994 0.03518959345073678
10999 0.08642957646283034
11000 0.0044074105968976915
11003 0.03237353296854558
11102 0.030207784446384302
11188 0.04738729901822659
11200 0.07904016179238914
11201 0.05219002634422779
11208 0.10001746694689392
11226 0.05857927445411364
11232 0.020704758014642746
11237 0.05857927445411364
11245 0.028041033399866234
11255 0.013543350197465701
11416 0.06100484753802317
11446 0.06413195512214415
11553 0.03985278083720793
11600 0.033993882398069504
11627 0.05659743694112547
11658 0.05000873347344696
11752 0.04024809756631144
11815 0.026235232317411355
11869 0.032125868040454066
11922 0.038401292994967196
11976 0.03271357938529278
12041 0.023590055562219943
12181 0.030207784446384302
12219 0.03774230262740296
12280 0.1274226458772849
12288 0.2778009733255368
12324 0.0429798884213289
12344 0.06413195512214415
12358 0.053470329357004506
12406 0.02590746843019989
12614 0.02507887605254324
12712 0.11730848248553588
12733 0.04075266775654585
12735 0.03411366335683349
12740 0.06853936571904183
12834 0.018020282217008046
12903 0.01759433502629978
12919 0.061396488240032035
12959 0.10633611072093073
12963 0.13507900199372003
13077 0.1719195536853156
13079 0.01558748021339598
13083 0.04906291876010682
13311 0.04465550816320912
13335 0.06100484753802317
13463 0.13707873143808366
13596 0.06425173608090813
13600 0.03544537024031024
13695 0.028441201730039004
13754 0.05600589443610159
13786 0.01470780829126019
13787 0.018924846036032186
13832 0.0245913498594354
13874 0.011590307435131059
13904 0.06853936571904183
13912 0.04181336709804069
14007 0.06100484753802317
14062 0.026880632273580788
14072 0.04882542315744949
