326 0.03783305997007153
907 0.05322290600284301
1012 0.060359687881333966
1029 0.054033180125925916
1107 0.026911236915135094
1217 0.051714645123400495
1255 0.03403527494464798
1408 0.05940186348586517
1451 0.08957830398029411
1461 0.02779156781565939
1489 0.04652232558413935
1545 0.06831327920038359
1550 0.033676542081615086
1604 0.02779156781565939
1653 0.061810801511939226
1689 0.023547041967763926
1703 0.051714645123400495
1871 0.030468316351935695
1917 0.06568448162803482
1940 0.0314687640927182
1963 0.06407950810589139
2006 0.07921639672417947
2172 0.046263086361502545
2176 0.03609545654535947
2204 0.0941881678710557
2209 0.09520573257364025
2405 0.07608386617208716
2425 0.030179843940666983
2621 0.06656048446502152
2659 0.030275431862506263
2694 0.06568448162803482
2736 0.04141028786499103
2793 0.028040198358423574
2919 0.056739808072711194
2949 0.10566494984736771
2965 0.028549206892266997
2967 0.08731431009641119
3014 0.05828403368558179
3046 0.07608386617208716
3092 0.08588323918496905
3137 0.03477748589208797
3151 0.04239253439911502
3157 0.03665420521720542
3189 0.08436031695152688
3191 0.08731431009641119
3215 0.05723837374073606
3227 0.044789151990147054
3323 0.05999109590284022
3376 0.05578646806856817
3517 0.04259633715871985
3540 0.07183301261243126
3633 0.014157825337373064
3751 0.04239253439911502
3758 0.029803033800314765
3890 0.0935715605259228
3891 0.15558185677869116
4030 0.07691258944021342
4180 0.0524512313161384
4184 0.1551439353702015
4219 0.05382247383027019
4283 0.050334909306670235
4384 0.0284632538749972
4405 0.05322290600284301
4593 0.04968673864443075
4660 0.040665232197017606
4747 0.034402130747539034
4762 0.05066898517855475
4827 0.025783024477036245
4864 0.04652232558413935
4887 0.11214263650038003
4970 0.10828636963607842
4990 0.035958729103093084
5260 0.028208097329906662
5358 0.10996261565161627
5363 0.060602568688107226
5543 0.10216014943803223
5551 0.05156604895407249
5622 0.06656048446502152
5663 0.027305468183301145
5798 0.02812393035747763
5800 0.04652232558413935
5938 0.0318869061579254
5999 0.06951447760990585
6032 0.056739808072711194
6067 0.041220787391814354
6245 0.040168515560205696
6278 0.02622492748062038
6459 0.3064804483140967
6488 0.03927064228274761
6629 0.03927064228274761
6789 0.035688687756076816
6813 0.22095136295596046
7087 0.07608386617208716
7142 0.1818594110274164
7195 0.05723837374073606
7242 0.024061437735491267
7245 0.032982059809291545
7423 0.0467857802629614
7466 0.029253757274752403
7604 0.041602030999359815
7614 0.06656048446502152
7651 0.050007582906142066
7726 0.04550936414838715
7865 0.023048476299739065
8004 0.054033180125925916
8097 0.029990343467490316
8124 0.026150434909135968
8157 0.056739808072711194
8346 0.048171419561541126
8498 0.21613272050370366
8545 0.07608386617208716
8658 0.01933518266461191
8673 0.025211966044868177
8744 0.009505635696795788
8983 0.0909297055137082
8997 0.03839508348042784
9099 0.03096081949201083
9113 0.05362297832343906
9138 0.10202018948183017
9387 0.052832474923683856
9392 0.052832474923683856
9402 0.04179607051326
9496 0.07006528487435701
9531 0.037086286976773845
9652 0.024061437735491267
9672 0.06951447760990585
9680 0.060602568688107226
9719 0.026526370701480277
9722 0.03960819836208974
9765 0.029990343467490316
9902 0.056078271164835006
9959 0.056739808072711194
9990 0.055330040540697484
10050 0.1155055390169268
10156 0.026450482479572355
10273 0.0909297055137082
10387 0.050334909306670235
10445 0.07084614703267533
10460 0.06356270921409897
10502 0.08186275133451325
10529 0.0674865711309361
10614 0.029617864861920373
10645 0.07921639672417947
10836 0.04705358976125776
10930 0.02622492748062038
10999 0.0198193983507529
11000 0.03284694281090654
11020 0.054033180125925916
11026 0.10216014943803223
11090 0.06951447760990585
11135 0.040128096628004324
11212 0.10216014943803223
11213 0.032869152692049396
11255 0.06056040928667242
11262 0.03403527494464798
11311 0.07058376331963062
11359 0.081677552387348
11482 0.028040198358423574
11636 0.04179607051326
11659 0.07312987302720284
11849 0.03960819836208974
11905 0.035688687756076816
11919 0.051714645123400495
12021 0.050007582906142066
12227 0.07969926158938415
12333 0.03960819836208974
12335 0.0690525708443243
12378 0.02256479543363993
12403 0.04652232558413935
12413 0.032982059809291545
12541 0.07312987302720284
12611 0.030084816655024115
12667 0.027225850795782665
12834 0.013429907797451334
12865 0.14058980446071995
12877 0.044422561840487255
12903 0.02622492748062038
12940 0.051358540552328365
12992 0.04876065197851618
13026 0.07453964055921655
13112 0.029253757274752403
13480 0.04945657035753809
13557 0.051010094740915085
13628 0.04652232558413935
13676 0.031572292277277834
13786 0.043844931366898446
13860 0.05322290600284301
13874 0.03455145892243831
13912 0.031162090474790974
13982 0.032869152692049396
14004 0.06656048446502152
14014 0.04322359377938673
14062 0.020033227483566184
14070 0.0909297055137082
14072 0.07277587812217547
14101 0.061238026830466114
14170 0.12262666696221994
14171 0.27721119063706445
14178 0.04502568328228802
14242 0.13136896325606964
