107 0.054175744541989486
194 0.02363450133163168
326 0.03160410231475578
548 0.03843303508514062
638 0.05011396737106443
907 0.044460114199937915
920 0.03323020013309339
929 0.08534017121227866
931 0.040985529540183384
940 0.04350433801526201
962 0.04739798211056995
971 0.08779426381186407
1002 0.029925106961014605
1012 0.05042187317117497
1015 0.06657731676142344
1075 0.08522325471704201
1085 0.038016554885142335
1217 0.04320017828175015
1319 0.09450076604952869
1357 0.050624765294456156
1397 0.02561498266570839
1461 0.02321587398503818
1479 0.08354834464511107
1489 0.03886273906590222
1492 0.07367779210065777
1519 0.04813298271787559
1550 0.028131927007661747
1570 0.06226719246611723
1612 0.054869975611443605
1652 0.05719588953599584
1653 0.10326814149771217
1781 0.1299663554532234
1801 0.04868796141186981
1871 0.0254519139637835
1917 0.054869975611443605
1943 0.047814462310568226
1963 0.017843083377869884
2064 0.06824582157966881
2114 0.031102765795828057
2176 0.12061033420609199
2182 0.04755394294767004
2194 0.1386609698272695
2204 0.0786807225371416
2234 0.08146508029127364
2456 0.04699393603044903
2478 0.054175744541989486
2609 0.09799853825345954
2648 0.024213607356686484
2678 0.060006192519883754
2693 0.0285329797142142
2793 0.023423569189135036
2927 0.021844942521104027
3010 0.019829725175655403
3083 0.07595874398685105
3092 0.1434862884721229
3099 0.034277592913859276
3214 0.04232667918044855
3227 0.037414920791697164
3304 0.05351539218492958
3334 0.07595874398685105
3454 0.0378130241544736
3471 0.054175744541989486
3548 0.052885765240689615
3554 0.05637536325587664
3648 0.13230583423234138
3760 0.04320017828175015
3776 0.04381549053556574
3890 0.11724845313670128
3902 0.06838460254047686
3915 0.0505815732041225
3916 0.049621748089621644
3938 0.0395340107769506
3940 0.032666179417819845
3942 0.05719588953599584
3956 0.02553320272786608
3984 0.03415947924208133
4028 0.036107121160588396
4030 0.03212472567490176
4045 0.05115559954798315
4114 0.04868796141186981
4150 0.037612508805021434
4184 0.12960053484525047
4300 0.05115559954798315
4383 0.024362340046112617
4384 0.02377697147383502
4404 0.029051607859713013
4405 0.044460114199937915
4535 0.0302677718087892
4593 0.04150615290032937
4624 0.0382231930750222
4747 0.02873805240313406
4795 0.044133964959501976
4824 0.04350433801526201
4827 0.06461407120127526
4917 0.048244166291329826
4922 0.022095589286733528
4970 0.060305167103045995
4991 0.03886273906590222
5063 0.03843303508514062
5064 0.04350433801526201
5138 0.0635571717674171
5247 0.014832180131258872
5363 0.3543733570611931
5496 0.05637536325587664
5520 0.03396997652382637
5528 0.06320820462951156
5551 0.02153802373375842
5622 0.0556017505011841
5661 0.03628638919243587
5663 0.022809807372177148
5747 0.04868796141186981
5798 0.02349351528039006
5844 0.03323020013309339
5878 0.13676920508095372
5920 0.054869975611443605
5970 0.06478549019425585
6151 0.04073254014563682
6235 0.028131927007661747
6245 0.01677752046227362
6315 0.07118787624909026
6488 0.06560999282912529
6563 0.028033493566269555
6693 0.03323020013309339
6712 0.09648833258265965
6720 0.029372600103121583
6723 0.03352127669638923
6756 0.04868796141186981
6789 0.02981278649452819
6813 0.09228660709666238
6851 0.037612508805021434
6895 0.060006192519883754
7201 0.012588258469353998
7206 0.030383948818551342
7342 0.06824582157966881
7401 0.030619338030468724
7431 0.08248667613805709
7466 0.04887464766178986
7468 0.017478494638336336
7479 0.023284752192392236
7486 0.060076734717294474
7558 0.054175744541989486
7580 0.015514738463004062
7604 0.034752537734074364
7616 0.032666179417819845
7633 0.021969685694781603
7693 0.021721338570400456
7726 0.038016554885142335
7891 0.045619614744354296
8124 0.021844942521104027
8153 0.1112035010023682
8157 0.04739798211056995
8158 0.08534017121227866
8244 0.05768353169918918
8344 0.02672569393516079
8345 0.08197105908036677
8463 0.027935770841843136
8479 0.06657731676142344
8488 0.054175744541989486
8499 0.045488548386016
8673 0.08424394485336217
8688 0.02443732383089493
8744 0.00794059701662987
8876 0.06226719246611723
8976 0.037612508805021434
8997 0.08552957987248501
9069 0.07047096085673138
9126 0.02863512765971473
9138 0.08522325471704201
9150 0.03459236381101509
9285 0.06226719246611723
9402 0.03491462995329369
9589 0.050624765294456156
9590 0.06838460254047686
9645 0.021907170394100423
9647 0.02863512765971473
9719 0.044317966051485504
9765 0.025052636084710526
9783 0.041427855496167794
9843 0.049146803269406555
9890 0.028946280180018467
9902 0.01873814511361306
10048 0.03252877175502267
10244 0.0635571717674171
10316 0.025371110508646755
10386 0.02873805240313406
10438 0.04584949080379935
10460 0.07964630803038063
10461 0.047814462310568226
10567 0.013562386573498713
10628 0.027178396287700173
10657 0.020771156326095386
10992 0.04024032086419404
10999 0.016556268348095562
11000 0.08231674695179507
11003 0.08061827877448442
11020 0.13541094649300944
11098 0.10145625316896761
11108 0.03252877175502267
11135 0.03352127669638923
11213 0.05491493764980255
11328 0.08000153051179267
11359 0.02274329844947415
11371 0.02873805240313406
11425 0.049621748089621644
11482 0.07027070756740511
11495 0.04350433801526201
11600 0.04232667918044855
11656 0.054175744541989486
11733 0.044831139279709144
11831 0.0649831777266117
11856 0.052284131147244436
11886 0.04868796141186981
11890 0.054175744541989486
11919 0.04320017828175015
12181 0.037612508805021434
12203 0.06838460254047686
12248 0.049621748089621644
12333 0.03308697616658205
12335 0.02884176584959459
12413 0.05510357309658945
12541 0.061089533631303775
12588 0.05719588953599584
12611 0.02513155490034905
12641 0.04479431731656188
12667 0.02274329844947415
12807 0.08688535428160182
12834 0.011218764235410742
12859 0.06657731676142344
12877 0.03710868723283105
12894 0.045488548386016
12903 0.021907170394100423
12919 0.0382231930750222
12967 0.11800635063009848
13351 0.061089533631303775
13676 0.05274825542696253
13787 0.02356382472959334
13822 0.02222267508932817
13827 0.032392745097127924
13834 0.07985238808215898
13872 0.024588549298398765
13874 0.01443139735158405
13965 0.037612508805021434
14004 0.0556017505011841
14014 0.036107121160588396
14039 0.03886273906590222
14043 0.044133964959501976
14062 0.033469783918417005
14090 0.03225807196076386
14170 0.02048740298700271
14171 0.3184090819802031
14182 0.06226719246611723
