328 0.03660077595335198
421 0.033748762237716966
981 0.0385322849755274
995 0.031682570298877714
1012 0.24140836160185605
1024 0.041366508636047045
1027 0.05818855065840234
1099 0.0577454611297347
1101 0.0332774356375387
1107 0.021526279675714497
1162 0.034746181418746025
1164 0.06747975880696787
1319 0.10557119736033659
1350 0.04322110317065301
1397 0.04905546429658365
1408 0.0475155092531698
1458 0.0224293351483397
1461 0.022230455750252412
1489 0.037213175850925186
1545 0.027321872240023075
1567 0.023328259048819005
1615 0.040262858916667844
1618 0.03440510770506829
1653 0.04944241710338348
1674 0.04538613298122395
1689 0.018835262479102156
1758 0.06984265586730926
1767 0.05254097113180984
1871 0.024371585041156052
1940 0.02517184249260411
2176 0.1154909222594694
2234 0.07800722315141131
2340 0.036801711034386966
2503 0.05649873353081221
2558 0.019834706826650932
2736 0.03312406043782801
2760 0.0385322849755274
2776 0.02620232305155385
2793 0.0224293351483397
2816 0.08514593092724897
3044 0.06028189360215566
3092 0.08587242905175499
3137 0.08345546027023368
3145 0.04322110317065301
3151 0.06781951751347928
3165 0.13762043082027317
3168 0.045784935312029366
3220 0.0269378425691057
3225 0.03949272823099931
3281 0.02741968442593914
3323 0.1439605075600442
3324 0.06984265586730926
3332 0.024064823900547625
3521 0.04289298303438204
3540 0.05745917678628411
3738 0.03640290870358155
3758 0.04767885198242493
3763 0.040262858916667844
3775 0.06222490946897918
3789 0.02844068878748379
3790 0.12710941713712945
3867 0.04462355697552249
3897 0.04462355697552249
3899 0.054768159589671774
3915 0.02421729687232684
3928 0.030761163377486623
3984 0.032709550035986114
3991 0.030020387298063257
4025 0.035640332697880084
4030 0.030761163377486623
4062 0.05745917678628411
4155 0.047986835853348064
4180 0.041955703418886194
4262 0.02943385946720729
4535 0.0579660591100438
4566 0.03974438765512903
4591 0.04847595250864171
4604 0.06747975880696787
4621 0.04462355697552249
4624 0.03660077595335198
4827 0.020623823331819106
4842 0.08924711395104498
4843 0.0475155092531698
4885 0.04108166083752807
4970 0.02887273056486735
4978 0.06984265586730926
5130 0.043903368752877474
5192 0.05745917678628411
5210 0.08273301727209409
5228 0.03763813369639334
5247 0.014202615171852685
5260 0.022563637418755857
5363 0.04847595250864171
5417 0.08514593092724897
5544 0.05962420659685506
5548 0.06847575778602119
5613 0.05818855065840234
5663 0.021841624992699208
5798 0.02249631231609785
5844 0.031819714997886585
5870 0.047060723884485976
5970 0.09305341943727695
5999 0.05560458225167815
6044 0.021714564630692358
6067 0.032972479141243786
6109 0.016188618214961707
6446 0.03509647444856324
6488 0.031412559425982096
6495 0.05006488511517047
6629 0.031412559425982096
6672 0.11924841319371011
6730 0.05398246127076014
6752 0.03063472283198037
6811 0.04462355697552249
6813 0.0883694207129764
6821 0.02684358722189696
6959 0.06984265586730926
7020 0.027032788437832925
7099 0.02963802717457784
7163 0.05006488511517047
7233 0.03876580576392293
7242 0.019246727295640375
7245 0.026382326682897788
7338 0.04080293927552899
7374 0.03900361157570566
7396 0.10796492254152028
7466 0.023400060080762234
7486 0.028763362378973367
7540 0.031682570298877714
7580 0.014856201713570062
7627 0.0248457862233837
7649 0.06177769932541608
7651 0.04000103075673472
7663 0.11491835357256822
7726 0.03640290870358155
7854 0.05324168519133676
7865 0.018436460148296745
7892 0.032528090927643506
7920 0.08171783242259897
7925 0.05745917678628411
7941 0.03763813369639334
8250 0.017581641382255486
8447 0.04425846091369437
8673 0.040334068178874374
8706 0.04268138203632387
8715 0.07360342206877393
8976 0.03601601271547533
8997 0.11261140201474593
9099 0.02476553796007456
9103 0.046196400128567586
9221 0.13096391561690923
9287 0.04538613298122395
9336 0.05398246127076014
9414 0.05649873353081221
9496 0.1120903451982
9497 0.010580907938183927
9509 0.05560458225167815
9515 0.04165775804157025
9528 0.03620801701417697
9645 0.020977301236780817
9652 0.019246727295640375
9708 0.023115212282243256
9763 0.08171783242259897
9765 0.31186031322681806
9964 0.045784935312029366
10048 0.062296118731185686
10070 0.0475155092531698
10156 0.0634731675703063
10396 0.03457452257652503
10445 0.1416744592399669
10460 0.025421883427425886
10575 0.05709471298693747
10583 0.06847575778602119
10614 0.07107392845885634
10645 0.031682570298877714
10672 0.11847818469299792
10754 0.11423249882053071
10773 0.08171783242259897
10797 0.03209843655988566
10888 0.05124388419282352
10993 0.07646298308461028
10994 0.08391140683777239
10999 0.007926761472319339
11000 0.05780334271787572
11194 0.06375138386731417
11255 0.11303186820982196
11310 0.11291440108918005
11311 0.05645990314656556
11317 0.055840269506483936
11328 0.038302897516178734
11356 0.022836490720244188
11359 0.021777939099844223
11364 0.04289298303438204
11482 0.1121466757416985
11514 0.06984265586730926
11569 0.05849653452932547
11733 0.021464121028423516
11957 0.02304496791994535
12042 0.10508194226361968
12064 0.008438555391695633
12078 0.02844068878748379
12175 0.04738261897257089
12206 0.05254097113180984
12219 0.044999236993117725
12231 0.032972479141243786
12285 0.08578596606876408
12333 0.031682570298877714
12377 0.0385322849755274
12411 0.07646298308461028
12413 0.052764653365795576
12441 0.05064098231921266
12509 0.05962420659685506
12666 0.06126944566396074
12667 0.021777939099844223
12768 0.09115645007967417
12807 0.10399678604319063
12810 0.034072780442282034
12834 0.042970295594909114
12877 0.017766788147003516
12903 0.020977301236780817
12957 0.03509647444856324
13153 0.06984265586730926
13255 0.05560458225167815
13336 0.013853266442601781
13599 0.07646298308461028
13666 0.037213175850925186
13676 0.15152792769220919
13744 0.07091299814989097
13786 0.0175357650401337
13807 0.06548195780845462
13816 0.10271363667903181
13822 0.021279414057119934
13874 0.02763768794105741
13912 0.024926534479097234
13925 0.04000103075673472
13982 0.02629201235840956
14065 0.10589309918921232
14072 0.07761783233494289
14170 0.17656017397850438
14171 0.08315288940976528
14242 0.05254097113180984
