326 0.0843795815137606
976 0.07645273592826334
1005 0.14649698110875262
1091 0.10494425288136673
1101 0.09278556819420386
1274 0.11959604837759806
1451 0.39957538769261547
1458 0.06253843080412468
1519 0.06425496440769256
1689 0.052517283790913014
1963 0.09527825807834106
2064 0.18220906284898938
2126 0.11783297803358374
2176 0.0805041812704267
2204 0.10503456758182603
2209 0.10616931168969333
2212 0.15270692314843248
3027 0.13248477352981505
3092 0.0957732706157867
3633 0.031576387901414496
3648 0.07064849248473402
3915 0.06752370209355345
4030 0.08576959034292753
4130 0.18257959320857478
4150 0.10042138583915887
4383 0.06504484883999145
4535 0.08081172162853029
4701 0.14649698110875262
4747 0.07672753401272213
4970 0.0805041812704267
5185 0.12144957126937275
5363 0.1351627224603728
5663 0.060899752231696073
6606 0.047516008736206615
6813 0.049279079080220944
7025 0.0805041812704267
7167 0.11959604837759806
7342 0.18220906284898938
7374 0.10875153665973845
7375 0.18257959320857478
7604 0.09278556819420386
7693 0.0579936566536603
7726 0.10150014576764321
8015 0.12546879567853872
8020 0.11698268529794642
8124 0.11664733203083583
8744 0.021200546896084867
8997 0.05708871339559052
9150 0.09235792090770432
9276 0.1428803878729636
9600 0.12442130859836054
9966 0.08612561070020262
10079 0.0778481129181714
10156 0.05899286613953346
10327 0.0968807879499122
10543 0.16021013229975267
10655 0.1351627224603728
10999 0.06630520528926244
11098 0.0902924573851354
11200 0.17517168128700908
11317 0.0778481129181714
11505 0.10875153665973845
11726 0.13379894649911833
11733 0.059847179545434975
11919 0.11533986722451525
12182 0.0945486385382182
12335 0.07700443785015856
12413 0.07356033073643503
12552 0.12144957126937275
12667 0.060722180503547676
12695 0.0805041812704267
13480 0.05515182638116161
13885 0.1777543329878123
14014 0.0964021614299929
14062 0.044680376178149406
14170 0.05469918028774159
14171 0.07728347996233523
