194 0.14574799701633362
548 0.23700681492360473
1133 0.15497994805287563
1567 0.15023639443576906
1871 0.15695552143885222
2182 0.43987972313863594
3092 0.11060546005751061
3130 0.11841715040940122
3815 0.3121901341414759
4249 0.3154636548353808
4827 0.1328195494729664
5059 0.2846466985800389
5197 0.26640458230810127
5247 0.09146630661604895
6245 0.10346272882873275
7201 0.15525721758103855
9497 0.06814213847518277
10386 0.17722030675136125
11003 0.24857627604267954
12354 0.14107448690559374
12865 0.10346272882873275
14090 0.198927377815993
14178 0.2319468367100353
