1127 0.08936472702179699
1519 0.08235063354292049
1593 0.13687447463343463
1656 0.12802624134947602
2565 0.0902468953182272
2597 0.0890743659749897
2638 0.258776940007768
2666 0.19290501515542177
2693 0.09763404732697792
2763 0.11836802602828678
2995 0.0644996794497081
3481 0.11782635394393712
3648 0.0905447255103231
3928 0.10992427073247646
4948 0.17890565184599289
4985 0.09559052015620294
5053 0.1521334588058157
5181 0.15688762267005546
5391 0.12060038274819929
5677 0.13008491072580083
5697 0.24351650787608564
6813 0.06315719602487296
7020 0.0966010133761365
7201 0.04307445753900248
7466 0.08361954676124118
8104 0.1287023473025649
8122 0.1352773358367192
8349 0.38610704190769485
8411 0.07692363796188725
8503 0.41065794733520183
8795 0.07943999407335636
9031 0.2174797016807034
9409 0.09492890268602949
9654 0.10013803201183102
9902 0.06411811753158363
10422 0.1636113551021247
10575 0.10201328556322549
10999 0.028326089732767085
11311 0.10087904678460126
11359 0.1556458736120961
11842 0.1043686627188579
12764 0.08995096820744333
12865 0.05740925915378324
12940 0.1468043179195645
13608 0.11520913586462736
14163 0.03742944325193829
