976 0.10519568845857098
1015 0.24458234500191742
1255 0.10444798600061075
1319 0.05786059499237655
1460 0.1210296144663333
1483 0.13817552362320112
1566 0.11426094899031512
1689 0.07226153200773673
2215 0.15056685089916036
2424 0.15870271471759823
2488 0.29745022317830255
2574 0.15760989542013157
2793 0.08605020086830578
3443 0.17365018717578687
3958 0.2588862648616778
4182 0.3030279029350952
4439 0.18597811406638376
4762 0.15549377706516943
5279 0.1210296144663333
6606 0.0653799918488054
6681 0.09440296418187542
6752 0.11753019141237984
7453 0.1346477127429158
8087 0.12260820027278664
8673 0.07737087714980706
8996 0.05462440533791187
9755 0.42125690778064795
9944 0.10121586286094918
10281 0.14872511158915128
10489 0.14276844301186237
10950 0.19377909225927145
10999 0.030411040381583397
11245 0.12826443726249356
11987 0.1419728856161659
12041 0.10790491058341418
12919 0.140418969260216
13024 0.12826443726249356
13079 0.07129977520446967
13786 0.06727600680551682
