55 0.08521458599038062
344 0.05991788837312828
762 0.04118264503678314
820 0.05991788837312828
1054 0.03470139645909382
1135 0.0495487255240903
1162 0.036232990726345664
1319 0.01572695004062707
1371 0.0571117209858629
1397 0.02557728806964312
1471 0.03796061033507606
1593 0.03994190077379613
1682 0.05478922983879262
1718 0.02541445933699443
1765 0.07584696432220805
1808 0.03659827299860201
1901 0.03587732227012739
2006 0.06607657181037421
2095 0.03970685795685301
2160 0.043440317731899984
2172 0.03858931073044247
2194 0.04615230619221507
2225 0.05004022046356372
2344 0.06217556106824513
2462 0.03438339069699211
2527 0.08521458599038062
2565 0.026335315971786653
2587 0.08521458599038062
2599 0.14722343887507677
2637 0.07283126372494766
2638 0.33981641205258184
2641 0.06828396886043546
2666 0.16887720653701885
2693 0.028490991040674884
2740 0.04092521589481807
2776 0.027323535691420073
2889 0.04653302492682994
2927 0.04362559171082866
2971 0.17042917198076124
2995 0.05646574651894798
3010 0.019800544071364348
3130 0.03834854392242511
3481 0.06876678139398422
3671 0.08521458599038062
3693 0.040424617134639615
3694 0.0797348785935567
3724 0.05891634719226288
3741 0.0797348785935567
3761 0.032345076454997006
3928 0.03207745144583722
3956 0.02549562847784061
4279 0.05991788837312828
4315 0.0797348785935567
4378 0.17042917198076124
4489 0.017542871376247507
4531 0.08521458599038062
4555 0.04375101236516468
4702 0.03837647764951775
4716 0.08521458599038062
4717 0.07584696432220805
4734 0.03438339069699211
4892 0.051632013589038975
4922 0.04412614754659837
4933 0.05629240217900628
5053 0.04439468741173143
5059 0.023045197391448356
5130 0.0457820194313529
5172 0.041712698123169585
5216 0.06099963525721156
5391 0.03519289139856724
5551 0.02150632872481449
5677 0.03796061033507606
5687 0.03880554928481991
5697 0.24871542171364175
5727 0.05891634719226288
5793 0.03168569586183345
5816 0.03519289139856724
5827 0.05798393465995118
5925 0.052207190661672405
5938 0.026597744049013303
6003 0.07036725692538412
6044 0.02264374347812591
6109 0.016881338601962174
6183 0.03924869132360604
6207 0.06579354050538769
6271 0.039475833163226434
6289 0.06828396886043546
6354 0.07036725692538412
6619 0.048173170952992485
6636 0.03536077705225738
6813 0.03686031984462444
6949 0.041445073114009794
6960 0.0571117209858629
6995 0.08236529007356629
7020 0.028189537174488563
7025 0.030108211495053855
7099 0.015453127795854574
7119 0.05798393465995118
7344 0.047328232003248635
7466 0.024401362258609546
7468 0.017452773567046952
7486 0.059988326761777094
7540 0.033038285905187106
7566 0.028490991040674884
7604 0.03470139645909382
7692 0.048173170952992485
7693 0.02168937379829447
7707 0.06828396886043546
7717 0.02677557057944854
7726 0.07592122067015213
7823 0.17042917198076124
7856 0.04198573006231771
7891 0.022776240826907854
7918 0.10561587880014511
7935 0.0797348785935567
7941 0.03924869132360604
7950 0.0495487255240903
8044 0.048173170952992485
8104 0.03755715884266114
8115 0.023250486725972574
8122 0.039475833163226434
8349 0.11267147652798341
8350 0.06828396886043546
8411 0.022447401700438
8503 0.23967155349251312
8658 0.032256013619336076
8688 0.024401362258609546
8737 0.035027065743558856
8744 0.007928911761911362
8795 0.023181709878679457
8903 0.0450705593081318
8906 0.04653302492682994
8921 0.07036725692538412
8996 0.01484732906499649
8997 0.010675464489981534
9031 0.0634636420567751
9301 0.048173170952992485
9402 0.034863250146013186
9414 0.05891634719226288
9647 0.028592988666903494
9664 0.05409602038860253
9783 0.02068344546552376
9850 0.053436639795438966
9857 0.07283126372494766
9902 0.01871057036096583
9961 0.032345076454997006
9966 0.032210601501452045
9967 0.17042917198076124
10068 0.02599315538408481
10133 0.06828396886043546
10148 0.08521458599038062
10167 0.05891634719226288
10190 0.03207745144583722
10228 0.05004022046356372
10281 0.040424617134639615
10361 0.028695761947927594
10399 0.08521458599038062
10516 0.016209666401470552
10522 0.040424617134639615
10561 0.0431366055949547
10575 0.02976891447793707
10645 0.033038285905187106
10663 0.05798393465995118
10722 0.08521458599038062
10800 0.07283126372494766
10821 0.0422643919208664
10827 0.08397146012463542
10946 0.08521458599038062
10994 0.04375101236516468
11000 0.027398536984119582
11218 0.03816694443952277
11259 0.03332584188799599
11310 0.07849738264721208
11311 0.05887585523329468
11356 0.023813677437442803
11520 0.0422643919208664
11571 0.05629240217900628
11576 0.028389757448780972
11661 0.06828396886043546
11722 0.0901411186162636
11792 0.07584696432220805
11818 0.08521458599038062
11842 0.06091249345613378
11876 0.02943792761664734
11916 0.06647934265403548
12007 0.08036220771183547
12023 0.026955768200082515
12041 0.029329375857736636
12064 0.017599292167749046
12065 0.08521458599038062
12090 0.07283126372494766
12117 0.028189537174488563
12152 0.08521458599038062
12175 0.02470507439555484
12235 0.05798393465995118
12478 0.08521458599038062
12514 0.08521458599038062
12584 0.07319654599720402
12764 0.05249792054026949
12807 0.02168937379829447
12825 0.0797348785935567
12848 0.0797348785935567
12865 0.016752830933295382
12885 0.08750202473032936
12992 0.040672598795391146
13072 0.07036725692538412
13079 0.01937982149503261
13112 0.024401362258609546
13363 0.0495487255240903
13608 0.033619649575010555
13614 0.03168569586183345
13628 0.03880554928481991
13723 0.024177975001962497
13827 0.032345076454997006
13874 0.028820320679201372
13912 0.02599315538408481
13971 0.04283956899349984
13973 0.05865875171547327
13987 0.09548819863538065
14003 0.11258480435801256
14065 0.02760608161992669
14163 0.010922439062441266
