194 0.037541655025667066
898 0.13271035798984454
968 0.04331761848259134
1001 0.12012637697454309
1194 0.0613865977513184
1458 0.11161981481599242
1479 0.06635517899492227
1544 0.10322096525129625
1615 0.06678950916316047
1653 0.0546779316227871
1866 0.13555654179150575
1963 0.08502724953240547
2114 0.09880888007468545
2176 0.2394757295574659
2182 0.03776795829540845
2456 0.07464638707617634
2462 0.054695959427375776
2503 0.09372217429152793
2659 0.04017254151546752
2726 0.10322096525129625
2776 0.04346537584849376
2836 0.1206548394198954
2965 0.037882009555530255
3031 0.1158575627648244
3092 0.08546900356309367
3404 0.13555654179150575
3760 0.13724056770600898
3984 0.0271299014852986
4188 0.052783711927140625
4384 0.03776795829540845
4827 0.03421155562377866
4887 0.049600775759091706
5438 0.08605415802160366
5520 0.053958791936967634
5574 0.10095586039321403
5647 0.07464638707617634
5847 0.06723279522076471
5854 0.1158575627648244
5938 0.04231081053596681
5951 0.1158575627648244
5962 0.04331761848259134
6245 0.02664984873354476
6310 0.030583077236503792
6681 0.040818194006652236
6964 0.1158575627648244
7099 0.02458232401791762
7201 0.019995516308944822
7486 0.047713721947808874
7533 0.04807811392747193
7580 0.024644013047654827
7693 0.03450273766573236
7717 0.0425936910924399
7802 0.0821344975923751
7856 0.06678950916316047
7891 0.036231689746807676
8019 0.08715689266160492
8074 0.0514534766233119
8447 0.293670242032302
8448 0.13555654179150575
8470 0.12683960470720618
8658 0.02565589920668334
8673 0.13381526740542823
8691 0.048262652503564776
8744 0.012613050290897725
8759 0.12683960470720618
8976 0.05974468470456598
9099 0.20540991983932985
9138 0.067685414298751
9492 0.07882047191991756
9553 0.15920465159077257
9645 0.034797917755222875
9708 0.07668872623916764
9781 0.049017067176696835
9966 0.051239558319910346
10337 0.13555654179150575
10386 0.04564826794056661
10445 0.09400591858792604
10499 0.042170753935656634
10687 0.1206548394198954
10708 0.06635517899492227
10898 0.2711130835830115
10999 0.026298406135809242
11003 0.06402808267556126
11134 0.09531539283929183
11200 0.0521083073102745
11255 0.026785916353026653
11262 0.09032297223132235
11325 0.04391484055597883
11334 0.13555654179150575
11482 0.14882641975465655
11708 0.0766322852552007
11733 0.10681641691720091
12064 0.013998185618760746
12379 0.08605415802160366
12416 0.18744434858305586
12695 0.04789514591149318
12712 0.07733722093730407
12733 0.04030013009239725
12810 0.05652117963789363
12834 0.053460528423724285
12865 0.02664984873354476
12900 0.05040455580893661
12903 0.034797917755222875
13068 0.2220695857945397
13153 0.1158575627648244
13261 0.0639187695483072
13336 0.022980307183919888
13480 0.06562403915239702
13628 0.061730582883590346
13738 0.0734175605080755
13822 0.03529907359773545
14072 0.03218882776486872
14170 0.03254272237512774
