917 0.1906093961166015
971 0.17650041589556353
1653 0.20760889301568483
2176 0.18185505428603035
2776 0.33007095537812164
3092 0.10817359453963332
4180 0.26425823168018026
4827 0.12989926613166158
6109 0.10196410199871951
6210 0.18395720393392406
6310 0.11612214693647362
6693 0.20041665215232007
8673 0.3810665296325091
8691 0.1832504552182074
8744 0.04789101070079873
8976 0.2268470567002369
8997 0.06448032207669027
9409 0.16731895432710447
10156 0.13326203316391438
10234 0.20580073291163378
10999 0.049926751286042424
11000 0.0330976978252156
11255 0.10170455021647239
11482 0.28254258472969784
12818 0.31896250921152286
13480 0.1245853100080438
14170 0.12356280436184953
