11 0.020663783577258506
421 0.0820240570002327
556 0.025557496141018717
637 0.026235118820644224
703 0.028433193099043692
817 0.029491592782424473
946 0.06194601586435521
954 0.05658259845260774
968 0.02115548915437639
1083 0.03812595625664462
1111 0.027737607185968932
1191 0.06620319976333602
1249 0.053182136825993015
1319 0.024436530509581347
1350 0.03501531113063624
1442 0.05892549581866872
1460 0.05111499228203743
1461 0.03601973423017416
1567 0.018899245711181054
1604 0.03601973423017416
1677 0.06620319976333602
1770 0.034749486618605836
1793 0.04151491787401543
1808 0.028433193099043692
1942 0.06219789915825685
1959 0.1751708821488603
1963 0.0415256682689554
2046 0.027873086580400094
2137 0.05391901996936166
2138 0.044370087929334126
2279 0.08513148977350837
2311 0.024616612618619846
2340 0.02981468003999952
2365 0.030492302719625032
2520 0.05658259845260774
2575 0.02190044743055282
2617 0.02872486483767773
2659 0.019619494240565364
2730 0.021521362667495863
2740 0.031794794421088214
2763 0.05367050801831826
2771 0.05466831191968791
2776 0.021227651001249032
2907 0.03374877668140528
2915 0.042027190563273135
2934 0.06029605146515456
2995 0.01462274348588552
3041 0.10845450138680386
3130 0.05958595666277051
3137 0.02253697609533222
3147 0.0513348792627172
3204 0.12962635701017938
3236 0.023391065237925675
3241 0.034749486618605836
3297 0.024717087140282444
3332 0.019495969199457973
3339 0.08513148977350837
3343 0.03849439782832893
3432 0.0514431988740917
3443 0.03666924007154368
3455 0.042027190563273135
3467 0.036769296727091776
3497 0.04151491787401543
3548 0.04102648062607258
3606 0.023753153098438777
3633 0.018349490367436622
3693 0.0314058793153443
3785 0.06194601586435521
3786 0.04260062448407582
3832 0.056020673994839176
3841 0.018445142186719214
3860 0.04577210177299623
3984 0.013249720477181691
4025 0.028873796517600653
4104 0.04504771060895963
4120 0.03645585531988742
4163 0.19860959929000804
4164 0.0862668481520796
4298 0.03014802573257728
4402 0.03927249502961704
4452 0.01861313788892917
4489 0.13629054282741296
4492 0.05468270466682179
4493 0.03399015529789873
4577 0.02947838046558267
4589 0.037770006664292324
4612 0.07698879565665787
4689 0.028149405353564045
4835 0.028149405353564045
4899 0.023570548367310016
4922 0.01714079888356002
4957 0.027873086580400094
4985 0.06501407454356817
5049 0.027873086580400094
5051 0.025778546566476674
5094 0.04373355926455471
5247 0.011506161403320858
5256 0.06620319976333602
5260 0.018279792196351417
5329 0.049304894507940435
5350 0.05804974234562432
5374 0.029651893718888756
5390 0.016994631686904793
5551 0.033416527468797155
5579 0.05466831191968791
5581 0.12033871209105994
5689 0.03610698157098573
5707 0.05466831191968791
5746 0.025341003782656454
5751 0.05658259845260774
5925 0.04055975901646027
6007 0.05892549581866872
6026 0.050411128020707116
6054 0.0314058793153443
6072 0.03399015529789873
6109 0.02623021912855099
6179 0.042027190563273135
6245 0.01301527197472447
6256 0.04373355926455471
6278 0.016994631686904793
6310 0.014936184893089875
6412 0.027737607185968932
6496 0.038876240177059006
6497 0.03849439782832893
6563 0.02174716722814487
6651 0.06194601586435521
6662 0.044370087929334126
6775 0.0169463580046716
6884 0.04151491787401543
6935 0.04055975901646027
7046 0.03528804094208688
7085 0.03423721392934813
7102 0.046550198974284335
7257 0.0431334240760398
7276 0.03283520008568601
7284 0.2966050456833893
7418 0.020194078729271234
7468 0.054236229230235765
7491 0.015677634561918688
7497 0.029333702477905125
7533 0.02348042328698813
7536 0.028010336997419588
7604 0.02695950998468083
7649 0.025024411735551474
7671 0.01709185004250314
7674 0.05930378743777751
7714 0.02747178267393853
7717 0.041603873967037436
7736 0.03968429319721215
7862 0.05371143174938817
7941 0.030492302719625032
7956 0.06620319976333602
7965 0.02671245135323142
7968 0.09478121595004123
7969 0.09660836914147976
8085 0.02902487117281216
8086 0.08746711852910942
8097 0.019434747408564122
8244 0.02237418977422146
8250 0.014243658722828565
8268 0.3296690238249512
8293 0.038869494817128245
8294 0.03585572013137251
8313 0.049304894507940435
8355 0.036769296727091776
8411 0.052318149586845435
8474 0.02747178267393853
8644 0.03812595625664462
8744 0.02463988169062689
8891 0.04830418457073988
8910 0.05892549581866872
8969 0.046550198974284335
8981 0.023845660369897378
8995 0.04491053490850124
8996 0.03460466353094432
8997 0.06635013477870358
9011 0.03374877668140528
9094 0.02947838046558267
9105 0.16701156114562152
9113 0.1042484598558175
9134 0.023570548367310016
9147 0.0431334240760398
9201 0.08205296125214516
9347 0.03968429319721215
9375 0.03066876918259298
9383 0.03711368025458256
9385 0.030318753191636263
9407 0.06194601586435521
9497 0.06000440280899289
9499 0.04830418457073988
9500 0.025341003782656454
9501 0.046550198974284335
9531 0.024033156555757065
9559 0.08746711852910942
9708 0.01872664718245837
9719 0.017189976994029625
9725 0.016383749816397387
9758 0.0513348792627172
9783 0.03213793169405786
9834 0.10933662383937583
9902 0.03634059864565922
9905 0.01680285453083574
9906 0.02312746543347644
9908 0.05629881070712809
9918 0.03066876918259298
9932 0.023391065237925675
9974 0.03645585531988742
10068 0.020194078729271234
10110 0.029333702477905125
10113 0.08573404856011563
10162 0.027873086580400094
10209 0.056866386198087385
10346 0.06194601586435521
10371 0.03283520008568601
10385 0.04373355926455471
10435 0.05658259845260774
10489 0.09044407719773183
10516 0.03777986258108667
10567 0.010521110689589717
10613 0.03219867142090661
10628 0.021083819883675643
10657 0.016113361293258376
10670 0.03968429319721215
10785 0.03014802573257728
10884 0.075703226650331
10924 0.03601973423017416
10927 0.03709238398466683
10936 0.10271164178804439
10949 0.06736580236275186
10950 0.06137970972390491
10999 0.019265451285384788
11000 0.04257183898980806
11097 0.07333848014308736
11102 0.029178151375220115
11134 0.046550198974284335
11138 0.027341352333410895
11148 0.05304980571766353
11150 0.0628117586306886
11154 0.05304980571766353
11232 0.05999710749500448
11262 0.022055998533237826
11314 0.02872486483767773
11317 0.022619325595045578
11331 0.06567040017137202
11336 0.032406589252544846
11338 0.07977320523898951
11339 0.028433193099043692
11505 0.0315985362323917
11553 0.07698879565665787
11560 0.050411128020707116
11576 0.04411199706647565
11600 0.03283520008568601
11714 0.022619325595045578
11797 0.07113608879881034
11842 0.023661453761064686
11881 0.042027190563273135
11905 0.02312746543347644
12064 0.04101866276295691
12078 0.04608209849393792
12175 0.038386737584141364
12178 0.05304980571766353
12208 0.08302983574803086
12215 0.01913388133894487
12231 0.02671245135323142
12248 0.03849439782832893
12262 0.0315985362323917
12324 0.04151491787401543
12333 0.0256674396313586
12354 0.08873353895442086
12378 0.01462274348588552
12387 0.02451709047642091
12494 0.06194601586435521
12509 0.04830418457073988
12523 0.06117844052682838
12581 0.04373355926455471
12610 0.028433193099043692
12611 0.038991938398915946
12614 0.024224061949338897
12626 0.04577210177299623
12632 0.047390607975020614
12834 0.008703030228603591
12840 0.06620319976333602
12892 0.03423721392934813
12900 0.024616612618619846
12903 0.016994631686904793
12959 0.03423721392934813
12961 0.03968429319721215
12966 0.03328205507179297
13041 0.09310039794856867
13077 0.04151491787401543
13079 0.030112361138696805
13261 0.031216693883661637
13349 0.07418476796933365
13356 0.05304980571766353
13550 0.06194601586435521
13615 0.04504771060895963
13616 0.021521362667495863
13676 0.020459903241301636
13695 0.02747178267393853
13709 0.025234408883443665
13723 0.07513546139195264
13726 0.058983185564848946
13728 0.09984616521537892
13787 0.05483937658905425
13806 0.024128175370676994
13822 0.017239386531753612
13912 0.020194078729271234
13918 0.022702326085700022
13973 0.022785987941816563
13987 0.03709238398466683
13989 0.020595382635732795
13998 0.06620319976333602
14041 0.04260062448407582
14044 0.06749755336281056
14054 0.06194601586435521
14062 0.05192881053109123
14072 0.015720402471928165
14096 0.06194601586435521
14221 0.06620319976333602
14247 0.04151491787401543
