421 0.05138926468133454
1027 0.04430187409756344
1127 0.038079378402030024
1240 0.053441427040048964
1469 0.0800041747631686
1604 0.033850331057762015
1649 0.09078982253150727
1959 0.04703447373382058
1963 0.026016435126301914
2352 0.042514009392894986
2763 0.050438030798584256
2965 0.034773140945119796
2995 0.027484084408113327
3227 0.054553511796071597
3343 0.07235190032393692
3432 0.019337947375519818
3517 0.05188264743589839
3527 0.043306657397528855
3734 0.03249548565633827
3865 0.035521956934904036
4079 0.05264665054679101
4120 0.0685203707326797
4219 0.03277808163949299
4489 0.10246560877476442
4808 0.06954628189023959
4852 0.1370407414653594
4881 0.0712625768364042
4887 0.04553018138939737
5223 0.031942151773265766
5247 0.021626332399764147
5814 0.07711106042331847
5886 0.2055611121980391
5938 0.0388384828453391
5947 0.09970942454031449
6045 0.11643023967462865
6109 0.024650420670658004
6467 0.09970942454031449
6606 0.025949197302282134
6637 0.2468607649674939
6723 0.04887631257745872
6775 0.03185141928120858
6819 0.07306958967909924
6866 0.03771050257314574
7100 0.046840045734915
7276 0.061715191241873475
7284 0.27874106248609065
7566 0.04160303463108973
7718 0.04160303463108973
8086 0.0821991328408685
8268 0.4957018516417799
8401 0.04517136637248679
8411 0.06555616327898597
8474 0.15490324259206179
8706 0.03249548565633827
8744 0.011577933184097458
8995 0.042205654959009235
9515 0.06343229831512968
9579 0.08749313007224817
9592 0.07034329190534463
9827 0.02403174046495694
9902 0.04098224447072078
9905 0.03158169824072331
9908 0.05290803559006016
10050 0.07034329190534463
10113 0.16114088505689267
10156 0.12886751758805942
10420 0.3706828020876813
10451 0.08929017531443019
10557 0.07165939831394104
10567 0.019774886603112437
10602 0.06739239046048637
10936 0.064350337434361
10949 0.1266169648770277
10950 0.038455280858105866
10994 0.06388597995677393
10999 0.0241401708600487
11000 0.08801719178533503
11262 0.041455211600877145
11314 0.05398963679916952
11331 0.061715191241873475
11338 0.04997907331617632
11339 0.053441427040048964
11425 0.07235190032393692
11714 0.042514009392894986
11957 0.03509058932796725
12064 0.05139757760565328
12347 0.07539395335006227
12354 0.033355711625631786
12406 0.04703447373382058
12523 0.03832918277884681
13030 0.2110298757160339
13088 0.03734839549145831
13112 0.0712625768364042
13336 0.06328313651079298
13695 0.05163441419735393
13709 0.04742917253597785
13786 0.026701722116197077
13787 0.034357667025495885
13912 0.03795565208916513
14041 0.04003486624410877
14211 0.10529330109358202
