1656 0.22633547676485868
2565 0.15954599512643466
2597 0.15747309987367145
2638 0.22874373829552844
2740 0.24793529353124208
2995 0.11402791760151904
3481 0.20830326434850963
3956 0.15445895622550157
5697 0.2152544053831699
8104 0.22753075330834654
8349 0.4550615066166931
8411 0.13599202858002513
8503 0.3629976999936801
8517 0.1616727377925828
8795 0.14044065297293248
9654 0.17703237226049534
9902 0.05667668029541671
10522 0.24490253981614346
10595 0.19595464189537906
11311 0.1783424000338401
12064 0.05331047832181932
12764 0.15902283047674318
12865 0.10149288071200599
