68 0.19919576509841228
1567 0.10995782884058039
1674 0.2139276930885201
1940 0.11864756571039249
2359 0.18054083848985253
3208 0.14264304932976316
3515 0.2810389017891285
3666 0.14380665126762057
3956 0.1152424409965713
4150 0.1697615991575201
5247 0.06694407520454332
6601 0.19103869890596
7006 0.14439687088042902
7316 0.18162205706430565
8923 0.18977912325675786
8997 0.04825402078897442
9890 0.13064714290915708
10386 0.12970732045338426
10516 0.07326909103139671
10950 0.23807580186873936
10994 0.19775835160976546
11071 0.20693867882516417
11119 0.3851772827086409
11967 0.21210405752487757
12288 0.17346499087185338
12726 0.21033328847661228
13034 0.3086494321663782
13806 0.1403802997320051
