12 0.03725499925799159
33 0.06717518715662296
56 0.07240631859514847
79 0.02388097873645558
86 0.06346364033444556
194 0.02252916706405544
331 0.057199833294092325
548 0.03663560555233681
580 0.07240631859514847
870 0.06058474095878684
974 0.05535360952026134
1008 0.035116020935988736
1012 0.09612750346762583
1024 0.041179799821032925
1027 0.02896295755911322
1045 0.036044591185562636
1133 0.023956206690583733
1194 0.03683878388653561
1290 0.05101259358576402
1408 0.047301046763586596
1461 0.044260236017501335
1479 0.07964097012344457
1545 0.054397108514957396
1567 0.02322296634351315
1604 0.022130118008750668
1617 0.0487631633224252
1620 0.028742412742848143
1653 0.14765777239497105
1779 0.044422147387927886
1871 0.0727847497703634
1940 0.02505822872536873
1943 0.09115656762607945
1963 0.017008601142766262
2070 0.06717518715662296
2124 0.06952741921948975
2176 0.17245447645708886
2182 0.022664974187307202
2204 0.01875024903093098
2340 0.03663560555233681
2462 0.032823656997158494
2463 0.056243725024289516
2573 0.04302602359486392
2760 0.0383583685028837
2776 0.026084058183454502
2848 0.022130118008750668
2949 0.04206991532506111
2965 0.022733417624108097
3011 0.06518640328499244
3035 0.04405869919669165
3092 0.222260588172546
3103 0.04518128148694984
3151 0.13502682470671235
3184 0.06049667537739896
3215 0.04557828381303972
3227 0.035665106251952086
3383 0.053738810024673914
3471 0.05164206269808392
3475 0.056243725024289516
3512 0.05420382584971944
3633 0.011273719695900228
3758 0.02373182612058772
3813 0.058232508895920056
3865 0.02322296634351315
3931 0.045987891472402995
3984 0.03256191462927107
4180 0.16706534103144566
4219 0.021429120251280676
4249 0.0487631633224252
4384 0.045329948374614404
4441 0.056243725024289516
4677 0.07240631859514847
4700 0.03982048506172228
4734 0.032823656997158494
4827 0.10265368583808723
4887 0.05953196058188288
5044 0.044422147387927886
5070 0.03790563581981613
5161 0.035116020935988736
5179 0.05452096207374264
5192 0.057199833294092325
5197 0.041179799821032925
5218 0.06518640328499244
5247 0.014138511298060265
5390 0.14617833748588793
5417 0.1271424338228125
5548 0.034083345334161005
5663 0.02174304224895719
5760 0.05101259358576402
5883 0.07611786541732589
5962 0.025995387335590047
5970 0.12351122720407746
6067 0.032823656997158494
6068 0.033127237064358196
6102 0.02449545475286501
6245 0.015992872289177083
6310 0.05505974011452327
6373 0.06952741921948975
6615 0.07611786541732589
6681 0.12247727376432506
6693 0.06335219176962202
6695 0.024814027915975173
6712 0.045987891472402995
6813 0.017594112605819143
6821 0.02672242799124917
7020 0.02691077524256517
7099 0.029504255166362004
7201 0.011999532976057407
7245 0.02626324936371628
7401 0.02918733812910923
7466 0.023294443299627095
7540 0.03153957019197601
7598 0.02505822872536873
7649 0.06149886406917461
7959 0.042699384437381006
7998 0.07240631859514847
8000 0.13435037431324592
8071 0.06518640328499244
8074 0.06175561360203873
8115 0.022195774932024744
8306 0.03181408177317459
8361 0.06952741921948975
8447 0.22029349598345827
8661 0.05230382608904056
8669 0.02976598029094144
8673 0.3613681737969835
8691 0.05792591511822644
8706 0.021244369252971643
8737 0.033438133013567926
8744 0.015138465099457547
8758 0.03768509100355106
8850 0.07611786541732589
8961 0.04089623769047759
8968 0.03704521321170009
8976 0.07170690700653617
8981 0.029301008975260636
8996 0.01417380969922841
8997 0.05095596705288774
9084 0.05535360952026134
9099 0.1232687902946887
9138 0.08123754829102785
9386 0.04557828381303972
9496 0.1115844225033308
9500 0.031138453192727664
9652 0.019159856690294255
9695 0.03790563581981613
9708 0.0460217623381435
9765 0.02388097873645558
9859 0.05164206269808392
9890 0.08277757667589901
9921 0.09460209352717319
10068 0.024814027915975173
10156 0.02106222659131546
10234 0.0975811692122085
10316 0.024184558803655283
10382 0.06625447412871639
10386 0.027394036142377495
10445 0.14103500787521214
10516 0.03094869465836474
10567 0.038784309676893926
10614 0.023584378143366582
10645 0.03153957019197601
10674 0.10747762004934783
10963 0.07240631859514847
11000 0.07846697157788245
11003 0.019211984266578594
11097 0.02252916706405544
11135 0.03195355942977467
11235 0.06346364033444556
11255 0.032149055978942125
11262 0.02710191292485972
11310 0.037468252998855506
11311 0.02810253495099717
11325 0.026353786981436495
11359 0.021679643804039677
11364 0.042699384437381006
11365 0.0199647886426334
11482 0.06698429927847172
11564 0.06346364033444556
11581 0.04206991532506111
11733 0.042734484317329006
11747 0.050412412925475325
11875 0.03167609588481101
11957 0.02294095385653411
12064 0.016800935503941093
12069 0.06049667537739896
12329 0.053738810024673914
12387 0.030126047127793504
12417 0.0874104195071973
12712 0.04641093125955842
12735 0.020244659868406317
12807 0.04141095753541574
12810 0.06783798411918673
12834 0.08555269609130171
12835 0.20858225765846924
12836 0.06952741921948975
12877 0.05305979185674537
13244 0.06058474095878684
13321 0.05452096207374264
13336 0.013790739363405179
13480 0.019690859932409144
13585 0.0487631633224252
13614 0.03024833768869948
13676 0.025140667073458092
13764 0.04557828381303972
13807 0.13037280656998487
13827 0.06175561360203873
13858 0.03441846956763473
13874 0.027512944516114163
13962 0.13435037431324592
14064 0.08134899685585138
14113 0.03982048506172228
14170 0.019529251670102707
14242 0.05230382608904056
