962 0.09638856551825159
1012 0.10253795223550137
1194 0.07859089909359196
1196 0.2532532016513625
1458 0.0952683693660769
1479 0.08495198248082039
1545 0.05802468506356859
1603 0.09810936618772763
1615 0.08550803868324411
1618 0.07306766980047408
1653 0.1050030779736565
1961 0.3089394968073105
2114 0.1265012072335228
2127 0.17354782456865686
2176 0.12263662484282843
2204 0.04000129141364544
2648 0.049240806785585095
2919 0.09638856551825159
3092 0.10942267662183125
3137 0.11815873515729415
3236 0.061318312421414216
3391 0.10191179481136949
3519 0.06427012186942938
3722 0.08283371864636786
3915 0.10286271832054529
4734 0.07002513228698634
4821 0.11998889354344966
4827 0.043799738287425324
5087 0.09638856551825159
5760 0.10882893440102163
5816 0.07167375950393982
5970 0.06587390631581876
6097 0.09901186821730895
6310 0.0391543370232467
6813 0.03753482016952818
6866 0.05259568333893818
7466 0.0993915134897553
7598 0.0534585704915028
8000 0.14330978926122717
8027 0.07306766980047408
8447 0.2819810333663877
8507 0.09250553992377414
8673 0.21414817246522203
8691 0.06178881697048099
8744 0.08074001483923697
8976 0.07648882099666729
8995 0.05886517314455831
8997 0.021741625767041597
9099 0.10519136667787636
9138 0.08665503155608358
9496 0.11902564585718066
9765 0.10189411224396942
9784 0.07569097249953144
10079 0.059295241986238555
10156 0.08986720787650354
10234 0.20817711699202912
10445 0.18052824067250356
10516 0.03301256830933173
10567 0.027580477661980723
10583 0.07271251847453426
10628 0.05527000337581445
10674 0.11464497332667055
10999 0.05050325621517186
11000 0.011159959142428039
11255 0.03429297804967373
11482 0.04763418468303845
11617 0.08440693801924089
11733 0.04558431618079855
11747 0.21509704932135926
11957 0.04894163160224707
12081 0.11158361608877579
12335 0.05865263273804571
12417 0.09323955264616529
12490 0.11158361608877579
12667 0.09250157137847523
12834 0.022814485836466825
12835 0.14832797968974026
12836 0.14832797968974026
13270 0.12924990352473864
13480 0.04200796613646173
13676 0.05363444230953264
13700 0.1607927771728317
13874 0.02934769851379133
14171 0.05886517314455831
