1689 0.11398492224466425
2793 0.13573508867846074
3044 0.18240327053117805
4489 0.10180739142390095
4917 0.279565686035992
4964 0.24207331252068515
5551 0.12480871458379338
5689 0.08990493225412445
5823 0.2615601502607961
6629 0.19009865923817718
6890 0.2389972298838224
8250 0.2127968249036572
9105 0.13861735724556115
9652 0.1164749743568427
9905 0.12551529642272344
10489 0.22520211547627558
10730 0.3179609796127446
10797 0.19424936602360857
10924 0.134531534825564
10927 0.27707563392381357
10930 0.12694784864454622
10999 0.047970199038999004
11976 0.23603725393530173
12354 0.13256576641858792
13252 0.3365009641589395
13723 0.1403132082581918
