194 0.15268908259182234
917 0.204176145748407
971 0.18906294954369407
2114 0.2009372953884715
2176 0.19479870785737752
2648 0.1564303575376437
3092 0.1158729215601853
4827 0.2782898643473456
5390 0.14152977897532792
5613 0.19629342737231345
6601 0.2734486216796729
7201 0.08132558458265142
8673 0.2721261276699824
8688 0.15787566254866364
8744 0.05129968501082276
10156 0.14274704636994867
10234 0.22044873597097003
10445 0.19117001444899567
10674 0.3642091862035603
10749 0.2734486216796729
10999 0.05348032077646151
11365 0.13530927500852705
11482 0.15132636988318418
11733 0.14481425759983277
12069 0.20500495728419452
13480 0.13345275171404475
13874 0.09323305752096853
14170 0.1323574685533016
