976 0.1271864200574567
1107 0.09984981616052802
2215 0.1820422398084394
2574 0.19055760419317266
3220 0.12495139284662168
3443 0.10497552690999153
3852 0.14633036401458058
3908 0.13443800863132804
4439 0.2248560837781507
4762 0.18799911988712142
5661 0.1611704334983741
6177 0.28863072786760324
6508 0.1918788729281478
6752 0.1420994007781533
6911 0.17873230437454976
8087 0.1482389467751315
8433 0.08597481701504807
8474 0.15729068045734776
8517 0.11870543674741368
8669 0.13869573855747902
8968 0.17261360641227236
8996 0.06604341550968178
9755 0.3395459694224722
10281 0.1798154923727648
10582 0.1776682888553546
10949 0.1285684420138303
10950 0.11714391239592802
11245 0.15507759714434988
11987 0.17165174097280886
12413 0.12237462807594508
12919 0.1697729847112361
13424 0.35467414337728503
