337 0.0347882398211002
390 0.051113904319611894
575 0.08367380696855399
976 0.03503727528284854
994 0.06908578781915845
998 0.06628817925059935
1085 0.04651617113934398
1086 0.051448472186034905
1175 0.06071601525556313
1217 0.052858731999132776
1566 0.11416985950226946
1655 0.037611017718848075
1689 0.02406797489910963
1718 0.031142369142605153
2090 0.06628817925059935
2186 0.22856605943420436
2425 0.030847514835087214
2467 0.07951190278661566
2471 0.10427718959402987
2558 0.02534507955833855
2609 0.07993915265907896
2730 0.03394497531478622
2748 0.09770552226884435
2929 0.04462147324125332
2940 0.1411604518372555
2986 0.09294135003808221
3044 0.11554363288251664
3157 0.03746510887958841
3297 0.03898549203380588
3416 0.15553415021418954
3423 0.0892459709635902
3432 0.01622795120247714
3437 0.10646178953015453
3490 0.051113904319611894
3633 0.01447103994261202
3751 0.04333038753760848
3910 0.18588270007616442
3927 0.0747477305558535
4207 0.20884049178915529
4258 0.05957345562486606
4277 0.06998355832509136
4300 0.12518560035221465
4489 0.021496683009308962
4687 0.15237737295613626
4797 0.10442024589457764
4947 0.07951190278661566
4974 0.03836049159139607
5374 0.0467690088158093
5434 0.05014893937885215
5548 0.04374966426456802
5689 0.03796694527990012
5823 0.11045712024212692
5969 0.17245325282469784
6120 0.056554111073624784
6207 0.040311042986367215
6315 0.021775956847310762
6606 0.021775956847310762
6659 0.10442024589457764
6723 0.041015853444099006
6890 0.15139316367090394
6892 0.09294135003808221
7089 0.1919209354712696
7090 0.08367380696855399
7195 0.058504662468595925
7468 0.08554511583822753
7851 0.03689399897001636
8124 0.026728962892898462
8250 0.06739823837487235
8293 0.06130764405817021
8413 0.07219491111205856
8433 0.02368431574524975
8658 0.059288808973797034
8688 0.02990094028614191
8700 0.05903043825150823
8716 0.042522395773334415
8795 0.028406402702721822
8878 0.04809455976837063
8975 0.06897958147906551
8981 0.037611017718848075
8996 0.018193619482228716
8997 0.026163000479953975
9099 0.031645767965662784
9105 0.14634563103030282
9138 0.05213859479701494
9163 0.47224350601206583
9367 0.04782082550095972
9383 0.029269126206060564
9457 0.03996957632953948
9827 0.02016687210916735
9905 0.053005238662569225
9932 0.03689399897001636
10079 0.035676758057730996
10190 0.039307066140341365
10242 0.035676758057730996
10362 0.06719263872126785
10390 0.0747477305558535
10575 0.03647823120506317
10797 0.041015853444099006
10924 0.028406402702721822
10930 0.02680510346898914
10999 0.010128932174886545
11000 0.02685889450293314
11038 0.09294135003808221
11169 0.055658728361817136
11272 0.05750068562257008
11342 0.08367380696855399
11352 0.05522856012106346
11412 0.0747477305558535
11815 0.15987830531815792
11920 0.0892459709635902
11957 0.02944719831026588
12010 0.053230894765077266
12041 0.03593962938862445
12064 0.01078290995824541
12069 0.038827016698842406
12175 0.030273103052086404
12215 0.030179275344283076
12378 0.046127996106167586
12403 0.047551542395012796
12405 0.06803300693012021
12558 0.046021789766074656
12611 0.030750385253855136
12640 0.06194328374679675
12770 0.05213859479701494
12800 0.08622662641234892
13057 0.0467690088158093
13079 0.04749528974142442
13088 0.031341896208356534
13446 0.052858731999132776
13524 0.0647097906215727
13580 0.09294135003808221
13660 0.03851454429417221
13723 0.05925441203746201
13806 0.03805661983408982
13874 0.05297376506216621
13918 0.07161534429520225
13973 0.10781888816587337
