11 0.017218314236978362
12 0.05052683771828813
60 0.04555294387007994
104 0.03697184079736639
817 0.024574178778935783
920 0.021480244104117887
971 0.018916951147520424
974 0.03753647699713456
976 0.018509955691500428
1001 0.024442615027891742
1318 0.037422173907028185
1319 0.030542992739132944
1397 0.016557711905990403
1481 0.06544843617451693
1657 0.024707751214313085
1721 0.035468353046331356
2204 0.02542989689524993
2352 0.01884779011877812
2365 0.12704015411131928
2456 0.03037722352872803
2558 0.013389634206289192
2728 0.05161716695751529
2776 0.01768816267775227
2803 0.08607212776960348
2816 0.02873934258856725
2965 0.0462480630500476
2966 0.04555294387007994
2969 0.025856786856738846
2995 0.012184554266421965
3092 0.046375292499452096
3157 0.01979256376930349
3168 0.030907617709931032
3195 0.04555294387007994
3227 0.024185278106150124
3314 0.06918548084909659
3391 0.032394034578330275
3455 0.03501959701185636
3565 0.05161716695751529
3721 0.016557711905990403
3734 0.07203132593285654
3865 0.1732279402309582
3915 0.016348149202279828
3956 0.016504848756787673
3984 0.022080936908313156
4099 0.049100286972237096
4188 0.021480244104117887
4262 0.01986964642278872
4310 0.055164510059672454
4404 0.018779171535060323
4436 0.655946039090941
4566 0.026829880426570876
4678 0.027360274607773873
4835 0.02345578703675383
4887 0.0201849535047775
4967 0.03753647699713456
5053 0.02873934258856725
5203 0.04714804318672708
5223 0.01416095496900566
5279 0.021296051520338522
5432 0.03753647699713456
5689 0.020057680547339564
5962 0.01762803306253789
6068 0.02246429424967758
6230 0.017871071595683085
6484 0.028528517337112938
6497 0.03207586043927009
6520 0.031768852638133005
6571 0.035468353046331356
6601 0.05472054921554775
6606 0.034512272412437796
6695 0.0168269277495503
6775 0.014120730417342145
6821 0.03624211003742954
6861 0.02873934258856725
6866 0.01671824530130241
7015 0.055164510059672454
7046 0.058808259917792
7100 0.020765657339135518
7201 0.008137142228588854
7242 0.0129927122396666
7329 0.04303606388480174
7442 0.01941702008319638
7471 0.07394368159473277
7580 0.010028840273669782
7604 0.02246429424967758
7693 0.014040831920712206
7923 0.05161716695751529
8026 0.055164510059672454
8115 0.01505143390630309
8118 0.22776471935039969
8131 0.088212389876688
8202 0.018916951147520424
8355 0.03063840186637114
8673 0.013613975333404136
8706 0.014406265186571305
8744 0.020531439662293947
8783 0.14144412956018126
8843 0.055164510059672454
8893 0.02393529468311844
8897 0.034592740424548296
8951 0.029637445774342915
8973 0.03753647699713456
8975 0.03644144661616339
8980 0.055164510059672454
8982 0.023339906871460647
8996 0.019223132379185024
8997 0.013821736300302877
9138 0.027544467191553245
9317 0.11017786876621298
9573 0.05161716695751529
9695 0.051409259101395294
9722 0.08555065234380249
9890 0.05613326086054228
9899 0.025121158414537312
9902 0.0060562369393910055
9906 0.038542405929638986
9975 0.03753647699713456
9989 0.02665999499982311
10040 0.018576486997485524
10068 0.0168269277495503
10156 0.014282750317555371
10281 0.026169278095582914
10362 0.03549741683636273
10371 0.027360274607773873
10394 0.05161716695751529
10432 0.025408030822263856
10451 0.01979256376930349
10489 0.10048463365814925
10567 0.04383412875431937
10583 0.06933795569299786
10614 0.03198615141244446
10674 0.07288289323232677
10999 0.01070209279950152
11000 0.010642029306471469
11003 0.013028061073917368
11191 0.049100286972237096
11308 0.16549353017901738
11325 0.07148428638273234
11328 0.05171357371347769
11376 0.03644144661616339
11957 0.03111351162792437
12017 0.024313000441292674
12064 0.0740549997463258
12069 0.020512050464167562
12182 0.0457823016739713
12285 0.057910747848842016
12291 0.032724218087258464
12333 0.021387663085950623
12558 0.024313000441292674
12665 0.03379684429574263
12667 0.014701434251700164
12807 0.014040831920712206
12834 0.007251891151963918
12865 0.010845111782296146
12981 0.044204306614140806
13088 0.04967313571797122
13156 0.055164510059672454
13263 0.039488720782644586
13321 0.03697184079736639
13336 0.01870359585849435
13347 0.03753647699713456
13480 0.04005839098728308
13660 0.04069394680998145
13700 0.40888117363242577
13705 0.05975430918610415
13728 0.02773262120830728
13754 0.011269208923255815
13787 0.015231828432903166
13822 0.014364899508681729
13868 0.04303606388480174
13872 0.03178843575905812
13874 0.027985681997157043
13912 0.0168269277495503
13936 0.055164510059672454
14072 0.026198380241586126
14110 0.05624304376218588
14113 0.027003130138910987
14170 0.026486413892042107
14178 0.024313000441292674
