33 0.04434759110639272
56 0.0956021396141435
79 0.015765700477402774
194 0.01487326394186065
548 0.024186026474061567
556 0.020732547773382546
580 0.04780106980707175
638 0.031536872871782126
840 0.043034639439694405
870 0.03999672249609959
920 0.1463830657307804
968 0.05148476053471121
971 0.11049839723147231
995 0.020821735252988017
997 0.021282243428236442
1002 0.03766392259132585
1008 0.023182829905956062
1012 0.06346127786620266
1027 0.019120711879352364
1045 0.023795851699935606
1065 0.030639482962168015
1171 0.06818592332569409
1194 0.024320160371831264
1255 0.017892090866683058
1319 0.029734810488291116
1349 0.03999672249609959
1397 0.01611958689999423
1461 0.014609820472848985
1479 0.1051544574074995
1524 0.026998802737363634
1545 0.03591178272666058
1552 0.03499035157246115
1567 0.015331295069984822
1623 0.028404840865871802
1653 0.0758181166740384
1689 0.012378504807556479
1714 0.02473572212891547
1940 0.0165428952028391
1942 0.01681856089745509
1943 0.03008978730731411
1948 0.03918493457815051
1963 0.022457413836821885
1976 0.03008978730731411
2114 0.05871919680201977
2124 0.045900483329352135
2176 0.17077601708546883
2177 0.053704830640324296
2182 0.014962920837899692
2204 0.012378504807556479
2269 0.03844383027314018
2304 0.045900483329352135
2337 0.034092961662847046
2384 0.019047601331940233
2507 0.08869518221278544
2558 0.026070676114291723
2605 0.03122711777318931
2648 0.030475394267666045
2659 0.047746707978089706
2720 0.03254006943988763
2730 0.0174583878322896
2776 0.017220125401632747
2915 0.034092961662847046
2965 0.015008105699716083
2967 0.045900483329352135
2979 0.053704830640324296
3010 0.03743672002556954
3014 0.030639482962168015
3035 0.02908659073920861
3092 0.23702794498026877
3130 0.024168421787431598
3137 0.054846796922427075
3184 0.039938583523076256
3206 0.033677399905762836
3208 0.03977711640937592
3214 0.026636308606635083
3215 0.03008978730731411
3220 0.0177035076690245
3242 0.032902563570616175
3281 0.036040346755427694
3325 0.08606927887938881
3512 0.08946045433341529
3519 0.01988855820468796
3588 0.03999672249609959
3633 0.022327990400213285
3666 0.04010159580009147
3760 0.08155801278446698
3790 0.016707221711015526
3865 0.015331295069984822
3915 0.06366227730411961
3928 0.0202161880768438
3984 0.05374166179296641
3992 0.02176908029980321
4018 0.053704830640324296
4028 0.022722321730707637
4029 0.027978885786598937
4190 0.02737741291164542
4358 0.03122711777318931
4384 0.029925841675799383
4398 0.03122711777318931
4405 0.027978885786598937
4542 0.019573065600673255
4570 0.03918493457815051
4624 0.024053972255578662
4689 0.02283513565119585
4723 0.03219237518512742
4734 0.04333892262131063
4747 0.03616988846680497
4814 0.03328117374489797
4824 0.08213223873493626
4827 0.05421577672121458
4842 0.029326531295469697
4870 0.03918493457815051
4887 0.09825424972362498
4991 0.024456440502817995
5031 0.07999344499219918
5038 0.026288614351874875
5063 0.024186026474061567
5192 0.07552416079960675
5210 0.02718600426148899
5247 0.009333936300580476
5336 0.029326531295469697
5390 0.0551449972087524
5392 0.06905968679442545
5417 0.027978885786598937
5435 0.03713087860644186
5689 0.009763472345420793
5759 0.029827695044218942
5798 0.014784540988800884
5816 0.022179633337850557
5829 0.02957342761077537
5832 0.03844383027314018
5962 0.017161586844903737
5970 0.040769707037244654
6097 0.030639482962168015
6109 0.010639134369586556
6235 0.0177035076690245
6299 0.07198709628113333
6310 0.0242328250889226
6417 0.022501080032619254
6528 0.01848426704090271
6601 0.026636308606635083
6672 0.03918493457815051
6693 0.08364746613187451
6695 0.016381679163089403
6712 0.030360201336070532
6758 0.029827695044218942
6789 0.018761277682724176
6813 0.04646099518284824
6821 0.05292468961029618
7201 0.01584365907754389
7214 0.03499035157246115
7245 0.03467684700875408
7431 0.051909117466596565
7580 0.019526944690841586
7598 0.0165428952028391
7611 0.034529843397212726
7620 0.0418973089738192
7627 0.03265722307346748
7649 0.02030010330219444
7693 0.013669304767420709
7717 0.016874781078319842
7914 0.03599354814056666
8087 0.021002961802138963
8115 0.014653165739306879
8124 0.054988356445889806
8210 0.053704830640324296
8244 0.018150211422326118
8306 0.021002961802138963
8353 0.04780106980707175
8401 0.03899197039397885
8411 0.01414703706679319
8445 0.053704830640324296
8447 0.31995249813129467
8463 0.07032026397679575
8490 0.034092961662847046
8669 0.019650849944724998
8673 0.06626871505168253
8691 0.019120711879352364
8744 0.019988167912173792
8841 0.053704830640324296
8968 0.024456440502817995
8981 0.01934388603949707
8996 0.00935723953393157
8997 0.11437605543963504
9099 0.11393110753218608
9187 0.0408941124057137
9204 0.015569891245140327
9246 0.04780106980707175
9264 0.053704830640324296
9287 0.029827695044218942
9496 0.018416399538578716
9602 0.026636308606635083
9661 0.06127896592433603
9694 0.053704830640324296
9708 0.015191281070858539
9765 0.1261256038192222
9776 0.04434759110639272
9777 0.04434759110639272
9813 0.026119948910096346
9820 0.03185831956655082
9827 0.010372111671345465
9853 0.029326531295469697
9880 0.03219237518512742
9898 0.02885322473092099
9930 0.03599354814056666
9964 0.06017957461462822
10079 0.018349068543859495
10115 0.053704830640324296
10156 0.05561928754937654
10220 0.043034639439694405
10234 0.10736826039196437
10309 0.045900483329352135
10316 0.0159661174060052
10335 0.02030010330219444
10445 0.07448658501066947
10460 0.016707221711015526
10493 0.022722321730707637
10507 0.03999672249609959
10531 0.022285439996341947
10557 0.030928233545857456
10567 0.05120910799650893
10583 0.022501080032619254
10597 0.0408941124057137
10672 0.025954558733298282
10674 0.07095437688805584
10727 0.034092961662847046
10732 0.014438612166004033
10903 0.031536872871782126
10970 0.03185831956655082
10999 0.0104189102862065
11000 0.05180218051018538
11002 0.03547718844402792
11003 0.1141499909109533
11042 0.03999672249609959
11207 0.03999672249609959
11255 0.05306026113803276
11262 0.017892090866683058
11317 0.07339627417543798
11333 0.05025135193964527
11352 0.028404840865871802
11425 0.03122711777318931
11482 0.058962094798957775
11581 0.05554727814502057
11582 0.03999672249609959
11662 0.5094041495159566
11670 0.04434759110639272
11722 0.028404840865871802
11726 0.031536872871782126
11733 0.028212373003572783
11922 0.03008978730731411
11968 0.03654324379542056
12041 0.03696853408180542
12064 0.016637415900229383
12078 0.037382351669024094
12173 0.023795851699935606
12175 0.031139782490280654
12231 0.021669461310655315
12333 0.041643470505976034
12378 0.04744858044407096
12379 0.06818592332569409
12413 0.01733842350437704
12416 0.03713087860644186
12417 0.02885322473092099
12584 0.023065347678156285
12610 0.023065347678156285
12667 0.02862485448718251
12668 0.0827196664317236
12735 0.013365082196776065
12768 0.019969291761538128
12797 0.06438475037025485
12834 0.028240010522489967
12956 0.026636308606635083
12967 0.03713087860644186
13211 0.04780106980707175
13336 0.018208689732927073
13349 0.03008978730731411
13421 0.05025135193964527
13428 0.030639482962168015
13503 0.02957342761077537
13754 0.03291306073520188
13816 0.04500216006523851
13827 0.08153941407448931
13842 0.10009789085041965
13860 0.027978885786598937
13912 0.016381679163089403
13948 0.0159661174060052
14014 0.022722321730707637
14072 0.012752579261587259
14090 0.02030010330219444
14170 0.03867835599744199
14171 0.05464794782992889
