12 0.021233940780884454
149 0.02032776188917656
194 0.012840773287042476
319 0.024714214562240048
320 0.02452320642186829
321 0.022844729262219064
322 0.05369808805816394
326 0.03434141529537033
328 0.041533802613073975
337 0.03089413101903158
555 0.02511179246432729
757 0.036171875115844916
997 0.01837394024404346
1002 0.016258498907383404
1029 0.04904641284373658
1052 0.03260174196843339
1098 0.09273170399814017
1107 0.012213788201983069
1111 0.019426217980255706
1254 0.04636585199907008
1257 0.09273170399814017
1305 0.03383015746593925
1417 0.03020878090593987
1480 0.02981120300385263
1642 0.03107488667423234
1653 0.028053115530971888
1656 0.02032776188917656
1871 0.027656370011314425
1872 0.23776799867271753
1901 0.019521101876707452
1987 0.09273170399814017
2006 0.017976362341956223
2046 0.019521101876707452
2137 0.018881272421660593
2157 0.027504753526820816
2180 0.07430756970290173
2204 0.010686932907782005
2330 0.04636585199907008
2340 0.020880909791007173
2352 0.04752478611039025
2357 0.024714214562240048
2384 0.016444670875303182
2408 0.0412688635574575
2558 0.022508014564397896
2608 0.021479076811952765
2617 0.02011765045372703
2618 0.022844729262219064
2927 0.01186849472497863
2934 0.02111437066754848
3010 0.010773614460998256
3014 0.026452475790608568
3092 0.0487231271091966
3130 0.02086571085480268
3137 0.01578392134939459
3149 0.03107488667423234
3168 0.025977898232619756
3182 0.028733169024326672
3366 0.03383015746593925
3432 0.007205717409072471
3442 0.020996713758320646
3512 0.01544706550951579
3560 0.028406297435741665
3633 0.019276781734334784
3696 0.02981120300385263
3789 0.01613695233927187
3915 0.013740643496184127
3918 0.0412688635574575
3938 0.021479076811952765
3940 0.017747740820606484
3984 0.00927953000565207
3986 0.02511179246432729
4046 0.027504753526820816
4052 0.019521101876707452
4079 0.019617226120627468
4090 0.043384304894117556
4135 0.036171875115844916
4146 0.03453101133717367
4188 0.01805417682415906
4219 0.012213788201983069
4258 0.026452475790608568
4276 0.06411359281967656
4334 0.0412688635574575
4448 0.043384304894117556
4540 0.02907524930488576
4577 0.02064538014364113
4606 0.029434022895561095
4625 0.03962799977878626
4630 0.023470928685656044
4734 0.01870824326322375
4753 0.0412688635574575
4887 0.01696548316659121
4990 0.08160016997038479
5002 0.01914869825442224
5038 0.022696170675277263
5106 0.026959807968225696
5152 0.04636585199907008
5161 0.020014804022714706
5220 0.043384304894117556
5223 0.01190230351992926
5231 0.047272361165428184
5247 0.01611683358541353
5431 0.043384304894117556
5487 0.17283823213865004
5551 0.011701743816612122
5661 0.019714623570324743
5685 0.030784786278181868
5749 0.03020878090593987
5798 0.012764174678287148
5829 0.07659630342508852
5962 0.014816387766848935
5970 0.052797546700994034
5974 0.019240046012335928
5987 0.03107488667423234
6050 0.027504753526820816
6065 0.03453101133717367
6245 0.027345997305190235
6254 0.036171875115844916
6271 0.10739538405976382
6296 0.028406297435741665
6481 0.05445446760197469
6484 0.023978260863273176
6519 0.014376518447264652
6546 0.0412688635574575
6563 0.015230773447563978
6695 0.028286115141446688
6775 0.02373698944995726
6815 0.030629089583308757
6819 0.027227233800987346
6821 0.015230773447563978
6858 0.030629089583308757
6880 0.06481433705199377
6895 0.03260174196843339
6910 0.07925599955757252
6937 0.02491031684895214
6939 0.04636585199907008
7024 0.03260174196843339
7032 0.03205679640983828
7078 0.021233940780884454
7085 0.023978260863273176
7099 0.008408154871352547
7201 0.006839280034537015
7206 0.016507790575718672
7233 0.021995316804042847
7242 0.010920393784323313
7342 0.01853919214110151
7422 0.012726172526791847
7470 0.15851199911514505
7566 0.031004294829241667
7580 0.03371702011661427
7604 0.018881272421660593
7616 0.017747740820606484
7633 0.02387253695229919
7693 0.011801339920817682
7717 0.014568775148629002
7862 0.06269526508418807
7892 0.03691220398416549
7978 0.036171875115844916
7996 0.043384304894117556
8027 0.019521101876707452
8097 0.013611254821611173
8115 0.0253015047579878
8156 0.01905847135619339
8162 0.0412688635574575
8250 0.009975641277593952
8306 0.018132823562595952
8370 0.027227233800987346
8658 0.01755072252211555
8669 0.06786193266636484
8673 0.045770265320569395
8744 0.025885057938881587
8795 0.025226660831082725
8800 0.03715378485145086
8870 0.12261067620050156
8931 0.02963277553369787
8996 0.008078535546565107
9134 0.016507790575718672
9276 0.02907524930488576
9295 0.028093339569279813
9372 0.04568945852443813
9383 0.01299640660856535
9387 0.023978260863273176
9402 0.018969338144282942
9411 0.04636585199907008
9453 0.04636585199907008
9464 0.04636585199907008
9497 0.018010492823912035
9507 0.06411359281967656
9534 0.03383015746593925
9633 0.03530576934755245
9645 0.01190230351992926
9647 0.04667293510844694
9662 0.03319032801089239
9874 0.04636585199907008
9925 0.025977898232619756
9957 0.020880909791007173
10322 0.04661861798825817
10327 0.019714623570324743
10330 0.0515032438387483
10331 0.06868283059074066
10333 0.02511179246432729
10361 0.015613564696874202
10362 0.01491781558110212
10426 0.043384304894117556
10493 0.019617226120627468
10496 0.023978260863273176
10516 0.008819792815865157
10522 0.021995316804042847
10582 0.021732667457287524
10732 0.012465518404563267
10869 0.6027560759879109
10999 0.00449756238463135
11000 0.050686300784192916
11003 0.05475052265801682
11094 0.03107488667423234
11216 0.03020878090593987
11280 0.04636585199907008
11296 0.13909755599721021
11314 0.02011765045372703
11325 0.015020662012114445
11352 0.1961856513749463
11444 0.09273170399814017
11480 0.03383015746593925
11482 0.012726172526791847
11599 0.04636585199907008
11636 0.037938676288565884
11835 0.028406297435741665
11861 0.022130245359374762
11876 0.016017382225935895
11910 0.016765831085000536
11930 0.019714623570324743
11960 0.031549464232221144
11978 0.02670176745894384
12015 0.12822718563935312
12046 0.04636585199907008
12050 0.02575162191937415
12064 0.004787948955301853
12078 0.01613695233927187
12215 0.013400541265387658
12270 0.02415545979780597
12305 0.04636585199907008
12312 0.13909755599721021
12324 0.02907524930488576
12390 0.02670176745894384
12406 0.017526013471284595
12407 0.018132823562595952
12513 0.01572669615827123
12523 0.014282242797634724
12582 0.016258498907383404
12614 0.01696548316659121
12659 0.05340353491788768
12726 0.025318944189554455
12733 0.027568567960096022
12735 0.06923214344437414
12756 0.04636585199907008
12763 0.01710166113148321
12815 0.16915078732969627
12817 0.25320312581091436
12839 0.04636585199907008
12903 0.03570691055978777
12926 0.06309892846444229
13031 0.03260174196843339
13112 0.013276951802430876
13154 0.04636585199907008
13261 0.02186281952661312
13336 0.007860199940933893
13480 0.011223045552464377
13503 0.025532101141696174
13516 0.024714214562240048
13628 0.02111437066754848
13786 0.019899223032167835
13787 0.038407122733326186
13827 0.01759918223366468
13872 0.026718227100940326
13874 0.00784066898669457
13973 0.015958318454993438
14043 0.023978260863273176
14072 0.055049443001613275
14151 0.04636585199907008
14163 0.023771901824186824
14189 0.05487805913760479
14193 0.04636585199907008
14195 0.03453101133717367
14204 0.03020878090593987
