12 0.04015242057987531
33 0.07239958182702086
56 0.0780375524030967
79 0.025738266573164248
86 0.06839937804298779
194 0.024281320877390232
548 0.03948485496266104
580 0.0780375524030967
870 0.0652965789330457
971 0.030065660661334943
974 0.059658608356969865
1008 0.03784708817061828
1012 0.10360359751443496
1024 0.044382463420785105
1027 0.031215484533961745
1045 0.038847875821710585
1133 0.025819345207271832
1194 0.03970383502144385
1289 0.06676161125094503
1290 0.05497997995762862
1408 0.05097977617359554
1461 0.04770247341121715
1479 0.08583486220577156
1545 0.05862771770028037
1617 0.052555605462994696
1620 0.030977787355173394
1653 0.14145912339103708
1779 0.04787697706365345
1871 0.07844541518689496
1940 0.027007074454628757
1943 0.09824605864553991
1963 0.018331405721695237
2070 0.07239958182702086
2176 0.21684451148621378
2182 0.0244276900852591
2204 0.020208506242443205
2340 0.03948485496266104
2463 0.060617950533704446
2573 0.04637227297461364
2760 0.041341601813486624
2776 0.05622537084803932
2848 0.023851236705608576
2949 0.0453418055975197
2965 0.024501456551910474
3011 0.07025612489381337
3035 0.04748526253072719
3092 0.23954639088390717
3103 0.048695151059829696
3151 0.10914616755815687
3184 0.0652016642549374
3227 0.038438877325896945
3383 0.05791822156887757
3454 0.038847875821710585
3471 0.05565840457293679
3512 0.058419402923203335
3633 0.012150507146562566
3758 0.025577513957885902
3813 0.06276140746691194
3865 0.025029078789660878
3931 0.04956449326959756
3984 0.03509434215865746
4180 0.18005846117352833
4249 0.052555605462994696
4384 0.0488553801705182
4441 0.060617950533704446
4677 0.0780375524030967
4700 0.04291743110288578
4734 0.03537644093327316
4827 0.11063733861063223
4887 0.03208096049975848
5044 0.04787697706365345
5070 0.04085365889407066
5161 0.03784708817061828
5179 0.058761203682878876
5192 0.0616484179107984
5197 0.044382463420785105
5218 0.07025612489381337
5247 0.015238101283581636
5390 0.11253358520048198
5417 0.1370306422783632
5548 0.036734098614504725
5663 0.023434057024678413
5760 0.05497997995762862
5962 0.028017118406235757
5970 0.16639628371388432
6067 0.03537644093327316
6068 0.035703631237410785
6245 0.017236680907932723
6310 0.05934188393850885
6373 0.07493475329315462
6615 0.08203775618712977
6681 0.13200266019618284
6693 0.06827926182403878
6695 0.026743881492610037
6712 0.04956449326959756
6813 0.01896245398332671
6821 0.028800702965788027
7020 0.029003698488550823
7099 0.03179888030950913
7201 0.012932768874324605
7245 0.028305812783498314
7401 0.03145731578334767
7466 0.02510611470056727
7540 0.03399248724948143
7598 0.027007074454628757
7649 0.06628179585214684
7959 0.04602023021282787
8000 0.07239958182702086
8074 0.06655851348555372
8115 0.02392199994409438
8306 0.03428834833341281
8361 0.07493475329315462
8447 0.23742631265363598
8669 0.03208096049975848
8673 0.32456062245492806
8691 0.06243096906792349
8706 0.022896600890859195
8737 0.036038706399345484
8744 0.016315824176987306
8758 0.08123192343056462
8850 0.08203775618712977
8961 0.044076847901972784
8968 0.039926318909488646
8976 0.0772837456973195
8981 0.03157982711641024
8996 0.015276144936184755
8997 0.05491894942724843
9084 0.059658608356969865
9099 0.13285573509233298
9138 0.08755561054425662
9336 0.05791822156887757
9386 0.049123029322769955
9496 0.12026264264533977
9500 0.03356017430420329
9652 0.020649970189270814
9695 0.04085365889407066
9708 0.0496009983635099
9765 0.025738266573164248
9859 0.05565840457293679
9890 0.059476940714394654
9921 0.15293932852078662
10068 0.026743881492610037
10156 0.022700292505353367
10234 0.10517031874706313
10382 0.07140726247482157
10386 0.02952454388609599
10445 0.12160294329307855
10516 0.03335565773912173
10567 0.04180066957625074
10614 0.02541859855557879
10645 0.03399248724948143
10657 0.021339612995064476
10674 0.05791822156887757
10963 0.0780375524030967
11000 0.07893158806506177
11003 0.02070615186712521
11135 0.03443867354186387
11235 0.06839937804298779
11255 0.03464937438256788
11262 0.029209701461601668
11310 0.04038225963675203
11311 0.030288144549379732
11325 0.028403391754841932
11359 0.023365727912474987
11364 0.04602023021282787
11365 0.021517503860783865
11482 0.04812923205736817
11564 0.06839937804298779
11581 0.0453418055975197
11733 0.04605805990468253
11747 0.054333121635905535
11875 0.03413963091201939
11957 0.02472513343436658
12064 0.018107589368556855
12069 0.0652016642549374
12387 0.03246903070129119
12417 0.09420856252905298
12712 0.050020433996860944
12807 0.044631598891273404
12810 0.07311392628897156
12834 0.08068056410322998
12835 0.2248042598794639
12877 0.05718639433486696
13244 0.0652965789330457
13321 0.058761203682878876
13336 0.014863282191801558
13480 0.021222270979267495
13585 0.052555605462994696
13614 0.0326008321274687
13807 0.07025612489381337
13827 0.06655851348555372
13858 0.037095286359423524
13874 0.044479050124990316
13875 0.039056976699720775
14062 0.01719288576510643
14113 0.04291743110288578
14170 0.02104809400848366
14242 0.056371635079641345
