1101 0.10902955237777583
1349 0.19939867532046487
1451 0.23476455718909717
1653 0.0539973959529523
2176 0.2837941832747946
2212 0.17944134847579746
3092 0.16881046850635836
4180 0.2749257252440271
4685 0.10803039875765066
4827 0.1351429990386651
4970 0.09459806109159821
5358 0.09606241550217921
5417 0.27897049631176457
5962 0.08555695241290405
6109 0.05304007847290154
6310 0.06040486470453799
7598 0.08247254233726443
8020 0.13746286262201354
8447 0.1450075731468319
8673 0.13214976799944989
8688 0.07666750839841062
8689 0.1186312530370983
8895 0.16996621145610197
8997 0.03354162176555595
9099 0.08114133395350345
9921 0.15567890390662148
10597 0.2038725008755577
10674 0.17686710156122232
10999 0.07791326812671728
11003 0.06323117260894688
11325 0.08673653019909479
11482 0.0734870438332689
11733 0.0703246347886111
12422 0.2677387400688861
12513 0.09081351109316789
12667 0.07135282230365088
12763 0.1975064409264037
12810 0.11163540485365996
12835 0.22883113918482778
13153 0.22883113918482778
13480 0.0648072653989577
13822 0.06971946440764681
13874 0.045275795553954175
14043 0.13846201624213872
14170 0.1285507489639164
