11 0.03386058267436404
421 0.04480273990738352
483 0.039694611070511816
997 0.04299001712231659
1085 0.048326218278194326
1086 0.05345044607162387
1107 0.02857693869456336
1175 0.0630786097469823
1217 0.054915582214333805
1224 0.08079316406382962
1329 0.052428068878597765
1479 0.05310285942926688
1770 0.05694203387979521
1808 0.04659187810531925
1940 0.033416559227923186
2009 0.08692973993101671
2113 0.10848346869839236
2279 0.0697500977226673
2565 0.06705299081568251
2570 0.07381715568509031
2575 0.17943517169912726
2576 0.07270677342234075
2609 0.04152488097960668
2667 0.05380519995158423
2848 0.02951175868275439
2927 0.055538091956989236
3010 0.02520732428623747
3044 0.1200396912851929
3045 0.07915335684096804
3060 0.07381715568509031
3071 0.06435363397061497
3297 0.04050250378658056
3313 0.06435363397061497
3332 0.06389390156230855
3416 0.08079316406382962
3432 0.050578250067242515
3437 0.1659066799708009
3443 0.09013173921462483
3633 0.015034140124822832
3745 0.05345044607162387
3751 0.09003293757555601
3758 0.031647726654459474
3763 0.05345044607162387
3784 0.10848346869839236
3841 0.030225019518747186
4114 0.0618915905930731
4219 0.02857693869456336
4277 0.07270677342234075
4421 0.046357793492756226
4489 0.06699949952370482
4577 0.024152283997973582
4721 0.05210034556761936
4773 0.06573076504360144
4778 0.20408449938078063
4779 0.0680281664602602
4808 0.0303162926963004
4830 0.06886759897181241
4921 0.08692973993101671
5038 0.05310285942926688
5260 0.029954069767549833
5395 0.06722779174895083
5434 0.05210034556761936
5520 0.04318225324086789
5537 0.05737762559187566
5548 0.045452060499858456
5823 0.17213287677562697
5954 0.06573076504360144
6031 0.07068032175687933
6207 0.041879634859567035
6221 0.10150746031965303
6245 0.02132739587993498
6282 0.07627919906263216
6606 0.022623307508850173
6815 0.07166372961587705
6890 0.15728420663579332
6891 0.13005684904256817
7046 0.057824532630650086
7089 0.06646300123567898
7090 0.08692973993101671
7100 0.04083659105310335
7271 0.16521177369779308
7337 0.10848346869839236
7390 0.10848346869839236
7406 0.04523288615221861
7436 0.0618915905930731
7468 0.044436932784596185
7634 0.10848346869839236
7671 0.028007455617128196
7692 0.06132744321225941
7862 0.029337969794815105
7965 0.04377219515967372
8250 0.07002085295268329
8433 0.02460592487386648
8491 0.10848346869839236
8589 0.08079316406382962
8592 0.08463233851435795
8658 0.02053195590367107
8688 0.031064452030299394
8744 0.010093997887083843
8878 0.14989807650316775
8943 0.10150746031965303
8961 0.054537436143661785
9102 0.045898967538632894
9105 0.06081610533287107
9134 0.03862373503319878
9138 0.054167422880334805
9163 0.18398232963677824
9350 0.06722779174895083
9367 0.04968163962764655
9383 0.18244831599861325
9497 0.014046549707492114
9515 0.055302226656933635
9531 0.039381785114016916
9646 0.07915335684096804
9647 0.03640065318617712
9660 0.10150746031965303
9725 0.0536942630181981
9732 0.048588894428069435
9793 0.15830671368193608
9827 0.04190321944669822
9905 0.027533894888099673
9925 0.06078120833032354
9930 0.07270677342234075
9966 0.04100609935643666
9979 0.05973816452385985
10003 0.08100500757316112
10040 0.03653148996588368
10156 0.02808766533638043
10162 0.0913481259631504
10242 0.11119505895217273
10362 0.034903626480827725
10493 0.045898967538632894
10569 0.09413964843462234
10575 0.07579535978305303
10580 0.0618915905930731
10583 0.045452060499858456
10797 0.04261187105164459
10924 0.05902351736550878
10930 0.027848149352866575
11000 0.013952016757478614
11097 0.06008782614308322
11365 0.026624170026595128
11531 0.0618915905930731
11576 0.036141927203606254
11734 0.06435363397061497
11766 0.10848346869839236
11795 0.09271872915584682
12010 0.11060445331386727
12023 0.034316369689396525
12064 0.01120249684255573
12103 0.07270677342234075
12248 0.0630786097469823
12296 0.08079316406382962
12336 0.05828335858477342
12378 0.023961469247808245
12383 0.10761039990316847
12562 0.10150746031965303
12810 0.04523288615221861
12830 0.08958189522763582
12877 0.023586073549393398
12903 0.05569629870573315
12918 0.08463233851435795
12928 0.045898967538632894
13324 0.06502842452128409
13332 0.04996602550105591
13336 0.03678145520856639
13337 0.06573076504360144
13379 0.07068032175687933
13464 0.042425869741502906
13557 0.054167422880334805
13643 0.11847887059290797
13723 0.09234019847067014
13854 0.08260588684889654
13874 0.018345030489455807
13918 0.03720102789748649
13965 0.04781259943184265
13989 0.03374849788955799
13993 0.055302226656933635
14017 0.08958189522763582
14163 0.01390494435159495
14203 0.07270677342234075
