10 0.03353443395487911
68 0.08907605293820985
79 0.05056400303419653
149 0.03775746715911827
962 0.0956638536220267
1001 0.038159215294030845
1091 0.039666398919991706
1131 0.0932869722153991
1519 0.024286828299846276
1567 0.02458538558270842
1672 0.0948483631023022
1848 0.09253851707583544
1940 0.02652831710299471
2079 0.08612148960144785
2121 0.08612148960144785
2172 0.0390000008117624
2182 0.07198397328419641
2340 0.03878490263634239
2352 0.029424710905050663
2456 0.0474241815511511
2552 0.04555022663872211
2604 0.0973717161934047
2648 0.02443529119475663
2693 0.028794208880172326
2848 0.023428423233621543
2927 0.022044940424314548
3110 0.10801068772425203
3165 0.03625914977939762
3170 0.09110045327744422
3188 0.04825222002936348
3214 0.04271419437202097
3220 0.028389484399235023
3281 0.028897292024971162
3490 0.04215662912530494
3606 0.15449834259383477
3644 0.08058346394410533
3648 0.02670342785863091
3882 0.04300175134790019
3897 0.047028256674418165
3928 0.0324188385007875
3956 0.025766967911861827
4149 0.05336995246835585
4150 0.3416117774231701
4236 0.04664348610769955
4369 0.241750391832316
4452 0.02421319765331767
4621 0.047028256674418165
4624 0.03857313945101427
4788 0.05276281020948187
4824 0.08780527015066955
4827 0.021735211690736955
4928 0.024737147720209393
5161 0.03717616871467846
5185 0.04590501156913055
5390 0.06632321404416912
5663 0.023018638942352447
5800 0.03921854070368127
5921 0.14721275351279497
5930 0.08612148960144785
5968 0.1722429792028957
6154 0.028290149766097183
6210 0.03078037997141042
6235 0.08516845319770507
6310 0.019429974631950075
6417 0.2164974554742061
6496 0.050572777843378124
6498 0.07111614655108423
6518 0.0641390593633764
6528 0.029641516280254587
6563 0.028290149766097183
6705 0.1107446579243033
6720 0.029641516280254587
6724 0.059543369519468516
6775 0.022044940424314548
7224 0.1282781187267528
7316 0.1624349389337054
7418 0.026269789791292037
7457 0.1533083444168535
7580 0.015656781187925985
7876 0.059543369519468516
8078 0.037560939281397074
8164 0.07665417220842675
8250 0.018529090904515502
8293 0.025282001517098265
8411 0.022686300117001353
8433 0.01953384168651774
8463 0.028191532356781457
8474 0.035737107184313124
8484 0.03857313945101427
8571 0.07111614655108423
8669 0.03151225781733564
8673 0.042507613458068055
8676 0.06557812089374174
8700 0.04868585809670235
8740 0.07360637675639749
8795 0.023428423233621543
8878 0.039666398919991706
8885 0.05860103370603388
8886 0.1756105403013391
8923 0.042432566830510283
8977 0.059543369519468516
8997 0.021578158090643184
9011 0.043902635075334775
9094 0.01917371098232151
9099 0.05220023479998687
9134 0.03066212423828959
9177 0.12329765831612631
9487 0.06718685481540566
9628 0.06901068691248961
9645 0.022107738014723037
9652 0.02028390591763909
9765 0.05056400303419653
9835 0.045204424577334215
9890 0.08763387975833054
9891 0.08612148960144785
9908 0.07323720693592488
9932 0.030428640743289864
9957 0.03878490263634239
9961 0.03268931173228386
10079 0.029424710905050663
10108 0.04626925853791772
10324 0.03989595813631096
10333 0.0932869722153991
10386 0.02900115907953883
10387 0.08486513366102057
10454 0.08058346394410533
10460 0.026791832386376536
10881 0.06557812089374174
10908 0.06718685481540566
10949 0.029211293252776844
10950 0.10646236741071971
10994 0.04421663630314044
11000 0.06645630788811016
11002 0.05689149894417219
11003 0.020339091656768428
11034 0.059543369519468516
11071 0.13880777561375318
11097 0.07155264976928004
11138 0.035567434793014524
11200 0.1655266867560374
11208 0.06283726986137694
11345 0.06557812089374174
11359 0.02295152110776641
11482 0.04727603991637279
11634 0.035567434793014524
11700 0.06283726986137694
11957 0.0971473131993851
12021 0.04215662912530494
12057 0.0523693802550051
12288 0.31027922109073913
12289 0.07111614655108423
12299 0.07665417220842675
12328 0.03324687697899988
12354 0.023086088224379037
12390 0.04959675902433177
12582 0.06039816305394123
12728 0.07665417220842675
12834 0.011321475850308684
12877 0.018724214963760366
13088 0.0516989931458838
13508 0.06557812089374174
13695 0.035737107184313124
13787 0.023779559585978792
13806 0.03138752223028441
13832 0.030899668518766955
13862 0.04271419437202097
13872 0.02481366585789153
13874 0.014563521718948548
13919 0.030544883588358506
14062 0.0337762112115136
14072 0.020450136592438842
