68 0.17503542050024273
1001 0.14996655272956946
1674 0.1879805210612605
1848 0.18183920048717944
1871 0.10094235737203335
1942 0.10599417207119756
1965 0.28927467444010996
2182 0.09429953107462549
3490 0.16567647672801844
3512 0.11275978780822264
3606 0.12143637474040914
4149 0.20974508331339572
4150 0.14917130832901945
4808 0.09458429574905756
6417 0.14180662443753544
6606 0.07058282586445959
6775 0.08663709919318847
7316 0.15959321783103117
8115 0.0923473881165948
8886 0.3450766367840979
8923 0.1667609179592884
9094 0.07535310453571192
9099 0.10257403361557983
9880 0.20288324164936525
9890 0.11480102292818216
10386 0.11397519102025735
10950 0.31379957854856594
11071 0.18183920048717944
11200 0.1301047016102204
11482 0.09289793668887361
12280 0.20974508331339572
12288 0.15242551770277388
12359 0.20077795161101747
12390 0.19491635035277274
12582 0.11868305250258757
13079 0.07697369600580868
13088 0.10158908827051578
14062 0.06637062529491901
