10 0.0463960733990631
79 0.03497854174729112
194 0.03299853910421094
548 0.05366028220164556
682 0.07985701796583608
703 0.051173890296378644
1012 0.14079824492169327
1099 0.04209909883252979
1101 0.048521564271533854
1111 0.04992197894462156
1145 0.058325184846907324
1272 0.11915212161212187
1286 0.23830424322424373
1307 0.11819319210412939
1319 0.021990360477020864
1451 0.05223878894256055
1489 0.05426023577855557
1545 0.07967560928387503
1567 0.034014749006182225
1689 0.08239063931236511
1842 0.0714235527290026
1934 0.09547872194949576
1942 0.0373144685403731
1963 0.02491254951067276
2160 0.06074084572616301
2176 0.08419819766505958
2184 0.2662159596885438
2204 0.10985418574982014
2209 0.1110409987474274
2212 0.15971403593167216
2337 0.07564028534741933
2552 0.06302034682671682
2563 0.09295538584793134
2597 0.03634518170113355
2659 0.07062209597351857
2927 0.06099990686472634
2932 0.11915212161212187
3092 0.07512594355114147
3189 0.09839169969835046
3215 0.06675865008374082
3227 0.05223878894256055
3353 0.04992197894462156
3544 0.04430483165311712
3548 0.07383921360825826
3847 0.04742895070903631
3908 0.08451984982589089
3919 0.06675865008374082
3931 0.06735860366065081
3984 0.02384676739594831
4030 0.044852607699259195
4180 0.06117527751148164
4219 0.03138729721210716
4262 0.04291727642277624
4478 0.0714235527290026
4747 0.040124127549688936
4770 0.09839169969835046
4827 0.03007143279366087
4960 0.09295538584793134
4970 0.04209909883252979
5103 0.09839169969835046
5179 0.07985701796583608
5210 0.0603161772840671
5211 0.05990084297423667
5363 0.07068240085839293
5426 0.06351120430456361
5517 0.07763127778457911
5551 0.03007143279366087
5816 0.09841760367826322
5903 0.04359832131445843
5962 0.03807552241428338
5963 0.06401515284658982
5970 0.04522681696481207
6104 0.06996922375290299
6310 0.026882055930296366
6315 0.049696329217815506
6322 0.09547872194949576
6429 0.04412571229887476
6601 0.059096596052064694
6695 0.03634518170113355
6813 0.10308059968241085
6836 0.07763127778457911
6862 0.15352167088913593
7006 0.08933649149069485
7087 0.0887386532295146
7201 0.03515150444904389
7422 0.03270403521538994
7466 0.03411944151987657
7468 0.02440350996676028
7491 0.0282165125944059
7649 0.04503878605634316
7671 0.03076180912887438
7726 0.053078791694486885
7891 0.031847099711087595
7901 0.06928198618530522
7959 0.06254191746532407
8020 0.12235055502296328
8124 0.03049995343236317
8250 0.05127130297058345
8264 0.03289986028787418
8279 0.06401515284658982
8390 0.11915212161212187
8608 0.11915212161212187
8688 0.03411944151987657
8706 0.031116691866383155
8744 0.011086677797316214
8838 0.11915212161212187
8847 0.0887386532295146
8981 0.04291727642277624
8996 0.020760421913771376
8997 0.014927071796367788
9236 0.08238035406740048
9287 0.06617715957658214
9293 0.11915212161212187
9428 0.14943660007144874
9497 0.015427937722299414
9533 0.05456751003474025
9647 0.03998042381239162
9705 0.11915212161212187
9719 0.03093841742731777
9765 0.10493562524187337
9898 0.12803030569317964
10040 0.040124127549688936
10108 0.06401515284658982
10156 0.030849906959239552
10268 0.06074084572616301
10316 0.035423196389438596
10445 0.08262976095300231
10456 0.06617715957658214
10543 0.08378076874048819
10595 0.04522681696481207
10616 0.04680247509214141
10836 0.10975972686729593
10884 0.04541673766281076
11000 0.06129643225340894
11003 0.028139851432929956
11048 0.07471830003572437
11097 0.13199415641684376
11255 0.047088819478691465
11262 0.03969625378990454
11327 0.07299921085633192
11482 0.06540807043077988
11733 0.06259332836559056
11804 0.08693758149035352
11815 0.09121717304535827
12021 0.058325184846907324
12023 0.03769116441036238
12064 0.024608381021713997
12173 0.052794621671999796
12215 0.034437044800853675
12335 0.04026893247578568
12378 0.026317925966744798
12413 0.07693572147324922
12725 0.05366028220164556
12807 0.030327377343555742
12834 0.01566366157375432
13243 0.23830424322424373
13336 0.04039867526974516
13354 0.11149006758044575
13480 0.028841262068309212
13754 0.02434083345694013
13816 0.04992197894462156
13832 0.04275078239079224
13874 0.020149146502080037
14062 0.023365290385103387
14170 0.057209107915937016
14171 0.16165942239084108
