194 0.14404717232940722
1093 0.37232749085905986
1107 0.13701368403578107
1133 0.1531713899455738
1458 0.14276158655572477
1567 0.14848319182741673
1653 0.10489949675498104
1871 0.15512390912803134
2182 0.14491549702294723
2340 0.23424103391773146
2648 0.14757669826344597
2740 0.24979793539308903
3092 0.10931473565082406
3633 0.07208200104387029
3815 0.30854699188201024
4249 0.31178231181210825
5059 0.14066248896292086
5247 0.09039892898136957
6102 0.15661923860925836
6245 0.10225535742760841
7201 0.07672271192095292
7422 0.14276158655572477
8463 0.17026247942130765
9654 0.17836234792784791
9765 0.15269039683821758
10386 0.1751522119650322
10516 0.09894000830453206
10657 0.1265957040008153
11003 0.24567548374684967
12667 0.13861548357298756
12865 0.10225535742760841
13480 0.12589958101572982
14170 0.12486628878863043
