1099 0.17284017185844539
1403 0.12051231938445485
1460 0.09442413118755771
1566 0.08914339589239557
2011 0.38163346272652504
2049 0.12838464554864376
2311 0.09094796479547464
2951 0.1160314317243783
3039 0.1370406596992971
3130 0.055036222619549865
3185 0.12649201477811067
3193 0.1382722309468518
4298 0.11138419511486909
4493 0.12557923770095575
4624 0.21910239461824438
4885 0.12296310706457317
4928 0.1405114641603435
5112 0.20904875304459195
5689 0.044466671615424634
6109 0.04845477895030528
6629 0.18804429174104056
7257 0.1593597460037492
7431 0.11820721145977553
7468 0.05009497796357784
7479 0.06673624772048942
7862 0.06614700242663163
8268 0.08119916750937377
8284 0.15338005061009338
8689 0.10837561534617907
8744 0.045516967084024314
9719 0.1270193788811938
9827 0.047238653148287714
9865 0.20904875304459195
9902 0.026852626212039665
10180 0.12381569602111316
10451 0.1755156946447044
10595 0.0928405955660077
11000 0.06291397071902666
11714 0.08356883458285178
11815 0.09362428355247215
11876 0.08449615928288637
12107 0.20904875304459195
12231 0.2960736056069191
12234 0.17198328312374095
12377 0.11533247162588463
12610 0.10504861432635816
12770 0.12212885478337063
12948 0.08844443579390189
13067 0.20197627451548858
13872 0.07047305049703508
14211 0.10348634000210888
