817 0.04949202740516279
914 0.059689371176062066
1086 0.05473987073779834
1175 0.06460030173074541
1224 0.08274219735089676
1458 0.030494081637272942
1461 0.060447385354813886
1550 0.03662367899010693
1610 0.06884957752071744
1655 0.04001716981608698
1770 0.058315688702588714
1846 0.05547414370865895
1871 0.03313469164197524
1942 0.034792967975588784
2009 0.08902681037905347
2123 0.11110049569615456
2278 0.06524109967364468
2279 0.07143273094805086
2384 0.03940423840034131
2558 0.0539330448471221
2565 0.0686705597351758
2570 0.07559790155949615
2575 0.11025829148138068
2821 0.06066851203379567
2927 0.05687787844980255
3010 0.025815419224479504
3044 0.24587099518501898
3060 0.07559790155949615
3071 0.06590608430729657
3177 0.06806633739991663
3297 0.04147957565898851
3333 0.06066851203379567
3432 0.06906451549820918
3437 0.1699089695896902
3443 0.06153736924066321
3521 0.058315688702588714
3522 0.07559790155949615
3751 0.09220486875686938
3758 0.03241118818520002
3763 0.05473987073779834
3841 0.03095416003238955
3965 0.09888724137200053
4121 0.08902681037905347
4277 0.0744607327236925
4297 0.09888724137200053
4383 0.03171622480940085
4421 0.04747611685190806
4489 0.09148770404423455
4721 0.0533572007602043
4778 0.13933852052699766
4779 0.06966926026349883
4830 0.07052894302674274
4881 0.03181384279563346
4974 0.04081459102533662
5260 0.030676673959829797
5350 0.04870878728436199
5395 0.06884957752071744
5434 0.0533572007602043
5537 0.11752357703179189
5548 0.046548534191741923
5689 0.020197933861046003
5823 0.17628536554768784
6207 0.04288992828398383
6310 0.02506551875685474
6606 0.023169066298089683
6815 0.07339252679958898
6890 0.32215697989885517
6891 0.13319430665958598
7090 0.08902681037905347
7099 0.04029474856262924
7271 0.08459864978919931
7401 0.039861926508342194
7406 0.09264814507823137
7436 0.06338464723534212
7468 0.02275445889968349
7598 0.03422269161584425
7692 0.12561378101953632
7851 0.07850856007216286
7862 0.030045711351512776
8250 0.047806678537900556
8433 0.050399023618045824
8463 0.03636831218047051
8589 0.08274219735089676
8592 0.17334797409569302
8658 0.06308179041135087
8691 0.039555483976600636
8744 0.010337502868098933
8848 0.09174294558059991
8875 0.046324072539115684
8878 0.05117139291118811
8961 0.05585308307576261
8997 0.01391838477930915
9094 0.024734927418567434
9102 0.09401244459948561
9105 0.062283217248303706
9134 0.039555483976600636
9138 0.05547414370865895
9163 0.18842067152930447
9250 0.06338464723534212
9367 0.05088014658689693
9383 0.09342482587245554
9409 0.0361165935931043
9456 0.08902681037905347
9497 0.014385405021126276
9725 0.05498956946100962
9732 0.19904416114477116
9827 0.06437112272934593
9867 0.0523870474065914
9905 0.028198115410730983
9925 0.06224747839953847
9930 0.0744607327236925
9979 0.06117927247543495
10003 0.04147957565898851
10040 0.03741276613317693
10068 0.03388918005428066
10156 0.028765244873349152
10162 0.04677589220361633
10242 0.07591833309887884
10315 0.09174294558059991
10493 0.04700622229974281
10575 0.038811913669434324
10580 0.12676929447068425
10583 0.046548534191741923
10797 0.04363982875160858
10924 0.030223692677406943
10925 0.058315688702588714
10930 0.028519950868513045
10999 0.010776927174053519
11000 0.014288591582801225
11097 0.030768684620331607
11138 0.04588354955809004
11216 0.07238539546504529
11255 0.021953411802686392
11262 0.03701380566009218
11332 0.05031171014794418
11352 0.058761788515895946
11438 0.06117927247543495
11694 0.059689371176062066
11815 0.04252661641364432
12010 0.056636323196563414
12021 0.05438389900563896
12064 0.011472742964209736
12078 0.1160006767882287
12103 0.0744607327236925
12117 0.0367527638271269
12296 0.08274219735089676
12328 0.04288992828398383
12354 0.05956413102660844
12378 0.049079019005945766
12383 0.11020636521627569
12406 0.041995319837458245
12515 0.0744607327236925
12877 0.02415505785631649
12892 0.05745600593934481
12978 0.08902681037905347
13116 0.06460030173074541
13149 0.10395619990475395
13332 0.05117139291118811
13336 0.03766876147239372
13337 0.06731643693229188
13464 0.043449340394213526
13631 0.06731643693229188
13723 0.1576129823567115
13761 0.04217064468148493
13827 0.04217064468148493
13854 0.08459864978919931
14017 0.09174294558059991
14065 0.03599207009641024
14163 0.014240383614434858
