68 0.09226970838995749
79 0.026188440445551707
514 0.07940246433518344
817 0.03974010080967899
962 0.1486405535383398
1458 0.024485516999398455
1567 0.025466848648365365
1672 0.04912448697510793
1848 0.0958563127100997
1940 0.02747944034821123
1942 0.02793734925220696
2172 0.04039827297473135
2182 0.0745648241541491
2352 0.030479678938526506
2604 0.050431398575930854
2621 0.05812255152492107
2693 0.02982657144155246
2848 0.024268405575876974
3047 0.1358586037893774
3090 0.04547668202992638
3110 0.1118832091294927
3170 0.09436668982104154
3184 0.03317103536163591
3188 0.049982213225880624
3206 0.05594160456474635
3281 0.029933350439911383
3321 0.022015822259489278
3595 0.07624539587160822
3606 0.12803007360690874
3648 0.027660829372820415
3897 0.048714366951650906
3914 0.039956107297425325
3922 0.06070206428159323
3927 0.06385913274516845
3928 0.03358115538509294
3956 0.026690794404306516
4149 0.05528343239969399
4150 0.35385962944806293
4577 0.01986114856615116
4608 0.07624539587160822
4788 0.054654522189489865
4808 0.024929998060086743
4824 0.04547668202992638
4827 0.022514487096655118
4991 0.040624648206163246
5161 0.03850905078538586
5185 0.047550849991742174
5216 0.06385913274516845
5223 0.02290036965597353
5247 0.031009245073593334
5255 0.0679293018946887
5307 0.08347263348470367
5390 0.02290036965597353
5478 0.14296987230952268
5979 0.06509018276946159
6154 0.029304440229707265
6210 0.03188395298637943
6235 0.05881467264104634
6417 0.2616361617852721
6498 0.07366588311493606
6655 0.05137495815442734
6705 0.22943040144603913
6720 0.06140851493077469
6775 0.022835320575289603
7316 0.12619405513637555
7418 0.05442328804554036
7466 0.025545231952043022
7547 0.05187143541522612
7572 0.044847771819722264
7588 0.047550849991742174
7865 0.020126600070143774
7876 0.06167818578499373
8411 0.02349967502146533
8433 0.020234191083891663
8534 0.07940246433518344
8669 0.03264207094505721
8673 0.022015822259489278
8676 0.20378790568406607
8795 0.04853681115175395
8878 0.04108856354205802
8886 0.04547668202992638
8923 0.04395390723480401
8931 0.028507150423357826
8966 0.07940246433518344
8977 0.06167818578499373
8997 0.011175901316581515
9094 0.01986114856615116
9099 0.10814355337956437
9177 0.19157739823550538
9204 0.025863181290391158
9628 0.07148493615476134
9652 0.021011147466628025
9783 0.021653029301583936
9922 0.06509018276946159
9957 0.040175462856113016
10079 0.030479678938526506
10228 0.05238597030467369
10234 0.03566993166015877
10316 0.026521353455443524
10333 0.09663160231030693
10386 0.030040941453659268
10387 0.08790781446960802
10531 0.14807357757015113
10886 0.08347263348470367
10903 0.20954388121869477
10950 0.08270953251295667
11000 0.04015606854173168
11003 0.021068311787326884
11071 0.04792815635504985
11097 0.02470601211349135
11200 0.10287680210749818
11208 0.06509018276946159
11252 0.056631895132073014
11345 0.1358586037893774
11482 0.024485516999398455
11634 0.07368527742931741
11640 0.08347263348470367
11733 0.02343181805625271
11869 0.04181426877149479
11890 0.056631895132073014
11957 0.05031517430387882
12091 0.07624539587160822
12117 0.029510986235572714
12127 0.06167818578499373
12249 0.05978896359564824
12275 0.08920921470495106
12288 0.24105277713667808
12317 0.06509018276946159
12328 0.03443888163586563
12336 0.04792815635504985
12354 0.04782759356896791
12359 0.05291992613076816
12390 0.10274991630885467
12584 0.03831390079312544
12728 0.15880492867036688
12770 0.04454349879962196
13088 0.026776281976336164
13347 0.06070206428159323
13508 0.0679293018946887
13674 0.047550849991742174
13695 0.03701839439253778
13787 0.024632131266098024
13862 0.08849126401126647
13919 0.03164001332050578
13990 0.16042448000549336
14062 0.06997438831659585
14072 0.021183338031693574
14079 0.05137495815442734
14088 0.04395390723480401
