194 0.17595476608119714
1107 0.1673633042189001
1133 0.18710007043090823
1458 0.17438441283907774
1567 0.18137339916147
1653 0.12813556916861377
1871 0.18948508813353085
2182 0.17701543159696975
2648 0.18026611006704865
3092 0.13352881857814805
3633 0.08804873727986075
3815 0.3768926033306992
4249 0.3808445723439917
5059 0.17182034844301458
5247 0.1104230103631156
6245 0.12490573196104948
7201 0.09371740250683405
9654 0.21787102585789944
9765 0.18651253352669198
10386 0.21394981926083828
10516 0.1208560066523541
10657 0.15463765879006056
11003 0.3000945563562232
12667 0.1693199150868567
12865 0.12490573196104948
13480 0.1537873390300561
14170 0.15252516436065672
