339 0.07032596842560011
968 0.05071914339553395
1012 0.09377634135026316
1319 0.05858526295282586
1461 0.04317768433899108
1653 0.0640205521839076
1707 0.15871859816321968
1963 0.0995555483571898
2176 0.22431526556902492
2182 0.04422123282957487
2204 0.03658328137314419
2209 0.07395701990606651
2927 0.04062797864889781
3027 0.09228824108639701
3036 0.07769304861097841
3044 0.05854204255981053
3046 0.11820582338709906
3092 0.20014556660505625
3215 0.26678096570667253
3517 0.06617874932554625
3521 0.16662003717986926
3575 0.11820582338709906
3633 0.02199595637779099
3728 0.060498133289258
3915 0.0470366784938762
3919 0.08892698856889084
3942 0.10637489096747305
4150 0.06995304305267
4383 0.0453099215195659
4402 0.09415368712925684
4747 0.05344802250303331
4827 0.04005716048688267
4928 0.04558961331112547
4970 0.05607881639225623
5051 0.06180267401489542
5100 0.11580667532524906
5746 0.06075368880673879
5816 0.06554941648981981
6022 0.09514095100956063
6206 0.08972616687475558
6315 0.033099417788743264
6485 0.11160158952783905
6486 0.08892698856889084
6731 0.13565372578568127
6813 0.10298269173508251
6851 0.06995304305267
7245 0.051241764291286206
7328 0.12085795852581087
7431 0.07670578473067463
7466 0.045449378952525786
7580 0.02885484648948878
7588 0.08460117351240397
7651 0.15538609722195681
7671 0.12293036387031722
7693 0.04039809575196399
7718 0.053066621232745734
8244 0.1072818247062724
8673 0.03916994962901309
8691 0.056509117507484295
8717 0.07529390054912842
8744 0.014768196608412752
8931 0.05071914339553395
8997 0.059651575099444965
9099 0.0481015140912376
9402 0.06493543477654772
9618 0.09140492230464872
9633 0.12085795852581087
9719 0.04121204202672658
9765 0.13978127380718583
9880 0.09514095100956063
9949 0.07352671879083844
10156 0.04109414016122832
10174 0.0718755038475704
10254 0.12718404588356144
10386 0.05344802250303331
10445 0.05503418507190157
10516 0.030191727132550684
10531 0.06586211619135242
10567 0.02522379500902236
10638 0.18110310473820704
10820 0.2970244590876127
10927 0.08892698856889084
11000 0.010206368619413311
11262 0.05287806602701788
11317 0.054228612252535044
11623 0.08815240430725353
11733 0.04168925067443334
11761 0.14127069576463747
11875 0.06180267401489542
11919 0.08034518374969021
12231 0.06404166033431083
12335 0.0536409123531362
12523 0.048890669700468105
12614 0.05807588104748002
12641 0.08331001858993463
12959 0.0820818724669837
13079 0.036096380268657684
13112 0.045449378952525786
13344 0.08394731850984352
13480 0.03841849077301177
13754 0.09727085625012236
13780 0.2543680917671229
13816 0.0664994161112613
13832 0.11389380498881689
14060 0.06207189585676006
14062 0.0311241301071628
14072 0.037688816429200356
14170 0.11430953919743862
14171 0.10767058342979505
