68 0.1539663266923099
1768 0.15627004055152055
1848 0.15995113256312987
2172 0.13482157477609574
2182 0.0829486532889912
3047 0.22670116271087098
3188 0.16680615783062788
3956 0.0890754645839545
4150 0.13121548956014445
4824 0.15176980190963774
5216 0.21311774505619463
6154 0.0977980118648223
6417 0.12473729604490537
6705 0.19142011370024742
7316 0.2807658180752672
7588 0.158691944129357
8673 0.07347363162953888
8886 0.15176980190963774
8923 0.1466878298155297
9177 0.21311774505619463
9497 0.03854893727597628
10228 0.17482824122376642
10386 0.10025594502696117
10531 0.12354187098063012
10903 0.17482824122376642
10950 0.18401825294802987
10999 0.02887920701921449
11071 0.15995113256312987
11200 0.11444393903288227
11634 0.12295531973666185
11957 0.08395867614224171
12280 0.18449797148052818
12288 0.26815597651947487
12317 0.2172261410514186
12359 0.17661021753200998
13674 0.158691944129357
13862 0.14766140591441376
13990 0.17846209284330372
14062 0.058381562701568836
14178 0.13121548956014445
