68 0.10699884487365605
79 0.03036893608543741
514 0.09207758550704373
817 0.046083866048731256
962 0.11491216209164334
1516 0.08289617175444548
1672 0.056966294280817245
1848 0.055578991809975886
2044 0.0503139749573806
2172 0.04684710311339137
2182 0.08646770637859295
2604 0.05848182992171295
2657 0.07704433500129051
2693 0.06917565355901872
2848 0.028142403491402495
3110 0.06487163743391844
3170 0.05471528512222435
3184 0.03846617193107481
3185 0.05349942243682802
3208 0.0383106576086096
3321 0.025530237299042604
3595 0.08841654999838093
3606 0.11135076362601289
3633 0.028673102276774238
3648 0.03207636441886932
3742 0.05130862119233585
3914 0.04633435393990778
3928 0.038941759960290194
3956 0.030951481475927915
4101 0.07877294686017045
4149 0.06410840036925831
4150 0.31915855498608786
4577 0.02303161017330731
4608 0.08841654999838093
4660 0.04117858266042874
4788 0.06337909638428535
4808 0.028909606865324098
4817 0.03641266553112859
4827 0.026108504668549776
4974 0.03800398254546256
4991 0.04710961492462254
5161 0.04465630186889921
5185 0.05514145552919801
5211 0.05200688138719495
5247 0.03595929217914075
5307 0.09679748118069749
5390 0.026555986174933877
5478 0.08289617175444548
5706 0.07704433500129051
6210 0.03697363088144172
6235 0.10230500579265586
6278 0.026555986174933877
6417 0.30340149087593754
6498 0.08542526618360707
6606 0.0431471573800979
6619 0.05848182992171295
6705 0.19954101157886525
6720 0.07121123798538732
6775 0.026480553222833738
6907 0.07877294686017045
7316 0.14633858028952274
7332 0.10344980050413413
7422 0.02839417270072409
7457 0.09207758550704373
7466 0.02962305136314599
7540 0.0401082050234448
7572 0.05200688138719495
7876 0.07152395675735507
8157 0.05745608104582167
8250 0.022257287541887456
8263 0.09679748118069749
8419 0.06933315551286291
8498 0.05471528512222435
8669 0.03785276821992415
8673 0.07659071189712781
8676 0.23631884058051134
8864 0.08841654999838093
8872 0.04511849125451144
8878 0.04764758568367305
8886 0.10547237074433581
8923 0.10194065601533282
8997 0.02591985066740157
9099 0.09405498966607777
9177 0.07405305118651667
9204 0.02999175537798708
9242 0.122735208891322
9594 0.04737639540718784
9605 0.07405305118651667
9628 0.08289617175444548
9652 0.024365184930441715
9783 0.025109531217908036
9852 0.09679748118069749
10206 0.09207758550704373
10316 0.030754992442647195
10321 0.08542526618360707
10333 0.11205703373197924
10386 0.034836416962259704
10387 0.05097032800766641
10531 0.042927690010019275
10567 0.016440395718195173
10655 0.061367604445661
10881 0.07877294686017045
10903 0.060748412539643394
10950 0.15985427564021765
10994 0.05311336607961823
11000 0.02660927729374657
11003 0.024431474467815288
11097 0.028649865743651193
11200 0.11929916309344347
11208 0.07548061536634873
11345 0.07877294686017045
11371 0.034836416962259704
11634 0.08544775643823269
11640 0.09679748118069749
11700 0.07548061536634873
11890 0.0656721200042001
11957 0.05834705261426453
12091 0.08841654999838093
12100 0.05957601117285458
12117 0.03422186428663642
12256 0.04442999982337068
12274 0.10344980050413413
12288 0.23294362759341036
12328 0.039936406195245445
12336 0.055578991809975886
12354 0.08319356407855379
12359 0.061367604445661
12390 0.05957601117285458
12582 0.03627537068658263
12584 0.04442999982337068
12768 0.03846617193107481
12770 0.05165403685950492
12834 0.013599444500401627
12888 0.10344980050413413
13088 0.031050615542978045
13137 0.10344980050413413
13271 0.06410840036925831
13347 0.07039201567785386
13508 0.07877294686017045
13695 0.042927690010019275
13787 0.028564191198155033
13806 0.037702934866414684
13862 0.05130862119233585
13919 0.0366907508016973
13990 0.12402216899107457
14004 0.06740073186308002
14062 0.060858369864247634
14072 0.024564862504822784
14079 0.05957601117285458
14100 0.07039201567785386
