11 0.024248343787777904
149 0.03405983478112331
483 0.02842622600492457
527 0.0364138003477122
637 0.03078614224242585
676 0.04562012728525769
914 0.0834761131939952
1086 0.07655419308162638
1091 0.03578182264937168
1175 0.04517204649162562
1182 0.0663980192472889
1224 0.057857847183631766
1329 0.03754494866563649
1458 0.021323121355991008
1461 0.042268101361596463
1550 0.02560926939522505
1610 0.04814337136779103
1655 0.027982182853106316
1703 0.03932631430608297
1778 0.06415166016280648
1808 0.03336551792038064
1838 0.03685387798167049
1846 0.03879054016086788
1862 0.04207563562854639
1898 0.059155979755860656
1930 0.05462529279295075
1963 0.016243051140466914
1970 0.07269183222646361
2009 0.062252390618939876
2278 0.04562012728525769
2279 0.04994965281831517
2384 0.027553587851744832
2558 0.037712919970923756
2565 0.02400909619503353
2570 0.05286216677668594
2575 0.1541971952280746
2608 0.035988900866439785
2667 0.03853114397183509
2712 0.0691473405697523
2821 0.042422725169162206
2848 0.021134050680798232
2927 0.039772107882534886
2934 0.03537782370557022
2935 0.07462051689631138
2961 0.047071316035492215
3010 0.01805154598610786
3044 0.2005807767021567
3060 0.05286216677668594
3071 0.046085120729293626
3177 0.04759568725172627
3297 0.02900477660197936
3332 0.022877947877109246
3333 0.042422725169162206
3396 0.03239231245606484
3416 0.057857847183631766
3432 0.060367084623110474
3437 0.11880959791240171
3443 0.08606055482210195
3522 0.10572433355337188
3544 0.02888687269855925
3633 0.010766294301731984
3751 0.06447466198532076
3761 0.058976019340393926
3763 0.03827709654081319
3841 0.021644833207130995
3965 0.0691473405697523
3985 0.0527011951166989
4121 0.062252390618939876
4154 0.04277987666532669
4155 0.04562012728525769
4190 0.039603199304133904
4277 0.05206699644243805
4297 0.0691473405697523
4383 0.06653313111139426
4421 0.03319788453334047
4489 0.11195306743327314
4637 0.07269183222646361
4674 0.0663980192472889
4711 0.042422725169162206
4721 0.03731025844815569
4778 0.09743307629667383
4779 0.048716538148336916
4808 0.02171019603355362
4830 0.04931767511997465
4881 0.022245970178768715
4903 0.03905551518806914
4974 0.028539783157943425
5051 0.03025036809721075
5094 0.051320048728983825
5247 0.013502142835663656
5260 0.021450799844520835
5358 0.027873628284055072
5395 0.04814337136779103
5434 0.03731025844815569
5532 0.0691473405697523
5537 0.12326832096704338
5548 0.03254926825869066
5551 0.019606657300381487
5689 0.014123494518783596
5823 0.2876260822564345
6044 0.02064360328785929
6081 0.0364138003477122
6102 0.023392924610322705
6120 0.04207563562854639
6207 0.029990971908177965
6315 0.03240214401310621
6567 0.041409480754658036
6606 0.03240214401310621
6723 0.061030686248824025
6728 0.05286216677668594
6815 0.051320048728983825
6890 0.2628146406594554
6891 0.1862734151900449
6953 0.07269183222646361
7006 0.02912381969118778
7089 0.1427870617551788
7090 0.062252390618939876
7099 0.042264421527612485
7100 0.02924402419472373
7262 0.05462529279295075
7271 0.11831195951172131
7406 0.06478462491212968
7418 0.023697158929003252
7436 0.044321994713028806
7468 0.04773346785247715
7479 0.04239350482699787
7572 0.03905551518806914
7692 0.04391799576922736
7714 0.03223733099266038
7822 0.05371221855528274
7851 0.027448728802782655
7862 0.021009596452063475
7891 0.020764397038574127
8027 0.03270824935332147
8250 0.05014354687982336
8264 0.021450799844520835
8411 0.020464604538322235
8433 0.035241740007591664
8589 0.057857847183631766
8592 0.12121433701219035
8652 0.07269183222646361
8658 0.05881362765380269
8688 0.022245970178768715
8691 0.02765934698938656
8717 0.07370775596334098
8744 0.014457089135942335
8785 0.07269183222646361
8848 0.06415166016280648
8875 0.06478462491212968
8916 0.07269183222646361
8931 0.024825345856723503
8961 0.03905551518806914
8997 0.01946498414078019
9004 0.07269183222646361
9102 0.06573861738200182
9104 0.03988645002895241
9105 0.06532772239009625
9134 0.02765934698938656
9138 0.03879054016086788
9163 0.13175398730768204
9169 0.057857847183631766
9367 0.035578167369923745
9383 0.06532772239009625
9409 0.02525468769026492
9456 0.062252390618939876
9457 0.029736924477156066
9500 0.05947384895431213
9645 0.019942701691100663
9725 0.07690339895316588
9732 0.13918250937269233
9758 0.030119987368537497
9827 0.0450117920620214
9899 0.03537782370557022
9902 0.02558677580373239
9925 0.04352682437878092
9930 0.1041339928848761
9979 0.04277987666532669
10003 0.02900477660197936
10008 0.1092505855859015
10068 0.023697158929003252
10156 0.02011422460807955
10162 0.03270824935332147
10242 0.02654311497338654
10315 0.06415166016280648
10432 0.03578182264937168
10461 0.04352682437878092
10516 0.014777853447410401
10567 0.012346214722806519
10575 0.02713940216582975
10580 0.044321994713028806
10583 0.03254926825869066
10595 0.058976019340393926
10628 0.04948248814042046
10797 0.030515343124412012
10924 0.021134050680798232
10925 0.04077750305631751
10936 0.04017636608467979
10999 0.015071627911964296
11000 0.044961123662512474
11150 0.03685387798167049
11255 0.04605306068386886
11259 0.03038214329862439
11262 0.10352826877363792
11332 0.035180685677733955
11342 0.062252390618939876
11352 0.08217888064469558
11540 0.06415166016280648
11694 0.0417380565969976
11815 0.11894769790862426
11901 0.04994965281831517
11965 0.03578182264937168
12021 0.03802818173385409
12064 0.016044732444929183
12078 0.08111398591879984
12103 0.05206699644243805
12117 0.025699532538012434
12215 0.04490609679167365
12248 0.04517204649162562
12328 0.029990971908177965
12336 0.0417380565969976
12354 0.10412620467245724
12378 0.03431872094871062
12383 0.11559343191550525
12406 0.02936541299814858
12441 0.04814337136779103
12797 0.046568353797511224
12810 0.03239231245606484
12818 0.04814337136779103
12978 0.062252390618939876
13035 0.0663980192472889
13069 0.07269183222646361
13071 0.051320048728983825
13116 0.04517204649162562
13332 0.03578182264937168
13336 0.026340047939792974
13337 0.047071316035492215
13349 0.04352682437878092
13449 0.0691473405697523
13723 0.1763385191945663
13726 0.1038225566915642
13784 0.057857847183631766
13787 0.021450799844520835
13806 0.028313705918013358
13880 0.05286216677668594
13884 0.03802818173385409
13918 0.02664051361407683
13965 0.034239704601669564
13989 0.04833615457932868
13997 0.03134627796529527
14017 0.06415166016280648
14065 0.025167614084859652
14088 0.03827709654081319
14107 0.04517204649162562
14163 0.009957651178952358
14222 0.07269183222646361
