483 0.0543694539644027
527 0.034823448623304915
676 0.04362769454264372
702 0.03568075443334516
914 0.07983034210453985
1086 0.0732107328600782
1175 0.043199183419192246
1182 0.06349812405923314
1224 0.05533093908394579
1329 0.03590519469096163
1402 0.03345863045777071
1458 0.020391846331290743
1461 0.04042206641753822
1550 0.02449079932743204
1610 0.04604073739543891
1655 0.026760077158886637
1662 0.052239564641536305
1703 0.03760876021466578
1770 0.03899656913337111
1778 0.06134987341192373
1808 0.0319082981725453
1838 0.035244306120464634
1846 0.0370963856961746
1862 0.04023800651435273
1898 0.0565723764649274
1930 0.052239564641536305
1963 0.015533645251924431
1970 0.06951705838721108
2009 0.05953355336976692
2046 0.03127973543099843
2278 0.04362769454264372
2279 0.04776813054558859
2384 0.02635020079696896
2558 0.03606582994638692
2565 0.022960512768677954
2570 0.05055344213694945
2575 0.14746272167716595
2667 0.03684831848606172
2712 0.06612737035892007
2821 0.04056993711950531
2848 0.02021103320876911
2927 0.03803508401382803
2934 0.033832717663391756
2935 0.07136150886669032
2961 0.04501550346134906
3010 0.034526310256872035
3044 0.1918205269873458
3060 0.1011068842738989
3071 0.04407237966624897
3174 0.06612737035892007
3177 0.0455169730672045
3220 0.02449079932743204
3242 0.0455169730672045
3297 0.027738009715674288
3332 0.021878766701021242
3333 0.04056993711950531
3396 0.03097759689547713
3416 0.05533093908394579
3432 0.0692767044308902
3437 0.11362065726045473
3443 0.08230190973540813
3522 0.1011068842738989
3544 0.027625255197221636
3751 0.06165876831616754
3761 0.028200137858396826
3763 0.0366053664300391
3814 0.04056993711950531
3841 0.0206995076029159
3965 0.06612737035892007
3985 0.05039950082135373
4105 0.06612737035892007
4121 0.05953355336976692
4154 0.040911490230102335
4155 0.04362769454264372
4190 0.03787355242015158
4277 0.049793000408345396
4297 0.06612737035892007
4421 0.03174798607698259
4489 0.07647398699623031
4492 0.030683012620360054
4637 0.06951705838721108
4674 0.06349812405923314
4711 0.04056993711950531
4721 0.07136150886669032
4778 0.09317774289496651
4779 0.046588871447483256
4830 0.04716375410865845
4881 0.0212743902640911
4903 0.03734978809191717
4974 0.027293324592069044
5051 0.028929200720887255
5247 0.012912444536204498
5260 0.020513948535487044
5358 0.02665626364801758
5395 0.04604073739543891
5434 0.03568075443334516
5532 0.06612737035892007
5537 0.11788464815775788
5548 0.031127697743965288
5551 0.01875034785314513
5661 0.031589825886687836
5689 0.013506659042999055
5823 0.2750641790347684
6032 0.04126324044844258
6044 0.01974200582279575
6081 0.034823448623304915
6120 0.04023800651435273
6207 0.028681133510774382
6315 0.030986999064936186
6567 0.03960094557030125
6606 0.04648049859740427
6723 0.058365206233259664
6728 0.05055344213694945
6775 0.019017542006914016
6815 0.04907867520538968
6840 0.04840519148964006
6890 0.2513363628367314
6891 0.17813803123588604
6953 0.06951705838721108
7006 0.0278518536666331
7089 0.1365509192016135
7090 0.05953355336976692
7099 0.04041854729818073
7100 0.027966808307818662
7262 0.052239564641536305
7271 0.1131447529298548
7406 0.09293279068643137
7422 0.020391846331290743
7436 0.04238625716166211
7468 0.04564873617969814
7479 0.04054199295892885
7572 0.03734978809191717
7692 0.04199990263867909
7714 0.03082938415808377
7822 0.051366368394479583
7851 0.026249921406480883
7862 0.020092014446681284
7879 0.06951705838721108
7891 0.019857523976129585
8020 0.03814443233296053
8027 0.03127973543099843
8250 0.04795355639581075
8264 0.020513948535487044
8301 0.03899656913337111
8344 0.023266575619726573
8433 0.033702577342420735
8463 0.02432003174039139
8589 0.05533093908394579
8592 0.11592037076726545
8652 0.06951705838721108
8658 0.056244976393436515
8688 0.0212743902640911
8691 0.02645134096528273
8717 0.07048861224092927
8744 0.013825684107691822
8785 0.06951705838721108
8848 0.06134987341192373
8875 0.06195519379095426
8916 0.06951705838721108
8931 0.023741113197257954
8961 0.11204936427575149
8997 0.027922293280595097
9004 0.06951705838721108
9094 0.01654061417342504
9102 0.06286752119002784
9104 0.03814443233296053
9105 0.06247457179986356
9134 0.02645134096528273
9138 0.0370963856961746
9163 0.12599970791603726
9169 0.05533093908394579
9367 0.0340243114337755
9383 0.06247457179986356
9409 0.02415170377389092
9456 0.05953355336976692
9457 0.028438181454751767
9500 0.028438181454751767
9645 0.01907171569895127
9695 0.03461852594057007
9725 0.0735446873666222
9732 0.1663797419563734
9758 0.02880451429532697
9827 0.04304592800935612
9899 0.033832717663391756
9902 0.02446928813057209
9925 0.04162581543305805
9930 0.09958600081669079
9961 0.028200137858396826
9964 0.04162581543305805
9974 0.040911490230102335
9979 0.040911490230102335
10003 0.027738009715674288
10008 0.10447912928307261
10068 0.02266219918279643
10156 0.01923574745147635
10162 0.03127973543099843
10242 0.025383859738668416
10315 0.06134987341192373
10432 0.03421907218637478
10461 0.04162581543305805
10516 0.014132439222893626
10567 0.023614001833728162
10575 0.025954104431957763
10580 0.04238625716166211
10583 0.031127697743965288
10595 0.05640027571679365
10797 0.029182603116629832
10924 0.02021103320876911
10925 0.03899656913337111
10999 0.01441338325717579
11000 0.052552466416959674
11150 0.035244306120464634
11255 0.04404171982481386
11259 0.029055220716395415
11262 0.09900673135659102
11332 0.033644189525199576
11342 0.05953355336976692
11352 0.07858976543850527
11540 0.06134987341192373
11694 0.039915171052269924
11815 0.11375272581900707
11901 0.04776813054558859
11965 0.03421907218637478
12021 0.036367322833684164
12023 0.023501455635108855
12057 0.04517757225495337
12064 0.015343988011011568
12078 0.12928563229244083
12103 0.049793000408345396
12117 0.024577120279527662
12215 0.0429448489189691
12248 0.043199183419192246
12328 0.028681133510774382
12336 0.039915171052269924
12354 0.059747131649973945
12378 0.03281987060848065
12383 0.11054495545818513
12406 0.028082895525278657
12425 0.12699624811846627
12441 0.04604073739543891
12733 0.022087316521621235
12797 0.04453450780897151
12810 0.03097759689547713
12818 0.04604073739543891
12978 0.05953355336976692
13035 0.06349812405923314
13069 0.06951705838721108
13071 0.04907867520538968
13116 0.043199183419192246
13332 0.06843814437274956
13336 0.02518966154062516
13337 0.04501550346134906
13349 0.04162581543305805
13449 0.06612737035892007
13723 0.16863703609193467
13726 0.09928816641946572
13784 0.05533093908394579
13787 0.020513948535487044
13806 0.0270771211451773
13880 0.05055344213694945
13884 0.036367322833684164
13918 0.02547700454991224
13965 0.032744305254815004
13989 0.023112550455711093
13997 0.029977247357673195
14017 0.06134987341192373
14065 0.024068433057972183
14072 0.017641750179777482
14088 0.0366053664300391
14107 0.043199183419192246
14163 0.009522756507913495
14222 0.06951705838721108
