194 0.03608868570987245
527 0.06107914126127097
555 0.1411521822865827
898 0.12757408794752675
917 0.04825786250262011
974 0.08866901342619465
976 0.043724388675399906
1012 0.15398328978849302
1099 0.04604146691579289
1101 0.053065363821615544
1133 0.038374610636918674
1162 0.05540747726118929
1319 0.07214894017542144
1653 0.026280869719935814
1721 0.08378367188562326
1871 0.03886378269061974
1963 0.10898193604062635
2064 0.104207910775948
2137 0.053065363821615544
2176 0.18416586766317156
2204 0.15017684460663364
2209 0.24287885545786922
2428 0.07576989444596784
2609 0.04987960041171797
2614 0.08075388321153039
2648 0.03697295126037617
2659 0.07723549875077729
2720 0.07895565785586543
2730 0.08472252949230472
2976 0.10441982226952423
3014 0.07434404951441645
3092 0.05477407261197588
3103 0.07237431649895631
3130 0.029321290249392937
3181 0.06788834109392332
3204 0.06378704397376338
3294 0.09507884712330858
3321 0.03215905855292823
3394 0.13031011630377412
3588 0.09704858013876876
3633 0.03611795551338105
3721 0.039112780333950936
3815 0.07730145088369228
3915 0.038617749375388644
3919 0.07301026065666132
4150 0.05743239470035043
4219 0.03432655914835769
4249 0.07811200788554157
4262 0.09387252541417174
4665 0.10166018848021771
4747 0.08776309908451528
4970 0.04604146691579289
5197 0.06596448280184236
5247 0.022647987348597964
5517 0.08490105505506954
5689 0.047380438656673636
5844 0.05074083145872645
5903 0.0953621680297199
5970 0.049462080061985166
6054 0.06181731095830322
6237 0.0798352184423428
6245 0.05123684688397404
6315 0.08152520936209702
6481 0.07652148834249545
6486 0.07301026065666132
6606 0.027175069787365676
6813 0.1972837605842899
6866 0.039491993806364964
7020 0.08621486157714445
7099 0.047261835680624184
7201 0.038443265390765306
7242 0.030691505122061025
7342 0.104207910775948
7422 0.03576660301856203
7466 0.037314554978285966
7468 0.026688775482662703
7475 0.060019085602638265
7479 0.035554636499939764
7633 0.03354659660716085
7671 0.033642497263685414
7736 0.07811200788554157
7892 0.051870432514663056
8124 0.06671224020616351
8157 0.07237431649895631
8244 0.17615965887474766
8262 0.20883964453904846
8507 0.06945870797384505
8688 0.037314554978285966
8716 0.21226145528646218
8744 0.02424977841173027
8822 0.11598515239199592
8835 0.10441982226952423
9099 0.039491993806364964
9134 0.04639474995268911
9150 0.05282078635890145
9347 0.07811200788554157
9409 0.04236126474615236
9645 0.03345113891136754
9680 0.07730145088369228
9765 0.07650821121026877
9783 0.03162911786580085
10046 0.06506579537050465
10079 0.04452242428674412
10156 0.03373884501113356
10445 0.04518381046957103
10462 0.11137354405054696
10499 0.040538625265502316
10516 0.024787816422172735
10567 0.020709076940486407
10614 0.037778991476195796
10647 0.13031011630377412
10657 0.031716503004014684
10999 0.05056116535389409
11003 0.061550012931082844
11108 0.04966978587460401
11213 0.12577848995920482
11255 0.02574922485581429
11325 0.04221521075030762
11352 0.06892188417111819
11600 0.06463069394408723
11875 0.05074083145872645
11967 0.07175735861212862
12023 0.04122075168688664
12052 0.10760558567942181
12214 0.13031011630377412
12335 0.044039914718686915
12413 0.08414036340645352
12667 0.034727864075998136
12725 0.058685296744883125
12865 0.10247369376794808
13043 0.053065363821615544
13064 0.058364878630465106
13068 0.07115828610451888
13079 0.029635616527540924
13112 0.037314554978285966
13480 0.06308420133220109
13583 0.10166018848021771
13619 0.07366639685739562
13628 0.059341432945617424
13754 0.07986068890229424
13775 0.11193213357871533
13777 0.13031011630377412
13787 0.03598076612053083
13832 0.09350835469898552
13874 0.02203601235616367
14062 0.05110666375653565
14133 0.10441982226952423
14154 0.08075388321153039
14170 0.03128322603616357
14171 0.04419950280433849
14219 0.13031011630377412
