245 0.09441387494233536
421 0.052355918123813384
483 0.04638662303824496
940 0.06462548622919877
976 0.042537345300945335
995 0.049150544984022965
1099 0.08958303755363917
1240 0.05444668251003059
1403 0.06246151873729617
1460 0.04894001434500088
1566 0.09240601992027231
1959 0.04791921174733205
2011 0.29670085769605026
2049 0.06654174431690625
2137 0.05162472873337908
2138 0.08496422058596886
2279 0.08150908656580014
2311 0.04713831777703104
2384 0.044962630382542924
2558 0.030770440684944913
2576 0.08496422058596886
2763 0.051386791136091375
2940 0.08568861068911611
2951 0.060139075272850714
3039 0.0710281552732543
3041 0.06922645870528447
3130 0.028525266694223516
3150 0.05023759308582851
3185 0.06556079404609365
3193 0.07166647848326611
3204 0.1241106667211164
3297 0.04733071630090611
3333 0.06922645870528447
3358 0.0804778096296208
3443 0.07021787757374953
3532 0.08150908656580014
3633 0.01756870698230317
3786 0.040787938729462
3852 0.04894001434500088
4074 0.09249761685462787
4298 0.05773041317055156
4300 0.07599139867327276
4384 0.03532057750230135
4489 0.0782947721199853
4492 0.052355918123813384
4493 0.06508770181121762
4542 0.046203009960136154
4624 0.11356074131454523
4885 0.06373176165839119
4928 0.0728270727530975
4964 0.0620553333605582
4997 0.056171066685855794
5111 0.09249761685462787
5112 0.10834994025504992
5247 0.022033132707027878
5350 0.11115937208570463
5672 0.10158500028706163
5689 0.06914120954136192
6067 0.05115163649850305
6109 0.02511410533607604
6256 0.08374533271786853
6516 0.09441387494233536
6629 0.09746333081976742
6681 0.03817315655877555
7257 0.08259613466760568
7276 0.06287607965771543
7284 0.09466143260181221
7431 0.12253356322724133
7468 0.07789266078435648
7479 0.03458938811186706
7748 0.08259613466760568
7862 0.06856796471249355
7911 0.07371286966163251
8011 0.056473410613659895
8025 0.10834994025504992
8078 0.0552903933925699
8156 0.05210922187149012
8244 0.042844305344558055
8268 0.33668413976231715
8284 0.15899371871761642
8293 0.03721557118578849
8658 0.023993385325016558
8662 0.06287607965771543
8689 0.056171066685855794
8744 0.023591437845568594
8931 0.04051061719731604
8968 0.05773041317055156
9105 0.17767233867834664
9194 0.08374533271786853
9719 0.09875119018343459
9827 0.024483787498384268
9834 0.10468427559585909
9865 0.10834994025504992
9902 0.02783542502303343
9989 0.12253356322724133
10046 0.06329936881457138
10050 0.07166647848326611
10054 0.08374533271786853
10180 0.06417365839854307
10190 0.047721126476900556
10451 0.09096976064966429
10534 0.09441387494233536
10595 0.04811926804784364
10628 0.08074675561808549
10730 0.08150908656580014
10785 0.11546082634110312
10936 0.06556079404609365
11000 0.048912453693233215
11331 0.06287607965771543
11364 0.06654174431690625
11365 0.031112670093580142
11511 0.04957833755501268
11714 0.0433137155920021
11808 0.09890028589868341
11815 0.048525453424581616
11856 0.07766782697110573
11866 0.061657191789615116
11876 0.043794347857837
11878 0.06810919948988137
11910 0.04584073903620341
12107 0.10834994025504992
12231 0.2046065459940122
12233 0.11283635121139797
12234 0.08913891223904977
12354 0.03398314643461748
12377 0.05977680434891796
12610 0.05444668251003059
12770 0.12659873762914275
12903 0.03254299693350065
12948 0.04584073903620341
13030 0.07166647848326611
13064 0.056780370657272615
13067 0.10468427559585909
13079 0.028831059544296326
13336 0.021491172876427708
13519 0.10158500028706163
13581 0.07599139867327276
13660 0.04675895761083172
13709 0.04832133499812102
13723 0.03596919801974243
13872 0.07305234496487137
13874 0.021437771803025873
14062 0.0248596020350327
14163 0.016249143009852186
14211 0.10727391188074203
14212 0.042844305344558055
