107 0.045234120024062824
194 0.019733662711645682
272 0.05010226140090561
326 0.052775786265398174
337 0.023739004952067686
437 0.030147695543631114
451 0.036324012969024065
483 0.026072504752299344
548 0.03208972090051919
556 0.055015376115463414
636 0.029568046259886016
896 0.03798073242571951
907 0.07424407948633897
917 0.026387893132699087
965 0.03923765812128143
971 0.024434651215619805
981 0.033598716901194765
1008 0.030758692097032626
1012 0.0631497291494144
1072 0.04775579466469599
1075 0.177893214265108
1085 0.03174198012623659
1090 0.04848512406336375
1101 0.029016684058407283
1117 0.03400969613633355
1119 0.04775579466469599
1217 0.03607005433848787
1241 0.043173761821908505
1255 0.04747800990413537
1269 0.06342186842887279
1274 0.03740108314197442
1307 0.03534072493982011
1319 0.17095770868758076
1357 0.04226922451881721
1458 0.01955754459954053
1461 0.01938412917405879
1489 0.03244850289059452
1492 0.030758692097032626
1493 0.03607005433848787
1495 0.06342186842887279
1562 0.058839835586085305
1591 0.06090019378823963
1600 0.04365471455284306
1620 0.02517594534114891
1623 0.03768719167602973
1653 0.11496518836762007
1674 0.039575017008324984
1714 0.0656381005983739
1842 0.04271244538342966
1917 0.045813769307807915
1942 0.02231465866154271
1963 0.014898109512613392
1967 0.039922757782607586
2064 0.14245488043467833
2114 0.0259693014463025
2157 0.04226922451881721
2176 0.12587972670574454
2184 0.05306715690615123
2194 0.11577518693736309
2204 0.04927094140902714
2311 0.026495009417774124
2318 0.05010226140090561
2340 0.03208972090051919
2352 0.02434531728427679
2361 0.05100679870399691
2564 0.034879408501341254
2614 0.08831409970222492
2659 0.021116580608761627
2694 0.045813769307807915
2778 0.045813769307807915
2854 0.049264790665371566
2926 0.03768719167602973
2927 0.018239467870210944
2995 0.03147709495003246
3010 0.049670577278983
3027 0.04143175378328317
3090 0.036324012969024065
3092 0.1347796058107775
3214 0.03534072493982011
3232 0.03263225788994073
3236 0.05035189068229782
3281 0.02390894324414818
3291 0.045813769307807915
3307 0.03768719167602973
3432 0.022147450744194292
3554 0.047070695003369835
3633 0.019749667739778834
3761 0.02704637161925285
3823 0.03828210184455847
3893 0.039922757782607586
3908 0.025272121951153848
3915 0.021116580608761627
3919 0.039922757782607586
3931 0.040281539772682916
3956 0.021318986320452857
3967 0.06342186842887279
4062 0.05010226140090561
4070 0.05558883154678439
4071 0.03798073242571951
4072 0.05010226140090561
4184 0.14428021735395147
4284 0.04642476586120943
4300 0.128137336150289
4383 0.02034137274954784
4384 0.03970523674566465
4404 0.07277005205529236
4405 0.03712203974316949
4535 0.025272121951153848
4577 0.01586387981475517
4624 0.03191451299609564
4689 0.030297375658553782
4700 0.034879408501341254
4747 0.047989760829355674
4762 0.03534072493982011
4795 0.03684972094049569
4805 0.045813769307807915
4827 0.01798320556349413
4912 0.05199008673320087
4917 0.040281539772682916
4922 0.01844874576709966
4928 0.04093387438196719
4970 0.05035189068229782
4991 0.09734550867178357
5031 0.05306715690615123
5051 0.027745605970933195
5158 0.030602818129685853
5211 0.03582167767075466
5223 0.018291425127093298
5320 0.05558883154678439
5383 0.04103519788573081
5384 0.045813769307807915
5661 0.030297375658553782
5798 0.07846378477782834
5878 0.11419565509491994
5887 0.0712549053109612
5962 0.022769781247597445
5970 0.08113911485775857
6044 0.018934291338359527
6102 0.02145596597899269
6196 0.05199008673320087
6232 0.06090019378823963
6235 0.023488795096973027
6237 0.04365471455284306
6245 0.014008416141073036
6315 0.07429803147453033
6484 0.03684972094049569
6486 0.11976827334782275
6488 0.0821717444448868
6532 0.058839835586085305
6557 0.058839835586085305
6563 0.023406607945878777
6597 0.058839835586085305
6636 0.05913609251977203
6645 0.038591728979121026
6681 0.02145596597899269
6723 0.11195456315466502
6813 0.13869871646746318
6821 0.023406607945878777
6851 0.06280924247838607
6866 0.08637850564583067
6992 0.04468275782258409
6994 0.0666728724681737
7102 0.05010226140090561
7118 0.06342186842887279
7185 0.06090019378823963
7201 0.010510585490068346
7206 0.050738248243108006
7245 0.023004405941056884
7331 0.05010226140090561
7342 0.14245488043467833
7349 0.058839835586085305
7466 0.02040398057431106
7486 0.07524174107334064
7491 0.03374786627241042
7558 0.22617060012031412
7598 0.021948908826134164
7627 0.021664599907253435
7633 0.018343622372156743
7671 0.01839606183268172
7865 0.01607590636205978
7891 0.038090166480282364
7979 0.058839835586085305
8091 0.0666728724681737
8124 0.03647893574042189
8202 0.024434651215619805
8244 0.048162952228014484
8247 0.07537438335205945
8250 0.04599160873817195
8251 0.054257802743297834
8264 0.019674651175643303
8345 0.06844186002957499
8447 0.038591728979121026
8463 0.023325014208992387
8490 0.045234120024062824
8499 0.03798073242571951
8673 0.017584902362735366
8688 0.04080796114862212
8717 0.0338023383283909
8739 0.03244850289059452
8744 0.006630013515265301
8822 0.06342186842887279
8875 0.029710195095979525
8996 0.012415069724875882
8997 0.11604621008321755
9113 0.07480216628394884
9126 0.02390894324414818
9138 0.0355786428530216
9150 0.02888294659855987
9170 0.06342186842887279
9203 0.06090019378823963
9310 0.040281539772682916
9402 0.02915202320254126
9589 0.04226922451881721
9645 0.036582850254186595
9708 0.06046681171973356
9765 0.020917736473314883
9783 0.05188537611331094
9813 0.03465562527849395
9902 0.015645442665592448
9906 0.02489223127335214
9932 0.05035189068229782
9941 0.03712203974316949
10050 0.040281539772682916
10068 0.02173500937779762
10079 0.02434531728427679
10123 0.04775579466469599
10254 0.11419565509491994
10362 0.04585131042988845
10374 0.03684972094049569
10451 0.02556566270084363
10529 0.09414139000673967
10567 0.033971805681575415
10569 0.030916746190452506
10614 0.08263175681938903
10638 0.040652087181275345
10639 0.06090019378823963
10684 0.03768719167602973
10813 0.05558883154678439
10918 0.058839835586085305
10992 0.033598716901194765
10999 0.020735522029454462
11000 0.036656262742299835
11003 0.01682808851566393
11020 0.03768719167602973
11090 0.04848512406336375
11097 0.039467325423291365
11098 0.056474034912798926
11255 0.02815987938579648
11398 0.0666728724681737
11429 0.06342186842887279
11520 0.03534072493982011
11581 0.03684972094049569
11662 0.05199008673320087
11875 0.05549121194186639
11914 0.06342186842887279
11919 0.07214010867697573
12021 0.034879408501341254
12064 0.007358105906273253
12069 0.026495009417774124
12217 0.04143175378328317
12231 0.08625232006620985
12245 0.027866470047807037
12254 0.03582167767075466
12322 0.05100679870399691
12333 0.0552520418059959
12354 0.0955044459891094
12413 0.11502202970528443
12544 0.04226922451881721
12558 0.12561848495677214
12611 0.02098362985805615
12667 0.01898955151431715
12668 0.03658381023749169
12763 0.02628178264918806
12847 0.033598716901194765
12853 0.0666728724681737
12928 0.030147695543631114
12948 0.025765680019106365
12966 0.07164335534150933
12967 0.049264790665371566
12968 0.03465562527849395
13022 0.02508058035778021
13041 0.05010226140090561
13235 0.0969702481267275
13336 0.012079532206756392
13557 0.1067359285590648
13596 0.03339869958293203
13619 0.040281539772682916
13754 0.014556214020344366
13786 0.015290533784942146
13787 0.019674651175643303
13806 0.0259693014463025
13822 0.03710971250122137
13874 0.012049517093586821
13948 0.021183647176318883
13965 0.031404621239193034
14039 0.03244850289059452
14062 0.01397282340782321
14090 0.026933926079910284
14170 0.06842395271390518
14171 0.26585614563877386
