321 0.040646481886075905
498 0.1228785958208352
556 0.03184743897990725
676 0.04844405257759161
789 0.044321678359824514
817 0.036749754215989444
914 0.044321678359824514
921 0.07342762069066402
931 0.03961979568018594
965 0.0454279879904606
971 0.028289584422782545
992 0.08249643678331837
1002 0.02892793229231518
1019 0.07719151944317902
1039 0.2474893103499551
1086 0.040646481886075905
1131 0.044680153825076604
1175 0.0479682351957156
1220 0.07342762069066402
1255 0.027484189513418304
1461 0.022442266676641343
1808 0.07086174461138899
1846 0.04119170810980011
2049 0.08660333145021777
2232 0.06281778601038532
2278 0.04844405257759161
2279 0.05304157948162634
2558 0.040047382299091605
2565 0.05099055998419006
2575 0.16374213483091135
2597 0.02516403353980018
2667 0.0818325101451232
2886 0.056134380570278246
2893 0.0479682351957156
2935 0.07923959136037188
2965 0.023054075924491393
3044 0.1825687714895997
3126 0.060192303741437504
3145 0.04363291217740374
3150 0.03269183104483018
3208 0.03055097958753159
3281 0.027680938123335087
3297 0.030800197332234387
3321 0.020359184813695388
3332 0.02429411261603892
3432 0.08974540304134782
3437 0.042054671556128805
3443 0.04569388875867821
3527 0.028711670575122028
3606 0.05919805991235656
3624 0.05800664561019745
3660 0.059053887257870315
3841 0.06895400124792955
3882 0.04119170810980011
3893 0.04622117241270096
3991 0.03030642039228289
3992 0.06687933042042836
4030 0.031054254557666895
4217 0.059053887257870315
4219 0.021731381239580034
4262 0.0297143041468392
4287 0.049450975130171174
4383 0.047101059605529974
4384 0.022984667082643184
4385 0.06435880459800966
4489 0.169832941469886
4508 0.09163714061728759
4711 0.045048728508123546
4721 0.03961979568018594
4778 0.051732133948230605
4808 0.023054075924491393
4835 0.03507724169737746
4892 0.04998507116521596
4899 0.02937148446424208
4974 0.03030642039228289
5002 0.03407031914479789
5051 0.03212289201714575
5063 0.0371523563200466
5154 0.05528998850535532
5223 0.06353151646565698
5247 0.014337937142328323
5350 0.03616816797997017
5355 0.08249643678331837
5374 0.03694950673729667
5434 0.03961979568018594
5495 0.059053887257870315
5537 0.21816456088701872
5538 0.08249643678331837
5548 0.034564096084749384
5551 0.062460978979169184
5823 0.17453164870961496
5834 0.07342762069066402
6086 0.06610586738102432
6278 0.021177172155219
6310 0.018612122030680734
6315 0.017203932360627845
6521 0.04750911664955079
6606 0.03440786472125569
6629 0.03171185708262997
6636 0.034232849632454536
6693 0.03212289201714575
6720 0.02839383625727039
6740 0.05528998850535532
6775 0.06335105358219131
6789 0.028819354606902287
6890 0.23921408054933244
6891 0.09890195026034235
7078 0.037780486667776385
7089 0.05054190141276388
7099 0.014960208578131974
7236 0.08249643678331837
7406 0.03439742458233951
7422 0.022643040989975615
7436 0.04706556447762389
7468 0.0675842810023152
7479 0.0225088497007672
7486 0.02903741858816655
7501 0.044321678359824514
7519 0.06812270335052466
7573 0.08249643678331837
7580 0.01499775103144837
7598 0.05082335767722797
7628 0.07719151944317902
7692 0.04663655765016741
7714 0.034232849632454536
7715 0.12871760919601932
7733 0.044321678359824514
7736 0.049450975130171174
7862 0.022310108623626035
7891 0.022049731154602376
7892 0.032838017325484865
8250 0.017749158584352036
8264 0.022778622887252895
8411 0.021731381239580034
8413 0.05703705128836996
8433 0.05613485124159076
8463 0.027004885512999732
8585 0.07643328984515757
8658 0.015613560504358966
8717 0.11740549460561019
8875 0.03439742458233951
8878 0.03799674838496953
8961 0.04147308532010953
8996 0.01437373343279371
9031 0.1228785958208352
9094 0.01836664511116528
9105 0.023123854948579742
9163 0.04663655765016741
9174 0.04119170810980011
9204 0.023917039370820087
9383 0.2312385494857974
9385 0.07556097333555277
9456 0.13221173476204864
9457 0.031577665793421555
9458 0.05112348764878315
9500 0.06315533158684311
9632 0.05374896991773095
9645 0.042354344310438
9719 0.021420593800060197
9725 0.02041594644720875
9732 0.03694950673729667
9757 0.040646481886075905
9758 0.06396888121745113
9827 0.04779806087846754
9902 0.009056873110534687
9905 0.020938196817339678
9961 0.03131334294486246
10110 0.036553005606072664
10114 0.07342762069066402
10242 0.08455847016625877
10260 0.08660333145021777
10362 0.026542521639767894
10371 0.0409162550725616
10433 0.0614392979104176
10461 0.04622117241270096
10575 0.08645806382070685
10628 0.0525454969065644
10684 0.04363291217740374
10712 0.07719151944317902
10763 0.060192303741437504
10797 0.03240426922745517
10999 0.008002287350402022
11000 0.026524586700696778
11150 0.03913516486853673
11169 0.043972763388971985
11255 0.01630126164253612
11272 0.0908559759809212
11342 0.06610586738102432
11402 0.05374896991773095
11797 0.044321678359824514
11815 0.031577665793421555
11858 0.06281778601038532
11876 0.0284989254648587
12023 0.026095941222021753
12041 0.02839383625727039
12057 0.02508251591781547
12064 0.008518957622535146
12078 0.11484668230048811
12248 0.0479682351957156
12336 0.044321678359824514
12354 0.06634302402072866
12378 0.054664619137492626
12581 0.054496804083114955
12614 0.030185833953384793
12639 0.05304157948162634
12834 0.01084492872918392
12903 0.021177172155219
13116 0.0959364703914312
13311 0.05374896991773095
13332 0.03799674838496953
13336 0.013985259831837037
13676 0.02549527999209503
13723 0.18725402587986142
13726 0.11024926264796833
13874 0.013950509383775508
13918 0.028289584422782545
13989 0.02566410215383474
13997 0.0665732793057457
14018 0.054496804083114955
14033 0.06812270335052466
14041 0.026542521639767894
14044 0.08410934311225761
14067 0.06610586738102432
14076 0.11885938704055783
14135 0.07342762069066402
14187 0.06812270335052466
