79 0.03993010409377867
194 0.07533962455572132
249 0.06026822828078231
331 0.09564077430768168
337 0.045315655450007396
370 0.08241488298067359
483 0.049770099650742465
548 0.0612564317144291
552 0.10130049692167793
567 0.09404211693440288
648 0.09924446546831882
764 0.10130049692167793
1012 0.08036482218959219
1064 0.06701751083127706
1133 0.04005588872230035
1402 0.0612564317144291
1477 0.12106672303752872
1653 0.054864587577821984
1656 0.11926742374106647
1689 0.03135128605287929
1871 0.08113298500990995
1928 0.07490121004142179
1963 0.028439170002838
2182 0.03789688808693716
2209 0.06337998122813826
2462 0.05488267692455358
2463 0.28212635080320864
2648 0.07718563898578643
2666 0.0898537828721967
2848 0.037002583748716684
2953 0.0776012296955977
3005 0.11625306975245282
3092 0.08576077207028607
3103 0.07554519824223861
3220 0.044838027023434354
3321 0.03356801930833789
3475 0.09404211693440288
3633 0.01885018222867828
3648 0.04217508860343675
3728 0.0518459310161584
3749 0.10357333424691811
3760 0.0688545353002924
3823 0.0730771378409862
3915 0.12092903974885452
4150 0.059948637210646895
4249 0.0815342708058271
4478 0.0815342708058271
4715 0.11625306975245282
4735 0.06838040626583855
4747 0.1374122970568271
4762 0.06746231014989869
4827 0.034328344799935503
4922 0.14086807907150345
4928 0.03906956823743243
5082 0.11625306975245282
5131 0.10899468976517779
5247 0.023640246662118305
5262 0.08429189263754391
5344 0.07833255405891315
5438 0.08634792409090301
5687 0.06194131471928756
5689 0.024728141171283136
5746 0.052064938000502166
5816 0.05617479979475769
5956 0.13601929586830364
6070 0.1061141502067538
6081 0.06375515594838056
6235 0.044838027023434354
6256 0.0898537828721967
6271 0.06301122006604382
6315 0.02836567077442195
6323 0.09255380252637262
6373 0.11625306975245282
6417 0.056988934250826566
6488 0.10457238249901779
6563 0.04468113903975834
6606 0.02836567077442195
6695 0.04149020559857829
6821 0.04468113903975834
7141 0.11625306975245282
7148 0.13601929586830364
7162 0.08333297909661345
7163 0.08333297909661345
7201 0.04012755139547655
7571 0.055910109324587634
7651 0.0665816979750522
7751 0.06492149419006299
7857 0.08634792409090301
7859 0.1123200286422234
7998 0.12106672303752872
8071 0.10899468976517779
8082 0.12106672303752872
8115 0.07422473033945451
8250 0.029264634292503193
8673 0.03356801930833789
8688 0.03894938963874259
8737 0.055910109324587634
8765 0.13601929586830364
8981 0.048992646044646614
8996 0.023699267226080213
8997 0.017040148069935857
9321 0.13601929586830364
9426 0.06413697127285309
9497 0.01761191657600931
9592 0.07689388755006245
9654 0.04664358248224247
9765 0.03993010409377867
9783 0.03301486072664346
9890 0.046135982529248276
10068 0.04149020559857829
10445 0.04716341492928233
10516 0.077621479394514
10531 0.0564427784293532
10553 0.06838040626583855
10645 0.052735624227835065
10657 0.09931822321348202
10831 0.1061141502067538
11000 0.026240083185915915
11003 0.16061664391531966
11097 0.03766981227786066
11200 0.052286191249508895
11207 0.10130049692167793
11213 0.04376304292381849
11317 0.046473051928796416
11359 0.03624936998456668
11482 0.03733361841873399
11757 0.13601929586830364
11955 0.057267286534418094
12064 0.02809194342278449
12335 0.045969402530281075
12354 0.03646190374975564
12409 0.0736681885853683
12413 0.04391337107692199
12561 0.09564077430768168
12588 0.09116157737597891
12667 0.03624936998456668
12915 0.07034284970832268
12950 0.13601929586830364
13336 0.04611751171406719
13480 0.0987720933225632
13503 0.07490121004142179
13596 0.06375515594838056
13761 0.051629125144277296
13827 0.051629125144277296
13866 0.13601929586830364
13919 0.048242239855521264
13962 0.1123200286422234
13984 0.11625306975245282
14062 0.026672880876481876
14088 0.06701751083127706
14163 0.017434368226648702
14170 0.03265381459723793
14171 0.046135982529248276
14204 0.0886207614161432
