107 0.04500615758619132
194 0.01963421269786211
272 0.0498497654167735
326 0.05250981675187066
337 0.023619369565358758
437 0.0299957628395423
451 0.03614095401827428
483 0.02594110943076797
548 0.03192800114111617
556 0.05473811993687462
636 0.029419034763588193
896 0.03778932425084386
907 0.07386991809338543
917 0.02625490837593533
965 0.039039915527926294
971 0.02431151004128748
981 0.03342939238664521
1008 0.030603680207060002
1012 0.06283147898338558
1072 0.047515123963719305
1075 0.1769967013942243
1085 0.03158201284559542
1101 0.028870451213966343
1117 0.0338383004456827
1119 0.047515123963719305
1217 0.03588827524083359
1241 0.04295618279104043
1255 0.047238739130717515
1269 0.06310224678632242
1274 0.037212596174889756
1307 0.03516262137973887
1319 0.17009614807747903
1357 0.04205620400547194
1458 0.019458982152800768
1461 0.01928644067386947
1489 0.032284975008980255
1492 0.030603680207060002
1493 0.03588827524083359
1495 0.06310224678632242
1562 0.05854330561364355
1591 0.060593280408794456
1600 0.0434347117065678
1620 0.02504906833165619
1623 0.037497262832793074
1653 0.11438580836427972
1674 0.03937557425689697
1714 0.06530731000442179
1842 0.04249719120866335
1917 0.04558288566214542
1942 0.022202201428240732
1963 0.01482302881330134
1967 0.03972156255241774
2064 0.1417369630348636
2114 0.025838426229444742
2157 0.04205620400547194
2176 0.12524534165828094
2184 0.05279971899749289
2194 0.1151917248550847
2204 0.049022634955539136
2311 0.026361484836438374
2318 0.0498497654167735
2340 0.03192800114111617
2352 0.02422262631834385
2361 0.050749744202342
2564 0.03470362979736178
2614 0.08786903085915168
2659 0.021010161224621456
2694 0.04558288566214542
2778 0.04558288566214542
2854 0.04901651520924834
2926 0.037497262832793074
2927 0.01814754801946641
2995 0.03131846258804322
3010 0.04942025681555896
3027 0.04122295379794677
3090 0.03614095401827428
3092 0.13410036882109713
3214 0.03516262137973887
3232 0.03246780395433006
3236 0.05009813666331238
3281 0.02378845143429385
3291 0.04558288566214542
3307 0.037497262832793074
3432 0.022035836174007017
3554 0.046833476939227854
3633 0.019650137066855006
3761 0.026910068386060217
3823 0.038089174884584714
3893 0.03972156255241774
3908 0.025144760248812643
3915 0.021010161224621456
3919 0.03972156255241774
3931 0.040078536420281814
3956 0.021211546889952734
3967 0.06310224678632242
4062 0.0498497654167735
4070 0.05530868537502086
4071 0.03778932425084386
4072 0.0498497654167735
4184 0.14355310096333437
4284 0.04619080302966313
4300 0.12749157362599003
4383 0.020238860112645144
4384 0.03950513773721723
4404 0.07240331918944383
4405 0.036934959046692716
4535 0.025144760248812643
4577 0.0157839320073313
4624 0.0317536762166424
4689 0.030144688624682923
4700 0.03470362979736178
4747 0.047747911029564924
4762 0.03516262137973887
4795 0.03666401262526791
4805 0.04558288566214542
4827 0.01789257717548044
4912 0.05172807684087741
4917 0.040078536420281814
4922 0.01835577123684457
4928 0.04072758351589805
4970 0.05009813666331238
4991 0.09685492502694078
5031 0.05279971899749289
5051 0.027605778867543288
5158 0.030448591784111533
5211 0.03564115029526624
5223 0.018199243431906167
5320 0.05530868537502086
5383 0.04082839638846294
5384 0.04558288566214542
5661 0.030144688624682923
5798 0.07806835770523218
5878 0.1704302298616497
5962 0.022655030372809967
5970 0.08073020515818066
6044 0.018838869846561617
6102 0.021347836224089596
6196 0.05172807684087741
6232 0.060593280408794456
6235 0.023370420670983934
6237 0.0434347117065678
6245 0.013937819151620411
6315 0.07392359818446129
6484 0.03666401262526791
6486 0.1191646876572532
6488 0.08175763069230699
6532 0.05854330561364355
6557 0.05854330561364355
6563 0.023288647711285807
6597 0.05854330561364355
6636 0.058838069527176386
6645 0.03839724161836157
6681 0.021347836224089596
6723 0.1113903555358587
6813 0.13799972867862698
6821 0.023288647711285807
6851 0.06249270823324947
6866 0.0859431914468091
6992 0.04445757403656947
6994 0.06633686702494511
7102 0.0498497654167735
7118 0.06310224678632242
7185 0.060593280408794456
7201 0.010457616211778015
7206 0.050482547131719624
7245 0.022888472648725358
7331 0.0498497654167735
7342 0.1417369630348636
7349 0.05854330561364355
7466 0.020301152418230464
7486 0.07486255185255662
7491 0.03357779010282146
7558 0.2250307879309566
7598 0.021838294830284058
7627 0.021555418718192148
7633 0.018251177623079574
7671 0.01830335280904244
7865 0.015994890022992286
7891 0.037898206800174576
7979 0.05854330561364355
8091 0.06633686702494511
8124 0.03629509603893282
8202 0.02431151004128748
8244 0.04792022961068168
8247 0.07499452566558615
8250 0.04575982885068859
8251 0.053984364440964695
8264 0.019575498557135744
8345 0.06809693957447378
8447 0.03839724161836157
8463 0.023207465175217868
8490 0.04500615758619132
8499 0.03778932425084386
8673 0.01749628126852133
8688 0.04060230483646093
8717 0.033631987640746305
8739 0.032284975008980255
8744 0.0065966008161068585
8822 0.06310224678632242
8875 0.029560467224626782
8996 0.012352502583980428
8997 0.1154613821492985
9113 0.07442519234977951
9126 0.02378845143429385
9138 0.03539934027884485
9150 0.02873738773909676
9170 0.06310224678632242
9203 0.060593280408794456
9310 0.040078536420281814
9402 0.029005108301254297
9589 0.04205620400547194
9645 0.036398486863812335
9708 0.06016208241798932
9765 0.02081231918657041
9783 0.05162389392193908
9813 0.034480974355247426
9902 0.015566595696761618
9906 0.024766784072829263
9932 0.05009813666331238
9941 0.036934959046692716
10050 0.040078536420281814
10068 0.021625473352286633
10079 0.02422262631834385
10123 0.047515123963719305
10254 0.1136201532410998
10362 0.045620237591516885
10374 0.03666401262526791
10451 0.025436821666863427
10529 0.09366695387845571
10567 0.03380060094413498
10569 0.030760937769090915
10614 0.0822153247826846
10638 0.040447216413512455
10639 0.060593280408794456
10684 0.037497262832793074
10813 0.05530868537502086
10918 0.05854330561364355
10992 0.03342939238664521
10999 0.02063102303290367
11000 0.03647152938143092
11003 0.016743281469993373
11020 0.037497262832793074
11090 0.04824077782481402
11097 0.03926842539572422
11098 0.05618942765906405
11255 0.028017964504915883
11398 0.06633686702494511
11429 0.06310224678632242
11520 0.03516262137973887
11581 0.03666401262526791
11662 0.05172807684087741
11875 0.055211557735086576
11914 0.06310224678632242
11919 0.07177655048166719
12021 0.03470362979736178
12064 0.007321023903581072
12069 0.026361484836438374
12217 0.04122295379794677
12231 0.08581764179361591
12245 0.027726033836301386
12254 0.03564115029526624
12322 0.050749744202342
12333 0.05497359292402864
12354 0.09502314058682318
12413 0.11444236324362679
12544 0.04205620400547194
12558 0.12498541646649894
12611 0.020877880494184563
12667 0.018893851532644303
12668 0.03639944200917354
12763 0.02614933264814613
12847 0.03342939238664521
12853 0.06633686702494511
12928 0.0299957628395423
12948 0.025635830975343648
12966 0.07128230059053248
12967 0.04901651520924834
12968 0.034480974355247426
13022 0.024954183950852207
13041 0.0498497654167735
13235 0.09648155564962804
13336 0.012018656044940165
13557 0.10619802083653457
13596 0.03323038307816499
13619 0.040078536420281814
13728 0.03564115029526624
13754 0.014482856341837703
13786 0.015213475419351799
13787 0.019575498557135744
13806 0.025838426229444742
13822 0.03692269392926753
13874 0.01198879219631089
13948 0.021076889802664783
13965 0.031246354116624735
14039 0.032284975008980255
14062 0.013902405791954902
14090 0.026798189528666205
14170 0.06807912250473634
14171 0.2645163336771242
