11 0.02597432661303794
95 0.07786599401902278
483 0.06089917605012687
521 0.055773094574708006
563 0.07786599401902278
657 0.07786599401902278
676 0.04886734106899739
914 0.08941789375242325
971 0.028536769678261263
1010 0.03727235959812964
1086 0.04100163772220156
1175 0.04838736614845478
1182 0.07112419113989749
1224 0.061976134660065615
1397 0.024977788829474604
1458 0.04568177714381618
1461 0.02263835995744329
1519 0.04693563504414726
1610 0.051570188178793434
1655 0.029973938143300228
1662 0.05851348895226764
1778 0.06871793753919091
1808 0.1072213674874521
1838 0.039477115304487304
1846 0.041551627956644015
1898 0.0633666675440101
1930 0.05851348895226764
1963 0.03479844390258282
2009 0.06668347910811852
2278 0.04886734106899739
2279 0.05350503967882181
2558 0.02019865169822185
2565 0.051436099035182425
2570 0.05662486466488478
2575 0.1376440506178386
2716 0.03388803967344209
2779 0.046625038094876135
2816 0.043354132162152795
2821 0.09088469950796105
2927 0.0639045946356947
2935 0.0399659806637071
2965 0.04651102999396055
3010 0.019336444394597023
3044 0.12277599898206337
3060 0.11324972932976957
3071 0.04936543247243578
3147 0.03226391032468381
3242 0.0509835202300072
3297 0.031069319512772038
3396 0.03469797817323455
3421 0.10359589566171
3432 0.07759677377064744
3437 0.1272663950968847
3443 0.046093147206516485
3522 0.05662486466488478
3544 0.030943023278967828
3638 0.08321726401420361
3751 0.03453196522057
3761 0.03158694882609574
3763 0.08200327544440313
3841 0.023185499683080434
3900 0.08321726401420361
4105 0.07406920753437174
4121 0.13336695821623704
4154 0.04582492308323145
4155 0.04886734106899739
4262 0.029973938143300228
4277 0.055773094574708006
4383 0.07126892018689072
4421 0.03556089039637976
4489 0.11992182081767554
4492 0.034368014593984704
4674 0.07112419113989749
4711 0.045442349753980524
4721 0.0799319613274142
4778 0.05218415263310583
4779 0.05218415263310583
4830 0.052828078180233745
4903 0.041835463750175335
4928 0.09561180431586089
4974 0.030571228109333652
5051 0.06480714295362427
5059 0.045010094300055134
5260 0.02297765514003157
5327 0.06492115105453987
5358 0.029857656723977243
5395 0.051570188178793434
5434 0.0399659806637071
5532 0.07406920753437174
5537 0.22007081238627474
5548 0.03486610599742308
5689 0.015128796537982188
5823 0.30809913734078465
6054 0.039477115304487304
6120 0.045070554584346355
6207 0.03212571161986344
6245 0.01636016579272865
6567 0.04435698319898994
6606 0.06941701906942802
6611 0.06668347910811852
6723 0.032687407270343465
6728 0.05662486466488478
6775 0.021301531545231567
6815 0.05497297956306333
6840 0.05421861106417822
6890 0.16086950397041563
6891 0.14964918535727842
7089 0.1529505606900216
7090 0.06668347910811852
7099 0.015090926050829182
7262 0.05851348895226764
7271 0.0633666675440101
7406 0.10409393451970364
7436 0.04747680818505291
7468 0.10226221594549625
7493 0.06668347910811852
7533 0.029514836002242258
7671 0.021484414689361665
7693 0.021181002344823563
7714 0.03453196522057
7851 0.05880502629590223
7854 0.05421861106417822
7862 0.045010094300055134
7865 0.018774748744116998
7879 0.07786599401902278
8020 0.042725544043499666
8250 0.05371273500539833
8264 0.02297765514003157
8301 0.08736004340080375
8344 0.0260608702393262
8411 0.06576378909882051
8433 0.03775022629918085
8463 0.027240845484165964
8592 0.12984230210907974
8658 0.03149997351050967
8691 0.029628123012994886
8717 0.039477115304487304
8744 0.007743068111728968
8848 0.06871793753919091
8875 0.03469797817323455
8961 0.125506391250526
8997 0.04170098048882538
9102 0.035208926719158075
9104 0.042725544043499666
9105 0.0933036149106126
9134 0.029628123012994886
9138 0.041551627956644015
9163 0.14113215850332506
9169 0.061976134660065615
9204 0.024126018739297823
9350 0.051570188178793434
9367 0.038110600362962516
9383 0.0933036149106126
9409 0.027052301481631312
9500 0.1274143249694788
9689 0.06668347910811852
9725 0.04118866879207466
9730 0.042725544043499666
9732 0.03727235959812964
9758 0.03226391032468381
9779 0.04936543247243578
9783 0.02019865169822185
9867 0.07847861933724584
9880 0.04988306178575948
9902 0.01827201828758039
9925 0.046625038094876135
9930 0.055773094574708006
9961 0.03158694882609574
9964 0.046625038094876135
9974 0.04582492308323145
9979 0.04582492308323145
10008 0.11702697790453528
10068 0.02538390874073813
10156 0.02154594326568398
10190 0.031325596608218764
10242 0.028432438259707614
10267 0.06668347910811852
10461 0.046625038094876135
10516 0.04748919704892821
10567 0.0396750330395569
10575 0.029071168823215122
10583 0.03486610599742308
10628 0.053004622494377734
10657 0.04050891333623849
10797 0.032687407270343465
10924 0.02263835995744329
10930 0.02136221144852473
10942 0.05753542262828665
10999 0.016144417507510687
11000 0.026756349975904134
11255 0.01644369680395513
11262 0.08317301246459499
11332 0.037684826158093127
11352 0.04401416247725495
11733 0.02185796384341163
11815 0.0637071624847394
11957 0.02346781752207363
11965 0.03832875170522104
12021 0.04073500530592761
12064 0.008593393523920918
12074 0.04936543247243578
12078 0.028962543883130642
12103 0.055773094574708006
12117 0.02752881012356772
12215 0.04810248630554057
12248 0.04838736614845478
12309 0.05956988105935905
12328 0.03212571161986344
12336 0.044708946876211624
12354 0.044615138630650204
12378 0.07352301457494342
12383 0.0825475361993906
12406 0.03145562579515697
12495 0.06871793753919091
12611 0.024506386728796417
12768 0.030943023278967828
12797 0.04988306178575948
12818 0.051570188178793434
12843 0.05042182457952717
12877 0.018092789004334094
12928 0.035208926719158075
12948 0.030091253188791047
13071 0.05497297956306333
13116 0.09677473229690955
13332 0.07665750341044208
13336 0.0282149170342968
13337 0.05042182457952717
13616 0.08115690444489394
13723 0.11805636943974909
13726 0.1112125851113422
13806 0.030329058824655433
13880 0.05662486466488478
13884 0.04073500530592761
13965 0.03667686660339959
13997 0.033577487563667796
14018 0.05497297956306333
14041 0.02677444162468261
14072 0.019760508368063562
14163 0.010666430923466905
