79 0.030956123723167406
127 0.05033089324587082
194 0.029203814915264185
324 0.05577321283257467
390 0.051617979141091515
548 0.047489525059541994
703 0.045289060100202026
907 0.05493684541880946
920 0.04106067653668786
1012 0.09345518006346651
1119 0.07067372179702347
1269 0.18771583706900988
1402 0.09497905011908399
1470 0.06965984393763996
1489 0.04802048593518861
1653 0.06380129727776855
1689 0.12152664161030266
1928 0.05806774556889923
1963 0.11023843853805658
2126 0.05453384127166049
2204 0.04861065664412106
2209 0.14740747000276155
2558 0.025595027525018414
2614 0.3920876716804208
2648 0.029919383436668955
2934 0.1440614578055658
3010 0.02450246847710473
3027 0.061314784122044705
3092 0.02216223516111303
3103 0.05856700242968592
3220 0.03476102914183028
3321 0.026023868017225702
3432 0.016387987922705335
3728 0.040193961210560965
3865 0.030103163998522278
3915 0.03125039283141284
3963 0.10545001690324567
3984 0.021104467054111536
4150 0.04647564720015851
4384 0.02937985720215133
4478 0.06321007750983225
4624 0.04723023517062255
4747 0.14203993587680225
4827 0.02661331626741048
4912 0.38470021824405437
5262 0.06534794528007012
5689 0.01917068374638817
5746 0.040363748078325226
5844 0.04106067653668786
6102 0.031752648681327995
6235 0.03476102914183028
6315 0.08796282743680109
6481 0.06192299161461155
6487 0.19167833683991775
6636 0.04375770291594639
6695 0.032165604547205656
6723 0.04142034336279879
6789 0.036837972025635345
6813 0.06842000061668072
6821 0.03463940051241458
6866 0.1597892601337294
7078 0.0482924246557939
7185 0.09012609639090934
7201 0.01555459813964862
7328 0.0802960328337365
7349 0.1741539513682414
7588 0.05620762330412739
7604 0.08588348580583952
7651 0.10323595828218303
8244 0.03563813680188182
8344 0.03302342656664593
8688 0.030195817215177962
8875 0.04396806874414336
8981 0.03798192984725343
8996 0.05511912365737485
8997 0.06605253653673965
9204 0.030571650173847935
9347 0.06321007750983225
9497 0.04096132586446162
9511 0.06072792170299459
9592 0.05961258430392933
9765 0.030956123723167406
10156 0.05460453689453085
10462 0.36050438556363734
10553 0.05301244173153953
10595 0.04002588077235078
10999 0.020457643245390584
11000 0.06780942850384214
11003 0.049807720905162715
11200 0.040535276380237975
11213 0.06785527871754714
11262 0.03513131429390432
11317 0.07205718982962286
11325 0.034161543351067414
11634 0.043549950395486606
11861 0.05033089324587082
11875 0.24636405922012714
11955 0.04439690923635064
12023 0.03335680364227252
12064 0.010889248800573834
12291 0.0625541556829589
12308 0.06192299161461155
12335 0.03563813680188182
12354 0.02826737443530776
12413 0.10213254728557229
12587 0.06321007750983225
12668 0.054140320460648865
13079 0.023981839264744686
13321 0.07067372179702347
13336 0.017876479799206393
13480 0.02552461115643902
13540 0.06321007750983225
13816 0.04418111446383394
14062 0.020678358326501972
14170 0.050630247410898235
14171 0.10730183772457177
