326 0.04817237173469532
337 0.043336698591738165
905 0.1074149580039372
976 0.0436469291409106
1005 0.08363524570017686
1065 0.07421234600427278
1072 0.08718050666283741
1075 0.25980211466111996
1117 0.062086340755765905
1451 0.11405895695764169
1653 0.13117156044687117
1871 0.07758986783500015
2064 0.20804660443973774
2204 0.029982160042590144
2597 0.03967830800811116
2662 0.07969378710290649
2696 0.12171454465899903
2793 0.03570324102531271
3036 0.06367404262869399
3092 0.05467703811257774
3238 0.06495052866527999
3281 0.0436469291409106
3321 0.03210208747155721
3332 0.03830662845200555
3432 0.0808624792331842
3534 0.11577967997296106
3914 0.058261482872029174
3938 0.06025948923793795
3992 0.05272721218561583
4258 0.07421234600427278
4306 0.12171454465899903
4450 0.05476639609564286
4580 0.13007926662802288
4734 0.1049718471097049
4742 0.09491041107511988
4798 0.08157052967952201
4974 0.09557350820140818
5056 0.09905023603491339
5193 0.12171454465899903
5644 0.06988582345577007
5689 0.023648251140405238
5734 0.10148009331789923
5736 0.08475064937985156
5779 0.11117624128342025
5800 0.11847261436291644
5816 0.05372161878674209
5888 0.12171454465899903
5962 0.04156733396868827
5970 0.04937445597363217
6677 0.06495052866527999
6720 0.04477101728409137
6775 0.03329702837844415
6808 0.1074149580039372
7028 0.08592982418528027
7118 0.11577967997296106
7342 0.20804660443973774
7468 0.0532829904608745
7604 0.10594271273879674
7633 0.03348716744564227
7693 0.06621725153066363
7718 0.04349123072069983
7865 0.02934734248584878
7965 0.05248592355485245
8264 0.03591702472862813
8318 0.11577967997296106
8543 0.26015853325604577
8689 0.057636285246799986
8777 0.26015853325604577
9049 0.26015853325604577
9150 0.10545442437123166
9497 0.016842795557031453
9823 0.08257706797329661
10048 0.04958179382694858
10281 0.06170779907545545
10509 0.09905023603491339
10627 0.08851193265933459
10638 0.07421234600427278
10789 0.0914640948716936
10799 0.2223524825668405
10919 0.13007926662802288
10999 0.03785369564340334
11425 0.07563566499348401
11604 0.08257706797329661
11942 0.11577967997296106
12064 0.026865154500797888
12223 0.09311537134887539
12231 0.05248592355485245
12256 0.055866920623750094
12413 0.04199565266372881
12522 0.08718050666283741
12523 0.04006879176849694
12558 0.05733065087515664
12584 0.055866920623750094
12666 0.04876465957551173
12667 0.03466634225107098
12763 0.04797866192880303
12834 0.017100137057200492
12915 0.06727094302446018
13057 0.058261482872029174
13336 0.04410353740018908
13480 0.06297244510148285
13806 0.04740821242039363
13930 0.13007926662802288
13969 0.11577967997296106
14072 0.0308882113244662
14076 0.06247195838975714
14163 0.016673000831008127
