573 0.3029827389493671
976 0.10166313572214702
1461 0.08242318930429075
2161 0.21688583416022988
2424 0.15337335457586246
2488 0.1437308070922885
2770 0.11500378417572721
2793 0.08316056844133726
3443 0.08390943966292319
3448 0.23636908032560153
3852 0.11696534622458153
4438 0.1682767943459126
4692 0.1654494143235247
4903 0.15231723299724959
6175 0.17791934182948657
6681 0.09123283949013436
8250 0.0651869206915986
8474 0.12572618828284018
9028 0.12633061886218236
9755 0.40711077437800297
10028 0.23636908032560153
10031 0.137974168061752
10040 0.10202854887077173
10322 0.15231723299724959
10949 0.10276781879804717
10950 0.2809077602675786
10999 0.08816944223856277
11245 0.12395721806485559
11259 0.11849092189638033
11987 0.13720532609989436
12069 0.11265933884627027
12378 0.06692182384153025
12865 0.05956513831914288
12919 0.13570359145933433
13008 0.1654494143235247
13022 0.10664504988221477
13024 0.12395721806485559
13271 0.18776004051128425
