68 0.15808914639757124
1848 0.16423420987865225
2182 0.0851698035213285
2965 0.08542699834610447
3521 0.16045454775104173
3606 0.10967935958025272
3742 0.15161539616078198
3781 0.2612681834680935
4150 0.26945820146969496
4452 0.08594551784246567
4827 0.077149827582564
4974 0.11230059852355649
5247 0.05312930071697304
5925 0.18728327878066572
6154 0.10041678948401851
6235 0.10076938093463814
6278 0.07847212165885041
6417 0.12807743796530516
7201 0.045091508045522026
7316 0.14414199997716676
8157 0.16978095078706726
8673 0.07544106530680479
8923 0.15061575021395598
10079 0.10444395045661867
10321 0.25242903187783367
10386 0.10294053973417126
10387 0.15061575021395598
10516 0.05814906784166254
10629 0.17440169417144621
10950 0.18894578545257587
10994 0.1569483617462095
11200 0.11750845149563276
11371 0.10294053973417126
12113 0.204877340218412
12288 0.41300474922113245
12359 0.18133938202293517
13079 0.06952139093817047
13596 0.14328390481926997
13990 0.183240845761706
14062 0.11988973967394499
