304 0.07557449723135412
318 0.04616627066984001
344 0.06631518882885701
762 0.0455796249874331
940 0.0480783444042137
960 0.03246080846718562
997 0.03737442367323993
1127 0.02886216514520491
1249 0.03788150774485553
1305 0.06881390824563761
1350 0.049882643268873796
1397 0.028308118562288036
1445 0.06417475115393512
1450 0.05844612632492564
1461 0.025656769784795183
1471 0.21006790382471222
1593 0.17682563681170463
1623 0.049882643268873796
1801 0.05380696923322315
1808 0.04050578968334957
2365 0.0434391873125112
2558 0.022891771204218796
2565 0.08744123828234965
2638 0.5014638119883643
2666 0.06230261749018748
2740 0.045294710705188125
2873 0.04877416975065895
2889 0.051501253107987775
2969 0.04420640920292616
3010 0.06574381314122787
3142 0.1157565668314206
3192 0.0778802133565895
3205 0.07023951479320636
3443 0.02611941122849405
3481 0.0761088585915516
3734 0.04925973652116512
3758 0.027513725824143583
3763 0.09293690725084715
3799 0.05027117284219741
3841 0.07883058165421343
4000 0.07181544971731826
4030 0.0355022900094923
4079 0.07980678184297092
4114 0.05380696923322315
4219 0.024844061146009185
4489 0.03883176992725739
4572 0.09431275891657272
4717 0.08394497699586076
4784 0.04071210395518238
5096 0.08824799527730147
5390 0.024210470292867194
5551 0.023802511889607227
5687 0.0429487319780858
5697 0.15729726705680805
5701 0.07557449723135412
5937 0.09431275891657272
5986 0.08824799527730147
6068 0.03840638782994699
6109 0.018683721797763793
6411 0.06417475115393512
6446 0.12151736905004873
6520 0.05431405330483876
6567 0.05027117284219741
6606 0.0196681261447284
6770 0.05594740690814506
6789 0.03294727565399053
6921 0.04420640920292616
6949 0.09174014386040853
7020 0.06239854345610322
7201 0.013911776474487204
7418 0.057536774220717075
7466 0.02700664175252798
7479 0.02573288978399966
7533 0.033450097708890576
7540 0.036565710639543024
7627 0.02867519336612581
7671 0.024348967093121412
7726 0.04201358076494243
8023 0.08824799527730147
8104 0.04156705364876357
8122 0.04369058058410913
8349 0.1247011609462907
8350 0.07557449723135412
8351 0.09431275891657272
8411 0.07453218343802756
8517 0.14767804500386755
8706 0.02462986826058256
8744 0.008775464138924983
8751 0.051501253107987775
8903 0.049882643268873796
8906 0.051501253107987775
8996 0.016432545559983216
9383 0.05287196979708082
9497 0.024423423625133237
9590 0.07557449723135412
9654 0.03234162419067573
9707 0.07557449723135412
9708 0.02667789120992049
9725 0.046680421855956104
9728 0.08394497699586076
9730 0.048422211216487765
9827 0.0182147947559279
9843 0.05431405330483876
9850 0.059141951671370915
9908 0.04010150703056876
9956 0.08824799527730147
9966 0.03564965620213387
9979 0.05193483556947552
10068 0.08630516133107562
10190 0.10650687002847692
10242 0.03222338209221171
10361 0.03175954500122507
10575 0.09884182696197161
10608 0.044471151469218255
10613 0.09174014386040853
10715 0.059871732872494414
10827 0.09293690725084715
10930 0.024210470292867194
10999 0.018296979289952
11000 0.04851810911417007
11134 0.06631518882885701
11161 0.06320941315443686
11218 0.042241944705490655
11310 0.0868783746250224
11311 0.1629047502868692
11537 0.059141951671370915
11571 0.12460523498037496
11606 0.04709177496387308
11716 0.06631518882885701
11842 0.03370799284869001
11957 0.026596820292958446
12007 0.044471151469218255
12041 0.03246080846718562
12064 0.009739164839142748
12077 0.0778802133565895
12080 0.06520671531064216
12220 0.05331651389879775
12354 0.025281874281421906
12567 0.0778802133565895
12648 0.0341033695485063
12695 0.033322798663397164
12764 0.02905150371847575
12822 0.05778123697205636
12898 0.051501253107987775
12964 0.06320941315443686
13338 0.04201358076494243
13464 0.036883968338814535
13669 0.05594740690814506
13723 0.08027821179727682
13754 0.038533114250804835
13761 0.10739546624738416
13874 0.015948701296411086
13971 0.04741345505134441
13987 0.2642081561686245
14043 0.04877416975065895
14130 0.08394497699586076
14161 0.05594740690814506
