108 0.02891401907310118
245 0.05720494846594782
421 0.03172221879452971
483 0.056210898705997214
940 0.03915629574134172
976 0.025773189028678322
981 0.036218500875294275
995 0.029780097412605323
997 0.030438735040621043
1099 0.05427796549827995
1240 0.0329890036716576
1397 0.02305489251016658
1403 0.03784515742685266
1426 0.04816679482335457
1460 0.029652537831313726
1461 0.020895562813367446
1519 0.02166116521015491
1566 0.11197679601035494
1655 0.027666417020257295
1959 0.14517019030355488
1963 0.016059755912989356
2011 0.23969297993783825
2049 0.04031734802546536
2137 0.12511677753148845
2138 0.1029588895284367
2279 0.04938599437159954
2311 0.028560897864360366
2384 0.027242658512827336
2400 0.04938599437159954
2558 0.018643673662709626
2565 0.04747632957001653
2576 0.05147944476421835
2609 0.02940135720661144
2648 0.02179357769541349
2763 0.03113502904701159
2813 0.05498393849203741
2927 0.05898494739827214
2934 0.0699572030563581
2940 0.1038366990356747
2951 0.03643799922282997
2965 0.04293041327111138
3010 0.017847842740995122
3039 0.08607128908795422
3041 0.041944004577023755
3104 0.06342773871227864
3130 0.017283332690424064
3142 0.03142508629072957
3150 0.030438735040621043
3185 0.03972299460311334
3193 0.04342240174842027
3204 0.07519810301390721
3297 0.02867747127743042
3308 0.038352807076038144
3316 0.03888253526086227
3332 0.022619780946272754
3333 0.041944004577023755
3358 0.04876114824570659
3366 0.05604389618182418
3443 0.042544700876305526
3527 0.026732884187835645
3532 0.04938599437159954
3633 0.031934405133244
3634 0.08764368350656886
3761 0.029155251286712376
3786 0.024713231338891563
3852 0.029652537831313726
4002 0.06564874868618906
4074 0.05604389618182418
4104 0.10453128394705133
4188 0.029909006855796914
4262 0.05533283404051459
4298 0.0699572030563581
4300 0.09208570345438968
4384 0.021400581398027793
4434 0.050740926006005806
4436 0.050740926006005806
4450 0.032339152072658875
4489 0.06325127398930022
4492 0.03172221879452971
4493 0.03943635011434246
4542 0.027994199002588736
4624 0.0688059499583198
4734 0.03099254989410123
4815 0.038352807076038144
4885 0.03861479198411298
4928 0.04412560067374908
4964 0.037599051506953605
4997 0.06806760080558596
5059 0.020772512992337202
5111 0.11208779236364835
5112 0.06564874868618906
5223 0.019717657639254975
5247 0.05339910990068903
5332 0.06564874868618906
5350 0.06735097098338164
5498 0.050740926006005806
5672 0.061549901536017956
5689 0.05585646998180604
5767 0.04876114824570659
6067 0.03099254989410123
6109 0.015216525138874667
6245 0.015100690712653327
6256 0.050740926006005806
6429 0.02844542942917704
6516 0.05720494846594782
6629 0.05905260026950134
6681 0.023128946408152783
6723 0.030170991763871745
6789 0.02683314671846509
6821 0.02523168527144959
6866 0.023278418574288477
7006 0.028795171021110504
7025 0.027138982749139975
7257 0.10008926399923052
7260 0.07187153893251988
7276 0.03809633805155495
7284 0.17206482766458253
7339 0.0683670452047008
7422 0.02108249991450944
7431 0.0742425429953433
7468 0.06292642402070867
7479 0.041915113972740406
7588 0.0409421941513583
7598 0.023660325359115896
7748 0.05004463199961526
7851 0.027138982749139975
7862 0.0623175389770116
7911 0.0446623010955355
8011 0.034216989248919555
8025 0.06564874868618906
8078 0.033500204356782526
8085 0.03367548549169082
8156 0.031572746628394016
8244 0.05191834951783735
8268 0.3314925711265855
8284 0.09633358964670914
8293 0.022548749673860002
8451 0.040625765225490724
8474 0.03187354780522413
8658 0.014537485850247115
8662 0.03809633805155495
8688 0.02199493482037981
8689 0.03403380040279298
8744 0.01429394765353734
8868 0.05310610131577673
8878 0.035378041533043206
8895 0.04876114824570659
8931 0.024545203451416368
8932 0.04760009596158295
8951 0.04126706216914912
8968 0.03497860152817905
9105 0.2583621185117606
9126 0.025773189028678322
9134 0.027347224208114897
9194 0.050740926006005806
9201 0.04760009596158295
9233 0.06564874868618906
9385 0.03517668440807688
9445 0.06564874868618906
9470 0.0683670452047008
9497 0.019891092555965266
9614 0.050740926006005806
9645 0.019717657639254975
9652 0.018091001087696585
9719 0.09972151425209186
9722 0.029780097412605323
9785 0.07187153893251988
9827 0.02966923670809449
9834 0.12685547742455727
9865 0.06564874868618906
9890 0.026053243401679076
9899 0.03497860152817905
9902 0.025298041017958166
9921 0.0446623010955355
9936 0.061549901536017956
9989 0.0742425429953433
10013 0.04876114824570659
10031 0.03497860152817905
10040 0.025865826955751604
10046 0.038352807076038144
10050 0.08684480349684054
10054 0.050740926006005806
10072 0.08388800915404751
10110 0.03403380040279298
10180 0.03888253526086227
10190 0.02891401907310118
10242 0.026243588347819938
10442 0.0683670452047008
10451 0.08267726231608474
10459 0.0344029749791599
10534 0.05720494846594782
10567 0.048827573879553436
10583 0.03218196500524949
10595 0.029155251286712376
10604 0.04604285172719484
10628 0.048924101428378546
10730 0.04938599437159954
10785 0.17489300764089524
10789 0.05400887193815411
10936 0.11916898380934002
11000 0.039514451939377276
11087 0.04382184175328443
11133 0.05310610131577673
11331 0.03809633805155495
11359 0.02047021885285995
11364 0.04031734802546536
11365 0.01885102894493342
11511 0.060078590071513775
11576 0.02559000018255175
11714 0.026243588347819938
11808 0.05992324498445956
11815 0.02940135720661144
11856 0.04705859220435421
11866 0.03735781929334241
11867 0.06564874868618906
11876 0.026534801307937814
11878 0.08253412433829824
11910 0.027774700655053046
12023 0.02429742890214631
12074 0.04556507171791289
12107 0.06564874868618906
12181 0.03385332556552334
12215 0.04439935251343563
12217 0.0446623010955355
12231 0.15496274947050617
12233 0.0683670452047008
12234 0.05400887193815411
12296 0.05720494846594782
12354 0.04118047568093948
12377 0.036218500875294275
12457 0.04816679482335457
12610 0.0329890036716576
12640 0.04556507171791289
12764 0.023660325359115896
12770 0.07670561415207629
12807 0.019550398782347506
12903 0.019717657639254975
12917 0.05604389618182418
12948 0.05554940131010609
12961 0.04604285172719484
12995 0.05310610131577673
13030 0.04342240174842027
13064 0.0344029749791599
13066 0.07187153893251988
13067 0.06342773871227864
13079 0.01746861122327058
13088 0.02305489251016658
13336 0.013021406415314457
13519 0.061549901536017956
13557 0.07670561415207629
13581 0.04604285172719484
13660 0.028331045220660277
13709 0.029277682756497395
13711 0.06342773871227864
13723 0.04358715539082698
13774 0.05992324498445956
13806 0.027994199002588736
13872 0.11065523027162236
13874 0.01298905094156821
13918 0.026339887890449956
14041 0.049426462677783126
14062 0.015062322716513655
14163 0.009845283747353188
14211 0.09749518179335123
14212 0.025959174758918676
