914 0.42435768029153004
1086 0.07783390613123504
1117 0.0753995996271859
1255 0.05262944607792224
1397 0.047415639450578244
1479 0.07732775458186476
1545 0.05281711474242096
1750 0.31594468297408984
1840 0.13501591459224166
1867 0.1015692656992193
2425 0.09333542754677865
2485 0.062324714737660956
2575 0.05225827411040579
2611 0.14060647492925812
2927 0.040436955664464404
2935 0.07586790577726965
3010 0.11011982068506256
3019 0.12324060837147131
3044 0.05826679195526424
3147 0.12249394449325844
3432 0.024550482782630008
3437 0.0805304470742144
3544 0.05873951634882365
3633 0.021892536681008542
3751 0.06555244836109442
3814 0.08626376363544332
3832 0.06683753258364568
3847 0.06288148541887034
4112 0.10922019053024659
4144 0.08355261840783962
4222 0.07835049452706483
4298 0.0719384294597867
4383 0.04509688516577856
4489 0.13008516959876854
4492 0.06524121889835303
4746 0.14781396075821204
5059 0.04272160393256141
5223 0.04055214506077516
5472 0.11526218018978802
5537 0.08355261840783962
5551 0.07973764270432651
5689 0.057438355881977314
5798 0.04348861228990487
5823 0.08355261840783962
6269 0.13501591459224166
6282 0.11107686569445929
6310 0.035640333229807905
6755 0.07732775458186476
6890 0.07634513257888569
7046 0.08420339914143249
7436 0.09012580074783516
7468 0.03235426745065499
7765 0.24057942694318482
7851 0.055815147284735106
7862 0.04272160393256141
8250 0.03398784541882114
8411 0.08322679892662413
8517 0.049471666025858875
8658 0.029898390863858326
8744 0.014698760099763928
8931 0.050480674181422956
9105 0.044279845928722486
9428 0.09906180980141373
9663 0.14060647492925812
9732 0.07075457224186922
9905 0.04009453143339378
10162 0.13302005846597934
10251 0.2608961884008505
10499 0.09828832535040571
10516 0.03004977289279144
10567 0.025105198791302564
10624 0.07360929178539515
10628 0.15092897653384613
10657 0.0384492807269483
10797 0.06205090163449096
10924 0.04297467325161615
10925 0.08291831491888123
10930 0.04055214506077516
11797 0.08487153605830601
11815 0.12093607914689651
12021 0.07732775458186476
12215 0.13697029966770674
12354 0.04234672936405341
12378 0.10467722265785695
12529 0.10587474181368452
12585 0.13044809420042525
12903 0.04055214506077516
13022 0.05560372282696787
13700 0.07318101384252193
13723 0.044821567564811156
13918 0.05417169595700723
14004 0.10292384691380557
