68 0.14072209095535726
1768 0.1428276385656397
1848 0.14619208179164414
2157 0.16141814661105544
2182 0.07581338194867013
3606 0.09763041401945846
3956 0.08141316285426473
3986 0.14737448905769962
4150 0.23985657712721986
4384 0.07581338194867013
4452 0.07650387932778757
4827 0.068674449205771
4859 0.2546110468209985
5185 0.14504120917479307
5247 0.09458544698680556
5255 0.2072002516656639
6235 0.08969925078687786
7316 0.12830712350272766
7422 0.07468655120738012
8346 0.12830712350272766
8886 0.13871451198082865
8977 0.1881328861106919
9059 0.23256628247758612
10333 0.14737448905769962
10387 0.2681393857060298
10950 0.16818894030347734
10999 0.026395007818806875
11003 0.06426327641747966
11200 0.10459943251136226
11325 0.08815230503710145
12183 0.13586808496367758
12280 0.33725478656962155
12288 0.12254455415244037
12414 0.16141814661105544
12415 0.20265340117360398
12865 0.05349548273453105
12914 0.19478528421303426
13271 0.16862739328481077
13862 0.26991904321013993
