194 0.11158820029186535
1012 0.11903119942255329
1642 0.27004531586507907
1653 0.08126189403872813
2608 0.1866563229330705
2648 0.1143223979890071
3092 0.25404666581225627
3521 0.2114923933668116
3915 0.11940820418802549
4747 0.13568416369619477
5223 0.10343276058433898
6254 0.31433889183545477
6278 0.10343276058433898
6412 0.16881667906103875
7201 0.059434345057411304
7466 0.11537865546540883
8673 0.09943757708029498
8870 0.17758412192082074
8886 0.2054018705913995
8977 0.27857825526023955
8997 0.10095507998847048
9602 0.1998416589291898
10324 0.1866563229330705
10614 0.116814718650648
10999 0.07816895150821496
11003 0.09515801193394098
12413 0.13008331475287271
12667 0.10738046498493149
12992 0.19231507296853853
13596 0.18886006277733
13667 0.4029260437762063
