104 0.1757847788317503
194 0.07263783504520764
920 0.10212907655285965
1194 0.3563233606828087
1458 0.07198956013737629
1653 0.05289706294399817
1779 0.14322449672213353
1871 0.15644687418149875
2064 0.10487271681493136
3092 0.05512350994337433
3130 0.059016697409554605
3321 0.06472844173811923
3432 0.040761385692460884
3496 0.1346617104075602
3827 0.19533542485209046
3984 0.0524925528065964
4620 0.26228288857319054
6154 0.08615761563296735
6158 0.14091296884930793
6681 0.07897747824573446
6752 0.09832570635817332
6813 0.056726386980693315
7201 0.03868851850830425
7342 0.10487271681493136
7540 0.10168889468872834
8011 0.11683936986807614
8015 0.14443028543768022
8250 0.05643032311171096
8982 0.11097095191553498
8997 0.09857438010467903
9150 0.10631552496372688
9529 0.24541683837918857
9645 0.06732908839773957
10123 0.1757847788317503
10180 0.1327706212169398
10999 0.050883725971557534
11000 0.016866050194001954
11003 0.06194267813271102
11880 0.11559758219053351
11913 0.18133925719608684
12064 0.027084525101851813
12413 0.08467714627925414
12667 0.20969648624815446
12768 0.29257722984295453
13051 0.23119516438106702
13109 0.34177076338178625
13480 0.06348665406057659
14170 0.06296560176130686
