49 0.038110582323368815
182 0.08555124551138711
277 0.05651479806268784
321 0.04215160419768561
451 0.043611938545285646
556 0.06605347278780663
636 0.03550047781036673
637 0.03390239594564647
654 0.05364775334306285
676 0.05023791568740984
721 0.038110582323368815
762 0.04134534640287825
789 0.045962891667641295
817 0.038110582323368815
962 0.04751521290248221
968 0.05467646437119405
1086 0.04215160419768561
1091 0.039403752167563304
1131 0.046334641330213276
1397 0.17974835857161411
1461 0.023273294473654182
1566 0.031179693160718842
1567 0.024422596122199974
1615 0.04215160419768561
1714 0.039403752167563304
1808 0.03674286276471042
1871 0.05102972982873641
1930 0.12030921512221007
1940 0.02635266273243926
2099 0.07311900012682032
2232 0.13028780497688014
2279 0.055005687099711834
2565 0.026439359601848025
2575 0.08490271897604298
2604 0.04836348997490534
2667 0.04243136697301671
2706 0.06674198435316031
2716 0.0696769843696721
2821 0.04671686418041286
2893 0.04974447898586627
2927 0.021898972245514084
3010 0.019878770605064648
3029 0.08555124551138711
3044 0.12621947808843542
3147 0.16584405568015823
3168 0.04793272319493354
3227 0.07501492038204499
3232 0.07835896473793405
3316 0.043307026524759866
3318 0.06855374014409307
3332 0.025193713497651392
3421 0.07100095562073346
3432 0.06647759855265886
3437 0.043611938545285646
3443 0.0710788716699004
3496 0.04392386064806392
3527 0.029774851789853632
3660 0.061240628131243494
3746 0.03516544809956562
3751 0.03550047781036673
3758 0.024957742090828405
3761 0.032472863004913324
3814 0.09343372836082572
3841 0.04767155948200479
4025 0.03731223360129947
4121 0.06855374014409307
4155 0.05023791568740984
4383 0.04884519224439995
4489 0.035224356925314504
4492 0.07066385777275926
4711 0.04671686418041286
4712 0.08004988928947028
4721 0.04108690022878635
4808 0.023907758763383854
4821 0.059149109564979666
4835 0.036376137362109894
4903 0.043008816412939334
4974 0.03142865452918305
4996 0.06371436954770691
5051 0.033312389342497244
5059 0.023136242662925483
5062 0.04457007867867901
5225 0.07614661493227372
5336 0.09343372836082572
5379 0.08555124551138711
5507 0.07064525871035689
5537 0.22624310380037407
5548 0.03584399018096142
5551 0.02159129434710739
5689 0.06221244604686005
5823 0.2714917245604489
5834 0.07614661493227372
5903 0.03130360282462748
6054 0.04058432373983224
6102 0.02576081752045222
6109 0.016948032153325864
6120 0.09266928266042655
6271 0.03963179138246327
6309 0.06855374014409307
6429 0.03168226964967295
6629 0.03288613395538425
6728 0.05821301332579009
6851 0.03770553690446106
6887 0.13710748028818615
6890 0.165381385611513
7089 0.05241344699205272
7262 0.060154607561105036
7406 0.03567114690216781
7418 0.026095847231253334
7422 0.02348150337627086
7436 0.04880838274667669
7468 0.0525651741049694
7479 0.02334234303945883
7491 0.020259461298535394
7501 0.045962891667641295
7627 0.026011311045645278
7671 0.02208698468438372
7692 0.04836348997490534
7851 0.12090864321339949
7862 0.023136242662925483
7865 0.03860264233028406
7911 0.04974447898586627
7929 0.05364775334306285
8115 0.02334234303945883
8250 0.055219207624401086
8264 0.023622105814789917
8411 0.1126804262232573
8433 0.01940450047528849
8442 0.05430973896859352
8463 0.05600973037411739
8585 0.1188953741473898
8658 0.048575172459524286
8689 0.03790654819429212
8691 0.030459098312745233
8700 0.04836348997490534
8744 0.01592047344706871
8754 0.06674198435316031
8875 0.03567114690216781
8961 0.043008816412939334
8996 0.01490598680103022
8997 0.021435280660369628
9102 0.07239285188297011
9105 0.04796024335139955
9134 0.030459098312745233
9174 0.042717019921610644
9204 0.04960535477411771
9260 0.07064525871035689
9383 0.14388073005419863
9384 0.061240628131243494
9422 0.07064525871035689
9440 0.06514390248844007
9500 0.2619757889485778
9501 0.060154607561105036
9695 0.07972745778371726
9708 0.024199555254712537
9725 0.04234388089851826
9783 0.02076516010113759
9880 0.05128212416314012
9902 0.02817673606000561
9905 0.021713529533292378
10040 0.028809131054401884
10132 0.055005687099711834
10242 0.02922987837750148
10316 0.025433861605722655
10361 0.028809131054401884
10461 0.04793272319493354
10575 0.02988652331652436
10628 0.24521055656989857
10629 0.04880838274667669
10712 0.08004988928947028
10762 0.04424312276394945
10797 0.033604185833825934
10924 0.023273294473654182
10927 0.04793272319493354
10930 0.021961354028497897
10936 0.04424312276394945
10999 0.008298608721308375
11000 0.03300813733150096
11038 0.15229322986454744
11135 0.033604185833825934
11314 0.037119776276592256
11328 0.040099700298681616
11480 0.06242119970351243
11511 0.03345750317387512
11735 0.08004988928947028
11794 0.06242119970351243
11815 0.03274697361857223
11869 0.040099700298681616
11880 0.03770553690446106
11957 0.0241260157039611
12064 0.01766882215727357
12175 0.04960535477411771
12215 0.024725804581433045
12283 0.06674198435316031
12318 0.04490510838948012
12354 0.04586645239699129
12378 0.056688827238702805
12529 0.057337353774046924
12611 0.050387426995302784
12810 0.03567114690216781
12877 0.018600234607945302
12903 0.021961354028497897
12928 0.036196425941485054
12966 0.043008816412939334
13068 0.04671686418041286
13079 0.019456385868911578
13088 0.025678336938802015
13112 0.024497765366533076
13116 0.04974447898586627
13252 0.05821301332579009
13332 0.039403752167563304
13336 0.014503128184270457
13581 0.05128212416314012
13616 0.02781103312058042
13723 0.19418796454349446
13726 0.038110582323368815
13902 0.061240628131243494
13989 0.05322886635598319
14041 0.05505076034397297
