49 0.030183047939062575
79 0.01989041138075959
86 0.052858717722724394
249 0.030021455763774546
281 0.0633983922218682
461 0.05429360295821096
482 0.1686952901193889
555 0.07339277519522687
702 0.03254025007412475
949 0.06775538937208382
961 0.035039934158635905
995 0.0262692343062592
1010 0.030347107265585677
1064 0.06676696143931675
1099 0.023939488403718904
1162 0.05761878359781697
1173 0.06030705354740411
1217 0.034298559035493004
1250 0.04943671673863762
1319 0.0625236637163434
1320 0.06775538937208382
1360 0.0633983922218682
1471 0.030183047939062575
1509 0.2032661681162515
1535 0.10318611849394575
1544 0.051593059246972876
1593 0.06351680308568745
1659 0.09887343347727524
1682 0.04356373451773906
1742 0.04850172057250878
1808 0.05819966637275039
2095 0.03157151549046192
2105 0.03175840154284373
2172 0.030682937008420286
2253 0.04943671673863762
2295 0.05046088916060397
2404 0.052858717722724394
2479 0.3099126094661634
2541 0.05429360295821096
2542 0.03763138376374229
2558 0.016445716244294393
2565 0.04187920570562154
2575 0.02241392181019236
2638 0.21015019034642185
2648 0.01922426884373297
2659 0.020079489757367536
2927 0.017343679597812158
2928 0.06030705354740411
3010 0.015743708166179933
3130 0.03049149972528977
3142 0.027720290616516444
3149 0.04541038189804468
3151 0.028115881686564818
3182 0.04198838091395791
3206 0.042488269983315625
3208 0.025091914249445034
3227 0.02970538364941051
3282 0.039019851315141636
3321 0.016721261525189712
3355 0.07879386261770306
3417 0.17270022544639102
3432 0.010529865573627338
3481 0.027338747205439305
3527 0.023581265993948587
3577 0.09700344114501756
3633 0.009389854788510605
3713 0.04684526713353124
3724 0.04684526713353124
3734 0.03538877100722067
3841 0.0755104161340998
3874 0.06030705354740411
4030 0.025505260484656452
4078 0.0633983922218682
4264 0.051593059246972876
4266 0.044758929284231495
4452 0.019049538536037865
4534 0.04943671673863762
4536 0.05046088916060397
4566 0.03295359630933617
4584 0.047641607477065535
4689 0.028809391798908485
4702 0.030513710248685252
4734 0.027338747205439305
4736 0.06775538937208382
4784 0.029248051772933725
5003 0.04684526713353124
5038 0.033166388949124104
5053 0.03529887866818204
5127 0.046103892010388337
5551 0.017100003007446733
5571 0.07181846521115672
5613 0.048246359331564403
5677 0.3320135273296883
5685 0.02249322606059767
5687 0.0617097430218664
5697 0.14125524609594867
5798 0.03730511089747618
5962 0.02165149736169548
6062 0.0872994995591256
6096 0.05046088916060397
6109 0.0268452086413247
6154 0.022257047824730793
6205 0.051593059246972876
6310 0.030572752579406292
6446 0.029099833186375195
6499 0.05046088916060397
6505 0.03360504892314934
6563 0.022257047824730793
6636 0.028115881686564818
6745 0.09700344114501756
6823 0.04850172057250878
6866 0.041068114945004966
6903 0.0633983922218682
6949 0.03295359630933617
7020 0.02241392181019236
7119 0.046103892010388337
7153 0.02939834341383593
7246 0.05595005639718849
7327 0.03731059345955179
7401 0.02431006571816401
7468 0.02775392158313288
7479 0.018486809070298947
7491 0.016045209868606997
7512 0.051593059246972876
7564 0.046103892010388337
7580 0.03695354007266061
7627 0.041201188771506525
7661 0.05429360295821096
7696 0.052858717722724394
7851 0.023939488403718904
7865 0.015286376289703146
7892 0.02697028789182044
7941 0.031207220361028912
8104 0.029862257634872075
8154 0.034298559035493004
8156 0.027850542843502336
8186 0.04356373451773906
8244 0.022898771440905963
8264 0.03741675454757983
8275 0.06030705354740411
8349 0.029862257634872075
8374 0.05595005639718849
8393 0.06775538937208382
8411 0.05354479253504004
8463 0.0221794613710132
8517 0.04243745408739984
8585 0.34526606651238484
8612 0.047641607477065535
8649 0.052858717722724394
8744 0.02521758440677487
8931 0.02165149736169548
8942 0.06775538937208382
8976 0.029862257634872075
8997 0.025464663525850063
9134 0.048246359331564403
9284 0.06775538937208382
9285 0.04943671673863762
9383 0.018991920826105593
9414 0.04684526713353124
9497 0.008773036631152283
9594 0.031029601818628304
9645 0.01739308509706033
9647 0.02273471211438286
9654 0.046469202367481144
9725 0.03353576117629254
9757 0.033383480719658375
9771 0.052858717722724394
9875 0.06775538937208382
9905 0.0171968115645335
9908 0.028809391798908485
10003 0.025296600003026394
10032 0.041510716624305846
10033 0.03830320733561291
10068 0.020667545861885107
10186 0.044758929284231495
10190 0.10202104193862581
10243 0.04943671673863762
10290 0.04541038189804468
10382 0.027591598333956194
10440 0.033831282061446435
10493 0.028667062868379636
10569 0.02939834341383593
10575 0.047339416561023424
10598 0.05492885814550329
10614 0.039286746879837534
10806 0.05849610354586745
10827 0.033383480719658375
10930 0.01739308509706033
10999 0.006572381989271905
11000 0.004356997150215621
11102 0.029862257634872075
11138 0.055964786594364394
11219 0.04943671673863762
11249 0.05595005639718849
11255 0.013388436796940425
11310 0.031207220361028912
11311 0.09362614274501393
11324 0.04850172057250878
11356 0.03786922082417401
11371 0.02281642868428582
11541 0.0633983922218682
11733 0.0355934521192263
11796 0.03731059345955179
11954 0.06775538937208382
11978 0.039019851315141636
12063 0.0633983922218682
12064 0.048977109713556385
12069 0.025193769771835767
12245 0.02649787436071758
12402 0.11190011279437698
12582 0.0237588845363492
12599 0.04356373451773906
12636 0.10318611849394575
12678 0.07847013929540891
12735 0.016861729893484296
12834 0.00890708008017795
12865 0.013320425954991477
12897 0.052858717722724394
12999 0.05879668682767186
13057 0.030347107265585677
13088 0.02033688355226243
13152 0.06775538937208382
13336 0.011486274587407292
13391 0.04850172057250878
13616 0.0220259490865511
13666 0.0308548715109332
13676 0.04187920570562154
13723 0.03844853768746594
13726 0.030183047939062575
13744 0.08819503024150781
13820 0.10318611849394575
13822 0.017643578424765317
13874 0.034373200786330896
13971 0.06812476159925226
13982 0.021799715948254007
13987 0.11388613822009491
13989 0.08431303470162133
14062 0.026573162549099392
14189 0.026731485238512955
