175 0.03213580735668463
326 0.027569320814619668
344 0.05234541883102654
482 0.030891854423579477
538 0.04371609830857915
598 0.06362679171759826
741 0.049178124414447404
743 0.06362679171759826
762 0.03597795018401715
940 0.03795029644016899
960 0.025622706423919114
1027 0.026504939904669438
1127 0.022782143119504807
1249 0.029901496533059266
1390 0.05329045369880888
1397 0.022344810421719246
1450 0.09226806152734736
1461 0.04050397454804256
1471 0.09948935623516236
1479 0.03644101474725399
1593 0.27915209720232037
1604 0.04050397454804256
1703 0.03768496768035914
1808 0.03197295466545913
1901 0.031343118253275716
2090 0.047259323070588874
2221 0.07444510004093313
2485 0.029370771997123877
2565 0.09202815266159035
2601 0.07444510004093313
2638 0.4947835807057163
2763 0.030176081767607835
2873 0.07699908237682182
2889 0.0406521448836956
2926 0.03937450681240698
2927 0.01905607767444976
3010 0.017298135842894573
3142 0.060914410712856304
3192 0.061474188022313574
3227 0.0652765862030689
3252 0.07444510004093313
3332 0.02192310013167049
3481 0.03003799091945379
3590 0.035753055138124365
3633 0.010316945789533264
3715 0.07444510004093313
3734 0.03888281983726118
3756 0.027794215860512454
3763 0.07335908139326501
3810 0.04510671937530419
3823 0.03999605204944314
3841 0.06222435442402946
3938 0.03448684652844901
4079 0.06299491104380045
4114 0.042472145375474
4219 0.01961048153700776
4322 0.07444510004093313
4452 0.02093036163162019
4489 0.06130315834697091
4543 0.06965792234581826
4569 0.04134685306855882
4577 0.016574130787106896
4587 0.06626136571742844
4717 0.06626136571742844
4808 0.020804086278997637
4923 0.04850327600369401
5280 0.038221725242958485
5386 0.061474188022313574
5551 0.0187883420992357
5571 0.026303112204944315
5687 0.033901273650239754
5697 0.15520183743866384
5701 0.05965418753053517
5880 0.05807763139392374
6097 0.042472145375474
6102 0.022416583487274048
6109 0.014747861841279209
6315 0.015524894354508257
6446 0.19183772799275478
6770 0.044161684507521844
6789 0.026006695809918927
6821 0.024454558778029767
6921 0.034894012150290046
6923 0.038221725242958485
6949 0.10862163718748354
7003 0.05544305739409357
7020 0.024626921443933324
7119 0.050655879698978695
7153 0.032300937781673235
7201 0.010981161014560375
7418 0.09083248040029913
7466 0.02131749903334975
7497 0.03298557204704775
7533 0.026403594793787417
7666 0.07444510004093313
7726 0.06632623749010824
7950 0.043286718883525775
8023 0.06965792234581826
8027 0.031343118253275716
8104 0.06562131153487605
8115 0.02031207204962312
8349 0.06562131153487605
8411 0.07844192614803104
8503 0.05234541883102654
8517 0.20982349078555976
8706 0.01944140991863059
8744 0.020780549097469823
8903 0.03937450681240698
8906 0.0406521448836956
8976 0.032810655767438024
8981 0.026814301697276024
8996 0.025941824037239117
8997 0.00932629094777058
9194 0.049178124414447404
9383 0.041734110274375916
9385 0.034093255651333594
9497 0.00963922716290954
9531 0.027025140030823586
9654 0.025528629169791355
9784 0.032468410560190904
9843 0.04287240855167883
9908 0.031653837052139124
10068 0.06812436030022437
10070 0.043286718883525775
10156 0.01927472527354832
10190 0.056046956144646304
10314 0.07444510004093313
10361 0.05013833827005677
10422 0.04171016274691436
10531 0.030891854423579477
10567 0.011830925704923499
10575 0.026006695809918927
10637 0.05807763139392374
10778 0.06965792234581826
10827 0.11003862208989752
10887 0.033343376184186965
10930 0.019110361139841783
10999 0.014442589415630014
11000 0.023935888475574325
11134 0.05234541883102654
11138 0.030745186289959595
11218 0.033343376184186965
11262 0.02480183772354306
11310 0.06857682210393862
11311 0.18002277528714536
11356 0.020804086278997637
11369 0.04099439009094271
11571 0.09835624882889481
11842 0.026607162473314447
11875 0.08696346180750698
11910 0.026919250236516392
11919 0.03768496768035914
11957 0.020994009402603573
12007 0.07020596912004218
12050 0.04134685306855882
12064 0.0076875399372684115
12175 0.0215828277931596
12314 0.04668327551191561
12354 0.01995606619638419
12402 0.061474188022313574
12648 0.026919250236516392
12735 0.018526543503280663
12815 0.05431776508717838
12822 0.04560920512015401
12877 0.01618557763707844
12898 0.0406521448836956
13088 0.04468962084343849
13128 0.056687010327198716
13321 0.04989389707041905
13338 0.03316311874505412
13464 0.029114095955124885
13504 0.05329045369880888
13600 0.03849954118841091
13723 0.042244687265428064
13761 0.028257280423749295
13786 0.015975115149359124
13822 0.01938558649111498
13874 0.012588993018267535
13971 0.07485094159329865
13987 0.37539146472222923
14041 0.047904146066359864
14065 0.02411720345816854
14130 0.06626136571742844
14161 0.044161684507521844
