79 0.02728227864942955
249 0.041178319841142536
322 0.03587732408571131
548 0.04185351070405029
700 0.16712508615392294
1012 0.02745466762920262
1133 0.19157754775045155
1135 0.05403800038747493
1194 0.21042813575398478
1319 0.06860745041573357
1402 0.04185351070405029
1492 0.08023499194129256
1519 0.07862510609444508
1550 0.030635621296428883
1653 0.07497255518136176
1779 0.20299627023131858
1871 0.08315127476884897
1963 0.01943108785175473
2204 0.0428415873950047
2359 0.043560766228820325
2649 0.058278172272409924
2702 0.07943001188750089
2736 0.15068410452990635
2776 0.029799136439185966
2848 0.025282047805596126
3078 0.043560766228820325
3092 0.09766020457967808
3137 0.1581857610038816
3185 0.048061813769135944
3208 0.034416814378366495
3220 0.030635621296428883
3236 0.032836112881346774
3249 0.03347426838717347
3496 0.04771499565597749
3758 0.027111882650492265
3790 0.11564626102875566
3865 0.026530547421947298
3890 0.042561122894399096
3952 0.06534664294341064
4079 0.0786411886877707
4421 0.039713660031067625
4535 0.032961552700184714
4590 0.047044921644274956
4827 0.02345487169795424
5051 0.03618763217339251
5161 0.12035248791193885
5208 0.046093682588985274
5247 0.1292177541560973
5344 0.0535207862753792
5548 0.0389377393185237
5613 0.033088069268831254
5844 0.18093816086696257
6054 0.08817443650788179
6097 0.1060422165252279
6158 0.049930018534341584
6235 0.030635621296428883
6315 0.019380869439464706
6336 0.08695911660208115
6337 0.08695911660208115
6350 0.09293530322042014
6361 0.09293530322042014
6417 0.0389377393185237
6603 0.3478364664083246
6606 0.019380869439464706
6636 0.038564577874404996
6695 0.028348219371131026
6831 0.05570836205130764
7085 0.048061813769135944
7170 0.04208562715079695
7201 0.0274171846915187
7321 0.06228622771059824
7540 0.10809498454272017
7588 0.04953695284715931
7856 0.045789773064351634
8027 0.03912792376046288
8250 0.03999017410355911
8411 0.02448120893031475
8666 0.045789773064351634
8669 0.034005464245533766
8673 0.04587075727769986
8688 0.026612204637727014
8737 0.03820063124130768
8744 0.01729459364818999
8878 0.08560949951867997
8931 0.029697836454532226
8981 0.03347426838717347
8997 0.11642696116686613
9011 0.047376151083586185
9050 0.07943001188750089
9099 0.05633024546793661
9126 0.031183605961973223
9428 0.058278172272409924
9521 0.06228622771059824
9528 0.16471327936457014
9533 0.08512224578879819
9645 0.04771374358302678
9765 0.0545645572988591
9783 0.045114865105334516
9853 0.050749067557829645
9854 0.07447071739402288
9898 0.049930018534341584
10005 0.046403990676666486
10060 0.07447071739402288
10123 0.3114311385529912
10186 0.061392675968669826
10234 0.03715979258031222
10335 0.03512898622528643
10360 0.0725025862138722
10445 0.03222444462296869
10451 0.03334440772554635
10460 0.08673469577156676
10516 0.017678314629053962
10567 0.014769416216255602
10614 0.026943434077038243
10652 0.061392675968669826
10749 0.046093682588985274
11000 0.03585711971003395
11003 0.021948292570149804
11098 0.07365712628200197
11200 0.03572458603754857
11235 0.0725025862138722
11246 0.028533619171006244
11255 0.018363977314603718
11317 0.03175275349728871
11376 0.061392675968669826
11482 0.0255082275342746
11733 0.0488210354337466
11875 0.03618763217339251
11880 0.04095995896212189
11912 0.04382164188420097
12064 0.0479846124658505
12078 0.06468952878225025
12377 0.04382164188420097
12398 0.04463317288164047
12666 0.03483997520565996
12667 0.04953482768101784
12670 0.055130284440136665
12733 0.027629096762588002
12763 0.03427841815263401
12768 0.13822608974486675
12891 0.06921365338422691
12915 0.048061813769135944
12963 0.045789773064351634
13051 0.08191991792424377
13064 0.041624993107217394
13088 0.05578934626465586
13109 0.24220085190877688
13336 0.03150983033368914
13344 0.04915409782179767
13480 0.022495373135724615
13681 0.06055021297719422
13827 0.035275645044759704
13872 0.026776888918031063
13874 0.03143153499019143
13875 0.04139996446524719
13982 0.029901137467372312
14062 0.018224269256753536
14166 0.09293530322042014
14171 0.03152245053436453
14246 0.0535207862753792
