997 0.10147442577552972
1027 0.0911681733610079
1100 0.1742393696707552
1194 0.23191862425801335
1240 0.10997632457528027
1620 0.09047395323510782
1653 0.10328663864547015
1779 0.13982985079700722
1942 0.08019144293668364
1963 0.10707767633516699
2064 0.2047741368344073
2929 0.10942378695764836
2995 0.056559091980383266
3092 0.10763399205016326
3220 0.08441089779771452
3496 0.13147001599097985
3790 0.15932114818125165
3827 0.19070566793771693
3991 0.09407018537449087
4885 0.12873116566112877
5247 0.08900902101985422
5844 0.09970845674625152
6158 0.13757310977178025
6532 0.21145075035080996
6813 0.0553818823546115
7245 0.08267016467941048
7342 0.2047741368344073
7468 0.05244487603613824
7475 0.11794072404249142
7604 0.10427628758183646
8027 0.10780989690475773
8097 0.07517137036271604
8433 0.058080276873285326
8658 0.09692801142393441
8744 0.02382605795333649
8872 0.11168052798287531
8997 0.09623801219693628
9150 0.10379567974272423
9496 0.17561997862974954
9783 0.06215291393499467
10123 0.1716184029895079
10335 0.09679154985329538
10592 0.16255634512358502
10999 0.0496777016043733
11235 0.19976772580363977
11255 0.05059860863482001
11317 0.08748895295190547
11636 0.10476265134023101
11912 0.12074258584879816
12064 0.05288515848301066
12378 0.056559091980383266
12413 0.08267016467941048
12667 0.20472634958266045
12768 0.3808569188636545
12865 0.05034157683738972
13109 0.1668351292697164
13480 0.06198192046793738
13806 0.09332501055128078
14170 0.06147321792799636
