108 0.030724975868434697
245 0.06078783640308305
421 0.0337090601099404
483 0.029865763419439317
765 0.05391895616915171
940 0.0416087517514728
968 0.026082530478517163
976 0.027387427841030824
995 0.03164529884443337
997 0.0323451885821991
1099 0.0576775292257395
1131 0.04420639515027429
1240 0.03505518686879219
1307 0.0404824062801662
1397 0.024498877663230667
1403 0.04021549358936785
1426 0.05118360076009611
1460 0.03150974988989117
1461 0.022204303786855624
1519 0.02301785776240772
1545 0.02728973072161337
1566 0.08924263555019284
1623 0.04317025775746012
1655 0.02939923340177434
1959 0.15426255971596411
1963 0.01706561829512641
2011 0.2547055463235328
2137 0.09971486393863813
2138 0.05470373019060818
2279 0.052479161802783586
2311 0.03034973780174589
2384 0.02894893384701815
2400 0.052479161802783586
2558 0.019811373228242328
2565 0.05044988995382012
2576 0.05470373019060818
2609 0.031242837199092828
2648 0.023158563570339973
2763 0.03308509321080149
2927 0.06267932108749286
2934 0.074338796356727
2940 0.0551701246385537
2951 0.03872020157367265
2965 0.045619251631604886
3010 0.01896569744020289
3039 0.09146214760066629
3041 0.04457106171218786
3104 0.06740037545099128
3130 0.01836583072373453
3137 0.027785761019783087
3142 0.03339331745977802
3150 0.0323451885821991
3185 0.04221094436982107
3193 0.04614205456863853
3204 0.07990794688946565
3297 0.030473612497077
3308 0.0407549385963525
3332 0.024036513981899644
3333 0.04457106171218786
3358 0.05181518001280802
3366 0.05955406453202286
3432 0.012684828913713371
3443 0.045209381111958206
3527 0.028407231090506913
3532 0.052479161802783586
3633 0.03393453620581368
3634 0.09313302498528214
3761 0.061962634108915594
3786 0.02626108236972423
3832 0.06906769804446707
3852 0.03150974988989117
4002 0.06976049279335808
4074 0.05955406453202286
4104 0.1110783377658322
4188 0.03178228220607747
4262 0.02939923340177434
4298 0.0371693981783635
4300 0.09785325967001572
4384 0.02274095293921215
4434 0.05391895616915171
4436 0.05391895616915171
4450 0.03436463345085264
4489 0.05040964372824637
4492 0.0674181202198808
4493 0.041906346625106346
4542 0.02974754518339761
4564 0.05470373019060818
4624 0.03655771870955188
4734 0.032933690234831316
4815 0.0407549385963525
4885 0.041033332269613296
4928 0.023444648294197075
4964 0.039953973444732824
4997 0.036165421812969084
5059 0.0220735470500557
5111 0.05955406453202286
5112 0.06976049279335808
5223 0.020952623487468302
5247 0.0709295359003247
5332 0.06976049279335808
5350 0.0715693294988927
5498 0.05391895616915171
5672 0.06540492467053807
5689 0.05935489936380081
6067 0.032933690234831316
6109 0.016169573884257982
6256 0.05391895616915171
6429 0.06045407458361944
6516 0.06078783640308305
6629 0.06275121122599946
6681 0.02457756974069099
6789 0.028513773312337422
6821 0.026812008359171323
6866 0.02473640371966537
7006 0.03059868406790044
7025 0.02883876461286975
7257 0.10635810308109862
7260 0.07637303184126631
7276 0.0404824062801662
7284 0.182841674982462
7339 0.07264904297115823
7406 0.0680653942773686
7422 0.0224029492227247
7431 0.03944626888735204
7468 0.06686766217574451
7479 0.044540361617635596
7588 0.043506505412508556
7598 0.025142230274533016
7748 0.05317905154054931
7851 0.02883876461286975
7862 0.0441470941001114
7911 0.04745961188998801
8011 0.03636008423130586
8025 0.06976049279335808
8078 0.03559840532191282
8085 0.03578466474944635
8156 0.03355022613096602
8244 0.02758506231927685
8268 0.2980617316823537
8284 0.10236720152019221
8293 0.02396103384455629
8451 0.04317025775746012
8474 0.033869867232257954
8507 0.043506505412508556
8658 0.01544800467922796
8660 0.10116281628349566
8662 0.0404824062801662
8689 0.036165421812969084
8744 0.015189213080660085
8868 0.056432268280263036
8878 0.03759385610236604
8895 0.05181518001280802
8931 0.026082530478517163
8932 0.05058140814174783
8951 0.04385172072075793
8968 0.0371693981783635
9105 0.27454397939359526
9126 0.027387427841030824
9134 0.02906004875139218
9161 0.15274606368253263
9168 0.03944626888735204
9194 0.05391895616915171
9233 0.06976049279335808
9470 0.07264904297115823
9497 0.010568460531787366
9614 0.05391895616915171
9645 0.020952623487468302
9652 0.019224085397813433
9719 0.08477385620346871
9722 0.03164529884443337
9784 0.03559840532191282
9785 0.07637303184126631
9827 0.01576374732939034
9834 0.06740037545099128
9865 0.06976049279335808
9890 0.027685022714664376
9899 0.0371693981783635
9902 0.02688252013081585
9921 0.04745961188998801
9936 0.06540492467053807
9989 0.07889253777470408
10013 0.05181518001280802
10031 0.0371693981783635
10040 0.02748586791145591
10046 0.0407549385963525
10050 0.09228410913727705
10054 0.05391895616915171
10072 0.08914212342437572
10110 0.036165421812969084
10180 0.041317844972474135
10190 0.030724975868434697
10242 0.027887289437324776
10371 0.0404824062801662
10442 0.07264904297115823
10451 0.058570363004133166
10459 0.03655771870955188
10534 0.06078783640308305
10567 0.051885766049008304
10595 0.030981317054457797
10600 0.045731073800333144
10604 0.04892662983500786
10628 0.051988339357851764
10730 0.052479161802783586
10785 0.148677592713454
10789 0.05739158166790209
10936 0.04221094436982107
11000 0.04723800768150249
11133 0.056432268280263036
11331 0.0404824062801662
11359 0.02175231947815967
11364 0.042842523622532984
11365 0.020031715686563718
11511 0.03192073065819655
11576 0.027192765422694054
11714 0.027887289437324776
11808 0.0636763865808832
11815 0.031242837199092828
11856 0.05000598865988832
11866 0.03969763225870973
11867 0.06976049279335808
11876 0.028196741788088467
11878 0.04385172072075793
11910 0.029514299109437956
12023 0.025819237194111146
12057 0.024816557578718104
12069 0.03034973780174589
12074 0.04841892527762706
12107 0.06976049279335808
12178 0.06540492467053807
12181 0.03597364338860165
12215 0.047180194185405616
12231 0.16466845117415657
12233 0.07264904297115823
12234 0.05739158166790209
12263 0.08162169936143326
12354 0.02187985555291779
12377 0.03848695549971298
12457 0.05118360076009611
12610 0.03505518686879219
12764 0.025142230274533016
12770 0.081509877192705
12807 0.04154977758624517
12903 0.020952623487468302
12917 0.05955406453202286
12948 0.029514299109437956
12961 0.04892662983500786
12995 0.056432268280263036
13030 0.04614205456863853
13064 0.03655771870955188
13067 0.06740037545099128
13079 0.018562713711058287
13088 0.024498877663230667
13336 0.013836969425527413
13519 0.06540492467053807
13557 0.0407549385963525
13581 0.04892662983500786
13616 0.02653361468591053
13660 0.030105488916347897
13709 0.03111141671113891
13711 0.06740037545099128
13723 0.023158563570339973
13726 0.03636008423130586
13774 0.0636763865808832
13806 0.02974754518339761
13872 0.11758584205177486
13874 0.013802587448136035
13912 0.024897210841982927
13918 0.027989620459379097
13919 0.02894893384701815
13997 0.032933690234831316
14062 0.032011426762735495
14065 0.026442131571034123
14163 0.010461918309956856
14211 0.06906769804446707
14212 0.02758506231927685
