1127 0.11311372778950046
1471 0.16465544820352568
1593 0.17324936337847144
1808 0.15874626332052438
2638 0.49132177749111805
3439 0.1925634780134103
3481 0.14913913543531615
3633 0.051223811189966065
4489 0.07609280577250883
4577 0.08229084104889682
5697 0.154115952133031
6770 0.21926351414380033
7020 0.12227308352380478
7201 0.05452165107110678
7418 0.11274620223994865
8104 0.32581092705853015
8349 0.32581092705853015
8517 0.1157530219857972
9654 0.12675007770795035
9784 0.1612062102585459
10516 0.07030998350670793
10531 0.15337858224540893
10930 0.09488326785553512
11311 0.2553760396957169
11842 0.13210501389049828
13723 0.10487279512793421
13786 0.07931671822671836
13874 0.062504564295933
13971 0.18581809858185577
13987 0.2070916669367664
