10 0.022294367279267542
49 0.025505565236055565
95 0.05357351026776782
162 0.05357351026776782
339 0.050738030169135376
437 0.024224513163539425
535 0.028026576331659565
563 0.05357351026776782
578 0.05357351026776782
657 0.05357351026776782
665 0.05357351026776782
676 0.06724360310301473
703 0.02459021683932954
717 0.030518576495379278
914 0.2460858817469053
960 0.019706277182300103
971 0.019633922903414848
976 0.01921150190421571
1002 0.02007695779104895
1027 0.02038479791401101
1054 0.02331571392970522
1076 0.05357351026776782
1086 0.05642005055426451
1133 0.03372186222191736
1255 0.03814990350545567
1397 0.06874106434678443
1402 0.05156996926971786
1461 0.04672706326702331
1519 0.01614637273716385
1545 0.01914297015283624
1550 0.018873901164313343
1604 0.03115137551134887
1703 0.05796658685687657
1778 0.04727944693592797
1808 0.07377065051798863
1815 0.15288371388665503
1838 0.027161120444826332
1889 0.04587969495151515
1942 0.017930449831699575
1943 0.03207904796669878
2095 0.026678861245850866
2105 0.02683678546908891
2137 0.02331571392970522
2182 0.015952131877124475
2278 0.03362180155150737
2311 0.02128947811218562
2365 0.0263710211228888
2384 0.02030685396800195
2476 0.04177548292602564
2490 0.05725530129405819
2552 0.06056541665226435
2558 0.027794230017416648
2565 0.053083744987357406
2570 0.03895914778656851
2597 0.017464685485499468
2693 0.01914297015283624
2779 0.03207904796669878
2821 0.03126533247031584
2927 0.07327960256173235
2940 0.0580504106136697
3021 0.07096283918837158
3044 0.04223628892796334
3060 0.03895914778656851
3142 0.02342446270202418
3145 0.030282708326132175
3147 0.13318966407611893
3168 0.03207904796669878
3184 0.02128947811218562
3220 0.037747802328626685
3242 0.03507777918897384
3333 0.09379599741094753
3338 0.03895914778656851
3421 0.14255249290403593
3432 0.03559218722473247
3437 0.02918735626234594
3443 0.01585654768973201
3544 0.06386843433655685
3633 0.007934704087836537
3668 0.036346875481019024
3751 0.02375874881733932
3756 0.021376372688742838
3758 0.01670300688772064
3761 0.06519753899945915
3786 0.03684280516455637
3847 0.11395344145641481
3865 0.016344859633557713
3871 0.03837311129853864
3914 0.025644200203063083
3921 0.04466717463037849
3940 0.021915961945292408
4031 0.05357351026776782
4054 0.04587969495151515
4112 0.0395856316196753
4132 0.040258562684262394
4258 0.06533016890945731
4267 0.03837311129853864
4384 0.047856395631373436
4428 0.028588430611107395
4489 0.047147908989352776
4492 0.07093784158013146
4687 0.08355096585205128
4720 0.027846760278396117
4721 0.05499494105027271
4779 0.035903840593384924
4815 0.028588430611107395
4903 0.02878371585713399
5051 0.022294367279267542
5223 0.01469766961557283
5247 0.01990202105759978
5327 0.08933434926075698
5350 0.025101924830843617
5358 0.020542722137249055
5434 0.027497470525136354
5442 0.040258562684262394
5445 0.04587969495151515
5455 0.022790688291282963
5459 0.0840797289949787
5498 0.03782261463652634
5537 0.3936752082397183
5548 0.023988644994292315
5613 0.02038479791401101
5798 0.03152391837811915
5823 0.3936752082397183
5834 0.05096123796221834
5847 0.02839725694040841
5850 0.04264093881285888
5938 0.03574181184053179
6054 0.027161120444826332
6086 0.04587969495151515
6271 0.026523636714607106
6310 0.01291743857237586
6528 0.019706277182300103
6567 0.030518576495379278
6583 0.04264093881285888
6606 0.023880215174324364
6695 0.017464685485499468
6737 0.024224513163539425
6771 0.07015555837794768
6782 0.0395856316196753
6789 0.020001601226153243
6890 0.05534087204116538
6891 0.06864127932699883
7046 0.030518576495379278
7062 0.0395856316196753
7089 0.14031111675589536
7099 0.020765775661624783
7201 0.008445548224147961
7338 0.028588430611107395
7351 0.034320639663499415
7406 0.0477459387336771
7418 0.017464685485499468
7436 0.06533016890945731
7466 0.016395166764758575
7468 0.07035864558053824
7479 0.015621898613452555
7533 0.02030685396800195
7580 0.010408943555880786
7715 0.04466717463037849
7802 0.03469132027224826
7862 0.015483965622708838
7892 0.022790688291282963
7941 0.0527420422457776
8004 0.030282708326132175
8011 0.025505565236055565
8200 0.040258562684262394
8250 0.036955538763411955
8264 0.06323652110691483
8294 0.031009529245957894
8306 0.022391484931825502
8355 0.031799628567895415
8401 0.02078488086023294
8411 0.07541154678451494
8526 0.03469132027224826
8658 0.03250900811503343
8717 0.081483361334479
8772 0.05357351026776782
8929 0.04264093881285888
8931 0.03659230701497937
8961 0.05756743171426798
8996 0.01995170871626045
8997 0.02869118842621191
9099 0.017351883861537295
9102 0.024224513163539425
9105 0.04814619880996184
9126 0.03842300380843142
9134 0.02038479791401101
9250 0.06533016890945731
9350 0.03548141959418579
9383 0.06419493174661577
9500 0.13149577167175447
9531 0.02078488086023294
9533 0.02622092821876997
9719 0.029733224845611292
9725 0.028338706751869357
9757 0.028210025277132254
9758 0.02219827734601982
9783 0.013897115008708324
9793 0.04177548292602564
9827 0.022115641059394876
9880 0.06864127932699883
9902 0.012571549001267276
9905 0.04359543808467209
9940 0.03837311129853864
9964 0.03207904796669878
9974 0.031528551304686486
10008 0.040258562684262394
10040 0.05784166444380656
10052 0.04893500214469873
10209 0.02459021683932954
10242 0.039124281202189345
10371 0.02839725694040841
10438 0.030760735218363162
10460 0.017811749919802895
10461 0.06415809593339757
10466 0.04727944693592797
10499 0.017811749919802895
10556 0.033291568287835444
10557 0.032972924577690715
10569 0.02484246678093587
10580 0.032665084454728655
10628 0.07293668367600814
10752 0.026523636714607106
10770 0.05357351026776782
10786 0.037303592577797744
10797 0.022489652525294137
10806 0.02471546591411804
10925 0.030052812149179174
10930 0.02939533923114566
10999 0.005553856519795116
11000 0.02945432821032298
11108 0.02182377420976519
11135 0.022489652525294137
11255 0.03394087126216617
11262 0.03814990350545567
11325 0.018548403449096015
11365 0.028103357956133043
11457 0.14183834080778393
11576 0.019074951752727835
11752 0.03362180155150737
11815 0.13149577167175447
11905 0.040003202452306486
12064 0.005912443063094728
12117 0.018940424641006787
12175 0.016599229598666235
12215 0.0827389117823844
12308 0.06724360310301473
12354 0.030696193089670133
12378 0.06323180654583467
12383 0.02839725694040841
12431 0.03782261463652634
12495 0.04727944693592797
12523 0.01763655965062109
12584 0.09836086735731817
12665 0.03507777918897384
12764 0.03527311930124218
12843 0.03469132027224826
12877 0.0124482353267005
12903 0.01469766961557283
12928 0.024224513163539425
13022 0.020152944962143447
13051 0.02523448797284664
13088 0.03437053217339221
13112 0.016395166764758575
13125 0.0293961106044726
13185 0.04466717463037849
13332 0.0527420422457776
13336 0.01941248123117567
13337 0.03469132027224826
13401 0.04587969495151515
13464 0.022391484931825502
13643 0.03126533247031584
13660 0.02111814446398167
13674 0.030518576495379278
13723 0.21118596018831667
13726 0.07651669570816672
13750 0.05357351026776782
13858 0.024224513163539425
13860 0.029828593005206266
13918 0.019633922903414848
13989 0.017811749919802895
13997 0.04620409454526549
14014 0.024224513163539425
14018 0.03782261463652634
14072 0.013595662795932944
