1471 0.16895110227271382
1593 0.1777692219127671
1808 0.16288775416969645
2638 0.504139746260373
3481 0.1530299883709325
3721 0.11383671058944998
5697 0.3162732879448911
6949 0.1844593836763225
7020 0.12546303487082597
7201 0.055944052545444635
7418 0.11568760920656715
7891 0.10137010336156803
8104 0.16715546269380827
8349 0.16715546269380827
8517 0.2375457462145411
8906 0.20710430586009787
9654 0.13005682821646106
10156 0.09819601425319471
10827 0.18686568290496325
10999 0.03678923294581319
11311 0.2620384801801404
13723 0.10760879478086763
13786 0.08138599189559871
13874 0.06413522996105435
13971 0.19066585964904684
13987 0.21249442871281327
13989 0.2359731889495668
