898 0.1665136980372189
907 0.08860999056337303
1012 0.15073786200120615
1045 0.07536219314311121
1099 0.0600947656577432
1319 0.03139035267364785
1403 0.08380180966507236
1567 0.0971093646714357
1653 0.0686052297156277
1781 0.12951290991378284
1963 0.07112331932502038
2160 0.1734102149923646
2173 0.1404501830207966
2176 0.0600947656577432
2204 0.07840620977920502
2209 0.15850654724638
2927 0.04353745341156045
3027 0.0988972410234067
3092 0.14298567262233872
3103 0.09446522626220316
3130 0.038271067026223016
3165 0.07160967613784792
3323 0.09987824493373443
3343 0.0988972410234067
3432 0.026432887511345947
3606 0.06102501765369625
3633 0.023571143775492038
3888 0.1093570745067793
3956 0.050888237546903636
4222 0.16871601480338533
4294 0.12951290991378284
4383 0.04855468233571785
4566 0.08272268038450606
4612 0.0988972410234067
4827 0.042925757482753
4928 0.04885440358077051
4970 0.0600947656577432
4990 0.059867130260150815
5210 0.08609891042266506
5647 0.09365995349151983
5689 0.030921216770106952
5970 0.0645594571455748
6109 0.033694465293648834
6154 0.05587137246644752
6186 0.1093570745067793
6315 0.14187901124795724
6486 0.09529528050870645
6636 0.0705786728906233
6681 0.051215206817303766
6720 0.05854024140052632
6813 0.14714339863701723
6814 0.170084848000845
6821 0.05587137246644752
7006 0.0637621192578823
7020 0.11253033949090108
7475 0.07833879165664419
7633 0.043786069314630506
7651 0.08325684901860946
7693 0.04329110800506451
7891 0.136381351175463
7921 0.170084848000845
8262 0.272584049538952
8673 0.04197501115779952
8688 0.04870412667659577
8706 0.04441782265205157
8744 0.015825785411772587
8931 0.05435127259813154
9099 0.05154618808065138
9204 0.04931032375011301
9270 0.0988972410234067
9385 0.07789291977742822
9497 0.04404551772910843
9509 0.11573357540271346
9677 0.13269006425477572
9680 0.10089627648821917
9708 0.04811125370042665
9765 0.04993045760230905
9859 0.1079734566366926
10156 0.044036997956976874
10445 0.058975325583324634
10543 0.11959366836125379
10933 0.1404501830207966
10999 0.03299700885814342
11000 0.010937273107013767
11252 0.1079734566366926
11482 0.04668369126259845
11577 0.09287802527835823
11606 0.08492591542047337
11840 0.12667084850972724
12335 0.05748227699710138
12667 0.09065579327687356
12712 0.09703618352967883
12713 0.1453682403827619
12834 0.02235924515537661
12865 0.03343796921333458
13068 0.09287802527835823
13480 0.08233947677423237
13529 0.136292024769476
13628 0.23236289450879774
13761 0.0645594571455748
13786 0.03649837303571021
13816 0.07126161150817074
13874 0.028762093983598788
13993 0.0867051074961823
14044 0.0867051074961823
14170 0.08166369421286218
14171 0.11538115273665986
