960 0.08575761450001666
1086 0.12276415531823262
1550 0.08213528741057115
1871 0.07431059621316158
2278 0.14631507867148
2940 0.0842077660317997
3044 0.18380353378206338
3147 0.0966022802579003
3443 0.06900439344771514
3761 0.18915074163567674
4132 0.17519688102746758
4489 0.15388341108978257
5472 0.18179820202366503
5537 0.26356808062980575
5551 0.12576683916079787
6436 0.3567197086227573
6890 0.24083195048447362
6891 0.14935627660306916
7406 0.10389019118085341
7468 0.15309308675152913
7712 0.23314076009660942
8250 0.053607602924271115
8658 0.04715747779106983
9105 0.06984074362008177
9383 0.13968148724016355
9385 0.1141080191461827
9725 0.061662075149299535
9732 0.1115982189244151
9905 0.06323942262388431
9918 0.11542534348155728
9968 0.16459614240559087
10336 0.23314076009660942
10451 0.08939764875577268
10628 0.07935131460566792
10796 0.22177269502394334
10924 0.06778214950328086
12215 0.07201250276899257
12374 0.17519688102746758
12378 0.05503433083512932
12383 0.12357894852614787
12865 0.048984431988262876
13829 0.205750307203994
13918 0.08544274374595857
13997 0.20107059754006346
14178 0.10981523662036008
