322 0.06190681934622071
931 0.03850757882376182
994 0.10609701632771881
995 0.031086565357791068
997 0.06354819550376813
1027 0.028546960774543544
1255 0.0534252928832972
1319 0.0591915526997616
1364 0.06852879251585621
1375 0.04003536413280343
1404 0.08018057608767074
1416 0.08018057608767074
1433 0.06425012686678229
1479 0.03924854092542778
1524 0.04030884245138596
1616 0.1755077108133391
1653 0.03234154544559247
1719 0.04708411896497988
1722 0.11942911701309851
1871 0.023913112607587213
1940 0.024698315807101003
1963 0.016764305532727897
1967 0.04492364005044295
2157 0.04756403447464131
2209 0.037361194783850485
2368 0.07136634207836379
2382 0.03552688045095555
2617 0.034789499887602084
2730 0.026065133755470836
2812 0.08018057608767074
2949 0.08293132496028549
2965 0.022406896114189546
2969 0.07516470512315988
2995 0.03542004014524552
3066 0.08018057608767074
3092 0.01685140348757764
3103 0.1335970196813413
3130 0.018041561242640357
3153 0.04307746907175245
3174 0.2140990262350913
3175 0.08018057608767074
3208 0.029693344814454882
3281 0.026903871875166546
3282 0.04617542879315744
3317 0.05850257027111303
3347 0.08018057608767074
3432 0.07476518360917553
3443 0.044411158435604225
3567 0.11942911701309851
3568 0.2250737391589352
3569 0.07502457971964507
3583 0.06852879251585621
3606 0.028768118552272997
3633 0.01111179454947613
3648 0.049722693816122446
3713 0.05543589285747534
3734 0.020939235038642545
3761 0.030434306916120837
3897 0.08756821857132165
3984 0.016047112898754278
3985 0.02719621237524624
4133 0.08018057608767074
4197 0.21369174464802793
4450 0.03375788704091765
4577 0.017851052036090095
4808 0.022406896114189546
4922 0.08303883401405497
5247 0.013935438969324818
5260 0.02213917566380341
5279 0.030953409673110353
5344 0.04617542879315744
5346 0.061054349342312485
5408 0.13705758503171242
5434 0.11552273647128548
5468 0.24054172826301218
5647 0.04415272210054359
5685 0.02661810138385841
5689 0.04373019119163283
5793 0.029813878908328227
5837 0.12439698744042824
6044 0.02130607543012089
6210 0.02865705887957143
6262 0.08018057608767074
6297 0.04574432812921666
6429 0.029693344814454882
6519 0.024861346908061223
6558 0.0545585621385236
6619 0.04532736448918269
6730 0.052966956109850534
6828 0.07136634207836379
6850 0.08018057608767074
7065 0.08018057608767074
7099 0.02908048369014866
7100 0.030182491723210993
7142 0.14273268415672757
7201 0.011827182927752103
7206 0.028546960774543544
7245 0.025886028658083617
7268 0.05739611170103119
7387 0.052966956109850534
7468 0.016421759522383454
7479 0.021876975617973023
7484 0.056378268483948245
7501 0.0861549381435049
7580 0.014576730397210944
7604 0.032651428470835804
7627 0.024378393230497522
7671 0.020700425171457367
7716 0.03630966611211709
7824 0.16036115217534147
7865 0.018089637865859605
8020 0.04116644275257883
8124 0.020524215630963783
8133 0.07502457971964507
8221 0.08018057608767074
8264 0.08855670265521363
8279 0.04307746907175245
8412 0.17464343216651915
8505 0.06852879251585621
8549 0.08018057608767074
8567 0.03850757882376182
8658 0.045525758135738746
8691 0.028546960774543544
8700 0.04532736448918269
8706 0.020939235038642545
8715 0.036109406041136
8744 0.014921030371258906
8968 0.036513130479875755
8997 0.010044816657406707
9217 0.07502457971964507
9229 0.08018057608767074
9298 0.12010609239841029
9450 0.0545585621385236
9484 0.050900324497242314
9497 0.02076372485326902
9499 0.05850257027111303
9515 0.04087410225249915
9584 0.036513130479875755
9618 0.09235085758631488
9650 0.08018057608767074
9722 0.031086565357791068
9725 0.039685649740528975
9779 0.04756403447464131
9783 0.019461581061848077
9890 0.02719621237524624
9902 0.01760525258716259
9918 0.037143817666679416
9920 0.04492364005044295
9957 0.036109406041136
9963 0.059714558506549255
9966 0.030307776004548787
10051 0.06255210806905684
10091 0.07901088727317382
10110 0.03552688045095555
10330 0.044532339893780436
10331 0.029693344814454882
10335 0.030307776004548787
10495 0.030307776004548787
10567 0.012742416064316002
10657 0.019515349648065526
10732 0.04311330014724589
10754 0.037361194783850485
10999 0.038888225649041486
11255 0.03168729706199125
11272 0.04415272210054359
11371 0.027000573874984543
11525 0.03375788704091765
11576 0.0267126464416486
11579 0.06255210806905684
11601 0.06621034571033813
11835 0.0491230764606929
11874 0.07502457971964507
11875 0.03122113012349649
11930 0.034092544557402134
11950 0.048581877691724236
11960 0.1636756864155708
12057 0.024378393230497522
12064 0.07451830173851802
12316 0.036109406041136
12326 0.06255210806905684
12335 0.02709801689351984
12336 0.04307746907175245
12380 0.06852879251585621
12443 0.08018057608767074
12513 0.02719621237524624
12523 0.074094947421303
12567 0.06621034571033813
12658 0.06425012686678229
12666 0.21040900822921377
12667 0.1282095462834243
12735 0.019953884542966052
12770 0.04003536413280343
12834 0.010540487165762414
12985 0.04968833626180609
13022 0.028222272879655157
13024 0.03280372073052681
13079 0.018234968038492238
13261 0.03780742483886146
13336 0.08155597262929559
13419 0.07502457971964507
13428 0.04574432812921666
13445 0.061054349342312485
13450 0.041772093011242364
13456 0.08018057608767074
13480 0.019408038870348213
13614 0.11925551563331291
13655 0.08018057608767074
13660 0.029573942512820684
13754 0.01637958286118305
13787 0.02213917566380341
13822 0.041758221610295874
13989 0.02494365303161071
14072 0.03807885211093088
14163 0.02055440265608705
