976 0.0567380792545504
1909 0.19294214058738243
2575 0.05593749618089286
2965 0.04725432285264679
3044 0.18710712368253316
3219 0.202720972363664
3297 0.0631316767338504
3473 0.15050581536136212
3761 0.06418347983057683
3840 0.0726232482432985
3841 0.047112054395118244
3865 0.09654382524770733
3890 0.0774392918795165
4116 0.1690943185369897
4489 0.10443282142625776
4779 0.10603621535092994
4837 0.1690943185369897
5472 0.3701314982511343
5551 0.17070307660078324
5761 0.14452165394722466
5791 0.15822074123471144
6271 0.07833329270847117
6519 0.05243056009891576
6890 0.245160539728434
6940 0.1690943185369897
7668 0.09929658027889975
7865 0.038149576078922824
8250 0.07276149110073706
8744 0.031467240391725236
8961 0.08500807275167581
9105 0.09479470015773948
9497 0.021894504103550382
9579 0.11889718626073315
9676 0.07413449544939753
9835 0.0887561444203419
9905 0.04291737025589148
10418 0.1690943185369897
10567 0.0268727198786194
10608 0.07973278630195303
10624 0.07879172338192238
10791 0.33051047274353407
10796 0.15050581536136212
10925 0.0887561444203419
10999 0.016402421474366293
11000 0.010873577302278262
11957 0.047685713516947115
12064 0.03492289824860314
12249 0.11332880901010696
13464 0.06612964738640255
13615 0.11505957346931879
13659 0.18948061166895874
13822 0.13209704340591572
13841 0.3164414824694229
13874 0.028594591105665836
14072 0.04015260217966164
