1029 0.11299215154253152
1194 0.19348724812426696
1519 0.06024604455888304
1615 0.1052584668717276
1653 0.12925642050172947
1779 0.2333171225286357
1871 0.12742839160902394
2919 0.11865214998089241
3092 0.0897978978318113
3220 0.07042311663770662
3236 0.07548145947480875
3321 0.05272231398166457
3475 0.14770362144317728
3496 0.10968403976322366
4450 0.08994465338607553
4660 0.08503760223272454
5026 0.13918877863358317
5044 0.11665856126431785
5047 0.2136334574424051
5161 0.09221941577802684
5223 0.054840580790845674
5247 0.07425928206700097
5551 0.05391648987056834
5613 0.07606063996185516
5661 0.09083631625249715
5816 0.08822878125253938
5844 0.08318570779846765
6155 0.22096256407753256
6158 0.2295515723310412
6681 0.06432837395341695
6752 0.08008780412261463
6813 0.04620451698098336
7540 0.08282717288202925
7693 0.05437538492310948
7854 0.13918877863358317
9496 0.14651788526871062
9533 0.09783666186568962
9783 0.05185351680427193
9893 0.1998957994657723
10060 0.17118830287095543
10123 0.28635882631814125
10169 0.1764111180379941
10333 0.11570409720580499
10362 0.06873473435024866
10460 0.06645997195829738
10999 0.04144557948858457
11606 0.10667038922624582
11912 0.20146851717524186
11957 0.06024604455888304
12081 0.27471382897733365
12733 0.06351191918320996
12763 0.07879693433866862
12764 0.06580629444600282
12768 0.3177448874396276
13480 0.051710858768532056
14170 0.0512864536355596
