1240 0.10103321718121172
1461 0.0639954439624495
1959 0.0889206082800131
2099 0.20105803587469342
2693 0.07865224912744977
2736 0.09535517298307047
2793 0.0645679637307604
2927 0.060216418984406536
3039 0.26360478570504176
3182 0.14578163320721715
3443 0.06514940624348782
3519 0.08711791595573425
3606 0.08440337556789754
4384 0.06554213063575372
4452 0.06613907893515031
4489 0.04842886258065182
4493 0.12077907431196033
5280 0.12077907431196033
5520 0.09363953863797128
6278 0.060387952494702524
6566 0.13180239285252088
6757 0.15766265556240494
7431 0.11368883772895509
7468 0.048180138507664595
7941 0.10834996380096137
8268 0.15619079182560336
8284 0.2950344478873631
8433 0.05335727712255736
8994 0.15540084351031827
9105 0.06593903302547832
9559 0.15540084351031827
9719 0.06108208363823342
9902 0.025826206593628245
9905 0.059706500257100295
9975 0.1600704892207295
10040 0.15843507966488285
10617 0.22011615974797727
10837 0.13814106644004948
11336 0.23030420527512305
11338 0.09448749497435424
11714 0.08037448440546917
12072 0.20105803587469342
12231 0.18983762320415254
12291 0.13954910043883917
12377 0.11092398246799326
12535 0.20938318098217307
12764 0.0724628974666325
12865 0.046247876399752745
13494 0.3885117940761864
13723 0.06674573413528269
14212 0.07950342991159134
