79 0.01712515312624501
149 0.025575601928580265
194 0.016155763129998415
319 0.031094466624873352
390 0.028555442043183128
484 0.06783957037920989
567 0.04033261844335665
637 0.02311737928174897
703 0.025054237930288128
905 0.04817161721203709
917 0.0216035186767437
965 0.03212349981076657
968 0.018641404676536417
971 0.020004417982208457
979 0.03268438442760435
995 0.02261716217891104
1002 0.040911626009639296
1012 0.08616681055526272
1024 0.05906042507100135
1075 0.029127898597406027
1090 0.03969431276607477
1127 0.017852251699921315
1162 0.024804175066360745
1194 0.2113380098876813
1236 0.11667143488522237
1274 0.03061991323539374
1277 0.05458445046578879
1319 0.08613012930980132
1342 0.058335717442611186
1458 0.016011576896370627
1461 0.031739206653468674
1489 0.026565282597748215
1492 0.025181850473959582
1519 0.08225528609837393
1564 0.030854147587790006
1588 0.11667143488522237
1607 0.11667143488522237
1618 0.049121387148061996
1653 0.2117720542738038
1655 0.02101188024964896
1689 0.013445884666349231
1727 0.049858412996648865
1779 0.03185531399739433
1881 0.039097217681356065
1963 0.012196941433914161
1969 0.044420350235214706
2060 0.04817161721203709
2064 0.1166264640601521
2070 0.04817161721203709
2126 0.030168518212782554
2144 0.03268438442760435
2176 0.10305654237856111
2204 0.04033765399904769
2209 0.02718229537096328
2269 0.04175878395828538
2304 0.19943365198659546
2340 0.026271551173852645
2558 0.014159355659518851
2573 0.030854147587790006
2586 0.10384576837771896
2605 0.033919785189604944
2625 0.0410182478183641
2648 0.04965486254459596
2730 0.018963798366831933
2776 0.01870499092500096
2800 0.05458445046578879
2886 0.03969431276607477
2965 0.032604464179805226
3015 0.03239969234271144
3035 0.031594683727711285
3092 0.15938402895412712
3137 0.01985871792010094
3215 0.03268438442760435
3226 0.058335717442611186
3236 0.02061130847571222
3290 0.09349090339421672
3341 0.020152449343996508
3475 0.04033261844335665
3496 0.029950819633748425
3512 0.038869797923639614
3590 0.02801635193049541
3632 0.05192288418885948
3666 0.021779748057108975
3722 0.0556868335017778
3728 0.022235592112137346
3760 0.029530212535500675
3823 0.03134119491938881
3827 0.17378231897158863
3890 0.02671572107877275
3908 0.020690047357215913
3915 0.03457588988073061
3931 0.03297811585149992
3984 0.023350289796068374
3991 0.02143058349713719
4028 0.07404490011336495
4062 0.0820364956367282
4174 0.04817161721203709
4384 0.01625315100538607
4450 0.073682080722093
4458 0.03425625000464061
4459 0.0653687688552087
4590 0.029530212535500675
4624 0.052256220237300144
4643 0.058335717442611186
4665 0.045510050935107765
4749 0.058335717442611186
4762 0.02893311745078197
4788 0.03573970215915436
4795 0.030168518212782554
4817 0.02053323406526374
4827 0.014722680408965596
4887 0.04269062638182474
4911 0.058335717442611186
4922 0.0151038137731486
4928 0.016756088014970985
4964 0.028555442043183128
4970 0.08244523390284889
4991 0.026565282597748215
5031 0.04344557974289716
5044 0.06371062799478866
5062 0.030391463042443924
5063 0.026271551173852645
5068 0.04817161721203709
5110 0.09102010187021553
5135 0.058335717442611186
5139 0.04674545169710836
5161 0.025181850473959582
5192 0.0820364956367282
5218 0.04674545169710836
5247 0.040555150377787785
5289 0.049858412996648865
5297 0.02718229537096328
5358 0.02093036639429926
5384 0.03750729987862507
5417 0.030391463042443924
5551 0.014722680408965596
5613 0.041538924234423145
5629 0.04674545169710836
5816 0.048184299548133025
5844 0.09086026137461728
5847 0.0867993523523459
5899 0.058335717442611186
5938 0.01820813260337009
5970 0.06642782636829427
6068 0.04751136991806169
6081 0.027343199648050966
6108 0.04175878395828538
6109 0.011556530930611774
6152 0.04674545169710836
6154 0.019162768674828558
6155 0.09050555463834767
6210 0.02084956445944033
6235 0.019230054518557128
6237 0.03573970215915436
6315 0.03649625764058405
6417 0.0244413143340383
6488 0.022424410150122333
6546 0.05192288418885948
6589 0.058335717442611186
6675 0.03703274648914545
6681 0.01756579653494051
6692 0.058335717442611186
6726 0.04256379257328554
6734 0.025054237930288128
6752 0.02186913776441403
6813 0.05046725694455682
6821 0.019162768674828558
6851 0.0771319996710446
6862 0.025054237930288128
6899 0.04674545169710836
6911 0.027506951935853233
6946 0.058335717442611186
7201 0.008604916989633777
7206 0.041538924234423145
7233 0.027673654873571513
7245 0.018833489695286747
7342 0.1166264640601521
7401 0.02093036639429926
7423 0.02671572107877275
7468 0.01194772063449389
7540 0.1809372974312883
7566 0.019504200879370527
7580 0.010605361886637476
7616 0.044659038888204224
7627 0.017736603159899823
7671 0.0150606819340344
7693 0.014847988366068097
7733 0.03134119491938881
7739 0.1495752389899466
7802 0.10603785211360102
7891 0.01559202962546045
7965 0.02353798637999672
8076 0.03573970215915436
8094 0.058335717442611186
8115 0.015916686190350405
8124 0.014932479937160662
8247 0.06170829517558001
8250 0.012550965113080226
8401 0.021177094688814718
8402 0.058335717442611186
8419 0.039097217681356065
8433 0.013231548530649674
8447 0.09478405118313388
8479 0.045510050935107765
8498 0.030854147587790006
8669 0.02134531319091237
8673 0.10077615340419835
8678 0.058335717442611186
8688 0.016704546027997258
8700 0.03297811585149992
8744 0.010855858789772705
8961 0.02932686890540265
8981 0.02101188024964896
8996 0.010164100230574095
8997 0.10231408413778938
9051 0.04344557974289716
9094 0.012987608451354453
9099 0.035358633040629604
9126 0.03914805167041605
9138 0.029127898597406027
9150 0.02364619536480425
9203 0.049858412996648865
9241 0.044420350235214706
9307 0.03658135146653426
9428 0.03658135146653426
9496 0.06001325394662537
9499 0.1276913777198566
9500 0.022329519444102112
9528 0.10339092886228607
9534 0.04256379257328554
9596 0.04817161721203709
9636 0.11667143488522237
9645 0.014975016852245384
9647 0.019574025835208026
9765 0.01712515312624501
9781 0.021094118682101527
9783 0.056637422638075405
9890 0.019786719403174332
9908 0.024804175066360745
9918 0.02702414172946393
9920 0.03268438442760435
9921 0.033919785189604944
10123 0.07819443536271213
10156 0.0151038137731486
10169 0.04817161721203709
10222 0.10916890093157758
10224 0.044420350235214706
10234 0.023325292812030416
10333 0.031594683727711285
10361 0.019644381784401383
10445 0.06068208843560948
10460 0.01814786032027929
10483 0.03750729987862507
10499 0.01814786032027929
10557 0.03359512862471499
10567 0.00927079873124571
10665 0.044420350235214706
10674 0.03853633306451828
10727 0.03703274648914545
10732 0.01568363198499742
10754 0.08154688611288984
10888 0.03658135146653426
10999 0.016975975883434632
11000 0.04876647069869104
11003 0.05510798800250508
11090 0.03969431276607477
11098 0.04623475856349794
11112 0.0740654929782909
11232 0.035244764832256865
11235 0.045510050935107765
11255 0.03458134060873841
11317 0.019931281137045013
11331 0.02893311745078197
11356 0.016302232089902613
11359 0.015546566326440768
11450 0.04256379257328554
11457 0.09634323442407418
11482 0.128092615170965
11509 0.03750729987862507
11581 0.030168518212782554
11582 0.04344557974289716
11662 0.08512758514657108
11701 0.05458445046578879
11708 0.03297811585149992
11733 0.015322541755547706
11842 0.02084956445944033
11856 0.03573970215915436
11912 0.027506951935853233
11930 0.024804175066360745
11957 0.03290211443934957
11976 0.0278434167508889
12052 0.04817161721203709
12064 0.01204802350625353
12078 0.02030288782502104
12081 0.1125218996358752
12175 0.016912459558278706
12333 0.02261716217891104
12335 0.019715276864898365
12403 0.026565282597748215
12413 0.018833489695286747
12544 0.0346054145646124
12554 0.03658135146653426
12558 0.025710666557014865
12587 0.03496827529693484
12589 0.049858412996648865
12611 0.017179099417476872
12653 0.058335717442611186
12667 0.015546566326440768
12668 0.029950819633748425
12712 0.03328147951232306
12763 0.021516647026900308
12768 0.13014728260092143
12834 0.015337552085858264
12957 0.025054237930288128
12959 0.030168518212782554
13026 0.04256379257328554
13051 0.05142133311402973
13088 0.10505732785798448
13336 0.01977879767230181
13353 0.058335717442611186
13400 0.05192288418885948
13591 0.03750729987862507
13596 0.027343199648050966
13619 0.03297811585149992
13660 0.021516647026900308
13728 0.0586537378108053
13738 0.031594683727711285
13754 0.011917034826153357
13787 0.01610745094327855
13806 0.08504328647927921
13816 0.0488826286680766
13822 0.015190685422991998
13827 0.06642782636829427
13832 0.04186073278859852
13860 0.030391463042443924
13874 0.019729651493432386
13875 0.025986859088959733
13965 0.025710666557014865
13968 0.04344557974289716
14060 0.022814015620925825
14062 0.011439418446169608
14072 0.013852214998139791
14154 0.036150959319533826
14170 0.028009021655460237
14171 0.059360158209523
14189 0.023015148819109568
