162 0.05589914600759168
339 0.026470288603325665
512 0.05974076424614624
535 0.02924321506330198
578 0.05589914600759168
665 0.05589914600759168
676 0.035081330018741204
695 0.05974076424614624
702 0.028691140678321837
854 0.03289721140130077
914 0.22467244996165078
960 0.041123460455501096
976 0.020045476665638415
1002 0.020948502148557487
1022 0.04660618473440486
1086 0.02943462756057279
1133 0.017592867170447123
1224 0.04449198965472411
1255 0.039805997694909945
1397 0.05379384475787303
1402 0.026904315466792776
1461 0.03250366233877101
1545 0.01997396993857554
1604 0.016251831169385503
1655 0.021517962568942867
1703 0.030241463421744316
1778 0.049331856251720985
1808 0.07697304775754213
1815 0.10634694898055108
1838 0.056680379160765834
1867 0.03841068315929761
1871 0.017817128441673633
1889 0.04787134078129487
1898 0.045490238013166456
1919 0.024790120387112036
1942 0.018708813891685536
1943 0.03347160522266347
2095 0.027836995422630427
2097 0.05105927941059481
2105 0.02800177516487237
2182 0.016644616798019134
2278 0.035081330018741204
2384 0.02118837816000142
2471 0.05965891907664167
2476 0.04358896417180504
2478 0.03792469989885342
2552 0.03159728615442666
2558 0.029000782553666626
2565 0.05538811992805584
2570 0.04065037141616956
2575 0.039525263779118774
2693 0.01997396993857554
2758 0.04358896417180504
2779 0.03347160522266347
2821 0.03262256618987274
2927 0.04587640999258241
2929 0.025528774524365142
2935 0.028691140678321837
2940 0.040380259603118175
2951 0.028340189580382917
3044 0.11017443461342107
3060 0.04065037141616956
3071 0.03543890439298122
3117 0.03746243278686962
3142 0.02444132285126055
3147 0.13897145140725292
3168 0.03347160522266347
3220 0.019693220616748754
3239 0.05974076424614624
3242 0.03660051190795732
3276 0.03841068315929761
3333 0.03262256618987274
3421 0.024790120387112036
3432 0.02785293786697054
3437 0.06090876932012732
3443 0.016544883283818496
3544 0.04442731639089499
3586 0.04358896417180504
3633 0.00827915102288648
3668 0.03792469989885342
3751 0.024790120387112036
3758 0.01742808742820518
3761 0.13605555184458776
3763 0.02943462756057279
3832 0.025276103647556232
3847 0.11890018089540971
3871 0.04003889497853416
3893 0.03347160522266347
3914 0.02675741955742978
3921 0.04660618473440486
3984 0.023912693953896016
4054 0.04787134078129487
4112 0.04130405102542417
4132 0.0420061941488519
4258 0.06816616332059773
4267 0.04003889497853416
4384 0.016644616798019134
4421 0.025528774524365142
4428 0.029829459538320835
4450 0.025152250951082974
4478 0.03581050481917268
4489 0.04919460821916918
4492 0.0740172660729479
4542 0.021772899824512224
4687 0.08717792834361009
4721 0.08607342203496551
4779 0.03746243278686962
4815 0.029829459538320835
4830 0.03792469989885342
4835 0.025401596824747432
4881 0.017106883910002934
4903 0.03003322215208663
4998 0.03159728615442666
5247 0.020765971379968863
5260 0.032990814944735075
5297 0.027836995422630427
5327 0.04660618473440486
5336 0.06524513237974548
5350 0.026191603913532077
5358 0.021434485409001676
5374 0.02675741955742978
5395 0.03702167441593435
5434 0.028691140678321837
5442 0.0420061941488519
5445 0.04787134078129487
5459 0.08772964518990596
5471 0.10211855882118961
5537 0.28437557538984
5539 0.04358896417180504
5548 0.025029996398555965
5689 0.010860797672334489
5793 0.022213658195447496
5798 0.032892377358555845
5823 0.37916743385311996
5847 0.02962998698410892
5850 0.04449198965472411
5893 0.04003889497853416
5938 0.01864668516832098
6054 0.028340189580382917
6056 0.05589914600759168
6086 0.04787134078129487
6245 0.02348956840216352
6310 0.013478186909767724
6403 0.049331856251720985
6429 0.02212385092245114
6488 0.022964514003881983
6528 0.020561730227750548
6567 0.031843393403426914
6583 0.04449198965472411
6629 0.022964514003881983
6683 0.05317347449027554
6695 0.018222830631241343
6728 0.04065037141616956
6737 0.025276103647556232
6755 0.02924321506330198
6763 0.05317347449027554
6771 0.07320102381591465
6815 0.03946450115717146
6836 0.03892294825729575
6890 0.14435807318555263
6891 0.10743151445751806
6957 0.0427645664958503
7046 0.031843393403426914
7062 0.04130405102542417
7089 0.2562035833557012
7099 0.01083361086354313
7201 0.008812170995258434
7245 0.019287104318640017
7338 0.029829459538320835
7351 0.03581050481917268
7406 0.024909299271258557
7436 0.034083081660298865
7468 0.0734129270705855
7479 0.016300048048831412
7497 0.026470288603325665
7529 0.05105927941059481
7533 0.02118837816000142
7580 0.010860797672334489
7649 0.04516329987784092
7703 0.0427645664958503
7802 0.03619727673997961
7851 0.02110774281062829
7862 0.016156127362090718
7865 0.013478186909767724
7892 0.02378003617908194
7941 0.02751579190442818
8011 0.02661276642150911
8135 0.05317347449027554
8200 0.0420061941488519
8250 0.05141304715209959
8264 0.032990814944735075
8293 0.017537621554078266
8294 0.032355658501425064
8306 0.023363503329815585
8355 0.0331800561773798
8411 0.01573703512536914
8526 0.03619727673997961
8628 0.05589914600759168
8658 0.03392023001855751
8702 0.05317347449027554
8717 0.028340189580382917
8929 0.04449198965472411
8961 0.0900996664562599
8996 0.010408907994425244
8997 0.029936678088705877
9099 0.018105132268445265
9102 0.025276103647556232
9105 0.016745411326959576
9126 0.020045476665638415
9134 0.021269705666759734
9204 0.017319805148322275
9205 0.05105927941059481
9250 0.06816616332059773
9350 0.03702167441593435
9372 0.02943462756057279
9383 0.03349082265391915
9500 0.06860201341410632
9531 0.02168715628581059
9533 0.027359183440280366
9688 0.05317347449027554
9695 0.027836995422630427
9719 0.031023949496946587
9725 0.029568895121329007
9758 0.023161908567875485
9793 0.04358896417180504
9827 0.011537842512574573
9880 0.03581050481917268
9902 0.0065586411050073705
9905 0.03032528260801288
9925 0.03347160522266347
9964 0.03347160522266347
10008 0.0420061941488519
10040 0.08047010870125895
10242 0.02041133665156771
10324 0.027675032566498985
10327 0.025401596824747432
10438 0.03209606428023583
10460 0.01858496119521228
10461 0.03347160522266347
10466 0.049331856251720985
10499 0.01858496119521228
10516 0.01136399183008698
10580 0.034083081660298865
10598 0.02421572656574934
10624 0.027836995422630427
10628 0.07610287826459021
10652 0.03946450115717146
10745 0.03262256618987274
10746 0.05974076424614624
10770 0.05589914600759168
10786 0.03892294825729575
10797 0.02346593239621594
10806 0.02578836874555437
10924 0.016251831169385503
10925 0.031357410142982725
10930 0.030671396207037512
10999 0.011589900865317243
11000 0.023049709431327312
11108 0.022771148182954556
11255 0.03541425060306675
11262 0.019902998847454972
11317 0.02041133665156771
11365 0.02932332979193729
11430 0.031357410142982725
11457 0.09866371250344197
11576 0.019902998847454972
11672 0.04065037141616956
11752 0.035081330018741204
11815 0.13720402682821264
11849 0.023161908567875485
11905 0.020869874341593153
12064 0.012338206564909316
12103 0.04003889497853416
12117 0.019762631889559387
12175 0.03463961029664455
12211 0.03946450115717146
12215 0.12086287200451618
12238 0.03581050481917268
12248 0.034736761269553475
12308 0.07016266003748241
12354 0.048043080549149304
12378 0.09236739493582088
12383 0.02962998698410892
12391 0.04065037141616956
12431 0.03946450115717146
12495 0.049331856251720985
12499 0.04003889497853416
12523 0.018402165884859153
12584 0.10263073034338949
12764 0.05520649765457747
12797 0.03581050481917268
12807 0.015205610068641533
12850 0.034083081660298865
12877 0.012988615466602037
12903 0.030671396207037512
12948 0.021602181757812092
13088 0.03586256317191534
13125 0.03067220106581965
13185 0.04660618473440486
13193 0.049331856251720985
13321 0.04003889497853416
13332 0.08254737571328455
13336 0.020255180541417513
13337 0.03619727673997961
13551 0.05105927941059481
13583 0.04660618473440486
13643 0.03262256618987274
13674 0.031843393403426914
13723 0.18645302990440638
13726 0.05322553284301822
13750 0.05589914600759168
13842 0.027836995422630427
13858 0.025276103647556232
13919 0.02118837816000142
13997 0.04820982261989791
14014 0.025276103647556232
14018 0.03946450115717146
14041 0.019221078989683674
14061 0.03660051190795732
14153 0.05974076424614624
14203 0.04003889497853416
