58 0.05983186955659109
79 0.0175643666162868
108 0.022522598312357818
127 0.028557524482112875
194 0.016570114409447147
249 0.0265106560792226
348 0.04940708786509835
482 0.09931170235335968
548 0.026945344838342315
555 0.06481000245991171
592 0.040099954725641825
636 0.07448377676501976
702 0.02873489497760976
739 0.055984392808748104
762 0.057831288322268054
888 0.05983186955659109
1002 0.041960897680993876
1068 0.04794434509281189
1107 0.015761034273834514
1162 0.10176133813657719
1403 0.02947951568538294
1461 0.016276615387375813
1471 0.053306702355233965
1535 0.04555961111725537
1544 0.04555961111725537
1593 0.05608895634861961
1604 0.016276615387375813
1718 0.01784429975490335
1808 0.025696810828794648
1895 0.05113714536293894
1901 0.025190608405330522
1910 0.03898230617360561
1940 0.018430229386505872
2049 0.031405230531989674
2172 0.027094781709826415
2298 0.05983186955659109
2404 0.04667725966929158
2479 0.31928224201683597
2541 0.04794434509281189
2542 0.13292262448506698
2565 0.129436037287489
2575 0.0395855402331021
2638 0.15906393647533562
2744 0.028044478174309804
2831 0.03352264978199207
2927 0.015315457337703033
2928 0.05325456461294134
2929 0.025567706181126946
2940 0.020220919967481873
2965 0.0167203398988602
2995 0.06607732586450647
3225 0.057831288322268054
3281 0.020076046233967224
3316 0.030287581979953467
3481 0.04828334311987311
3633 0.01658355363515846
3709 0.05983186955659109
3724 0.04136704014916214
3734 0.015625150635946966
3738 0.026653351177616982
3758 0.017454665449689214
3841 0.08335000009166837
3974 0.0321450111247767
4262 0.021550777694171373
4304 0.028915644161134027
4384 0.016670000018333676
4421 0.025567706181126946
4489 0.024634815263907577
4492 0.02471004773426989
4577 0.013320705200514232
4734 0.024141671559936555
4881 0.01713297209265395
4964 0.02928781128198728
4985 0.01958572818906523
5127 0.08142472734289241
5178 0.05113714536293894
5210 0.030287581979953467
5212 0.05983186955659109
5341 0.031891954922152785
5388 0.05983186955659109
5427 0.055984392808748104
5434 0.02873489497760976
5480 0.05325456461294134
5571 0.08455972938518633
5654 0.05113714536293894
5677 0.4264536188418717
5687 0.10898643868988848
5697 0.12473643110785716
5754 0.03898230617360561
5760 0.03751956340131916
5798 0.06588507717827652
6003 0.04940708786509835
6008 0.04940708786509835
6096 0.04455984041928919
6109 0.011852924442856115
6154 0.019654241448618603
6230 0.019383107425277105
6278 0.015359085208692922
6307 0.04455984041928919
6310 0.026997482580634943
6446 0.025696810828794648
6484 0.0309422584576694
6505 0.02967517303414909
6636 0.02482792558833992
6719 0.05325456461294134
6737 0.02531464997850303
6761 0.055984392808748104
6895 0.042070254048433536
6902 0.05113714536293894
6903 0.055984392808748104
6949 0.029099903256007576
7020 0.01979277011655105
7039 0.03050082792545997
7099 0.01085013223707118
7119 0.040712363671446206
7201 0.008825609651163609
7246 0.04940708786509835
7327 0.06589476000770111
7418 0.018250620644690164
7466 0.0685318883706158
7512 0.04555961111725537
7540 0.023197230728500634
7562 0.03513482942576263
7564 0.040712363671446206
7580 0.0543868025301973
7627 0.018191498676332143
7661 0.04794434509281189
7671 0.015446947366284408
7796 0.05983186955659109
7851 0.021139932346296582
7865 0.013498741290317471
7973 0.05983186955659109
8017 0.02623154639226836
8104 0.026370075060200806
8154 0.030287581979953467
8244 0.020220919967481873
8275 0.05325456461294134
8349 0.05274015012040161
8374 0.04940708786509835
8411 0.015761034273834514
8433 0.02714180335559784
8517 0.03747469006970655
8612 0.25242152429060116
8649 0.09335451933858316
8658 0.02264797249036217
8706 0.015625150635946966
8744 0.016701422957730052
8751 0.03267231595550999
8758 0.02771723728994634
8795 0.016276615387375813
8814 0.05983186955659109
8827 0.04794434509281189
8828 0.05983186955659109
8857 0.04794434509281189
8903 0.0316454723569408
8931 0.01911950588514489
8939 0.0366563280837611
8976 0.026370075060200806
8996 0.010424781691492739
8997 0.014991165922995818
9062 0.055984392808748104
9101 0.03625247797779884
9383 0.033541896520037896
9426 0.028212430261862632
9497 0.007747091237978598
9500 0.16031547519213232
9501 0.042070254048433536
9515 0.03050082792545997
9553 0.03513482942576263
9647 0.020076046233967224
9652 0.014091999785172612
9654 0.04103495353235332
9708 0.0507732397584355
9722 0.023197230728500634
9732 0.1875875743779214
9735 0.05113714536293894
9843 0.06891350416966342
9902 0.02627457241400198
9905 0.015185764495693003
10005 0.029874949786159708
10068 0.03650124128938033
10132 0.038469259865802546
10190 0.022522598312357818
10243 0.13096631343827844
10316 0.01778764857036989
10324 0.02771723728994634
10361 0.020148206621448672
10499 0.05583991038504231
10511 0.055984392808748104
10575 0.04180340225055622
10605 0.055984392808748104
10657 0.014562627402646825
10804 0.055984392808748104
10806 0.025827696286306105
10827 0.02947951568538294
10875 0.05983186955659109
10880 0.05983186955659109
10926 0.04555961111725537
10930 0.030718170417385844
11000 0.019237383739214915
11047 0.027094781709826415
11064 0.05983186955659109
11138 0.02471004773426989
11232 0.01807434848187864
11310 0.027557753784146693
11311 0.04133860945764473
11332 0.027094781709826415
11356 0.0334406797977204
11402 0.07796461234721122
11541 0.055984392808748104
11547 0.05983186955659109
11708 0.03382391461612187
11893 0.04794434509281189
12023 0.018926501701564385
12057 0.018191498676332143
12063 0.055984392808748104
12064 0.024714044926251545
12104 0.04555961111725537
12173 0.0265106560792226
12206 0.038469259865802546
12304 0.05113714536293894
12378 0.052861860691605186
12402 0.04940708786509835
12404 0.07026965885152527
12513 0.020294194812093574
12572 0.031170921214405664
12636 0.13667883335176612
12741 0.055984392808748104
12786 0.055984392808748104
12823 0.042829782921448595
12834 0.007865459241341053
12877 0.013008423245415478
12928 0.02531464997850303
12966 0.03007902314011135
12999 0.05192082473785371
13062 0.05983186955659109
13088 0.053875880951894495
13391 0.042829782921448595
13411 0.04794434509281189
13442 0.055984392808748104
13464 0.023399132924629133
13608 0.047210849282009165
13610 0.05325456461294134
13628 0.02724660967247212
13676 0.018490862469641288
13723 0.11883287359235285
13726 0.10661340471046793
13744 0.10384164947570743
13786 0.01283927357532498
13822 0.015580285090310255
13872 0.017238996047337814
13874 0.020235663266048795
13971 0.0601580462802227
13985 0.04555961111725537
13987 0.10056794934597622
13989 0.03722660692336154
14005 0.08414050809686707
