482 0.10814888780748995
914 0.14002165381616316
1161 0.26062387391023273
1550 0.17182650780156405
1620 0.0920842203849389
1653 0.052562473815714245
1703 0.13193080887307254
1871 0.23318595409790316
2340 0.1173722333542268
2371 0.10237201152665108
2674 0.15967266774905342
3044 0.09612896091021039
3236 0.0920842203849389
3761 0.09892554226075312
3878 0.2227502002522947
4085 0.4304283564412433
4489 0.05365385566859033
5049 0.10972871142766553
5856 0.1984548106422118
6068 0.10613221046787447
6789 0.09104650011698917
6890 0.1259547337185684
7089 0.15967266774905342
7245 0.08414153898874842
7468 0.053378296739426206
7748 0.16980448253101058
7851 0.0920842203849389
8115 0.14222053303187912
8250 0.11214677019447428
8463 0.08531420448359889
8564 0.2319735457990315
8717 0.12363634930007232
9905 0.06614823839680592
9906 0.09104650011698917
11000 0.033518735156819766
11815 0.2992817838814223
12309 0.18656385010942045
12403 0.11868452409034645
12610 0.11193369745875029
13219 0.15154190615748553
13872 0.07509198635237084
13997 0.10515960826977098
