194 0.06474469775363126
548 0.10528401701506705
1194 0.10586791431585876
1545 0.0781636608991975
1653 0.09429808446885765
1779 0.12766111139489808
2204 0.10776955959901492
2716 0.09520160887646581
3010 0.10864367688749078
3084 0.18733377786819203
3092 0.09826710799356413
3151 0.09701058775733269
3321 0.05769477289335255
3432 0.03633207948770887
4535 0.16583195134421272
4850 0.1466008460920254
5044 0.12766111139489808
5141 0.23378211005396604
5161 0.10091700928607321
5247 0.04063149063951385
5264 0.20808249144618624
5455 0.0930578492802601
5844 0.09103129504282521
5903 0.08554197284782519
6067 0.09432917539328432
6158 0.25120152802013396
6310 0.052743867863566954
6618 0.24005758800212826
6648 0.1741094435806721
7025 0.08260042727965997
7201 0.03448445890212678
7486 0.08228754177458633
7540 0.09063894521945737
8204 0.1386822206166598
8250 0.0502983632666586
8261 0.1998090621884519
8463 0.07652765820149292
8673 0.05769477289335255
8744 0.02175258731340424
8982 0.09891237447719171
8997 0.029287622362629304
9496 0.16033659141615797
9528 0.1035855500262054
9533 0.10706404102346027
9645 0.06001282218317948
9782 0.15231624650163278
9783 0.056744035870362884
9853 0.12766111139489808
10123 0.15668325423062665
10361 0.07872544001504754
10362 0.0752173906782934
10415 0.1359345406526324
10516 0.04447043860583261
10568 0.13463346988312466
10999 0.06803172458037988
11003 0.055211722255445066
11200 0.08986648577294867
11311 0.0807615357611737
11359 0.06230332357641391
11482 0.0641668671651689
11600 0.11595032245446
11912 0.11023492204485265
11957 0.06592809753677305
12064 0.02414140496379963
12667 0.12460664715282782
12695 0.08260042727965997
12768 0.26078453885619435
12865 0.045960584323031975
13480 0.05658792316680653
13660 0.08622859825429773
13738 0.126616627893853
13822 0.06087712034821134
14074 0.14164994106223983
14090 0.0883682329450847
14170 0.05612349063506799
