194 0.062178975827574846
483 0.08215209038719579
1002 0.0787286550394105
1012 0.19897905116124695
1099 0.07932711325200796
1403 0.11062120923950801
1545 0.0750661683546646
1550 0.07401105633023894
1643 0.1799100598180071
1653 0.13584181836218845
1943 0.12579297758393013
2006 0.08704707843850318
2126 0.11611011808060237
2204 0.051749417896384466
2736 0.09100753694959753
3092 0.14155942520176842
3137 0.07643060445889968
3151 0.09316622365178479
3666 0.08382410766217901
3915 0.06653642430294315
3928 0.0845155357068533
4262 0.08086880103539548
4734 0.09059107108558762
4827 0.05666344461106687
4887 0.16430418077439157
5247 0.07804266795487416
5344 0.2585963502772185
5551 0.05666344461106687
5844 0.17484776021533607
5903 0.08215209038719579
6044 0.05966022935748936
6106 0.1799100598180071
6235 0.07401105633023894
6310 0.050653718354219904
6412 0.09406772561231994
6417 0.09406772561231994
6532 0.18539896865910147
6695 0.06848503708926958
6756 0.12809102816444093
6813 0.048558559635800934
6935 0.13755203383196676
7201 0.03311789862177679
7448 0.11611011808060237
7475 0.10340984160192573
7486 0.07902662686575895
7530 0.15786766734972468
7891 0.060009324560110176
8190 0.21008015522161666
8433 0.05092449855995941
8673 0.05540842746326647
8706 0.058633020852339277
9528 0.19896126276392204
9765 0.06590988452307242
9783 0.054495366526665846
9966 0.08486635061802808
10037 0.08977247352910943
10048 0.08557852286687603
10156 0.05813031943758704
10445 0.07784941467726036
10460 0.06984599607564075
10516 0.04270815098458982
10614 0.06509128696659419
10652 0.14831547744425805
10749 0.11135540897155581
10754 0.10461698857609406
10992 0.10586650013046146
10999 0.02177858112947131
11000 0.014437568612374297
11003 0.05302377588638218
11311 0.07756109386749276
11359 0.0598343491443381
11482 0.06162404367963044
11912 0.10586650013046146
12182 0.09316622365178479
12285 0.11784741021430002
12666 0.08416814343474084
12670 0.13318648078720946
12768 0.08348336414845707
12865 0.04413924476900874
12877 0.04881381109054989
12891 0.16720978333933045
13038 0.13603659553407102
13051 0.19790620863845526
13480 0.054345440303243744
13676 0.06938653904980473
13787 0.061993035846525386
13925 0.10990184284466992
14072 0.05331326874484748
14163 0.028777716027296164
14171 0.07615350247321334
