1620 0.1094169361195304
1653 0.06245613869278253
2176 0.3282508083585912
2424 0.1567637194116267
2609 0.11853820952096093
2643 0.24159409102197688
2648 0.0878657288136803
2965 0.08654182674955072
3092 0.06508492892887528
3228 0.4519072409676502
3919 0.34701583426743454
4827 0.07815663831892583
5528 0.11468417086648196
6027 0.24815232415972854
6109 0.12269771306253101
6821 0.10172723572779396
6858 0.20457349896878113
7233 0.1469080204715569
7641 0.15061648275354542
8124 0.15854075497591813
8386 0.24815232415972854
8412 0.11242046178163458
8997 0.07759189657203751
9497 0.0400977152250242
9652 0.07293795528918935
9906 0.10818388911328385
10999 0.030039484893988055
11000 0.01991392927110592
11255 0.06119269171698888
11509 0.1991107861818452
11733 0.08134105481130392
11875 0.12058491369368052
12614 0.11331346443208887
12865 0.060881843890023296
13480 0.07495938433001352
14039 0.141024129177449
14171 0.10503953281293985
