68 0.13245915318812587
187 0.2561312318546706
961 0.13245915318812587
1255 0.08533167723460416
1674 0.14225543929608633
2105 0.12005419176670379
2182 0.07136176207355088
3110 0.16061560609500725
3170 0.13546950609223077
3606 0.2756932165794672
3633 0.035495849056526974
4150 0.22577264789899298
4814 0.1587259083999331
4817 0.09015407310744267
4928 0.0735699782652351
6235 0.16886455737228157
6417 0.10731305318534937
7201 0.03778110710184196
7316 0.12077316938509128
7671 0.06612605767865133
8433 0.05809498833770513
8886 0.13056945549305177
8924 0.21891042570469119
8997 0.032087462946172436
10003 0.0956270693823148
10009 0.18334785693706104
10387 0.12619737144991885
10755 0.17708607519885403
10949 0.08687639472478396
10950 0.15831320055693598
10999 0.024845142367748606
11003 0.060489857118838905
11071 0.13760795640162574
11204 0.2561312318546706
12280 0.47617772519979934
12288 0.11534896732026373
12315 0.18009642810295892
12359 0.15193997519607758
12903 0.06574993300088189
