1400 0.375886147441995
1655 0.18913564929100452
2940 0.1774644461366931
3432 0.08160598339260403
3443 0.14542395602292524
4489 0.21620202510665168
4808 0.14674237691164707
5426 0.279892711388889
6158 0.2821136033617728
7245 0.16952715604749427
7717 0.16499387296713836
8004 0.27772951149550923
8074 0.19931375205966076
8268 0.3486429754515658
9105 0.14718653003610266
9905 0.13327451420233374
10242 0.17940877990295703
10924 0.14284812656129287
11714 0.17940877990295703
12117 0.173706883361056
12834 0.13805893798304264
12900 0.19525057971744642
14212 0.1774644461366931
