249 0.051144090575439866
914 0.062013831555175564
1026 0.08596439513307214
1107 0.030406028506226323
1126 0.11542703985732256
1127 0.035323686051122224
1329 0.0557837693493851
1550 0.07609980186000516
1552 0.0752042722678962
1566 0.04206811559186882
1820 0.06919062083040109
2296 0.0924937474455299
2352 0.0394373958711738
2529 0.10800452648418876
2575 0.076368025337035
2605 0.06711600660237113
2776 0.03701097419698247
2780 0.062013831555175564
2848 0.03140068239525658
2940 0.039009995046714055
2951 0.05475698601344821
3036 0.056501750408821695
3044 0.17029723694840998
3157 0.041414254284261785
3168 0.064671558171005
3241 0.060586654289913354
3300 0.11542703985732256
3345 0.07854188175993834
3432 0.03587703427057881
3437 0.05884188989453987
3496 0.05926273993330376
3544 0.0429197189265663
3761 0.0438128799872423
3847 0.2297308394433981
3893 0.064671558171005
4120 0.06356175351167628
4383 0.06590267527177607
4489 0.047525237376300475
4493 0.05926273993330376
4576 0.06356175351167628
4728 0.10273816943574317
4881 0.03305275712206638
5158 0.04957402851896362
5160 0.062013831555175564
5537 0.061050126397830695
5551 0.2039191159397111
5689 0.020984494283360938
5823 0.3052506319891535
5850 0.08596439513307214
5856 0.08789314268947561
5988 0.09865326555465152
6102 0.03475688627227141
6115 0.11542703985732256
6166 0.06152563807897496
6281 0.09531565606260937
6526 0.11542703985732256
6618 0.05926273993330376
6619 0.06525275525333618
6741 0.08262678564102999
6890 0.2231350773975404
7025 0.08156588893513103
7201 0.017026277208444858
7436 0.06585301133835894
7468 0.02364057709993172
7618 0.2308540797146451
8011 0.05141937652140607
8115 0.03149384376899909
8442 0.07327552471149273
8463 0.03778458946825399
8553 0.10800452648418876
8716 0.04700462280765795
8931 0.03688515809738423
9094 0.025698170247765908
9102 0.09767353531479117
9104 0.05926273993330376
9242 0.06847263977096449
9299 0.06525275525333618
9312 0.06919062083040109
9497 0.02989122070667311
9725 0.057131007257356994
9730 0.05926273993330376
9827 0.022292634256890455
9905 0.08788867154069278
9968 0.07625062393325566
10040 0.2332183031534236
10159 0.06303110272127947
10361 0.03886971719223727
10516 0.02195673179715564
10567 0.05503150907744188
10568 0.0664736189212329
10598 0.04678797920900524
10698 0.11542703985732256
10762 0.059693493229237345
10999 0.011196608931979714
11108 0.08799372629654456
11135 0.04533927793134954
11576 0.03845522015386047
11636 0.047223861002081674
11711 0.21600905296837752
11815 0.044182714190578475
11901 0.07421450850055436
11955 0.04859746790432659
12010 0.05884188989453987
12041 0.03972797610615065
12215 0.10008129328329517
12250 0.08789314268947561
12354 0.030941857113213067
12378 0.025495142246938118
12733 0.03431575238607856
12764 0.1066662384649551
12833 0.15472085718516881
12903 0.029630592419964144
12930 0.10800452648418876
13006 0.060586654289913354
13031 0.08116151019254386
13051 0.20349153236038756
13064 0.05169886546829344
13088 0.03464560221873503
13336 0.039135681660153576
13557 0.05763445209481496
13600 0.059693493229237345
13616 0.11256920490030534
13661 0.06410824694298546
13712 0.07421450850055436
13723 0.03275016890343057
13872 0.06651459493420045
13875 0.05141937652140607
13997 0.04657386951172437
14090 0.04363072753479246
14163 0.01479494143340558
14211 0.048836767657395586
