108 0.022651360703389183
511 0.06017393020506237
576 0.04032920740684291
664 0.06017393020506237
696 0.05630445731367417
914 0.16164392573708108
994 0.019905925995370895
1045 0.026662218319832197
1085 0.026805729210516747
1133 0.01772042883247361
1145 0.02945525060477069
1255 0.020047310720425707
1397 0.01806129700977739
1461 0.016369669300876834
1545 0.020118796405912933
1653 0.012135843824812493
1655 0.021673984156676384
1689 0.013869577009216962
1756 0.08189023502705667
1770 0.03158477520610355
1815 0.053559022605655884
1838 0.02854567750057208
1867 0.07737837962812597
1871 0.017946316168411955
1919 0.04993973521339414
1936 0.06017393020506237
1983 0.045820076822879495
2097 0.051429498004323025
2137 0.024504248706711144
2218 0.053559022605655884
2278 0.035335696332084804
2365 0.055430604629430724
2371 0.023636078246148277
2372 0.02945525060477069
2552 0.031826390500997066
2558 0.014605530137565144
2604 0.034017286981939135
2687 0.053559022605655884
2693 0.020118796405912933
2716 0.024504248706711144
2748 0.05630445731367417
2779 0.033714299807436426
2865 0.09643688879263762
2927 0.015403016280911617
2935 0.028899173260782892
2940 0.040673047184478846
2951 0.02854567750057208
3044 0.11097328302487983
3117 0.03773406390552412
3118 0.06017393020506237
3147 0.04665970002783429
3168 0.033714299807436426
3219 0.03607015820417718
3236 0.04252157998648595
3276 0.03868918981406298
3281 0.020190821611110254
3332 0.01772042883247361
3333 0.032859104596172965
3411 0.12034786041012474
3421 0.04993973521339414
3432 0.009351630947267528
3437 0.09202560630571485
3440 0.0430746421148612
3443 0.016664846265933394
3544 0.022374724105378285
3586 0.04390501730071791
3590 0.028899173260782892
3619 0.06017393020506237
3660 0.0430746421148612
3668 0.038199682805510046
3702 0.03729010970131143
3751 0.02496986760669707
3756 0.02246604819357229
3761 0.11420171502682101
3787 0.11260891462734834
3847 0.04790491904047718
3878 0.051429498004323025
3921 0.04694411500624939
3956 0.03600726684825918
4000 0.045820076822879495
4085 0.049689549714267686
4103 0.03342063680992323
4132 0.042310770991791744
4162 0.06017393020506237
4190 0.03067520210190495
4258 0.06866041982824368
4314 0.06017393020506237
4383 0.01717805025162468
4489 0.04955130652913656
4492 0.04970263168258024
4542 0.02193076990116559
4577 0.026793720168139214
4721 0.028899173260782892
4824 0.03067520210190495
4881 0.01723092182392067
4885 0.030250985845554766
5049 0.02533462389256786
5051 0.023430838198521417
5059 0.016273271568219998
5158 0.05168744058188106
5160 0.03232878514741622
5247 0.020916540459878306
5327 0.04694411500624939
5336 0.06571820919234593
5360 0.031349126334905233
5374 0.026951431191645912
5438 0.038199682805510046
5459 0.02945525060477069
5471 0.051429498004323025
5537 0.3819166860119648
5548 0.025211482901590573
5661 0.025585777713382492
5689 0.010939546712419534
5746 0.023033143388762268
5823 0.5092222480159531
5847 0.02984482691604822
5850 0.04481459040491653
5893 0.04032920740684291
6044 0.0159897865347594
6086 0.04821844439631881
6120 0.032590261624066516
6243 0.06017393020506237
6429 0.022284265661376406
6629 0.02313102418926476
6681 0.018119311136092265
6683 0.053559022605655884
6695 0.03670992001458117
6737 0.02545937461525001
6771 0.03686589344496125
6775 0.015403016280911617
6782 0.041603536796912324
6799 0.040945117513528334
6890 0.1454047789648939
6891 0.07214031640835436
6906 0.04694411500624939
7025 0.04252157998648595
7084 0.06017393020506237
7089 0.147463573779845
7099 0.010912162778595566
7201 0.026628197803376566
7406 0.02508991062835983
7418 0.018354960007290585
7422 0.03303223317971655
7436 0.03433020991412184
7466 0.03446184364784134
7468 0.03697261330214496
7479 0.016418235789355782
7572 0.030250985845554766
7580 0.010939546712419534
7748 0.039205169223472995
7802 0.036459734515454714
7851 0.021260789993242976
7891 0.01608334899387714
7911 0.03498862919750583
7941 0.027715302314715362
8115 0.016418235789355782
8200 0.042310770991791744
8250 0.025892915415453462
8293 0.0176647826433854
8294 0.032590261624066516
8411 0.0317022811883316
8463 0.01969770040278316
8564 0.053559022605655884
8591 0.06017393020506237
8658 0.011388725824723103
8689 0.026662218319832197
8730 0.05630445731367417
8802 0.049689549714267686
8943 0.05630445731367417
8996 0.020968760981589372
8997 0.0226153063232374
9105 0.016866828289839417
9204 0.01744538690309197
9248 0.05630445731367417
9250 0.03433020991412184
9298 0.030045745797927903
9383 0.016866828289839417
9386 0.033714299807436426
9497 0.015582763196308002
9500 0.09213257355504907
9535 0.03498862919750583
9646 0.04390501730071791
9725 0.02978329209081785
9758 0.023329850013917144
9827 0.01162150064247714
9843 0.0346537424020272
9902 0.013212392478498477
9905 0.04581774594273975
9985 0.06017393020506237
10003 0.02246604819357229
10040 0.12158036725055038
10068 0.018354960007290585
10180 0.03046073702273365
10209 0.05168744058188106
10242 0.020559334360083916
10495 0.02274538406875848
10516 0.011446389410370907
10598 0.024391308993444518
10628 0.019163670497374066
10657 0.01464588239383649
10797 0.023636078246148277
10924 0.016369669300876834
10925 0.03158477520610355
10930 0.03089378714757817
11000 0.058042093370822986
11005 0.051429498004323025
11038 0.16067706781696767
11097 0.016664846265933394
11186 0.04032920740684291
11255 0.011890343614583595
11317 0.04111866872016783
11365 0.014767973113048056
11457 0.049689549714267686
11525 0.02533462389256786
11577 0.032859104596172965
11703 0.04821844439631881
11726 0.035335696332084804
11815 0.16123200372133592
11821 0.04821844439631881
11905 0.021021196796966974
11959 0.0346537424020272
12057 0.0365910000736224
12064 0.018641501914006455
12074 0.035695863392385264
12078 0.020942650720733837
12175 0.01744538690309197
12215 0.034782634203709556
12222 0.053559022605655884
12248 0.03498862919750583
12354 0.01613047646935199
12378 0.02658203679192882
12383 0.02984482691604822
12431 0.03975064879359035
12445 0.040945117513528334
12472 0.033714299807436426
12495 0.049689549714267686
12513 0.02041021735140369
12515 0.04032920740684291
12529 0.04032920740684291
12584 0.02584372029094053
12611 0.053161286497420836
12695 0.04252157998648595
12764 0.055606786733512194
12959 0.031119156306117637
13079 0.013684981420437822
13088 0.10836778205866436
13112 0.03446184364784134
13332 0.027715302314715362
13583 0.04694411500624939
13616 0.01956136530713322
13660 0.04438931320995193
13712 0.03868918981406298
13723 0.1195122448054195
13724 0.053559022605655884
13787 0.01661501171723525
13842 0.05607766960524141
13872 0.10402531152499264
13918 0.02063477581532295
13919 0.021342010010202382
13997 0.048559380485583774
14014 0.10183749846100004
14041 0.03872089285050708
