11 0.024431936161969234
68 0.04048055487796077
79 0.02297877860725407
337 0.052156058075018455
818 0.04742770881608379
920 0.03047940381807214
1029 0.04140054230807497
1133 0.02305116452250756
1255 0.052156058075018455
1397 0.023494574132387747
1458 0.021484565886354747
1479 0.038316105900213726
1653 0.015786600610509058
1672 0.04310377751370374
1770 0.041086243259987706
1848 0.04205406947490133
2046 0.03295589452063574
2182 0.13085228115735753
2357 0.041723005874242075
2359 0.0366895014891046
2384 0.027762205341477924
2648 0.0222092046861226
2657 0.05829590842290685
2693 0.05234203870931896
2793 0.021484565886354747
2848 0.021294063693428122
2965 0.021874571236612572
3044 0.028871348755640895
3110 0.19634154983768135
3137 0.05329343091368511
3165 0.03295589452063574
3170 0.2070027115403748
3184 0.058211169873454434
3215 0.043856380619761694
3227 0.03431771325673213
3232 0.03584754165271963
3308 0.03908423639953171
3321 0.019317557554038706
3333 0.04274392190332425
3383 0.05170861009516331
3442 0.03544705049282329
3494 0.07324220656046249
3512 0.026078029037509227
3515 0.057112713621677906
3606 0.056169337815290064
3633 0.021695619080876933
3648 0.048541422355605296
3666 0.029224381530293296
3721 0.023494574132387747
3742 0.07764575246924844
3799 0.041723005874242075
3882 0.03908423639953171
3897 0.04274392190332425
3928 0.058930881094213405
4028 0.03311817329278251
4052 0.09886768356190724
4150 0.2759915594579534
4283 0.03856690532497521
4294 0.05960386959386546
4383 0.044691250563920856
4612 0.04551405926309823
4624 0.03505907675197888
4634 0.06690074100436642
4685 0.03158361118871364
4762 0.03882287623462422
4817 0.027551790994121153
4826 0.05411889184455781
4827 0.039510211807041215
4913 0.03431771325673213
4943 0.07324220656046249
4978 0.06690074100436642
4991 0.0356456811190362
5161 0.0675787436989735
5255 0.05960386959386546
5260 0.043226422143410166
5689 0.014230428250558246
5793 0.029105584936727217
5921 0.13380148200873285
5927 0.07324220656046249
6022 0.046920938481673294
6235 0.0774094973860664
6278 0.02009369459945361
6292 0.05829590842290685
6417 0.09838712917984617
6518 0.05829590842290685
6537 0.04310377751370374
6567 0.041723005874242075
6636 0.03248141067852814
6681 0.023570040317938686
6693 0.03047940381807214
6720 0.05388227191796034
6723 0.030746385060410036
6813 0.01692942415894555
6821 0.025712880675272564
7224 0.05829590842290685
7315 0.19391212193700877
7316 0.25836458677147073
7351 0.046920938481673294
7491 0.018536535932801215
7509 0.05603254139754336
7571 0.03217487289939826
7580 0.014230428250558246
7651 0.038316105900213726
7671 0.02020864124748009
7865 0.01765987891070216
7919 0.07324220656046249
8231 0.05960386959386546
8244 0.026454244170519316
8250 0.0168410668514751
8293 0.02297877860725407
8433 0.01775428354278336
8495 0.13380148200873285
8658 0.0148147313571969
8669 0.05728290106379021
8673 0.05795267266211613
8688 0.022414401908253195
8691 0.055737530434310574
8739 0.0356456811190362
8744 0.014566548624870447
8795 0.021294063693428122
8819 0.049085387459420336
8878 0.07210547774970047
8882 0.050999037012405886
8886 0.07980609691751754
8931 0.025013306907830594
8993 0.05411889184455781
8997 0.019612360088732714
9013 0.07827571094559997
9094 0.03485392241941534
9099 0.09488945231684723
9126 0.026264711492161728
9185 0.06690074100436642
9250 0.0446575714563098
9303 0.06967087836414039
9500 0.059924145487031295
9645 0.02009369459945361
9652 0.01843601595611706
9656 0.07324220656046249
9664 0.049691075841447274
9902 0.008593500632436328
9932 0.027656552369354524
10046 0.03908423639953171
10068 0.02387657809706857
10113 0.03378937184948675
10162 0.03295589452063574
10234 0.0312982158772992
10351 0.06967087836414039
10352 0.06967087836414039
10362 0.02518453926802718
10387 0.15426762129990085
10516 0.029779483101856356
10531 0.03248141067852814
10556 0.04551405926309823
10567 0.024879384141824373
10587 0.02797624770063605
10614 0.02269338329583963
10655 0.09286809338642488
10749 0.03882287623462422
10899 0.06967087836414039
10903 0.04596553262726842
10945 0.0366895014891046
10949 0.053100213607152336
10950 0.0967635085806233
10999 0.022778610421281653
11000 0.030201026310824827
11003 0.01848617420331411
11071 0.04205406947490133
11135 0.030746385060410036
11200 0.030089398467814315
11201 0.05960386959386546
11203 0.05170861009516331
11213 0.02518453926802718
11359 0.020860607965647135
11371 0.026359116124242923
11386 0.04048055487796077
11482 0.021484565886354747
11511 0.030612176733898728
11520 0.03882287623462422
11623 0.1304231299652426
11634 0.09698158698201413
11660 0.05326240403776937
11901 0.050327838455701636
11910 0.028304394100179098
11919 0.07924813414234466
11957 0.02207426695220822
11967 0.04310377751370374
12017 0.034498944932244174
12057 0.02379923112228701
12064 0.016166212515840828
12078 0.027242709071260064
12175 0.02269338329583963
12288 0.3525154803830212
12316 0.035251548038302126
12328 0.030218043653164654
12347 0.04742770881608379
12358 0.06106604578268082
12380 0.06690074100436642
12387 0.028987914394165842
12390 0.045078430380074426
12406 0.029587748426028664
12417 0.04205406947490133
12565 0.03990304845875877
12582 0.02744790629339067
12587 0.046920938481673294
12611 0.02305116452250756
12712 0.0893151429126196
12733 0.023270889715041626
12834 0.01029007481451476
12877 0.017018414857537998
12914 0.05603254139754336
12919 0.03505907675197888
12945 0.050327838455701636
13045 0.07324220656046249
13049 0.05246121320122126
13112 0.022414401908253195
13209 0.05326240403776937
13271 0.09701576208043668
13276 0.06272372442601738
13336 0.026539477310306005
13596 0.0733790029782092
13695 0.06496282135705628
13862 0.07764575246924844
13872 0.1353186535798401
13874 0.013236766127686891
14022 0.05960386959386546
14062 0.061398309710275226
14065 0.025358166563948945
14072 0.018587102802282093
14080 0.06463737397900292
14083 0.03584754165271963
14094 0.050999037012405886
14100 0.15978721211330812
14163 0.010033043908340929
