79 0.09506215458536206
194 0.029893682133070917
249 0.04782713663821262
322 0.041670220831747797
548 0.04861134652782782
965 0.05943945108737886
971 0.07403001735112542
1012 0.09566282537443281
1107 0.02843404318330021
1133 0.031787203933741244
1194 0.048880941427701254
1289 0.16438565228844387
1402 0.09722269305565565
1458 0.029626888333152523
1492 0.0465950278878063
1519 0.030440077099469564
1653 0.06530844364111812
1657 0.09669186312523954
1689 0.024879481023550736
1703 0.05464098351498733
1871 0.03219240444448528
1963 0.02256850928595831
2176 0.34324167113961945
2204 0.12439740511775368
2209 0.15088960346750907
2211 0.1009998845924405
2262 0.07875756009328712
2304 0.18451020082284894
2424 0.05464098351498733
2609 0.08263448171095841
2643 0.25262743435273033
2648 0.12250461669728846
2659 0.031988605343049675
2793 0.029626888333152523
2965 0.030164699756596698
3092 0.13611457582243497
3220 0.10674651501518283
3228 0.15751512018657424
3512 0.03596120388607408
3633 0.029917927466060264
3723 0.07130538383951741
3760 0.05464098351498733
3919 0.1814318378398991
3924 0.07875756009328712
3931 0.06102078278071553
3956 0.032295221103926394
4384 0.06014776595896536
4624 0.09669186312523954
4734 0.04355331761392589
4827 0.10896795768816182
4864 0.049154850028576995
5053 0.056234591237775855
5247 0.01876022142218357
5528 0.03997389136507478
6027 0.17299011664827682
6109 0.06415059308945399
6158 0.057991919728704155
6315 0.022510182407260625
6486 0.060477279279966364
6488 0.041492821085291065
6528 0.07430283030591055
6619 0.12204156556143106
6693 0.04203063250873525
6695 0.03292543665073176
6813 0.04669083487697636
6821 0.03545766986959716
7201 0.015922036687449185
7233 0.051205717464052516
7245 0.03484839124448242
7466 0.030909118010710238
7540 0.1255484346028314
7641 0.05249832539129884
7891 0.028850582524787564
7901 0.06276319281986131
8078 0.04707728294276527
8124 0.1381509511831966
8250 0.02322357406051667
8361 0.09225510041142447
8386 0.17299011664827682
8412 0.03918486128048559
8658 0.020429288351787853
8673 0.05327723385709576
8739 0.09830970005715399
8872 0.04707728294276527
8882 0.07032689339208338
8931 0.034492968325314635
8981 0.11663747434527133
8997 0.06761286280719073
9129 0.07130538383951741
9496 0.03701500867556271
9533 0.04943321262254068
9652 0.07626895357289971
9765 0.031687384861787356
10046 0.05389656526087379
10048 0.04114344319684997
10335 0.04080105333680963
10543 0.07589777419185437
10567 0.0171541454378555
10728 0.10794101028852054
10999 0.010470451996492854
11000 0.055529005568640266
11003 0.0509843039627474
11098 0.04277505076284878
11235 0.08420914478424345
11255 0.04265819759693331
11262 0.03596120388607408
11317 0.036879680521520145
11482 0.08888066499945757
11509 0.0694013208301784
11520 0.05353615358388633
11705 0.06276319281986131
11733 0.08505581364841933
11830 0.1009998845924405
11875 0.168122530034941
11955 0.04544567537676645
12064 0.011146480117641614
12069 0.04013615724668523
12078 0.03756727987040214
12335 0.03647999881048124
12413 0.03484839124448242
12512 0.10794101028852054
12666 0.040465377437964106
12667 0.028766459887021752
12738 0.2158820205770411
12834 0.01418985606141747
13065 0.09607507753638199
13088 0.06479731803166788
13112 0.061818236021420475
13344 0.0570907157436358
13480 0.0261275663708582
13827 0.04097139227791278
13872 0.09330117862769359
14039 0.14746455008573098
14062 0.021166832916856206
14113 0.05283732503005133
14171 0.1098365757535376
