898 0.14712264630466615
1075 0.07503602144319406
1133 0.04425486678875465
1135 0.08738034157611337
1193 0.15027792445410737
1194 0.06805315610334758
1319 0.2218787671270895
1519 0.04237936623442723
1620 0.05309653834394907
1653 0.12123186338515655
1656 0.06588499367085986
1779 0.16412416544192635
1871 0.0448189961366234
1942 0.04706203136365198
2064 0.18026400007120605
2157 0.08914658297911403
2209 0.07002397689315204
2533 0.11191962380322022
2720 0.09105426902411906
2852 0.0655420618230947
3092 0.09475090092204799
3173 0.10964806271734073
3185 0.07771674883973048
3208 0.05565255884339507
3343 0.08738034157611337
3353 0.06296296934486266
3355 0.08738034157611337
3443 0.04161866276071431
3919 0.0841978408626335
4073 0.15027792445410737
4188 0.05851600054532559
4241 0.07308936016100805
4298 0.06843449787437335
4307 0.09206860730511121
4452 0.04225088424012198
4535 0.10659875321695954
4747 0.0506056503830284
4827 0.03792691598311238
5050 0.10225603106683732
5062 0.078291074274268
5161 0.0648706553898677
5247 0.10447362425419338
5663 0.04016643581089498
5798 0.04137039643013865
5844 0.11703200109065118
6054 0.07128976206645361
6154 0.04936497277299139
6158 0.08073766688531435
6598 0.15027792445410737
6636 0.06235956110961482
6723 0.0590285655093743
6752 0.33802090145580327
6775 0.03846737796816677
6813 0.03250202002735778
6851 0.06623293199952247
6982 0.09539960290535175
7020 0.09942582220330802
7242 0.035394456078636415
7342 0.18026400007120605
7466 0.043032375636849036
7468 0.030778376226804557
7627 0.045691045324985705
7641 0.07308936016100805
7792 0.15896598048546223
8658 0.02844211892565221
8689 0.06658602515727943
8744 0.013982822176643622
8997 0.05647929732307973
9099 0.04554346991710192
9134 0.05350395599528356
9150 0.06091467314437227
9251 0.08914658297911403
9433 0.10566660387698247
9496 0.10306627041095826
9497 0.01945813828696874
9645 0.038576956792116285
9652 0.10618336823590922
9708 0.04250854461150583
9783 0.03647574202225782
9902 0.016498265211990173
10046 0.07503602144319406
10123 0.10071786176050197
10207 0.09008134405020155
10324 0.06961655924181755
10335 0.0568041525144884
10567 0.023882390625159605
10614 0.043567979125866886
10930 0.038576956792116285
10938 0.11723788265837042
10999 0.043731602750154606
11000 0.009663592736382894
11150 0.07128976206645361
11325 0.048683973523283616
11733 0.03947221142262229
11875 0.17554800163597678
12064 0.031036765221499858
12247 0.10964806271734073
12335 0.050788282328226894
12558 0.06623293199952247
12614 0.054987398866035236
12667 0.08009863673054224
12689 0.15027792445410737
12768 0.05587846908671182
12865 0.029544010947496605
12877 0.06534573832404175
12900 0.05587846908671182
12968 0.07308936016100805
13109 0.19582139437120924
13253 0.11723788265837042
13480 0.07275078183453086
13557 0.07503602144319406
13761 0.05704130225446461
13924 0.21929612543468147
14170 0.03607684815493634
