10 0.01892556083707469
42 0.048603697710381484
483 0.01778432143026516
505 0.04326070335638115
556 0.018763274601724785
662 0.048603697710381484
703 0.020874494394033303
914 0.07833783643319495
960 0.03345709192049611
1002 0.017043214608347523
1037 0.03166680632507072
1085 0.021651528411296802
1086 0.04789465813584836
1091 0.04477241792469571
1115 0.048603697710381484
1131 0.026323811971070393
1133 0.028626295917078624
1167 0.048603697710381484
1175 0.028261021858152335
1205 0.04547824637172643
1217 0.02460375197769313
1249 0.01952208134291891
1293 0.04547824637172643
1359 0.03700980067907105
1397 0.014588474063919213
1461 0.03966633668138536
1545 0.04875107353686378
1550 0.048065840161831554
1655 0.017506514374925636
1695 0.031250039343850074
1708 0.04154064336300389
1718 0.028991203436169906
1808 0.041748988788066606
1862 0.05264762394214079
1867 0.06250007868770015
1901 0.020463286959723694
1940 0.014971574588480193
1959 0.01837190570429881
1983 0.03700980067907105
2095 0.022647532681573962
2259 0.048603697710381484
2278 0.08562406495924701
2372 0.023791600307625643
2425 0.04307507437805057
2471 0.024268555191075025
2474 0.04326070335638115
2564 0.047583200615251287
2573 0.025706817850380002
2575 0.09647050871636467
2609 0.018604334713923854
2720 0.02944926330972544
2730 0.09480065699051783
2781 0.03791770900238082
2821 0.026540961864775076
2839 0.03700980067907105
2848 0.02644422445425691
2886 0.03307219767034851
2893 0.05652204371630467
2896 0.048603697710381484
2927 0.08708928953385382
2935 0.04668489083097527
2951 0.02305691975657459
3044 0.12548950412852608
3117 0.030478564873497618
3123 0.03791770900238082
3147 0.018843990642472157
3219 0.029134594661625976
3281 0.01630853405729647
3316 0.02460375197769313
3332 0.028626295917078624
3338 0.03307219767034851
3416 0.03619764900900356
3432 0.060428008223641104
3437 0.04955395949990371
3443 0.04038159785504242
3469 0.04547824637172643
3536 0.024776979749951855
3544 0.0903625808605985
3558 0.04326070335638115
3624 0.034175263543035385
3633 0.006735724905643938
3660 0.034792257663725776
3734 0.025385805384885593
3761 0.09224302976812657
3780 0.02944926330972544
3808 0.048603697710381484
3841 0.04062502046456056
3847 0.019346884904717167
3882 0.024268555191075025
3908 0.03447674431544925
3921 0.03791770900238082
3957 0.14581109313114443
3978 0.02772920331634818
3980 0.035462968457952514
3984 0.009727406093997226
3985 0.01648574442404214
3992 0.019701352480017184
4030 0.01829596113473939
4098 0.04547824637172643
4120 0.02676440682739477
4121 0.038947010566153
4132 0.034175263543035385
4154 0.02676440682739477
4160 0.048603697710381484
4331 0.04547824637172643
4384 0.013541673488186853
4414 0.02799052703557429
4420 0.019792576165496956
4489 0.11006487307037285
4492 0.04014581858752058
4508 0.02699452276529713
4577 0.010820914232715608
4665 0.03791770900238082
4711 0.026540961864775076
4719 0.038947010566153
4734 0.019611195762697188
4735 0.024434331719198177
4778 0.060957129746995235
4816 0.03700980067907105
4881 0.02783552653938494
4913 0.021308880380543124
4922 0.012584077664360538
4928 0.0139607066200803
4997 0.021535611768903503
5039 0.0321074011813951
5063 0.021888725940379834
5066 0.035462968457952514
5154 0.03257471464838049
5158 0.020874494394033303
5178 0.04154064336300389
5247 0.016894711816137307
5259 0.04547824637172643
5279 0.018763274601724785
5297 0.045295065363147924
5308 0.048603697710381484
5358 0.017438599297194365
5359 0.0297773260731985
5360 0.025321321952444242
5374 0.021769214841657464
5434 0.023342445415487634
5455 0.019346884904717167
5472 0.035462968457952514
5537 0.33418863205494004
5548 0.040727646992759346
5549 0.13643473911517928
5551 0.036799583828957656
5588 0.030119974103952177
5689 0.00883609263491825
5768 0.048603697710381484
5823 0.33418863205494004
5850 0.03619764900900356
5903 0.01778432143026516
5938 0.015170509796084341
6068 0.03958515233099391
6081 0.022781593651194695
6083 0.027231720294380164
6090 0.03619764900900356
6102 0.014635333244443584
6130 0.048603697710381484
6230 0.015745633572338175
6245 0.009555283535226384
6310 0.021931079406592283
6509 0.03791770900238082
6519 0.03014080089599511
6528 0.016728545960248056
6720 0.016728545960248056
6775 0.01244132707626483
6789 0.01697924485152321
6887 0.272629073963071
6890 0.1644249238452431
6955 0.048603697710381484
7025 0.03434553822208376
7046 0.02590704498984974
7089 0.0297773260731985
7099 0.00881397407897275
7125 0.048603697710381484
7170 0.02201011918084223
7201 0.014338755140828703
7271 0.03700980067907105
7401 0.03487719859438873
7406 0.020265627118015574
7418 0.014825671593002245
7422 0.01334040065768139
7436 0.02772920331634818
7466 0.01391776326969247
7468 0.009954508618468704
7479 0.013261340359923525
7522 0.048603697710381484
7533 0.017238372157724623
7547 0.028261021858152335
7580 0.026508277904754754
7598 0.014971574588480193
7626 0.04326070335638115
7671 0.0125481414153196
7696 0.03791770900238082
7733 0.026112612144398317
7747 0.0642148023627902
7748 0.03166680632507072
7851 0.03434553822208376
7862 0.03943274949959156
7891 0.012990845537345478
7892 0.019346884904717167
7941 0.06715862688704356
7943 0.11684103169845898
7948 0.028832269189035056
8115 0.013261340359923525
8244 0.01642622048765714
8250 0.07319980601093519
8268 0.016135306285037752
8293 0.014268201408696859
8301 0.025511660301002905
8355 0.02699452276529713
8413 0.033604016212152664
8463 0.03182046021271812
8585 0.04503152693008443
8658 0.04599451834082531
8688 0.01391776326969247
8689 0.021535611768903503
8717 0.02305691975657459
8740 0.04154064336300389
8744 0.018089599378760382
8795 0.05288844890851382
8875 0.020265627118015574
8878 0.04477241792469571
8997 0.006088946428109692
9079 0.030478564873497618
9087 0.03619764900900356
9102 0.020564050635849415
9104 0.024954190116697517
9105 0.013623677574965803
9129 0.0321074011813951
9163 0.10990579659750188
9205 0.04154064336300389
9262 0.04154064336300389
9305 0.034792257663725776
9312 0.1165383786465039
9359 0.035462968457952514
9383 0.12261309817469224
9385 0.022258795954724363
9387 0.025135570519497285
9497 0.03146628071761276
9500 0.018604334713923854
9515 0.024776979749951855
9584 0.022133454795375145
9664 0.030854654655003234
9695 0.022647532681573962
9725 0.04811313207128103
9757 0.04789465813584836
9758 0.07537596256988863
9770 0.033604016212152664
9783 0.011797181425360195
9821 0.025511660301002905
9827 0.009386920585759628
9863 0.04154064336300389
9880 0.029134594661625976
9902 0.032015748075659156
9905 0.06167986330024338
9932 0.01717276911104188
9966 0.01837190570429881
9968 0.0963222035441853
10008 0.034175263543035385
10037 0.019433985395951522
10040 0.08183576338935582
10110 0.021535611768903503
10156 0.012584077664360538
10162 0.020463286959723694
10234 0.019433985395951522
10242 0.06642475696427827
10316 0.028899163622993256
10329 0.031250039343850074
10338 0.048603697710381484
10371 0.024106268955725114
10377 0.0925639639650097
10432 0.022386208962347855
10459 0.021769214841657464
10460 0.030240585211446732
10489 0.022133454795375145
10516 0.03698191883967553
10567 0.007724171722247792
10575 0.05093773455456963
10595 0.01844860595362531
10600 0.027231720294380164
10628 0.030957766750537605
10657 0.011829774757041552
10678 0.06514942929676099
10797 0.019091337365197844
10835 0.04326070335638115
10836 0.022386208962347855
10853 0.028832269189035056
10866 0.05352881365478954
10924 0.013222112227128454
10926 0.03700980067907105
10930 0.024953535302293314
11000 0.034379964725205554
11135 0.019091337365197844
11169 0.05181408997969948
11255 0.009604070479464316
11262 0.016192617414903174
11272 0.02676440682739477
11325 0.015745633572338175
11336 0.023791600307625643
11400 0.03791770900238082
11411 0.02799052703557429
11525 0.04092657391944739
11531 0.05545840663269636
11576 0.03238523482980635
11633 0.02590704498984974
11714 0.016606189241069567
11752 0.02854135498641567
11815 0.20464768185316237
11842 0.017371277371820586
11849 0.037687981284944314
11868 0.048603697710381484
11880 0.042842824946788885
11921 0.02201011918084223
11957 0.013706563443020401
11967 0.02676440682739477
12017 0.042842824946788885
12041 0.016728545960248056
12064 0.015057117273347765
12078 0.03383160320144806
12173 0.043071223537807006
12175 0.014090991041951191
12215 0.028094635544773663
12220 0.02747644914937547
12262 0.023198360632415337
12351 0.0297773260731985
12354 0.07817346810179088
12378 0.03220627129618135
12391 0.03307219767034851
12403 0.022133454795375145
12472 0.027231720294380164
12529 0.03257471464838049
12544 0.05766453837807011
12610 0.020874494394033303
12611 0.05725259183415725
12614 0.01778432143026516
12764 0.044914723765440576
12834 0.006389410963631736
12850 0.02772920331634818
12865 0.009555283535226384
12870 0.048603697710381484
12877 0.010567235752358732
12915 0.025135570519497285
12959 0.025135570519497285
12966 0.024434331719198177
13064 0.021769214841657464
13088 0.043765422191757636
13112 0.05567105307876988
13116 0.028261021858152335
13122 0.022386208962347855
13126 0.048603697710381484
13191 0.04154064336300389
13193 0.040135252017726095
13219 0.028261021858152335
13446 0.04920750395538626
13501 0.03700980067907105
13564 0.048603697710381484
13581 0.029134594661625976
13616 0.01580010949841964
13660 0.017927072018360867
13724 0.04326070335638115
13754 0.009928942056198358
13761 0.01844860595362531
13822 0.012656456707486977
13827 0.01844860595362531
13872 0.1960544677100357
13918 0.016667124826841906
13919 0.03447674431544925
13935 0.02944926330972544
13948 0.014449581811496628
13989 0.015120292605723366
13997 0.039222391525394376
14016 0.030854654655003234
14061 0.0297773260731985
14067 0.038947010566153
14103 0.040135252017726095
14135 0.04326070335638115
14163 0.01245962578544675
14178 0.021421412473394442
14212 0.01642622048765714
