421 0.11431728911403534
1010 0.12397792419721101
1550 0.09124663936976268
2513 0.15508745625293596
2575 0.0915682498113256
2716 0.11272076302990247
2935 0.1329376346068769
3044 0.10209652446983083
3751 0.11486263313233833
3866 0.17357857106979452
4577 0.06162622282182383
5223 0.07105647885471927
5279 0.10685878444327832
5537 0.292805959056194
5551 0.06985914202878463
5823 0.146402979528097
6310 0.06244987979608952
6435 0.55360614466544
6890 0.13377384329786265
6891 0.16592452207157876
7468 0.11338390694361229
7706 0.22180724287945217
7749 0.21077463273335073
8517 0.08668548570256522
9105 0.07758824918408284
9383 0.07758824918408284
9676 0.24271254390774055
9827 0.05345948107414331
10797 0.10872713572363593
10924 0.07530129310337308
11000 0.01779976778971166
11272 0.1524260578512176
11520 0.1372876884632243
11797 0.14871401989355798
11815 0.10595360538629231
12064 0.028583945379163325
12215 0.08000092381037435
12611 0.0815148541430879
12903 0.07105647885471927
13095 0.22857440052306233
13872 0.07975360130308781
