68 0.360649344588848
1848 0.18733405012778673
2182 0.19429818250445044
3170 0.18442284813095763
3606 0.2502119218739133
3633 0.04832265037841383
4150 0.30735798746658377
4294 0.26551138650139994
4452 0.09803391120312414
4624 0.31234831366837856
4808 0.09744246099676743
6235 0.11494277759367907
7201 0.051433710642738106
7316 0.16441583436966922
8673 0.0860519883179078
8886 0.17775211230594365
8923 0.17180012934858693
8997 0.043682607817295875
10333 0.18884921524026108
10386 0.11741931382621944
10387 0.17180012934858693
10950 0.21552135373963752
11003 0.08234850819708377
11071 0.18733405012778673
11200 0.13403622886599845
12280 0.21608319793651304
12288 0.15703153939075154
12582 0.1222694383129233
12903 0.08950936825728709
13965 0.15367899373329189
