194 0.040430896747797616
1012 0.08625532307237305
1099 0.05158120220710419
1318 0.04951761193390706
1319 0.026943313795968118
1349 0.10872552008835099
1350 0.07721460418337844
1397 0.04381885214425141
1458 0.04007006088524189
1615 0.07192969374860005
1653 0.05888599760219982
1689 0.03364924146594704
1718 0.04353989496390681
1882 0.07442168437132465
2114 0.10641330610847624
2204 0.10094772439784111
2597 0.044531313462024005
2599 0.08407409577160377
2736 0.059176213192768265
2965 0.04079744528821587
3010 0.03392216996095921
3092 0.06136451995051037
3137 0.04969779312252879
3151 0.1211597302372115
3179 0.12477407174493275
3208 0.054064275762170565
3236 0.05158120220710419
3249 0.05258366033314877
3281 0.09797066360951237
3291 0.09386457058568677
3422 0.09267696843176924
3467 0.08108243511791968
3633 0.0202318441552941
3666 0.05450530178020165
3699 0.13525950772737189
3734 0.03812519554304234
3758 0.04258919154845357
3763 0.07192969374860005
3789 0.05080935853852319
3790 0.09083251108581182
3852 0.056358543869123826
3890 0.06685791019510494
3940 0.055881142092018304
3984 0.02921784468426053
4062 0.1026509567499469
4219 0.03845675012361991
4298 0.0664814276579288
4404 0.04969779312252879
4478 0.08751048877126447
4566 0.07100344359986809
4747 0.049161402355837
4757 0.1111649495854641
4817 0.051385815681436055
4881 0.04180426329863232
4887 0.053418098961151655
4899 0.05197699245844028
5002 0.06029224445232718
5247 0.025373005971954733
5344 0.08407409577160377
5551 0.03684450970690663
5663 0.0390201152866033
5844 0.11369199388959524
6067 0.11781082568778752
6090 0.10872552008835099
6182 0.16216487023583936
6310 0.032936780148174444
6315 0.030444789525449847
6681 0.04395960130650112
6723 0.057343933681908585
6752 0.16418701681902015
6813 0.03157443629018701
7153 0.06334312039631532
7865 0.032936780148174444
7891 0.1560804611464132
8020 0.0749539645004755
8202 0.05006241744388187
8250 0.031409644378229164
8346 0.0688380192638553
8666 0.07192969374860005
8744 0.027167525440069663
8996 0.025436352566568458
8997 0.03657827982262969
9431 0.14598910306201926
9496 0.10012483488776373
9497 0.03780563467442357
9528 0.06468570899210731
9765 0.08571372237462403
9783 0.03543475118314679
9898 0.07843347327775117
9900 0.10093512257701878
9918 0.06762975386368594
10040 0.049161402355837
10156 0.03779832188961999
10180 0.07390136661179582
10415 0.16977314184087405
10445 0.050620352053096146
10460 0.04541625554290591
10516 0.027770300487669663
10568 0.08407409577160377
10575 0.05099992065037527
10598 0.23670485277107306
10749 0.07240709552570557
10754 0.13605108823004405
10797 0.057343933681908585
10992 0.0688380192638553
10999 0.05664471331280409
11000 0.009387800909986711
11003 0.03447787261703267
11089 0.14598910306201926
11176 0.12477407174493275
11311 0.10086575200269411
11576 0.04863715733552555
11708 0.08252997931451055
11875 0.05684599694479762
11930 0.062074136204696
11957 0.0411698903040829
12018 0.13660130215203256
12231 0.05890541284389376
12249 0.09784344809227404
12335 0.049338822119696875
12370 0.12477407174493275
12382 0.2053019134998938
12429 0.259881102810875
12666 0.05472900560634005
12667 0.07781268057340919
12735 0.03633111470595483
12768 0.1085674773867276
12877 0.03174040951625459
12891 0.10872552008835099
13480 0.03533726402485432
13681 0.09511639792888234
13700 0.13525950772737189
13754 0.029823190691714605
13806 0.15961995916271435
13872 0.042062960580901684
13874 0.02468739780294966
14170 0.03504724145329963
14171 0.09903522386781412
14198 0.058637743205035314
14236 0.11698367423360052
