79 0.04112866405813852
995 0.05431856044424368
1001 0.12415453305696247
1099 0.09900239441328809
1350 0.1482018714324557
1458 0.038454241101216646
1653 0.22604571086286107
1689 0.0322923403563172
1755 0.11974257418279394
2064 0.05601924403545836
2176 0.049501197206644046
2204 0.161461701781586
2213 0.14010211223225008
2599 0.08068381923419465
2643 0.10929932026769781
2940 0.047349240792884585
3010 0.032554263046693135
3092 0.20611501394979345
3130 0.06304920621417405
3250 0.07353838623596555
3274 0.1043411782005178
3391 0.0822716029425308
3633 0.019415997776945314
3648 0.0434410350325943
3790 0.043584851182609526
3819 0.09389792428542171
3919 0.07849652830314557
4052 0.058986247164885645
4128 0.11974257418279394
4384 0.039034418125129706
4404 0.04769373633859333
4459 0.07849652830314557
4827 0.035358759837755396
4887 0.05126402134760259
5169 0.14010211223225008
5412 0.07298972829576583
5775 0.09389792428542171
5798 0.03856907090514149
5800 0.06380057308205046
6067 0.11306012008082927
6109 0.027754769538042512
6182 0.07781279689162161
6310 0.1264344357791729
6315 0.029217107506782768
6546 0.12470071624997395
6645 0.07587944606864369
6681 0.0421869363312136
6723 0.05503154731438035
6752 0.10504413171935878
6813 0.06060240283712892
6821 0.04602230820599134
6851 0.061748082469038026
6862 0.06017156912239742
6866 0.12737871560876862
6992 0.08785568830645998
6995 0.13541755768468147
7242 0.0329977811174982
7342 0.05601924403545836
7423 0.06416187401185017
7641 0.06814023934292512
8115 0.038226346615171776
8202 0.048043657233518715
8235 0.1906638781842576
8605 0.11569147714158493
8658 0.02651620956517555
8683 0.12482280181869096
8744 0.039107997978385246
8997 0.05265489845631459
9084 0.0953319390921288
9150 0.05678994040185799
9496 0.24021828616759358
9625 0.13109287312386106
9783 0.03400584963573665
9813 0.13628047868585025
9902 0.015381113445398657
9918 0.06490259318892018
10567 0.0667957063666199
10598 0.05678994040185799
10664 0.1530107787307857
10970 0.08311017482461687
10992 0.06606213545029674
10999 0.02718026145603042
11232 0.04232283594511224
11245 0.057319001529727805
11255 0.027684119184062564
11262 0.0466758705462051
11328 0.06566885938531082
11359 0.037337447378372884
11499 0.14010211223225008
11912 0.06606213545029674
12335 0.047349240792884585
12365 0.12470071624997395
12523 0.04315616552031864
12667 0.11201234213511864
12670 0.08311017482461687
12810 0.05841648472640178
12834 0.01841773391931658
12865 0.05508697771269842
12900 0.1562842628241831
13261 0.06606213545029674
13480 0.03391229363391306
13510 0.12470071624997395
13806 0.3574277137779484
13822 0.03648274517426706
13874 0.023691881826561425
14170 0.1345358647332739
