12 0.025687556345804316
13 0.029666713929457095
49 0.04997348977628982
256 0.05609064506855646
307 0.038166661973301506
340 0.035607527091442076
421 0.04632990837029053
451 0.02859364292212105
483 0.020523830657375227
556 0.02165358245540254
728 0.049924612152720906
960 0.01930542280055554
976 0.01882071197230935
995 0.021746732051136548
1002 0.019668563225794827
1091 0.02583459614163039
1192 0.04494643512855187
1292 0.0479395929231132
1336 0.03436424606652299
1403 0.027636192272711708
1460 0.02165358245540254
1464 0.049924612152720906
1550 0.01848997852320058
1566 0.06132777233003333
1567 0.04803714414282912
1603 0.0951268213891064
1604 0.015258855579419696
1667 0.037053247562987696
1687 0.05609064506855646
1703 0.028393731023489816
1718 0.03345702855240142
1895 0.0479395929231132
1901 0.023615465897952003
1919 0.04655092251954191
1940 0.06911122535275686
1942 0.017565718364908698
1947 0.04177356000727764
1959 0.08480770728460069
2088 0.05609064506855646
2091 0.04092570875379216
2105 0.052581772325207374
2137 0.022841438347069056
2204 0.012928414657707549
2311 0.06256925735238406
2337 0.1424301083657683
2340 0.025260480489378668
2341 0.03362250786183437
2371 0.022032180234851876
2382 0.04970594473127024
2400 0.036063817112415374
2425 0.033140259171746615
2429 0.043758579236885344
2478 0.035607527091442076
2515 0.1708432643390746
2540 0.05609064506855646
2558 0.013614427447109808
2563 0.043758579236885344
2565 0.017334648097785982
2597 0.017109428343935397
2609 0.0429403187137523
2736 0.022736162501708866
2779 0.031426513405214226
2821 0.03062935006727304
2852 0.024463317151437482
2927 0.014357797741539668
2929 0.023968984142578028
2940 0.018956526902154405
2945 0.05609064506855646
2969 0.026290886162603687
3014 0.032000629057465944
3039 0.1257060536208569
3130 0.03786314058296619
3137 0.03818889514708622
3150 0.022227698107654254
3151 0.023275461259770956
3232 0.025687556345804316
3241 0.029441494175606514
3359 0.10496749406916066
3365 0.04092570875379216
3389 0.04631771411874477
3399 0.05609064506855646
3432 0.01743409514677778
3527 0.019521523429968757
3536 0.02859364292212105
3544 0.06256925735238406
3606 0.020124853246768125
3633 0.023319901947370457
3734 0.014648126240392289
3758 0.01636324339828458
3786 0.018046684421426405
3789 0.09760761714984378
3832 0.02373175128074426
3841 0.015627642279116796
3984 0.011225822485921085
3985 0.01902521994704883
4028 0.02373175128074426
4126 0.04177356000727764
4178 0.05609064506855646
4186 0.05609064506855646
4219 0.029551026431853106
4267 0.03759254632104979
4268 0.04494643512855187
4272 0.04271081608476865
4383 0.03202476276188609
4384 0.015627642279116796
4414 0.03230220726393183
4489 0.023094425922799523
4493 0.11519260358744209
4577 0.012487775377940031
4586 0.02800690029101447
4593 0.054560633226352004
4791 0.05609064506855646
4835 0.023849576912022677
4881 0.016061665191818696
4885 0.056396426301374876
4899 0.01997014143226071
4912 0.08185141750758432
4922 0.014522537729388241
4924 0.0958791858462264
4928 0.01611122356573114
4981 0.035607527091442076
4984 0.03759254632104979
5038 0.05491294989199762
5070 0.026136174348096272
5208 0.027819615371238095
5222 0.05609064506855646
5297 0.026136174348096272
5374 0.025122559817989963
5390 0.014398697607195312
5395 0.0347596758379566
5432 0.038166661973301506
5520 0.022327092494876476
5528 0.020772099006431996
5539 0.04092570875379216
5548 0.023500681013621537
5551 0.028312144856690213
5561 0.04494643512855187
5689 0.061183262894694126
5782 0.05609064506855646
5800 0.02554290754719991
5829 0.03088721464715213
5903 0.020523830657375227
5962 0.017923983095254958
6021 0.04631771411874477
6044 0.014904750914337309
6054 0.026608623692513336
6062 0.024090016011090516
6072 0.05759630179372104
6108 0.04015168120290922
6109 0.011111773422353654
6133 0.03759254632104979
6245 0.022054372097262305
6263 0.0387804022127163
6278 0.014398697607195312
6412 0.023500681013621537
6429 0.020772099006431996
6430 0.039439644879268786
6519 0.052175566205269926
6528 0.01930542280055554
6591 0.032937885134956955
6606 0.011697228407064459
6629 0.021561398157820377
6655 0.03230220726393183
6737 0.02373175128074426
6771 0.03436424606652299
6866 0.03399784253861941
7064 0.025260480489378668
7099 0.010171684768780881
7257 0.2192686990135985
7258 0.05609064506855646
7276 0.027819615371238095
7284 0.14659082292233477
7422 0.015395365241984817
7460 0.11218129013711292
7468 0.022975816082040728
7479 0.06121650576416236
7533 0.01989378297964541
7558 0.035607527091442076
7633 0.028879572774900553
7671 0.014481065835581695
7693 0.014276557860842216
7718 0.018753574256575218
7862 0.01516899920823965
7865 0.025309358112947586
7892 0.022327092494876476
7978 0.043758579236885344
8081 0.04092570875379216
8153 0.03654478316893308
8180 0.22436258027422584
8191 0.16827193520566938
8239 0.05609064506855646
8244 0.03791305380430881
8268 0.11172480044206876
8284 0.21104102507244105
8294 0.03037875025309753
8345 0.026938131922267558
8442 0.035607527091442076
8463 0.055083159012255516
8507 0.02989778419657981
8613 0.05609064506855646
8658 0.021231818358572328
8659 0.03759254632104979
8662 0.05563923074247619
8689 0.02485297236563512
8697 0.03759254632104979
8715 0.050520960978757336
8744 0.010438066916559961
8795 0.015258855579419696
8805 0.05609064506855646
8872 0.048926634302874965
8876 0.04092570875379216
8904 0.10496749406916066
8956 0.049924612152720906
8975 0.037053247562987696
8996 0.03909172379924676
9105 0.094333669994327
9126 0.0376414239446187
9129 0.07410649512597539
9134 0.01997014143226071
9161 0.05248374703458033
9201 0.0347596758379566
9204 0.016261577090449925
9423 0.035607527091442076
9446 0.04177356000727764
9497 0.0726267369152118
9647 0.01882071197230935
9652 0.013210841715528793
9662 0.04015168120290922
9684 0.035607527091442076
9708 0.015866147319016317
9719 0.2475914658180423
9720 0.038166661973301506
9721 0.038166661973301506
9730 0.08639445269058156
9821 0.029441494175606514
9827 0.010832888353474145
9902 0.02463165076611784
9916 0.02879815089686052
9918 0.025984107309915645
9933 0.05609064506855646
9954 0.039439644879268786
9974 0.03088721464715213
10040 0.07555344098366867
10091 0.027636192272711708
10110 0.04970594473127024
10167 0.0387804022127163
10209 0.024090016011090516
10242 0.019164218167358926
10371 0.027819615371238095
10451 0.020124853246768125
10459 0.050245119635979926
10493 0.02373175128074426
10516 0.010669659826866086
10524 0.032614369296880746
10600 0.031426513405214226
10628 0.017863261322900018
10732 0.015080041415823428
10745 0.03062935006727304
10752 0.025984107309915645
10755 0.0775608044254326
10786 0.10963434950679925
10915 0.05609064506855646
10936 0.029007471262904615
10999 0.02176353195408613
11000 0.05771036854361809
11006 0.05609064506855646
11108 0.02137984685416878
11150 0.026608623692513336
11239 0.04494643512855187
11320 0.026771852219121397
11325 0.018171101905625677
11331 0.05563923074247619
11336 0.05491294989199762
11338 0.11264638157060067
11339 0.09636006404436206
11365 0.027531694720391575
11420 0.04494643512855187
11453 0.05609064506855646
11478 0.03517350417874018
11512 0.037053247562987696
11528 0.037053247562987696
11531 0.09600188717239784
11532 0.04631771411874477
11619 0.05609064506855646
11634 0.023164954185145265
11692 0.05609064506855646
11714 0.019164218167358926
11716 0.039439644879268786
11726 0.032937885134956955
11815 0.02147015935687615
11869 0.026290886162603687
11876 0.019376874631364355
11900 0.04177356000727764
11920 0.0479395929231132
11955 0.023615465897952003
11976 0.053543704438242794
12021 0.02745647494599881
12057 0.017054003210682837
12092 0.032614369296880746
12117 0.05566544644644304
12127 0.0387804022127163
12164 0.03327361196343323
12173 0.04970594473127024
12175 0.016261577090449925
12212 0.038166661973301506
12231 0.1810569438481997
12234 0.07887928975853757
12262 0.026771852219121397
12310 0.09984922430544181
12311 0.049924612152720906
12328 0.02165358245540254
12354 0.030071787810629223
12378 0.012389115899645456
12391 0.038166661973301506
12455 0.037053247562987696
12462 0.05609064506855646
12523 0.017277806338189216
12610 0.024090016011090516
12614 0.041047661314750454
12735 0.013958820330932568
12770 0.05601380058202894
12794 0.03654478316893308
12807 0.014276557860842216
12834 0.007373640266914543
12877 0.04878008035299845
12948 0.02028230346520963
12961 0.03362250786183437
12994 0.024463317151437482
13079 0.012756345364308447
13088 0.050507078228104935
13112 0.04818499557545608
13315 0.0479395929231132
13324 0.03362250786183437
13435 0.05248374703458033
13526 0.0347596758379566
13614 0.0417128382349227
13616 0.01823396934120278
13676 0.017334648097785982
13705 0.03037875025309753
13709 0.02137984685416878
13723 0.047743876187977895
13728 0.028198213150687438
13735 0.04631771411874477
13757 0.04177356000727764
13761 0.021290442030163247
13770 0.024721181731316575
13787 0.030975099079133955
13806 0.020442590776677774
13810 0.037053247562987696
13827 0.021290442030163247
13832 0.020124853246768125
13851 0.03230220726393183
13872 0.08080529789520459
13878 0.038166661973301506
14016 0.07121505418288415
14041 0.03609336884285281
14044 0.0571872858442421
14047 0.04092570875379216
14060 0.021936009513223782
14062 0.03299750416986093
14065 0.12719771333937974
14076 0.026938131922267558
14109 0.04015168120290922
14113 0.02745647494599881
14163 0.014378915196595283
14198 0.022529276314120137
14211 0.02373175128074426
14212 0.018956526902154405
