1010 0.1248696326058343
1550 0.18380585750887476
2575 0.09222685237180879
2848 0.07584289594658308
2935 0.13389378552946277
2940 0.1884437387673836
3044 0.10283085140706963
3437 0.14212236780070847
3921 0.217498445709755
4117 0.19603153507678253
4384 0.07767592013021421
4489 0.05739447932685551
4492 0.1151395136238751
5279 0.10762736382739317
5537 0.4423679389161172
5551 0.07036160232378992
5689 0.05068440221748267
5823 0.29491195927741143
6890 0.1347360086324976
6891 0.16711793043428588
7418 0.08504101679452172
7706 0.22340258644444472
7749 0.21229062450002878
8250 0.11996538558678913
8517 0.17461793818582294
9105 0.07814630090704724
9676 0.12222912418817856
9902 0.030607402310152406
9905 0.07075994173883637
10040 0.09388305258389194
10209 0.11973745790902511
10489 0.12695893667729108
10797 0.10950915318197042
10925 0.14633654323880668
10930 0.07156755096769583
11000 0.017927792215934348
12017 0.12287461559395127
12064 0.028789534758169897
12611 0.08210114788318526
12695 0.098504120856816
12877 0.06061435176482487
13629 0.22340258644444472
13661 0.15484233880691659
13872 0.16065445454413882
14041 0.08969957161145882
