11 0.024217928825885294
68 0.0401259724308227
79 0.022777499954444887
337 0.051699206068886894
818 0.04701227397076465
920 0.030212424730811517
1024 0.03927698688143638
1029 0.041037901389522916
1133 0.022849251817743155
1255 0.051699206068886894
1397 0.023288777457528814
1458 0.021296375532476215
1479 0.03798048257104102
1653 0.01564832060191379
1672 0.04272621739977297
1770 0.04072635538980518
1848 0.04168570409771025
2046 0.032667223039674564
2182 0.12970610314161013
2357 0.04135754039163082
2359 0.03636812612106671
2384 0.027519027086199355
2648 0.0220146669835062
2657 0.05778527545532406
2693 0.05188355763785888
2793 0.021296375532476215
2831 0.04347222820856932
2848 0.021107542010691985
2965 0.02168296469805208
3044 0.028618455149690712
3110 0.19462172985432857
3137 0.052826616286100886
3165 0.06533444607934913
3170 0.20518950694761456
3184 0.05770127915859823
3215 0.04347222820856932
3227 0.034017113159143554
3232 0.03553354128682975
3308 0.03874188476357096
3321 0.019148348736351017
3333 0.042369513882622674
3442 0.035136558160258576
3494 0.07260065406904297
3512 0.025849603034443447
3515 0.0566124446451354
3606 0.055677332176614545
3633 0.02150558004289771
3648 0.04811623212838872
3666 0.028968395594568146
3721 0.023288777457528814
3742 0.0769656278760104
3799 0.04135754039163082
3882 0.03874188476357096
3897 0.042369513882622674
3928 0.05841468619289881
3974 0.04168570409771025
4028 0.032828080358871393
4052 0.09800166911902371
4150 0.27357405893610826
4283 0.03822908516144487
4294 0.05908177976571941
4383 0.04429978525327011
4612 0.04511538670138682
4624 0.03475198280856344
4634 0.0663147354880835
4685 0.03130695998720433
4762 0.0384828139380052
4817 0.02731045582707158
4826 0.053644846734146254
4827 0.039164128912878335
4913 0.034017113159143554
4943 0.07260065406904297
4978 0.0663147354880835
4991 0.03533344891571795
5161 0.06698679933488218
5255 0.05908177976571941
5260 0.042847787744972644
5689 0.014105779265678525
5793 0.028850639579299116
5921 0.132629470976167
5927 0.07260065406904297
6022 0.046509942603800467
6235 0.07673144222853141
6278 0.01991768734301656
6292 0.05778527545532406
6417 0.09752532407029041
6518 0.05778527545532406
6537 0.04272621739977297
6567 0.04135754039163082
6636 0.03219689535704573
6681 0.023363582610027477
6693 0.030212424730811517
6720 0.053410299439034886
6723 0.030477067396948235
6813 0.016781133784344347
6821 0.02548765312638412
7078 0.03553354128682975
7224 0.05778527545532406
7315 0.19221358210885056
7316 0.2561014866803917
7351 0.046509942603800467
7486 0.02731045582707158
7491 0.01837416833946336
7509 0.055541734003524086
7571 0.03189304264278692
7580 0.014105779265678525
7651 0.03798048257104102
7671 0.020031627135680744
7865 0.01750519024353352
7919 0.07260065406904297
8231 0.05908177976571941
8244 0.026222522775804002
8250 0.016693550427487963
8293 0.022777499954444887
8433 0.01759876795450246
8495 0.132629470976167
8658 0.014684964269908578
8669 0.05678114135966558
8673 0.05744504620905304
8688 0.0222180668159175
8691 0.05524930713800416
8739 0.03533344891571795
8744 0.014438955451473154
8795 0.021107542010691985
8819 0.04865543246358214
8840 0.052795861184759936
8878 0.07147388223848213
8882 0.05055231973295996
8886 0.07910704915923303
8931 0.024794207154847144
8993 0.053644846734146254
8997 0.019440568999026037
9011 0.039553524579616514
9094 0.03454862549003542
9099 0.09405828450525143
9126 0.026034650276292957
9185 0.0663147354880835
9250 0.04426640115200049
9303 0.06906060830684764
9500 0.05939925025737086
9645 0.01991768734301656
9652 0.018274528850199066
9656 0.07260065406904297
9664 0.04925581542256462
9902 0.00851822734399159
9932 0.02741429956308514
10046 0.03874188476357096
10068 0.023667435324286296
10113 0.03349339966744109
10162 0.032667223039674564
10234 0.031024064546857077
10351 0.06906060830684764
10352 0.06906060830684764
10362 0.024963939634681645
10387 0.15291634064577947
10516 0.02951863484953875
10531 0.03219689535704573
10556 0.04511538670138682
10567 0.024661457462239772
10575 0.027105360917904272
10587 0.027731194578184088
10614 0.022494604514097634
10655 0.09205463132017405
10749 0.0384828139380052
10899 0.06906060830684764
10903 0.04556290546239585
10945 0.03636812612106671
10949 0.05263509143328043
10950 0.09591592529601613
10999 0.02257908510721586
11000 0.0299364856233847
11003 0.018324247744870216
11071 0.04168570409771025
11135 0.030477067396948235
11200 0.029825835565235652
11201 0.05908177976571941
11203 0.051255677432532405
11213 0.024963939634681645
11277 0.04988700042439027
11359 0.020677883063689968
11371 0.0261282279872619
11386 0.0401259724308227
11482 0.021296375532476215
11511 0.03034403464515383
11520 0.0384828139380052
11623 0.12928071102543554
11634 0.09613209347721689
11660 0.052795861184759936
11901 0.04988700042439027
11910 0.02805646663586793
11919 0.07855397376287276
11957 0.02188091121342722
11967 0.04272621739977297
12017 0.03419675736701353
12057 0.02359076585700629
12064 0.008012303681077011
12074 0.046027315660087026
12078 0.02700408125407031
12175 0.022494604514097634
12288 0.3494276817580988
12316 0.03494276817580988
12328 0.029953353905245766
12347 0.04701227397076465
12358 0.0605311482740882
12380 0.0663147354880835
12387 0.02873399975158499
12390 0.04468357363452097
12406 0.029328579640575118
12417 0.04168570409771025
12565 0.039553524579616514
12582 0.02720748108648162
12587 0.046509942603800467
12611 0.022849251817743155
12712 0.08853280230400098
12733 0.023067052365303816
12834 0.010199940676779633
12877 0.01686934498424231
12914 0.055541734003524086
12919 0.03475198280856344
12945 0.04988700042439027
13045 0.07260065406904297
13049 0.05200168824132876
13112 0.0222180668159175
13209 0.052795861184759936
13271 0.09616596922475192
13276 0.0621743067669057
13336 0.02630700933058528
13596 0.07273625224213343
13608 0.030611554087385643
13611 0.07260065406904297
13695 0.06439379071409146
13862 0.0769656278760104
13872 0.13413335314425018
13874 0.013120820955000908
14022 0.05908177976571941
14062 0.06086050179304573
14065 0.0251360460722144
14072 0.01842429227716184
14080 0.06407119403628352
14083 0.03553354128682975
14094 0.05055231973295996
14100 0.15838758355427981
14163 0.00994516118855143
