60 0.059214611615248054
68 0.037084432542801735
79 0.021050970465838068
108 0.026993432911366244
116 0.06382582938109334
406 0.06803527970007535
462 0.057461507983832864
501 0.06709754045284098
920 0.027922329578824442
960 0.024680905242264812
962 0.039827087184604267
968 0.02291481170385007
1002 0.02514516000205742
1024 0.072599599822796
1029 0.03792723748693234
1099 0.025336301683606222
1127 0.021944751122126363
1230 0.058133828828785164
1451 0.06287724692160179
1458 0.019682114949409468
1516 0.057461507983832864
1519 0.020222342954262427
1655 0.025828701635911906
1672 0.039487579514804444
1674 0.039827087184604267
1689 0.016528256355535783
1695 0.04610557676055034
1848 0.038525936892267215
1871 0.021386471560876814
1947 0.053405164280681476
1988 0.049578579146239934
2086 0.03580525841641737
2114 0.026134711012444748
2129 0.059214611615248054
2158 0.05133168277765514
2182 0.07991627269407303
2256 0.059214611615248054
2269 0.05133168277765514
2456 0.039487579514804444
2573 0.03792723748693234
2678 0.05042138409037054
2693 0.07192619306431204
2740 0.03443889772556457
2770 0.02721864150508375
2848 0.03901518993411779
2965 0.020039400741231516
3027 0.041695650308647005
3099 0.02880242197387147
3110 0.04496736138039466
3137 0.024411185193128713
3170 0.18963618743466168
3206 0.04496736138039466
3225 0.06931105283036937
3242 0.043932770064239096
3406 0.059214611615248054
3512 0.11945104403907983
3515 0.052321233788042466
3606 0.05145700263903842
3633 0.04968865450984361
3666 0.026772597577591758
3758 0.02091949313627855
3852 0.027682896264876362
3882 0.03580525841641737
3897 0.03915791404582807
3908 0.025433090883494137
3922 0.0487939465148362
3928 0.026993432911366244
3940 0.02744840007379361
3956 0.021454776044529583
3985 0.024322681537585718
4052 0.09057316414678841
4069 0.07170875821868626
4071 0.03822264792295741
4150 0.15802325338605763
4171 0.05042138409037054
4262 0.025828701635911906
4308 0.057461507983832864
4452 0.08064413861201156
4463 0.04805997170590749
4542 0.026134711012444748
4555 0.03681682814102392
4660 0.028543941248749597
4685 0.11573559721372396
4817 0.025240329279951044
4821 0.049578579146239934
4827 0.09048874138010826
4886 0.061288093118274406
4922 0.01856625370390399
4928 0.020597299850449866
5051 0.027922329578824442
5161 0.061909214673248024
5181 0.038525936892267215
5208 0.035565825102469285
5223 0.01840793102158769
5260 0.05939990228185031
5434 0.03443889772556457
5520 0.028543941248749597
5689 0.026073128597371244
5706 0.053405164280681476
5880 0.05594290054350041
5932 0.04805997170590749
6022 0.12895349754080881
6044 0.01905489192216672
6109 0.014205781957944754
6154 0.023555694623207973
6235 0.04727681051869974
6278 0.01840793102158769
6466 0.06709754045284098
6485 0.05042138409037054
6488 0.05513008757400478
6496 0.042109247245964584
6498 0.059214611615248054
6518 0.053405164280681476
6636 0.029756377767902693
6693 0.027922329578824442
6696 0.03229411403072164
6775 0.018355642826757827
6871 0.061288093118274406
7201 0.010577531895592886
7224 0.053405164280681476
7255 0.14873573743871982
7315 0.23685844646099222
7316 0.20287632882632453
7417 0.06709754045284098
7471 0.04805997170590749
7580 0.013036564298685622
7633 0.018460460733185812
7649 0.027105479752102712
7651 0.03510157034267668
7671 0.01851323420301913
7751 0.03422631840837166
7851 0.025336301683606222
7876 0.049578579146239934
7892 0.028543941248749597
8085 0.031438623460800896
8097 0.021050970465838068
8115 0.01956547123620068
8122 0.03321923052119915
8124 0.018355642826757827
8131 0.03822264792295741
8231 0.05460339384940279
8250 0.015428182975386243
8293 0.021050970465838068
8306 0.02804396349059582
8495 0.24515237247309762
8571 0.059214611615248054
8673 0.01769690811215794
8691 0.02553071090212382
8744 0.006672242901425145
8819 0.17986944552157863
8878 0.06605617767930069
8886 0.07311075222571323
8893 0.24890934515225363
8923 0.07066265782277306
8997 0.026950467214756132
9094 0.015964923636935652
9303 0.06382582938109334
9497 0.018569845689239785
9523 0.044438304950449536
9555 0.05460339384940279
9695 0.0668272794794335
9699 0.08993472276078932
9708 0.02028398355146032
9765 0.021050970465838068
9783 0.017405285407172594
9827 0.041547728902021616
9902 0.00787254758416402
9908 0.030490352576831407
9932 0.025336301683606222
9949 0.03321923052119915
9957 0.03229411403072164
10003 0.026772597577591758
10048 0.027332940581166063
10113 0.030954607336624012
10156 0.01856625370390399
10162 0.030191054715596136
10180 0.036299799911398
10206 0.06382582938109334
10321 0.11842922323049611
10386 0.07244314215141069
10387 0.03533132891138653
10400 0.06709754045284098
10461 0.04017704286831456
10493 0.03033971908536449
10516 0.040921693227019655
10567 0.022792124408755526
10587 0.051258352252468616
10600 0.04017704286831456
10614 0.020789518437670764
10616 0.02816691238905325
10628 0.02283718230794833
10655 0.042538455252777614
10749 0.035565825102469285
10755 0.049578579146239934
10856 0.03443889772556457
10881 0.05460339384940279
10908 0.05594290054350041
10924 0.019507594967058894
10949 0.024322681537585718
10950 0.1329682788704789
10999 0.00695586514013494
11000 0.06455704872183385
11003 0.016935273794641686
11071 0.07705187378453443
11097 0.01985935483294822
11102 0.03160465067721152
11200 0.02756504378700239
11201 0.05460339384940279
11207 0.16021549284204442
11208 0.052321233788042466
11213 0.023071678499031086
11252 0.045522235443088546
11369 0.039487579514804444
11378 0.04053811009403401
11389 0.061288093118274406
11482 0.019682114949409468
11512 0.047370508352397374
11520 0.035565825102469285
11553 0.041695650308647005
11623 0.039827087184604267
11648 0.039827087184604267
11842 0.025629176126234308
11866 0.034876361748959174
11869 0.06722286031422428
11902 0.13419508090568197
12007 0.03381272147105409
12017 0.03160465067721152
12023 0.022683495342884958
12260 0.07170875821868626
12288 0.29064702627649475
12290 0.06382582938109334
12333 0.02780198282254555
12390 0.04129656857730968
12406 0.027105479752102712
12407 0.05608792698119164
12553 0.053405164280681476
12807 0.0730071286994073
12809 0.059214611615248054
12834 0.009426787416074053
12877 0.015590652343389412
12915 0.037084432542801735
12963 0.03533132891138653
13079 0.01630827537043327
13104 0.06382582938109334
13112 0.020533942236212147
13146 0.059214611615248054
13184 0.0429844991802696
13344 0.03792723748693234
13407 0.06709754045284098
13608 0.02829120501792421
13695 0.05951275553580539
13761 0.02721864150508375
13787 0.019799967427283436
13806 0.026134711012444748
13832 0.05145700263903842
13858 0.03033971908536449
13862 0.035565825102469285
13872 0.04132202482231334
13874 0.012126265611401019
13912 0.043746897860619534
13919 0.025433090883494137
14062 0.01406182228453344
14072 0.017027734973381742
14107 0.041695650308647005
14110 0.036555376112856613
