406 0.10490877170732504
1230 0.08964097162468164
1397 0.06637742210528916
2182 0.06161448916446181
2558 0.053677066408235365
2693 0.07393897794619772
3108 0.17252522537236442
3181 0.11521178076178977
3236 0.07813594067521461
3512 0.07367625952030048
3633 0.030647486041931016
4052 0.09310776646247333
4150 0.0974672286908131
4221 0.16469896830623296
4452 0.062175665070221126
4685 0.08923075939446784
4827 0.05581258872383788
5391 0.09133155169178545
6022 0.13256213633091332
6068 0.09005603855015722
6109 0.04380995104069257
6497 0.1285873881521931
6528 0.07611472944640553
6775 0.056607923164058147
6789 0.07725540708373675
7316 0.31283043972901475
7491 0.052369856250565734
7536 0.09356624025718088
7732 0.10825156142172516
7876 0.15289796306138126
8744 0.020576877479072237
8885 0.15047819361338527
8893 0.2878591862359386
8997 0.05540929989857341
9092 0.22114637519074076
9094 0.04923505970830321
9699 0.13867718836853354
9922 0.16135617859183285
10156 0.05725743702001667
10234 0.08842445386426832
10322 0.11117598340166299
10386 0.07447039335304566
10493 0.09356624025718088
10516 0.04206684719610101
10587 0.07903915142634335
10949 0.07500998470162014
10950 0.20503390114413764
10999 0.021451554876537056
11003 0.2611378655537652
11102 0.0974672286908131
11200 0.08500927455582577
11325 0.07164248716945802
11866 0.10755702890715356
12280 0.13704560368264468
12288 0.09959350064479991
12316 0.09959350064479991
12406 0.0835920010872746
12582 0.07754646888582076
12603 0.22114637519074076
12611 0.06512469087148547
12865 0.04347645173679309
13022 0.07783996637982994
13122 0.10185704379500893
13344 0.11696578353308887
13786 0.09491125155565516
13787 0.06106215104276405
13915 0.18900954321542113
13971 0.11117598340166299
14072 0.05251271895670214
14110 0.1127350287734565
14116 0.11436661345934537
14178 0.0974672286908131
