194 0.10809097004488637
336 0.17201854634078362
548 0.1757711739220012
1107 0.10281313945534276
2204 0.17992077563933612
3027 0.22694207976165887
3092 0.08202823856671895
3103 0.21677181983293295
3915 0.11566589109101742
4747 0.13143175385292058
4970 0.1379010269652512
6235 0.12865967581978865
6412 0.16352587954404135
6813 0.08441344916280365
7201 0.057571642829931095
7479 0.10649141339665029
7491 0.09242682556282872
9126 0.13096103373059978
9645 0.10019112591420393
11003 0.09217571204284734
11138 0.1611897759697963
11213 0.12557508189473218
11255 0.07712275018670119
11325 0.12644082185020622
12023 0.12346226935596295
12588 0.2615819600243343
12610 0.16762667661248978
12768 0.1451261892515023
12865 0.07673098053852129
13480 0.09447327302694158
13552 0.390298139177834
13764 0.21867656697316776
13877 0.390298139177834
14090 0.1475303515437443
14170 0.18739581017533916
