59 0.0716006425690211
60 0.05912533345225255
63 0.1432012851380422
79 0.021019231813481882
114 0.0716006425690211
116 0.06372959886225056
149 0.03139122329261395
336 0.03155700018896869
370 0.04338324603871149
406 0.10189905385823003
421 0.029570449808717477
458 0.047987511448709504
484 0.041632785570317785
501 0.06699637715902308
920 0.027880230944326085
960 0.024643693719281046
962 0.119301119064435
1024 0.03624507052341769
1088 0.06372959886225056
1099 0.025298102016164177
1133 0.021085444920747032
1141 0.0716006425690211
1290 0.04489956386709031
1319 0.013214401213976504
1397 0.021491042169308142
1617 0.0429196912381179
1625 0.03877898062871349
1655 0.051579519149249596
1657 0.03206936600119661
1672 0.07885608779147844
1674 0.039767039688145
1703 0.03624507052341769
1848 0.07693570229308665
1940 0.02205540753695046
2048 0.05452106804225456
2095 0.03336326182971138
2114 0.05219061515861231
2128 0.05452106804225456
2182 0.0598468369006597
2308 0.06372959886225056
2340 0.032245424035168446
2357 0.038165019447513576
2428 0.041632785570317785
2462 0.028890275520252414
2558 0.01737904337222248
2604 0.04047699058481523
2605 0.08326557114063557
2608 0.03316914572293471
2854 0.04950382927708832
3090 0.03650026139137248
3137 0.024374380328397918
3170 0.11361016320979478
3308 0.07150254930219323
3392 0.06699637715902308
3512 0.07156256826527911
3515 0.1567270464147406
3521 0.03758255763664317
3527 0.04983909954337546
3633 0.0396909909436172
3648 0.022200993065978374
3738 0.03189599598137447
3758 0.020887952712942845
3897 0.03909887546502199
3938 0.03316914572293471
3956 0.04284485714500781
3991 0.026303671511944952
4011 0.06699637715902308
4063 0.055858555155480036
4150 0.12622800075587476
4221 0.053324645050184236
4450 0.03014553551298076
4452 0.04026127552255233
4630 0.07249014104683538
4660 0.02850090540726003
4661 0.05034536352003347
4685 0.11556110208100966
4702 0.032245424035168446
4747 0.024111306422485185
4771 0.05912533345225255
4788 0.04386653240938248
4821 0.04950382927708832
4824 0.03650026139137248
4827 0.07228184884550823
4899 0.025492218122940852
4922 0.018538261271307064
4928 0.0205662451995258
4933 0.047299087602509754
4954 0.05452106804225456
4991 0.03260594687804471
5154 0.047987511448709504
5160 0.03846785114654332
5161 0.030907936921942963
5185 0.038165019447513576
5253 0.06699637715902308
5260 0.01977011491839991
5626 0.05737487298385885
5780 0.0460360631542841
5945 0.038165019447513576
6022 0.0858393824762358
6044 0.019026162767309764
6067 0.028890275520252414
6109 0.014184363830179927
6310 0.03230781713566683
6315 0.014931706868387008
6417 0.05999802139298879
6528 0.024643693719281046
6583 0.053324645050184236
6619 0.04047699058481523
6636 0.05942302785974529
6693 0.027880230944326085
6720 0.04928738743856209
6733 0.047987511448709504
6734 0.0307513066356054
6737 0.030293975740743048
6752 0.026841948380988325
6779 0.05452106804225456
6871 0.12239137751390955
7242 0.016863859464503642
7255 0.24751914638544156
7316 0.16880870931773628
7351 0.0858393824762358
7422 0.03930488025458021
7580 0.013016909006172316
7751 0.03417471521871548
8042 0.03758255763664317
8131 0.038165019447513576
8154 0.10873521157025307
8231 0.05452106804225456
8250 0.09242953096534527
8253 0.0716006425690211
8292 0.04950382927708832
8306 0.05600336293609339
8495 0.30597844378477385
8498 0.03787005440326493
8658 0.013551384865733379
8669 0.026199011639993247
8673 0.017670226396212227
8691 0.050984436245881705
8744 0.006662183127780599
8819 0.04489956386709031
8878 0.03297829222664517
8885 0.09744075928037246
8886 0.03650026139137248
8893 0.24853406330067282
8977 0.04950382927708832
8995 0.02428601011025441
8997 0.017939889241302662
9094 0.03188170648511023
9126 0.024024952274603942
9487 0.055858555155480036
9497 0.01854184784098879
9533 0.03279059347845826
9634 0.0716006425690211
9690 0.04950382927708832
9695 0.13345304731884552
9699 0.04489956386709031
9770 0.04950382927708832
9784 0.03122783175825146
9939 0.05912533345225255
9949 0.03316914572293471
9959 0.039767039688145
10032 0.04386653240938248
10037 0.02862921768460195
10068 0.021840470223102117
10072 0.03909887546502199
10113 0.06181587384388593
10234 0.02862921768460195
10260 0.03758255763664317
10351 0.06372959886225056
10382 0.029157476453549252
10386 0.04822261284497037
10387 0.03527805969192607
10451 0.02568971033074504
10452 0.06372959886225056
10479 0.0716006425690211
10499 0.022274491806210234
10516 0.013619998462537615
10567 0.01137888030499117
10580 0.0408493359334157
10587 0.07677160467163686
10604 0.0429196912381179
10614 0.020758173977831418
10655 0.08494863962652588
10749 0.03551220233194097
10856 0.03438697402901976
10874 0.06699637715902308
10949 0.02428601011025441
10950 0.11063983494861936
11000 0.023021327049990038
11003 0.11836818278968167
11071 0.07693570229308665
11097 0.019829412785379252
11135 0.028124444995841425
11184 0.0716006425690211
11200 0.11009393533624252
11232 0.043259051569327384
11252 0.0909072026868274
11268 0.06372959886225056
11307 0.0716006425690211
11317 0.024463443653370002
11371 0.024111306422485185
11577 0.03909887546502199
11623 0.039767039688145
11636 0.029293472279274434
11722 0.03787005440326493
11869 0.03356075403751557
11910 0.02589069815677673
12064 0.01478761661897905
12280 0.266227830588858
12288 0.09673627210550532
12316 0.032245424035168446
12333 0.055520131270894495
12336 0.03846785114654332
12390 0.04123430553648191
12406 0.0811938380583925
12407 0.028001681468046696
12553 0.053324645050184236
12712 0.0408493359334157
12919 0.03206936600119661
13022 0.025202274310576974
13104 0.06372959886225056
13271 0.04437130509814301
13506 0.047987511448709504
13537 0.055858555155480036
13591 0.0460360631542841
13596 0.1342430161500623
13608 0.028248550228100695
13832 0.05137942066149008
13874 0.012107982780723756
13978 0.05737487298385885
14062 0.014040621205480698
14072 0.017002062173089215
14100 0.04872037964018623
14107 0.041632785570317785
14110 0.07300052278274496
14116 0.03702852016031978
