1319 0.07777716077795487
1653 0.08499299191181753
1934 0.3376963245190796
2204 0.09713513650814644
3092 0.17714072479707652
3208 0.1560671378487702
4404 0.28692485826141284
5247 0.07324415919455475
6304 0.18380038959612957
6601 0.2090172854316929
6606 0.0878848573602795
6813 0.09114580435100961
6821 0.13843478486483984
7099 0.07642298106089372
8078 0.18380038959612957
8202 0.28902997752626547
8250 0.09067010016969355
9496 0.14451498876313273
10037 0.16850549871659995
10672 0.20366753858904058
11000 0.05419945788826691
11255 0.16654727817060533
11957 0.11884496471516394
12023 0.13330894494960235
12064 0.04351838636776902
12768 0.15670066065199612
12865 0.16570124806384356
12900 0.15670066065199612
13051 0.18573780511306143
13064 0.18875348153377047
13336 0.07144253649126703
13480 0.10200794476607472
13764 0.23611701437582638
14060 0.16481195374103308
14074 0.2553445780542529
14170 0.10117073771916645
