68 0.1398040997925103
406 0.06412131978575289
462 0.10831168020608165
898 0.13232893444971774
962 0.07507179818344284
968 0.04319311908675099
1033 0.07041862484028068
1107 0.03560595312502445
1458 0.03709966923909433
1716 0.09675730770967064
1786 0.13516693801949714
1940 0.04163596577597711
1963 0.028260957421963214
2129 0.11161618101986795
2172 0.12242033241364658
2179 0.1620466810701124
2182 0.07531881841438823
2605 0.07859393358568702
2848 0.03677070898063323
3110 0.08476092320645248
3130 0.03041413156713294
3170 0.14298137873236905
3308 0.06749087929238205
3325 0.10831168020608165
3512 0.13509506175038313
3679 0.07784168717974758
3758 0.03943205686992109
3881 0.0950414463658137
3956 0.04044103476160085
3985 0.0458468737923579
3986 0.07320655071004147
4071 0.0720475212663374
4149 0.0837636818728747
4150 0.05957297219102188
4171 0.0950414463658137
4188 0.05263200598218474
4191 0.07507179818344284
4463 0.09059031808890519
4685 0.05453875748178975
4747 0.04551707001282174
4827 0.06822645602249548
4922 0.06999266828736964
4928 0.038824740818469025
4990 0.0951531753756074
5125 0.09059031808890519
5181 0.07261920375443287
5247 0.023492106284964107
5528 0.05005649365425474
5613 0.04812394055935296
6022 0.0810233405350562
6230 0.0437886246810262
6285 0.10292429733043611
6310 0.030495178252850898
6417 0.0566318160559872
6446 0.058051992396948304
6528 0.04652210513773707
6720 0.09304421027547415
6733 0.09059031808890519
6775 0.03459934459757344
7255 0.37381122758353735
7316 0.25494024110195884
7564 0.09197381893274614
7668 0.07937354033080692
7892 0.053803708688355364
8115 0.03687980246207423
8124 0.06919868919514688
8433 0.030658196702624433
8673 0.03335766705983005
8744 0.025153598113011214
8819 0.08476092320645248
8893 0.29323748995611754
8997 0.033866733735221456
9301 0.07641203599980889
9307 0.08476092320645248
9497 0.017501552416054965
9589 0.08018257305561638
9886 0.13516693801949714
10628 0.04304679208283968
10732 0.03633980356069585
10749 0.06703956108927601
10949 0.0458468737923579
10950 0.08354588549157979
10999 0.013111410873987175
11000 0.017383767378863726
11071 0.07261920375443287
11200 0.10391708509858327
11325 0.0437886246810262
11378 0.07641203599980889
11623 0.07507179818344284
11648 0.07507179818344284
12280 0.0837636818728747
12288 0.12174514293702113
12347 0.08189843439947332
12390 0.07784168717974758
12406 0.051092290434984526
12503 0.13516693801949714
12584 0.058051992396948304
12865 0.07971976278805612
13022 0.0475765876878037
13112 0.03870531531272234
13591 0.0869063945765347
13912 0.0824604187627775
13913 0.13516693801949714
13971 0.06795190400361763
14055 0.20584859466087221
14107 0.07859393358568702
14110 0.13780961712535478
14113 0.06616446722485887
14116 0.1398040997925103
14163 0.01732511666419866
