981 0.16231912687515967
1099 0.12162778352665955
2384 0.1220924233939415
2424 0.1742584320639553
2558 0.16710933680530743
2659 0.10201654239008243
2940 0.11634028133234069
3039 0.19287126960169462
3443 0.09533551268707285
3467 0.19119129536260585
3761 0.1306640202745989
3786 0.11075638240811421
4130 0.27584593605842644
4489 0.1417354572879087
4974 0.1264623434029574
5247 0.059829208039523206
5689 0.06258247317436531
6158 0.18494507884417768
6807 0.2685558090572058
7284 0.12852277113201072
7468 0.07050376159677615
7479 0.09392471442086915
8268 0.22855970720657462
8744 0.03203033044783037
8996 0.05997857846066799
9105 0.28947300744750093
9719 0.0893836505260204
9902 0.03779243416530633
9905 0.08737070897450394
10362 0.11075638240811421
10567 0.054707186714123425
10924 0.1872937548193483
11000 0.022136308732912408
11272 0.18956147717194338
11714 0.1176149272814052
12064 0.03554782552183588
12232 0.28426177005204895
12378 0.07603466798867667
12834 0.045253615682038194
12865 0.1353524233445957
13710 0.30639807878496134
13997 0.13889817405106666
14212 0.11634028133234069
