638 0.27637500774403656
1319 0.08686084711463789
1653 0.09491942367688676
2204 0.10847966366091676
2935 0.22603231470757587
3092 0.09891459948185832
3130 0.10590060380779111
6304 0.4105333077379555
6813 0.1017908303374033
7475 0.21677277334146267
8250 0.1012595681037117
8795 0.12803391327792257
9533 0.21553899271032606
11255 0.09299926560597968
12023 0.1488782538531945
12768 0.17500191562037232
12822 0.28834330843766487
12824 0.41890713425564
12865 0.0925268461256157
12961 0.2821195359876449
13112 0.13477012332707
14154 0.2916612781765963
14170 0.11298658749691017
