703 0.18047895913396014
1085 0.18719712379942294
1451 0.1842346204318012
2597 0.12818139338176188
2893 0.24434219640210045
3044 0.15499581628756118
3633 0.05823645818845744
3847 0.16727138795208077
4307 0.25745202322215466
5049 0.35384739493437717
6890 0.20308611039941374
7201 0.061985779253968074
7468 0.08606576620436833
8011 0.18719712379942294
8250 0.09041125601337799
8377 0.24434219640210045
8585 0.19466922060822697
9105 0.11778906362442552
9497 0.05441091395588502
9827 0.0811584522629343
12215 0.12145181781787352
12871 0.3591565828800611
12918 0.32783302552468824
13706 0.32783302552468824
