149 0.021430749337898073
319 0.02605521159948277
336 0.021543925020115887
483 0.01788603286095819
513 0.025657565641206314
534 0.0488816701734006
538 0.028704587643954445
556 0.01887058482504204
693 0.03229102863790504
855 0.02815060941835193
914 0.05252390885213556
921 0.04350811836450602
960 0.01682421923907979
968 0.03124065443658159
1002 0.01714068752842607
1008 0.021100810330050953
1037 0.03184791394784011
1047 0.03029223514132505
1085 0.06532607108563442
1086 0.0963371509721268
1091 0.02251423933732065
1131 0.026474362138945533
1175 0.02842265124487428
1217 0.02474446484232956
1249 0.01963373130557168
1307 0.024244136633936618
1310 0.0372214657567347
1336 0.02994762745067832
1375 0.02440735101069715
1394 0.03379620305376886
1397 0.014671907923034255
1401 0.0488816701734006
1403 0.0240842877430317
1428 0.0488816701734006
1451 0.021430749337898073
1461 0.026595463280734304
1545 0.01634329628874561
1653 0.02957528184209302
1655 0.017606636981824294
1689 0.011266807511138548
1718 0.01457850442512857
1756 0.0332613429551098
1838 0.046377572071629
1930 0.10311215232351828
1940 0.01505719946188865
2049 0.025657565641206314
2137 0.01990577313209404
2279 0.09428629022513205
2371 0.01920052383288916
2558 0.02372930285454608
2573 0.025853839328392525
2583 0.045738343869514926
2648 0.013869219521175268
2667 0.024244136633936618
2730 0.015890472897916903
2879 0.03142876340837735
2893 0.05684530248974856
2907 0.024918683332430473
2927 0.025024962104127225
2934 0.02226003962810236
2951 0.046377572071629
2965 0.013660247392907993
2970 0.0488816701734006
3010 0.01135819241860277
3026 0.03276101474671687
3044 0.07211839945166484
3058 0.04350811836450602
3070 0.0488816701734006
3117 0.0306528767498832
3147 0.01895176249397222
3168 0.027387462937822283
3332 0.01439500718281686
3416 0.03640466925899547
3421 0.020284013832311733
3432 0.053176905113714486
3443 0.027075031193267502
3544 0.01817587583547807
3586 0.07133157390043926
3590 0.02347594466247284
3624 0.03437071744117277
3633 0.03387123806694651
3721 0.014671907923034255
3722 0.02333103583505987
3734 0.012765495470163219
3746 0.04018517381547664
3751 0.020284013832311733
3761 0.03710823307139152
3841 0.013619120524322709
3847 0.019457532890406595
3865 0.013954411549328655
3882 0.02440735101069715
3888 0.03142876340837735
3893 0.027387462937822283
3908 0.01733696121561228
3956 0.02925013101062413
3978 0.027887791146215226
3984 0.009783038713697229
3991 0.035914968052330576
4030 0.018400598716230218
4082 0.04350811836450602
4120 0.02691747682901046
4132 0.03437071744117277
4155 0.028704587643954445
4222 0.024244136633936618
4253 0.03103111745010089
4262 0.03521327396364859
4263 0.0488816701734006
4383 0.013954411549328655
4384 0.013619120524322709
4414 0.02815060941835193
4428 0.02440735101069715
4489 0.10063122909555905
4492 0.020187709531174203
4542 0.03563046845383984
4571 0.04177822106789005
4584 0.03437071744117277
4689 0.020784342040704677
4711 0.16015652368954986
4712 0.045738343869514926
4719 0.03916975486266344
4778 0.0306528767498832
4825 0.03813456655561144
4841 0.025853839328392525
4865 0.0488816701734006
4881 0.013997361224540402
4903 0.049148151283567476
4928 0.014040550174943043
4996 0.03640466925899547
5049 0.02058031983058789
5051 0.01903379920180257
5059 0.013219423938723978
5158 0.04198775805437075
5223 0.012548124317365197
5247 0.03398267084912276
5260 0.026994066032294924
5279 0.01887058482504204
5299 0.024574075641783738
5336 0.053385507896516624
5358 0.017538333486702525
5390 0.012548124317365197
5434 0.02347594466247284
5443 0.03916975486266344
5459 0.04785533668918068
5537 0.4136614292542804
5548 0.02048028751949794
5549 0.27443006321708957
5551 0.0740200932844373
5581 0.029617688442831195
5639 0.0488816701734006
5661 0.020784342040704677
5689 0.01777325537556505
5798 0.040370282207186726
5816 0.04037541906234841
5823 0.1292691966419626
5903 0.01788603286095819
5938 0.015257272412344555
6044 0.025978275604455536
6068 0.01990577313209404
6082 0.045738343869514926
6102 0.014719035098843742
6109 0.009683647652994069
6120 0.026474362138945533
6151 0.02333103583505987
6172 0.03640466925899547
6207 0.01887058482504204
6230 0.03167137083028398
6245 0.009609931757980134
6309 0.07833950972532688
6315 0.04077543128542752
6436 0.03499124025172578
6484 0.025279324940988616
6522 0.045738343869514926
6528 0.01682421923907979
6531 0.027887791146215226
6563 0.016057197529003496
6591 0.028704587643954445
6606 0.02038771564271376
6607 0.04177822106789005
6619 0.027633591436996934
6673 0.04177822106789005
6719 0.04350811836450602
6720 0.01682421923907979
6723 0.01920052383288916
6775 0.012512481052063613
6851 0.021543925020115887
6887 0.1958487743133172
6890 0.09449445529353442
6957 0.03499124025172578
7201 0.014420760816752263
7239 0.02815060941835193
7245 0.01578128240909722
7249 0.03379620305376886
7262 0.03437071744117277
7263 0.04350811836450602
7387 0.03229102863790504
7406 0.020381529540053282
7436 0.027887791146215226
7468 0.020022880148986167
7486 0.03441112303654661
7501 0.02626195442606778
7571 0.02009258690773832
7572 0.024574075641783738
7580 0.008886627687782525
7633 0.01258393221727071
7693 0.024883364836050685
7801 0.07833950972532688
7851 0.05181294892326346
7862 0.013219423938723978
7865 0.011028253410755648
7892 0.019457532890406595
8047 0.04350811836450602
8074 0.01855411653569576
8097 0.014349803576335664
8124 0.025024962104127225
8136 0.03916975486266344
8154 0.02474446484232956
8250 0.010516921089022326
8264 0.026994066032294924
8268 0.016227586729549315
8293 0.014349803576335664
8382 0.03437071744117277
8398 0.0488816701734006
8413 0.03379620305376886
8463 0.06400489321419145
8475 0.1330453718204392
8489 0.0488816701734006
8585 0.22644534783315737
8658 0.055509082178504913
8691 0.01740350580056277
8706 0.012765495470163219
8717 0.046377572071629
8733 0.04177822106789005
8744 0.022741320929699722
8795 0.03989319492110145
8875 0.020381529540053282
8878 0.0450284786746413
8996 0.008516878112780244
8997 0.006123770104404832
9028 0.020381529540053282
9105 0.013701593605829494
9129 0.03229102863790504
9134 0.0522105174016883
9163 0.30396950580696624
9204 0.014171579714641313
9260 0.0807295841212407
9265 0.0488816701734006
9270 0.02842265124487428
9312 0.02930122015348492
9324 0.0488816701734006
9359 0.03566578695021963
9383 0.10961274884663595
9402 0.019998617314206647
9458 0.03029223514132505
9497 0.03164624150177461
9500 0.09355367967068562
9579 0.03437071744117277
9722 0.01895176249397222
9725 0.036291224182135824
9757 0.07225286322909509
9758 0.03790352498794444
9781 0.017675547627085127
9796 0.0488816701734006
9827 0.028321817740155127
9828 0.0488816701734006
9842 0.029617688442831195
9880 0.02930122015348492
9902 0.04293180180417381
9905 0.01240652409678263
9932 0.017270982974421156
10002 0.0306528767498832
10054 0.03229102863790504
10096 0.03813456655561144
10110 0.021658777439994965
10162 0.02058031983058789
10167 0.03379620305376886
10354 0.03184791394784011
10361 0.016460759089662873
10362 0.015727258521156376
10377 0.03103111745010089
10420 0.03640466925899547
10432 0.02251423933732065
10446 0.03813456655561144
10480 0.0488816701734006
10489 0.02226003962810236
10508 0.08526795373462283
10509 0.0744429315134694
10516 0.009298356114139678
10567 0.02330504255496042
10595 0.03710823307139152
10628 0.031134819260502915
10678 0.03276101474671687
10745 0.026692753948258312
10762 0.025279324940988616
10797 0.01920052383288916
10806 0.021100810330050953
10930 0.012548124317365197
10999 0.004741600802984318
11000 0.02514661043108532
11094 0.03276101474671687
11108 0.01863203072465914
11133 0.03379620305376886
11135 0.01920052383288916
11138 0.020187709531174203
11248 0.0332613429551098
11255 0.03863599089079129
11272 0.05383495365802092
11274 0.0488816701734006
11320 0.02333103583505987
11505 0.02333103583505987
11561 0.03499124025172578
11582 0.03640466925899547
11600 0.024244136633936618
11714 0.016701162741896765
11734 0.02899716563227819
11756 0.0488816701734006
11797 0.05252390885213556
11876 0.01688648781920778
11955 0.02058031983058789
11957 0.027569907023325308
11975 0.0372214657567347
11976 0.02333103583505987
12023 0.015462645920450931
12064 0.03028646275860568
12151 0.0332613429551098
12175 0.014171579714641313
12215 0.04238297001160647
12325 0.03184791394784011
12328 0.01887058482504204
12354 0.0393102774487711
12378 0.09717139262094054
12403 0.02226003962810236
12448 0.025657565641206314
12465 0.027887791146215226
12513 0.01658002908134458
12523 0.01505719946188865
12558 0.021543925020115887
12584 0.04198775805437075
12585 0.04036479206062035
12611 0.01439500718281686
12614 0.01788603286095819
12648 0.017675547627085127
12686 0.04350811836450602
12764 0.01505719946188865
12787 0.03229102863790504
12798 0.04350811836450602
12807 0.12441682418025342
12810 0.020381529540053282
12865 0.009609931757980134
12869 0.0488816701734006
12877 0.010627671494653284
12881 0.020381529540053282
12903 0.025096248634730395
12910 0.028704587643954445
12959 0.025279324940988616
12966 0.024574075641783738
12993 0.0488816701734006
13022 0.03441112303654661
13079 0.01111685319279144
13112 0.013997361224540402
13116 0.02842265124487428
13219 0.02842265124487428
13323 0.03437071744117277
13332 0.02251423933732065
13336 0.03314678233605364
13337 0.11847075377132478
13362 0.03813456655561144
13428 0.027887791146215226
13432 0.03566578695021963
13446 0.02474446484232956
13464 0.019116713324216692
13545 0.029617688442831195
13557 0.02440735101069715
13572 0.0488816701734006
13660 0.03605919972583242
13705 0.026474362138945533
13723 0.06934609760587634
13754 0.009985727292889228
13787 0.013497033016147462
13918 0.01676244682820837
13935 0.029617688442831195
13967 0.03813456655561144
13997 0.03944671077046048
14014 0.020681659790588194
14039 0.02226003962810236
14062 0.009585514740798018
14067 0.03916975486266344
14090 0.018476977625151617
14135 0.04350811836450602
14136 0.045738343869514926
14160 0.0977633403468012
14163 0.0250617688290871
14198 0.01963373130557168
14212 0.01652016471787306
