337 0.06147524263075465
693 0.06094784515975192
818 0.05590203735673136
914 0.04956824230967837
942 0.09226192507789273
998 0.05856982020271518
1001 0.040879955499862425
1005 0.059320358829564164
1064 0.045457995674443155
1086 0.18183198269777262
1175 0.10729291819888058
1378 0.05364645909944029
1397 0.027692557654900522
1617 0.05530471788099292
1618 0.038844415903816806
1653 0.018607332276721726
1756 0.06277926921949421
1838 0.08753555401418339
2311 0.034306137425526864
2552 0.09759588731851572
2565 0.028513275290287656
2575 0.06104168521259324
2597 0.028142817649259876
2609 0.03531566148995805
2667 0.04575970317224626
2804 0.05652478219982451
2848 0.025098862537988577
2893 0.05364645909944029
2907 0.047032879328813955
2919 0.05124232834559298
2929 0.07885181625038655
2940 0.03118105813627147
2949 0.09542714786346845
2951 0.043767777007091696
2995 0.020378508421811523
3044 0.23821033734836614
3130 0.041520010278715214
3145 0.04879794365925786
3147 0.03577058813887171
3149 0.06183492252443744
3176 0.06094784515975192
3184 0.034306137425526864
3208 0.03416744164556496
3308 0.0460677628712479
3321 0.04553839310325128
3332 0.027169920125181823
3396 0.038469208288642136
3432 0.028676852945208265
3437 0.047032879328813955
3442 0.04178068876402814
3586 0.06731754769778416
3758 0.02691543901124024
3761 0.03502004951202271
3790 0.02870208171933171
3847 0.036725206715874356
3860 0.0637887932839254
3985 0.03129404939450492
4188 0.035925428686762795
4241 0.044872625807560754
4489 0.07597474379558279
4492 0.11431014556083945
4508 0.05124232834559298
4542 0.03362544282260659
4577 0.020540790623834914
4913 0.04044956284763334
4962 0.11571181623243863
5223 0.02368401287292373
5247 0.0320703713754707
5260 0.025475034803276064
5342 0.09226192507789273
5374 0.04132339232075657
5442 0.06487316301144902
5472 0.2692701907911366
5478 0.07393112746841049
5537 0.2927876619555471
5551 0.06985477661300919
5685 0.030628830515111862
5746 0.03531566148995805
5823 0.04879794365925786
5829 0.05080551097526682
6109 0.018277443693554885
6154 0.030307228663148233
6196 0.06731754769778416
6230 0.02988913464180162
6315 0.03848088427553376
6519 0.028607373976198613
6563 0.030307228663148233
6728 0.06277926921949421
6890 0.31211946249735173
7069 0.05530471788099292
7142 0.16423918178681526
7151 0.08632903991018666
7153 0.04003146882628672
7201 0.013609264467863919
7401 0.033102805292887894
7466 0.02641938149833283
7468 0.037792273905457495
7532 0.09226192507789273
7598 0.056839555756079976
7617 0.05313299254791652
7851 0.03259819338322646
7854 0.06011148637351039
7891 0.04931972150789835
7911 0.10729291819888058
8074 0.03502004951202271
8097 0.02708460037772589
8250 0.05955062800371487
8294 0.0499691521890253
8475 0.06277926921949421
8517 0.02889335627610887
8585 0.042740527567711566
8658 0.0523854316242518
8706 0.02409429101895278
8716 0.037571239747249116
8931 0.029482655858398533
9105 0.025861133595158244
9119 0.09226192507789273
9134 0.032848324178946314
9163 0.2086285786675643
9180 0.08632903991018666
9242 0.05473082882696393
9269 0.06094784515975192
9383 0.025861133595158244
9456 0.07393112746841049
9457 0.03531566148995805
9497 0.03583850329266081
9645 0.04736802574584746
9725 0.06849803197394085
9783 0.02239398893645097
9813 0.044872625807560754
9827 0.07127485393857177
9890 0.03129404939450492
9899 0.04201481048240598
9902 0.050644887279125514
9916 0.04736926874669609
9917 0.1143504270265981
9941 0.04806617642078317
9966 0.06974890666666617
10002 0.057855908116219316
10040 0.03106893271994075
10156 0.04777542801627727
10361 0.03106893271994075
10460 0.05740416343866342
10602 0.0499691521890253
10614 0.026748210959843755
10628 0.029382776322251978
10732 0.024804736147671248
10752 0.042740527567711566
10764 0.09226192507789273
10797 0.036240113830854306
10924 0.025098862537988577
10925 0.048427486018230076
10930 0.02368401287292373
10999 0.05369733274035321
11255 0.018230918073335687
11369 0.05080551097526682
11503 0.057855908116219316
11574 0.05473082882696393
11636 0.07549295782077493
11747 0.17152564053989713
11875 0.035925428686762795
11910 0.03336179073047009
11936 0.07885448857168538
11976 0.044036267021319214
12010 0.047032879328813955
12021 0.04516238369650782
12182 0.07657030366748994
12215 0.026665308215520392
12354 0.049464238297695966
12378 0.040757016843623046
12387 0.03416744164556496
12398 0.044309775830050066
12513 0.03129404939450492
12633 0.07885448857168538
12733 0.027428905562764023
12735 0.022960471108402797
12834 0.012128693564245913
12865 0.10882984980421884
13094 0.08632903991018666
13111 0.06094784515975192
13112 0.02641938149833283
13300 0.0637887932839254
13337 0.05590203735673136
13379 0.06011148637351039
13440 0.07618670572570156
13457 0.09226192507789273
13616 0.05998508703811345
13660 0.06806009638524746
13712 0.059320358829564164
13723 0.026177519872220452
13726 0.04109999416110788
13740 0.08632903991018666
13918 0.06327670915908609
13948 0.054857811125528046
14062 0.018092222293373792
14072 0.043816449967501385
14083 0.042252739224411626
