337 0.12598234393452112
914 0.10158110946216081
960 0.13015199313909168
1055 0.13795508702308093
1086 0.09315790553328586
1175 0.10993867404036534
1753 0.3781481155605621
1909 0.10786983783162918
2471 0.09440751265023953
2474 0.1682891860360023
2700 0.1682891860360023
2927 0.09679642929630955
2951 0.17938821874281924
3044 0.13947680568784518
3321 0.09332266546092689
3432 0.08815200223940693
3633 0.026202756168689122
3832 0.07999655749008444
3841 0.0526786906379812
3847 0.07526164071178505
3895 0.12671944254744483
4120 0.10411666686538752
4219 0.049806277608447205
4489 0.27246876651132934
4890 0.13072354578464407
5223 0.048536082621552644
5537 0.10000252228858166
6484 0.09778030348766355
6519 0.05862561696551828
6890 0.1827520421940094
6921 0.0886230586816614
6931 0.18907405778028105
7099 0.03428738805454383
7201 0.027889715656503177
7245 0.06104192208408335
7436 0.10786983783162918
7468 0.03872420055193955
7668 0.11102920263361817
7862 0.051132666227358695
8250 0.04067939860898025
8293 0.05550496905901901
8744 0.10555597987243237
9105 0.052997696108187435
9163 0.21377318923437919
9168 0.0913760210970047
9174 0.09440751265023953
9204 0.05481560004596595
9497 0.024481501033044598
9500 0.07237303378900713
9579 0.13294576458556218
9725 0.046791425044666025
9758 0.14661064665394122
9902 0.062272498664676074
9905 0.04798837367066869
9932 0.06680407648192235
10156 0.04895353109964385
10489 0.08610172287291086
10568 0.10888641760468958
10585 0.16159795187288847
10678 0.12671944254744483
10762 0.09778030348766355
10925 0.09924333664005222
10999 0.018340488387860565
11317 0.06460001464879545
11976 0.09024433088933942
12064 0.019524647955179063
12249 0.12671944254744483
12354 0.05068398606500096
12378 0.0835241032651026
12465 0.10786983783162918
12865 0.07434233675025387
13116 0.10993867404036534
13379 0.12318757318631995
13600 0.09778030348766355
13660 0.06973840284392259
13661 0.1050118447261004
13786 0.08114650509263283
13918 0.06483706119068298
14072 0.04489692788161455
