337 0.060152404363761465
1226 0.1689427839497444
1329 0.08725805852660444
1397 0.05419332578903904
1714 0.08316038470935869
1756 0.12285674122295376
1838 0.08565194403369215
2362 0.1689427839497444
2371 0.07092058162131513
2474 0.16070504568080246
3044 0.06659556373599188
3332 0.053170543196308324
3432 0.02805977789467598
3586 0.13173798676048282
3633 0.025021899661165803
3696 0.11608777968561454
3722 0.08617736920364069
3734 0.047151649158522484
3804 0.13173798676048282
3865 0.05154312412906023
4190 0.09204163024688776
4450 0.07601710583738554
4489 0.07433990196142433
4542 0.0658037657768946
4621 0.09859447854450958
4890 0.1248323430145027
5287 0.18055322393759998
5435 0.1248323430145027
5537 0.28648739038663923
5689 0.06564870935344524
6519 0.055983587979879505
6723 0.07092058162131513
6890 0.08725805852660444
7201 0.026632834433248088
7423 0.08268707032420454
7468 0.11093715345418577
7706 0.14468052127130027
8517 0.056543244915221925
8658 0.0341721266533155
8744 0.050399490801661236
8751 0.09859447854450958
8802 0.14909460569294689
9105 0.05060929566930996
9163 0.10206963070667018
9497 0.02337821481297304
9579 0.253908830080399
9652 0.04252509593627757
9902 0.019822039625734006
10003 0.06740988026980689
10476 0.36110644787519997
10614 0.052345273733292674
10762 0.09337372476984962
10924 0.04911755899927939
11097 0.05000324408734755
11365 0.044311633750662
11905 0.12614914265313623
11957 0.050917200446129594
11976 0.08617736920364069
12064 0.0372894957239544
12354 0.04839985555648614
12378 0.1595199923041381
12465 0.10300856296615621
12807 0.04595558752009708
12865 0.035496008106282215
13337 0.10939824917935183
13464 0.14122202492403416
13540 0.10822931674081619
13614 0.06713586029985648
13660 0.39957338241595125
13700 0.08364165432955267
13723 0.05122845207955145
