406 0.0885362487214292
761 0.18663330204983064
815 0.17463188382019124
852 0.15411532384439144
889 0.16611674207403088
962 0.10365624753424107
1088 0.16611674207403088
1099 0.13188340622275366
1848 0.10026979960857212
2129 0.15411532384439144
2182 0.05199866177756137
2678 0.1312295686115571
3170 0.1974231808122359
3314 0.11703461818843974
3321 0.046058981902489575
3512 0.06217801935525313
3564 0.18663330204983064
3984 0.03735225929764137
3986 0.10108078566315253
4150 0.08225606554266539
4221 0.1389953250315796
4577 0.041551220371826986
4706 0.18663330204983064
4771 0.15411532384439144
4827 0.04710223136370511
6310 0.04210656760684178
6733 0.12508362212243135
7316 0.17600583293295924
8124 0.04777344242327702
8669 0.06829000239907677
8744 0.01736555974060948
8893 0.48586923847386454
8997 0.02338094078055927
9699 0.11703461818843974
10072 0.10191461937562786
10322 0.09382537187414085
10333 0.10108078566315253
10499 0.05806040013212898
10567 0.02966004114981395
10655 0.11071300863575735
10949 0.06330359753577726
10950 0.17303541136355524
10999 0.01810373114756296
11003 0.04407670900914185
11071 0.20053959921714423
11200 0.07174235436384713
12288 0.25215150651249546
12390 0.10748080357780017
12566 0.18663330204983064
13614 0.06939664117018868
13912 0.05692908512838054
14107 0.10851947644227937
14110 0.09514110578808073
