1241 0.17775809298555875
1319 0.0541445598064861
1703 0.14851020162531786
2488 0.2783467988957286
2927 0.07509683865525028
2981 0.21849188520366633
3154 0.24225956979405014
3443 0.08124884427982196
3790 0.1825345748522963
4439 0.1740338674548982
4817 0.10326355516020203
6109 0.05811887525466054
6681 0.17668006838604322
7453 0.126000106572978
8474 0.12173966999092924
9097 0.19380282435935337
9755 0.13140071027746297
10094 0.17973830588940024
10589 0.18180655662529951
10950 0.18133383611871082
11000 0.03773094517410278
11163 0.4125692117182878
11245 0.12002679017247203
11956 0.18180655662529951
12064 0.030295318700284873
12672 0.18624114679942066
12877 0.06378467453370117
12919 0.39420213083238903
13022 0.10326355516020203
13024 0.12002679017247203
14014 0.12412624338483459
