337 0.0677708904589475
404 0.1679778937735022
1175 0.11828073050401379
1397 0.0610570763463553
1756 0.13841692347347107
1838 0.09650002486351604
2352 0.06950181080430398
2362 0.19033990454728028
2371 0.07990289031968531
2575 0.06729293264964914
3044 0.07503009568346934
3107 0.17385987199063183
3699 0.0942351258163208
3840 0.08736592959096995
3865 0.05807121853581119
4129 0.1679778937735022
4489 0.25126583413472425
4779 0.1275618035344092
4899 0.07242460816503295
4903 0.1022649010934634
5154 0.13633480996932873
5253 0.19033990454728028
5338 0.20342084229066293
5358 0.07298569295164842
5384 0.13079065224258724
5426 0.10842864146880916
5435 0.14064274127779186
5537 0.32277189510747856
5689 0.11094497894361663
6068 0.08283778198685307
6230 0.06590013094828853
6563 0.06682195257630265
6607 0.17385987199063183
6890 0.09830955867209744
6891 0.1219368909168226
7201 0.0300059644178465
7423 0.09315964082541184
7466 0.058249953408754176
7468 0.04166256114554939
7504 0.14561588299972414
7533 0.07214768318533213
7706 0.16300475205156995
7802 0.12325387222594605
7862 0.05501257102454502
8517 0.06370461992125301
8658 0.038500131069844866
8700 0.11499706179615811
8706 0.05312354982116177
8744 0.07571032073022924
8751 0.11108177097776076
8982 0.0860666306950311
9105 0.05701911784386761
9163 0.11499706179615811
9203 0.17385987199063183
9383 0.05701911784386761
9497 0.026339137262653318
9573 0.19033990454728028
9652 0.04791102947482388
9902 0.022332561605099117
10003 0.07594754789831937
10420 0.15149786121685374
10624 0.09478661893881103
10732 0.05468995271556484
10762 0.10519979276063114
10924 0.05533844815946274
11000 0.01308093774338266
11320 0.09709199673918072
11365 0.04992383777068572
11957 0.05736601970294278
12064 0.02100616223663347
12354 0.054529845379274404
12378 0.04493092187587107
12807 0.05177600331595989
12865 0.039991686160262684
13337 0.12325387222594605
13660 0.07503009568346934
13700 0.0942351258163208
13705 0.11017293448256338
13723 0.05771669230825111
13822 0.05297101260059878
14072 0.048303669964889696
