194 0.08997459048363522
1107 0.0855813405596222
1458 0.08917158927473849
1653 0.13104442259908233
1767 0.20888545589406166
2204 0.1497654993837584
2693 0.10862269226845822
2848 0.17676182164485563
3092 0.06828005308926015
3137 0.2211941333892639
3227 0.14243550684545758
3790 0.10106896760818643
3915 0.0962799314273652
5038 0.15903081663433835
5247 0.11292976437826921
6102 0.09782734105673199
6296 0.19904136003368864
6304 0.28338825809427975
6315 0.06775158827171034
6813 0.14053099008326886
7158 0.2534543347056428
7201 0.04792245813819692
7693 0.08269133819263219
8673 0.08017743142270811
9496 0.1114084987090827
9959 0.18044019504831155
10037 0.12990309722828441
10567 0.051630883207936684
11003 0.07672677875079376
11169 0.17317113889130892
11246 0.29924323426470445
11255 0.06419673967343047
11359 0.17316370974155507
11636 0.13291710655772845
11957 0.09161914076436664
12335 0.1097982155294754
12768 0.12080259286166155
12823 0.2325627985201645
12877 0.07063485051598441
12907 0.3248829687111483
13480 0.07863926143615789
13617 0.16925597506223744
13874 0.05493913531729885
14170 0.07799384755208258
