997 0.06605737463783927
1111 0.06984048831518803
1185 0.08267571144605593
1397 0.05003314591578099
1567 0.0475863884151224
1800 0.09888416876895205
1942 0.05220267223325185
1959 0.18902681010227726
1997 0.12693011959829786
2565 0.05151596616368656
2575 0.0551431106733904
2771 0.13764927790056036
2776 0.053449077340080364
2841 0.1666929583543244
2934 0.07590967832175319
3339 0.10717623868775629
3816 0.1216250491785021
3832 0.07052719438475333
3841 0.09288600337632512
4025 0.072701298088996
4104 0.11342557724310476
4384 0.09288600337632512
4452 0.04686599786798918
4489 0.034316579652997434
4650 0.26008782810264286
4696 0.14836843620282292
5051 0.06490777189927435
5223 0.042790763016883386
5260 0.09205333428610596
5579 0.13764927790056036
5581 0.10100023359755742
5689 0.060609150784540995
6044 0.044294677310423525
6230 0.05400178103682842
6921 0.15626511646798458
7284 0.06223512446594909
7408 0.182051640480995
7533 0.059121330012925515
7810 0.08558377180837552
7822 0.11524952089795311
8086 0.11011667712789484
8097 0.04893472750537257
8268 0.1660146490067302
8294 0.18056215059058978
8474 0.1383423381817257
8658 0.03154888492641078
8660 0.10330052702700061
8744 0.015510182238902177
8762 0.14836843620282292
8995 0.05654009135461153
8997 0.020882865731958623
9094 0.037111789648146536
9105 0.2803454748034265
9307 0.1045303625956906
9497 0.021583573548175354
9647 0.05593232442173512
9652 0.039260634018750226
9725 0.04125262427791119
9730 0.08558377180837552
9902 0.0915019503327227
9905 0.0423078875425225
10002 0.1045303625956906
10113 0.14391310628758683
10324 0.0772208576384186
10349 0.10100023359755742
10489 0.07590967832175319
10613 0.08107299667413084
10836 0.07677653294010181
10949 0.11308018270922306
10950 0.20606386465474624
10999 0.016169485665708586
11000 0.03215747490678758
11097 0.09232943619011777
11154 0.13357404304945458
11246 0.05117918839614449
11714 0.11390634630642026
11875 0.06490777189927435
11910 0.060275954443448666
12045 0.1216250491785021
12064 0.017213473739785257
12069 0.06198213978673348
12117 0.1102862213467808
12354 0.0893688290985152
12378 0.03681858852188893
12523 0.05134704100595894
12610 0.07159190326272112
12865 0.032771137905851976
13695 0.1383423381817257
13700 0.0772208576384186
13709 0.06353768827097407
13723 0.04729587233515384
13874 0.02818851056366513
14116 0.08620584044418911
14211 0.14105438876950666
14212 0.16900783787998486
