527 0.028202103521095447
556 0.023227690775918713
637 0.023843541795840386
765 0.039746835352037
817 0.026803157627794404
972 0.06016815747498532
976 0.020188884623401498
995 0.023327611886435534
1001 0.026659660504693792
1010 0.0269488456311394
1027 0.02142187191866636
1033 0.03134611888560176
1091 0.027712643472942496
1426 0.07546088784633614
1446 0.0448102911588304
1458 0.01651453213156098
1460 0.023227690775918713
1461 0.03273619778372824
1603 0.034014023565123404
1612 0.038685478202590454
1755 0.05142456416322331
1830 0.026378982068236568
1959 0.2501752221262162
2006 0.023327611886435534
2049 0.0315817451500446
2086 0.030042863387225064
2137 0.04900379582876453
2279 0.038685478202590454
2311 0.02237257760701315
2352 0.02055736201944703
2425 0.01777469603148918
2478 0.07639203630887502
2558 0.05841651587841487
2575 0.019904016338858292
2597 0.0550595974237764
2609 0.02303093372555503
2685 0.11259811159576644
2695 0.03819601815443751
2730 0.019559488705730054
2744 0.028202103521095447
2776 0.019292551611297244
2780 0.03232568371545492
2814 0.09163136223277643
2934 0.05479950112146101
2940 0.04066914525349301
2953 0.0343269164773354
3039 0.23597745820189606
3130 0.04061560358788806
3185 0.03111617091877517
3241 0.0315817451500446
3321 0.014848818757472156
3365 0.04390080531368231
3376 0.09856785686552448
3432 0.028052201421728075
3439 0.03134611888560176
3467 0.06683486126437461
3490 0.05890484968535097
3548 0.03728653230928941
3633 0.008338381150461323
3634 0.0343269164773354
3666 0.022463892934115617
3724 0.08319909120054035
3786 0.019358589098816607
3820 0.04693961146619952
3832 0.05091386438760931
3847 0.1197508083164628
3940 0.02303093372555503
3984 0.02408376848915116
4104 0.0409411894817283
4146 0.0448102911588304
4219 0.015849619929722718
4278 0.03313256234764409
4298 0.027399750560730504
4436 0.039746835352037
4450 0.025332193438967164
4489 0.024773276435295345
4498 0.04307050978909741
4500 0.07457306461857882
4899 0.02142187191866636
4928 0.03456485962793915
5231 0.03067225930489651
5613 0.02142187191866636
5685 0.039948880237476565
5689 0.01093849723717135
5692 0.05629905579788322
5746 0.02303093372555503
5903 0.022015811611251
5925 0.036862356749731574
5962 0.019226967993257026
6067 0.024277360993270564
6102 0.01811757287681596
6109 0.011919544378307105
6310 0.040723834857025805
6484 0.03111617091877517
6519 0.01865615724896848
6537 0.03313256234764409
6563 0.17788238157459302
6599 0.04230671194729432
6624 0.034014023565123404
6681 0.01811757287681596
6723 0.023633810740945775
6754 0.06016815747498532
6819 0.0353323064348932
6858 0.039746835352037
7024 0.04230671194729432
7025 0.08503500143644704
7046 0.06414241039639511
7153 0.026106324122995402
7257 0.23520844867197185
7284 0.044927785868231235
7422 0.01651453213156098
7468 0.012323022122948321
7540 0.023327611886435534
7598 0.018533817382700008
7621 0.04230671194729432
7627 0.018293744875016428
7713 0.06016815747498532
7891 0.032163612105474026
8074 0.02283815183828258
8085 0.07913694620470971
8097 0.017663087988877668
8202 0.02063279623728016
8244 0.020334572626746504
8268 0.19974440118738282
8284 0.3018435513853446
8293 0.017663087988877668
8401 0.021842309033959915
8433 0.013647177587440074
8716 0.04900379582876453
8724 0.2634048318820939
8744 0.005598431371242004
8996 0.010483374681495008
9102 0.025456932193804654
9105 0.06746084074536435
9113 0.0631634903000892
9126 0.020188884623401498
9134 0.02142187191866636
9204 0.03488742659222141
9305 0.04307050978909741
9386 0.03371106545741372
9409 0.019559488705730054
9458 0.03728653230928941
9497 0.06232507311360475
9500 0.02303093372555503
9527 0.05355388447059243
9588 0.03606669784706838
9589 0.035692438942901424
9614 0.039746835352037
9708 0.017019537736552872
9719 0.10936064609050275
9722 0.023327611886435534
9729 0.12033631494997064
9757 0.029645206729947925
9781 0.02175672658709147
9783 0.014604128969603718
9827 0.034861157233837176
9835 0.0315817451500446
9902 0.039633374879711365
9905 0.015271116819953095
9916 0.03089163399766347
10040 0.12156870355099786
10110 0.053319321009387584
10209 0.051682481995299866
10331 0.022282127841058038
10489 0.027399750560730504
10510 0.045815681116388215
10616 0.04726762148189155
10884 0.022934055950692294
10887 0.0269488456311394
10930 0.015445411690408252
10999 0.01750922479441316
11135 0.023633810740945775
11232 0.018175936232225534
11262 0.02004538750030089
11338 0.048334086491914306
11339 0.0775237229929498
11365 0.014766556361270729
11411 0.034650417927452166
11505 0.0574360668610006
11581 0.03111617091877517
11714 0.02055736201944703
11861 0.40205246802700423
11905 0.0210191801479864
11976 0.0287180334305003
12057 0.036587489750032856
12117 0.019904016338858292
12175 0.017443713296110705
12212 0.0818823789634566
12215 0.017389648682009654
12231 0.2184962489394351
12262 0.0287180334305003
12354 0.016128929007081298
12513 0.020408259316168464
12614 0.022015811611251
12695 0.02125875035911176
12733 0.017887624909989363
12735 0.02994711502461929
12764 0.09266908691350005
12770 0.030042863387225064
12834 0.01581933487130869
12865 0.05914403960491622
12892 0.06223234183755034
12903 0.015445411690408252
12948 0.02175672658709147
13022 0.021178223477321848
13051 0.05303657868650239
13077 0.03773044392316807
13079 0.013683668564462147
13174 0.03371106545741372
13309 0.04230671194729432
13336 0.020400088748092713
13438 0.038685478202590454
13540 0.03606669784706838
13557 0.030042863387225064
13643 0.06571190457701631
13709 0.022934055950692294
13710 0.05355388447059243
13723 0.03414307985979198
13754 0.012291372412797817
13786 0.025822874667618363
13787 0.01661341777152581
13874 0.01017469939536826
13884 0.029452424842675486
13912 0.018353199141258797
13925 0.08835727452802646
13989 0.01871792043457426
14041 0.019358589098816607
14062 0.023597506319126063
14065 0.0194920511186025
14072 0.028574680827586015
14083 0.027554914611390997
14163 0.007712095598212292
14211 0.025456932193804654
14212 0.020334572626746504
