68 0.116647169237447
406 0.10700073104977537
1458 0.061909077098721566
2182 0.0628431281442174
3170 0.1192981687057196
3512 0.07514541921888386
3514 0.372513011460614
3956 0.06748489111514099
4011 0.21105185167888446
4827 0.17077660041312218
6310 0.050888010063592996
6636 0.09359715102502458
6733 0.15117016140547815
7255 0.311893725516701
7316 0.31906851258358676
7564 0.30695768259686185
8306 0.08821084026567584
8893 0.2935993136262049
8923 0.11113287221406797
8996 0.039299693520903525
9094 0.05021684360927412
9699 0.14144251518602446
10386 0.07595538867398482
10664 0.12316919832647444
10790 0.15117016140547815
10950 0.06970747680856468
11071 0.12118134679603697
11190 0.20076085330263307
11438 0.124206144050453
12288 0.30473840852496964
12406 0.17051777617233269
12915 0.116647169237447
13596 0.10572301941857032
13832 0.08092767346999286
