1241 0.12270156579729546
1319 0.03737451362172797
1571 0.20250930387901211
1703 0.10251254370611955
2488 0.19213520737953393
2770 0.07686687485114675
2927 0.051837300539529695
2981 0.1508189921382134
3107 0.1730807976844813
3154 0.16722517688983124
3443 0.056083862314863536
3535 0.16722517688983124
3699 0.09381285376228228
3790 0.1259986410201867
4439 0.12013083443806875
4817 0.07128001710156483
4903 0.10180664723677567
6109 0.04011787523341562
6519 0.1255828855692216
6681 0.12195743480383736
7453 0.08697443872997963
8179 0.20250930387901211
8452 0.20250930387901211
8474 0.08403357549940968
8517 0.12683831301510784
8744 0.037685529601799335
9097 0.13377680647576928
9154 0.40501860775802423
9394 0.20250930387901211
9409 0.06583180553058408
9755 0.1814046564870758
10094 0.12406845278304356
10589 0.1254961098842978
10950 0.12516980380523995
11000 0.02604464288582595
11163 0.14239263998433666
11245 0.08285122125484451
11658 0.1477579154305657
11956 0.1254961098842978
12064 0.02091203263052015
12346 0.1730807976844813
12672 0.1285571865919455
12877 0.044028822022701614
12885 0.10397265861353484
12919 0.27210698473061373
13022 0.07128001710156483
13024 0.16570244250968902
13615 0.1377966706953004
13700 0.09381285376228228
14014 0.08568096205382182
