11 0.04403978411894185
13 0.07462654345392586
406 0.2008017757167397
920 0.05494064634596515
962 0.07836473335157111
971 0.04838443724857753
1010 0.063195735341268
1107 0.03716776592393485
1133 0.04155087433642102
1230 0.057192758960221864
1461 0.038383612410273486
1655 0.15246352115586956
1848 0.07580455878402884
1942 0.04418651988135012
1963 0.029500590717443313
1968 0.116512092090419
2172 0.06389507736955975
2605 0.08204136303547106
2854 0.19510400631290659
3014 0.08049750102382326
3130 0.03174821128640068
3170 0.07462654345392586
3286 0.10743894925746336
3391 0.08285516630352548
3512 0.04700694866938599
3527 0.04910634254934669
3633 0.019553718017156194
3719 0.1410958750443569
3731 0.116512092090419
3734 0.03684732431089416
3905 0.0740600037357967
3986 0.0764176690154989
4052 0.05940464441760537
4072 0.09921032640786373
4367 0.09320735002681761
4405 0.07350745409226112
4827 0.07121912839573805
4899 0.0502348399933798
4922 0.03653140673080614
5059 0.03815757893705415
5181 0.07580455878402884
5223 0.036219887218326745
5347 0.08847886032349764
5408 0.12059192409874338
5455 0.056163744398205845
5775 0.09456395468141023
5781 0.13202273221140123
5953 0.12059192409874338
6022 0.08457733303214762
6278 0.036219887218326745
6310 0.06366562597724885
6505 0.06998017172747233
6693 0.1098812926919303
6995 0.0681890461658993
7316 0.2661228916579554
7422 0.03872700211934341
7431 0.0681890461658993
7536 0.17909148000699704
7564 0.09600814114480549
7627 0.04289930171206878
7671 0.03642708428738926
7693 0.03591264499694879
8236 0.1410958750443569
8346 0.06653072291448885
8601 0.09192830913648112
8673 0.069641722927335
8683 0.06285409323058887
8744 0.026256930787005528
8893 0.12244000151930985
8923 0.06951877138953191
8997 0.017676128871751334
9005 0.1410958750443569
9036 0.12558523492337464
9496 0.09676887449715506
9645 0.036219887218326745
9695 0.06574548011436201
9699 0.08847886032349764
9989 0.0681890461658993
10009 0.1010014519694368
10156 0.03653140673080614
10234 0.056416595942562306
10260 0.0740600037357967
10322 0.07093253347899016
10330 0.07836473335157111
10331 0.05225216223201419
10333 0.0764176690154989
10587 0.10085716506675328
10950 0.08721052642392281
10999 0.013686527322713108
11003 0.09996675446046421
11071 0.07580455878402884
11179 0.09320735002681761
11200 0.05423764224032564
11203 0.09320735002681761
11262 0.04700694866938599
11325 0.04570936063867271
11600 0.06998017172747233
12182 0.05854936361481448
12280 0.26231362855358026
12288 0.06354267443944578
12359 0.08369968628688153
12406 0.16000017902095376
12407 0.05517997615229246
12506 0.1410958750443569
12513 0.04785789240004711
12519 0.116512092090419
12614 0.05162764383125114
12659 0.08125612023534426
12720 0.1410958750443569
12865 0.027738858465736285
12900 0.1049285385138038
12925 0.1410958750443569
12994 0.12307482417971512
13761 0.053556052790183176
13786 0.030277652252382343
13874 0.02385993147786887
13973 0.04856274196555189
14060 0.11035995230458492
14107 0.08204136303547106
14116 0.07296822020251542
14163 0.018085062307382244
