11 0.017303029594235905
483 0.020284264942810826
510 0.04934186395213491
556 0.021400829641349112
637 0.021968243892250838
696 0.05187112716983602
818 0.03358894865274387
914 0.14891632080615677
976 0.01860102601857455
1002 0.01943898067454973
1045 0.024562874470012347
1054 0.022574820209809776
1086 0.02731360706626672
1091 0.025533040180247116
1128 0.05187112716983602
1133 0.016325148333328036
1175 0.032233676003503436
1224 0.041285955479638155
1230 0.02247077320342907
1241 0.03358894865274387
1298 0.04934186395213491
1319 0.010231088827630654
1380 0.04221227137614237
1394 0.038327735509200815
1460 0.042801659282698225
1461 0.015080745620253518
1519 0.015633296183037212
1756 0.07544231838328375
1838 0.052596065690937666
1898 0.04221227137614237
1901 0.023339812875031493
1983 0.04221227137614237
2061 0.038327735509200815
2080 0.041285955479638155
2095 0.025831098195977883
2137 0.022574820209809776
2141 0.11087184691566458
2253 0.040448000823662976
2278 0.03255341558244871
2279 0.03564285992071535
2471 0.13839993985861432
2558 0.013455512179575187
2575 0.03667712532906213
2648 0.015728860922066528
2716 0.022574820209809776
2804 0.03396312722560939
2893 0.032233676003503436
2907 0.05651976362453642
2927 0.02838041087422689
2935 0.02662369486952034
2940 0.018735255640040284
2951 0.07889409853640648
2953 0.03162709968594449
3026 0.03715374494074015
3044 0.1840237379343601
3061 0.04934186395213491
3130 0.012473726891326194
3147 0.042985783885042414
3157 0.01988994462132431
3181 0.028880742242518773
3193 0.031338815845125635
3220 0.018274153076619087
3236 0.01958674666424413
3321 0.013680957081337843
3376 0.060543654073408115
3416 0.041285955479638155
3421 0.023003776962546
3432 0.017230594565850865
3437 0.05651976362453642
3443 0.015352680785293045
3544 0.0412259424860208
3633 0.007682566304467315
3751 0.023003776962546
3761 0.021041927995746623
3832 0.023454740909320586
3840 0.023808823771887803
3841 0.046335682901451694
3847 0.022066478092186575
3865 0.015825475844084853
3866 0.03476293922120455
3867 0.030271827036704058
3873 0.04324780444643753
3901 0.04934186395213491
3916 0.032233676003503436
3956 0.049758161436110795
3964 0.05187112716983602
3991 0.02036529657105394
4025 0.048355535062013344
4054 0.0444217950148982
4253 0.03519189597394077
4262 0.019967406527066092
4277 0.03715374494074015
4367 0.036620741181623215
4383 0.015825475844084853
4384 0.015445227633817228
4411 0.05543592345783229
4421 0.02368920465553397
4489 0.09129941908809222
4492 0.09157823915502021
4535 0.0589847146096335
4577 0.01234201102811283
4711 0.060543654073408115
4778 0.0695258784424091
4881 0.015874184386553452
4903 0.02786906771991201
4922 0.014353022487009301
4930 0.05187112716983602
4990 0.019512553232991735
5051 0.043171856932050966
5154 0.03715374494074015
5158 0.04761764754377561
5160 0.0595665283224627
5223 0.05692251158597665
5247 0.05780880849821487
5260 0.015306770135651725
5299 0.02786906771991201
5358 0.01988994462132431
5365 0.03772115919164187
5395 0.06870788263593118
5435 0.038327735509200815
5445 0.0444217950148982
5459 0.027135987501444
5471 0.04738001498533554
5498 0.036620741181623215
5520 0.022066478092186575
5537 0.41048598262333413
5548 0.02322636782454077
5689 0.010078182896586844
5746 0.02121954756056934
5759 0.03078914502996932
5793 0.0206129712430104
5798 0.015261097983967145
5816 0.022894559788755053
5823 0.17592256398142891
5856 0.04221227137614237
5862 0.04738001498533554
6083 0.031059685435042762
6102 0.016692623231124012
6245 0.01089847052035205
6310 0.012506966512877169
6315 0.03468207530062706
6509 0.04324780444643753
6519 0.017188847866931495
6629 0.021309721370824982
6728 0.03772115919164187
6755 0.027135987501444
6774 0.04577706766413863
6783 0.04738001498533554
6815 0.036620741181623215
6819 0.03255341558244871
6890 0.2411204770128334
6891 0.09969014102142416
7025 0.03917349332848826
7062 0.038327735509200815
7089 0.13585250890243755
7201 0.024531532678977536
7242 0.013056637328033492
7249 0.038327735509200815
7271 0.04221227137614237
7286 0.05543592345783229
7404 0.04934186395213491
7406 0.023114367973268844
7422 0.0304313237302552
7436 0.03162709968594449
7468 0.04541525882430082
7479 0.03025097610974392
7533 0.0196615715365445
7560 0.05543592345783229
7692 0.031338815845125635
7801 0.1332653850446946
7862 0.014991938103262988
8097 0.016273883643311917
8115 0.01512548805487196
8124 0.014190205437113445
8247 0.029320427330238156
8250 0.02385414534466365
8301 0.029097836468243383
8384 0.03323004700714138
8401 0.020124408367537698
8433 0.012573825157722379
8463 0.018146732448799465
8475 0.03772115919164187
8494 0.05543592345783229
8585 0.025680806169941513
8620 0.05187112716983602
8658 0.03147598291901865
8689 0.049125748940024694
8706 0.014477145058156308
8717 0.10519213138187533
8744 0.010316227918700264
8795 0.030161491240507037
8846 0.04934186395213491
8878 0.025533040180247116
8879 0.04934186395213491
8997 0.04166922074187358
9102 0.023454740909320586
9105 0.04661627712526954
9126 0.01860102601857455
9163 0.37606579014150765
9204 0.016071762800873444
9305 0.03968300815844126
9312 0.03323004700714138
9383 0.06215503616702605
9457 0.02121954756056934
9497 0.043067398034409024
9500 0.04243909512113868
9579 0.038979283123931806
9602 0.027494889147046488
9645 0.014230627896494163
9719 0.014394202278583415
9725 0.027438199483435732
9758 0.06447867582756361
9780 0.05187112716983602
9827 0.03211932233208086
9902 0.006086034065224321
9905 0.07035020671012675
9962 0.04738001498533554
9966 0.06286333795836792
10010 0.05187112716983602
10033 0.031338815845125635
10110 0.024562874470012347
10159 0.030271827036704058
10242 0.0757620904631361
10327 0.023571191213447733
10420 0.041285955479638155
10451 0.01988994462132431
10499 0.017245753369334114
10532 0.05187112716983602
10567 0.01761991834124262
10575 0.05809805605138881
10595 0.042083855991493245
10613 0.026961885387929558
10616 0.02177500821421463
10624 0.025831098195977883
10628 0.017654751272573068
10666 0.038327735509200815
10732 0.014904018676318694
10762 0.057337759431014323
10787 0.05187112716983602
10797 0.02177500821421463
10806 0.02393009285905022
10924 0.030161491240507037
10930 0.014230627896494163
10999 0.005377373936884622
11000 0.049907148031947825
11128 0.07795856624786361
11186 0.03715374494074015
11248 0.03772115919164187
11255 0.04381646179726697
11259 0.021679960051431985
11317 0.018940522615784026
11430 0.029097836468243383
11521 0.04738001498533554
11752 0.03255341558244871
11828 0.03772115919164187
11880 0.02443262217022845
11957 0.031266592366074424
12017 0.02443262217022845
12057 0.016854939276977912
12064 0.005724565825112951
12066 0.04738001498533554
12140 0.03564285992071535
12215 0.11215365263373499
12239 0.04934186395213491
12248 0.032233676003503436
12308 0.06510683116489742
12354 0.02972077296085051
12378 0.14693403790600423
12383 0.027494889147046488
12403 0.025244756339428256
12431 0.036620741181623215
12448 0.029097836468243383
12465 0.06325419937188898
12515 0.03715374494074015
12584 0.023808823771887803
12611 0.016325148333328036
12770 0.02767998797172286
12807 0.09876939683851846
12850 0.03162709968594449
12903 0.014230627896494163
12914 0.03968300815844126
12948 0.02004555699210867
13022 0.019512553232991735
13027 0.041285955479638155
13088 0.033278354103550345
13336 0.009397809454630715
13446 0.028062303397948223
13557 0.02767998797172286
13592 0.05543592345783229
13616 0.018021132178029205
13660 0.06134124597812004
13723 0.07864430461033264
13754 0.011324654250063312
13822 0.014435575858125575
13842 0.025831098195977883
13855 0.03715374494074015
13872 0.09583451151893516
13874 0.009374457862077402
13918 0.019010023921813505
13919 0.0196615715365445
13948 0.016480760704112397
13997 0.0223679431490093
14014 0.04690948181864117
14041 0.017836033353352834
14062 0.010870779570129302
14083 0.02538771671576018
14092 0.04738001498533554
14187 0.04577706766413863
14198 0.022266301907981605
14203 0.0743074898814803
