68 0.03733582256030839
79 0.04238734391460334
108 0.02717641749834411
337 0.024052157086342348
406 0.03424824052237009
421 0.02981585713678832
682 0.04838576331980297
917 0.0267359879694541
960 0.02484821353783525
994 0.023882527969297587
1024 0.07309174203501305
1127 0.02209351142370044
1230 0.08779186449992596
1375 0.03604797709708599
1425 0.07219486154420351
1458 0.019815537166831543
1620 0.025508052817089105
1623 0.03818434075755174
1672 0.11926578035669384
1689 0.016640299020602236
1718 0.021531447365856143
1799 0.06170355625861422
1848 0.038787098659772465
1913 0.14438972308840703
1963 0.015094637328330711
2182 0.10057251697000441
2352 0.02466646756342954
2384 0.025605498136997897
2462 0.05826007606420369
2573 0.03818434075755174
2604 0.04081291209334906
2659 0.021395139137207468
2664 0.06425849546940333
2678 0.05076318337810558
2740 0.03467235404425428
2770 0.027403152748624364
2929 0.030850732584972288
2983 0.06755238499844984
3137 0.024576665095402416
3170 0.19092170378775866
3203 0.052675911882759566
3242 0.044230583973696065
3512 0.1683650996043964
3513 0.06170355625861422
3633 0.05002548672947362
3666 0.026954085153705034
3721 0.021669397901816243
3722 0.03445833368254198
3734 0.03770751591516156
3781 0.06170355625861422
3790 0.022459349444618106
3882 0.03604797709708599
3890 0.03306272501461885
3956 0.08640085950299332
3984 0.014448874658159402
3985 0.02448756148634819
3992 0.029263954833308656
4052 0.060791431038836566
4094 0.07219486154420351
4098 0.06755238499844984
4150 0.3181889404409777
4171 0.05076318337810558
4219 0.019017719078904854
4241 0.03511278357314429
4289 0.0437432867740493
4308 0.05785103125566241
4383 0.020609705154526866
4435 0.047691626193698135
4463 0.04838576331980297
4555 0.037066404106902026
4624 0.06467102403543219
4660 0.02873743650803259
4685 0.029130038032101846
4700 0.035339518823424544
4747 0.0243114079198826
4817 0.025411429830356855
4818 0.054973542377896006
4827 0.07288172120145621
5059 0.019524179054537266
5077 0.07219486154420351
5087 0.04009706926220572
5161 0.12465777661398184
5250 0.07219486154420351
5260 0.01993418854964876
5262 0.044739545807959386
5331 0.05376719018381403
5390 0.07413086292003114
5478 0.11570206251132482
5520 0.02873743650803259
5528 0.0534719759389082
5595 0.05167965284884948
5689 0.06562468643547496
5780 0.04641811981309973
6022 0.08655176979644946
6044 0.019184062285185544
6054 0.03424824052237009
6104 0.04239469975734216
6230 0.023388217136366414
6263 0.04991466518086223
6278 0.03706543146001557
6287 0.059616018923649663
6288 0.06425849546940333
6310 0.08143985518902587
6447 0.07219486154420351
6466 0.06755238499844984
6488 0.027751903241631723
6518 0.05376719018381403
6636 0.059916183918826964
6681 0.06521700448792397
6693 0.056223222044571614
6720 0.02484821353783525
6733 0.04838576331980297
6819 0.04239469975734216
6866 0.021879491061988138
6926 0.05376719018381403
6971 0.07219486154420351
7046 0.03848175373829954
7170 0.032693346014554724
7224 0.05376719018381403
7255 0.19965866072344893
7316 0.2042515981875712
7417 0.06755238499844984
7422 0.019815537166831543
7536 0.030545387663499363
7540 0.027990448452710245
7566 0.024137923449758448
7580 0.013124937287094993
7626 0.06425849546940333
7627 0.021950387610354782
7633 0.018585601532941618
7668 0.04239469975734216
7674 0.06467102403543219
7751 0.03445833368254198
7865 0.032575942075610355
7942 0.07219486154420351
8042 0.037894458034213666
8122 0.03344441889188929
8154 0.036545871017506525
8157 0.04009706926220572
8207 0.04583082410901385
8250 0.031065536803463936
8293 0.02119367195730167
8306 0.02823406947279522
8401 0.026208256039218628
8484 0.032335512017716096
8516 0.047691626193698135
8658 0.013663848800948153
8669 0.026416439155849715
8673 0.05345061869659334
8676 0.054973542377896006
8758 0.03344441889188929
8819 0.1358165659053257
8878 0.13300792595384003
8886 0.036803179733159205
8893 0.09397374963349976
8923 0.03557083489232113
8997 0.045221934239126585
9011 0.036803179733159205
9099 0.043758982123976276
9298 0.03604797709708599
9511 0.0415765120572492
9518 0.05376719018381403
9523 0.044739545807959386
9645 0.018532715730007785
9652 0.017003813868948517
9689 0.05785103125566241
9699 0.09054437727021714
9708 0.020421485749295518
9756 0.18511066877584262
9758 0.027990448452710245
9783 0.01752327332563858
9800 0.04991466518086223
9902 0.007925914448352132
9909 0.07219486154420351
9918 0.06688883778377858
9921 0.041978299106062045
9932 0.025508052817089105
9961 0.027403152748624364
10037 0.028866813658359018
10116 0.054973542377896006
10156 0.01869211165894403
10162 0.060791431038836566
10221 0.05076318337810558
10234 0.028866813658359018
10386 0.0729342237596478
10493 0.030545387663499363
10516 0.013733031827016061
10531 0.029958091959413482
10587 0.05160582522661317
10614 0.020930447583558835
10664 0.03942335989527293
10665 0.054973542377896006
10675 0.04641811981309973
10732 0.019409680540588687
10749 0.035806920699249116
10755 0.04991466518086223
10790 0.04838576331980297
10924 0.019639834138701108
10950 0.022311608607951373
10999 0.014006035892595711
11000 0.06499467164055124
11003 0.017050075572201614
11071 0.11636129597931738
11097 0.019993978533967876
11102 0.0954566821322933
11200 0.055503806483263446
11208 0.10535182376551913
11245 0.05907316190109703
11265 0.06755238499844984
11325 0.023388217136366414
11389 0.06170355625861422
11495 0.036803179733159205
11509 0.04641811981309973
11623 0.04009706926220572
11634 0.02981585713678832
11722 0.07636868151510348
11786 0.06755238499844984
11829 0.05785103125566241
11957 0.020359427299382987
12000 0.05632212939460314
12069 0.053689034549438186
12127 0.04991466518086223
12182 0.029958091959413482
12184 0.06755238499844984
12188 0.07219486154420351
12256 0.031006513980943326
12288 0.22759121819141817
12290 0.06425849546940333
12330 0.06170355625861422
12406 0.08186767166534199
12407 0.05646813894559044
12417 0.038787098659772465
12676 0.06755238499844984
12735 0.017966545042945523
12807 0.018375508372769724
12834 0.009490690247830294
12877 0.01569633912613905
12903 0.018532715730007785
12905 0.07219486154420351
12924 0.04912471363806036
12963 0.03557083489232113
13075 0.04239469975734216
13079 0.03283765363228303
13184 0.04327588489822473
13347 0.04912471363806036
13524 0.044739545807959386
13589 0.07219486154420351
13596 0.03383927719254588
13695 0.029958091959413482
13742 0.06170355625861422
13832 0.025902911117745703
13842 0.03364014598244902
13862 0.07161384139849823
13872 0.020801070433232406
13876 0.052675911882759566
13990 0.04327588489822473
14021 0.059616018923649663
14062 0.014157145348900257
14080 0.059616018923649663
14100 0.04912471363806036
