10 0.026217583177368168
11 0.021015710226286604
76 0.06733071206816339
149 0.02951919621314804
364 0.06733071206816339
555 0.03646638193912637
576 0.04512575865651101
592 0.04512575865651101
599 0.03646638193912637
604 0.03841327084819339
608 0.047342999357397164
704 0.043290685694683785
725 0.06733071206816339
762 0.03253969708296225
928 0.14738057169350413
960 0.023174058033200187
1008 0.02906473080190891
1107 0.035472789617054655
1117 0.03213669358043405
1244 0.20625267854528906
1339 0.11119874514450721
1471 0.05998773319608163
1593 0.09467803859632204
1808 0.02891744121997
2287 0.05395330145396014
2365 0.03101161971097593
2565 0.020808357587052472
2575 0.022273435806453773
2638 0.35799944700439834
2694 0.043290685694683785
2776 0.02158918092415382
2903 0.05014461034410317
2927 0.01723497286378085
3010 0.03129005946969004
3087 0.06733071206816339
3131 0.04386803307634383
3135 0.03994134822017971
3225 0.16269848541481124
3481 0.027167393375679572
3606 0.048315390123113096
3633 0.009331001046354532
3721 0.040418832022396115
3734 0.03516696122943499
3739 0.05559937257225361
3841 0.07503713186492324
3934 0.11985812186189185
3956 0.02014489421132826
4030 0.025345398584978918
4134 0.04447838921810616
4489 0.02772234372214827
4606 0.04274295920688571
4653 0.06300102370947107
4678 0.13357767664240489
4733 0.05559937257225361
4734 0.027167393375679572
4817 0.023699327466685453
4821 0.04655165031674268
4857 0.04172520609395059
4983 0.059929060930945924
5003 0.04655165031674268
5295 0.06733071206816339
5358 0.024157695061556548
5474 0.028772155640174536
5571 0.023789440452009918
5687 0.061322958626779646
5962 0.021515790082752534
6077 0.07755056529642808
6102 0.04054866008652559
6606 0.014041249069412202
6624 0.07612626090121455
6629 0.025882110811470366
6681 0.020274330043262796
6949 0.06549409944439276
7020 0.022273435806453773
7078 0.03083511444627045
7119 0.045814921985410845
7389 0.06733071206816339
7418 0.02053800579523332
7466 0.11568168129039688
7580 0.024481281755738677
7627 0.04094294791527422
7856 0.03317423970253944
7892 0.026801243491751277
7948 0.19970674110089856
8001 0.11985812186189185
8104 0.029675086943671235
8124 0.01723497286378085
8186 0.08658137138936757
8303 0.05754626148132063
8411 0.035472789617054655
8433 0.030543537420604533
8744 0.006264881400883557
8758 0.031191091589227383
8903 0.03561165986148739
9102 0.028487383420248872
9409 0.0437757896373517
9500 0.25772588565321985
9501 0.1420289980721915
9652 0.015858177038954896
9654 0.023088971324923126
9684 0.04274295920688571
9708 0.11427349378443256
9732 0.39203966923338035
9867 0.03174834804230776
9873 0.04386803307634383
9906 0.023521351256955255
10156 0.03486545056350673
10162 0.028347795479747348
10190 0.10138159433991567
10499 0.04189228868505977
10516 0.025615529747961194
10548 0.03507763231769772
10575 0.09408540502782102
10589 0.08345041218790118
10792 0.21934016538171913
10827 0.03317423970253944
10866 0.037076738080888696
10882 0.04447838921810616
11000 0.01731875343476926
11232 0.020339641105514415
11310 0.06202323942195186
11311 0.046519656352344715
11371 0.022673419847519725
11733 0.03537035944094199
11927 0.059929060930945924
11950 0.04079607029781868
12009 0.1667981177167608
12050 0.03739551773525828
12080 0.04655165031674268
12203 0.05395330145396014
12378 0.014871784669236311
12404 0.07907668943530304
12610 0.02891744121997
12648 0.0243466969050903
12741 0.06300102370947107
12784 0.06733071206816339
12807 0.034274906465345825
12834 0.02655375682160695
12966 0.06769776914368071
13088 0.040418832022396115
13151 0.05252740979372846
13238 0.1538090526406839
13666 0.061322958626779646
13723 0.019103774950360673
13725 0.06733071206816339
13726 0.17996319958824486
13872 0.03879918470906763
13874 0.03415775640069108
13971 0.06769776914368071
13987 0.07544821503858708
13989 0.04189228868505977
14040 0.024834376418970825
14129 0.06733071206816339
14163 0.017260322069236132
