194 0.07479995591224076
548 0.1216352860423838
1012 0.07978915732757078
1099 0.09542879236785516
1319 0.0498469944072627
1434 0.20566284690265074
1617 0.1619004580279508
1618 0.11371414533184938
1653 0.16341475376994188
2064 0.2159886673183915
2204 0.06225342449942785
2760 0.12735509771503747
2848 0.07347505776315465
2940 0.09128023408276863
3078 0.12659693706304112
3092 0.1135286069835695
3137 0.18388871054181166
3790 0.08402321456037143
3852 0.10426720492956135
4747 0.18190399049216477
5062 0.14071016499754307
5551 0.06816489178748843
5974 0.11207694126368933
6120 0.1462809853596948
6752 0.10125244641520374
7026 0.15132621681386177
7201 0.039840111932438395
7342 0.2159886673183915
7604 0.10998701660221497
8078 0.11779675293634298
8250 0.058110014956289154
8758 0.12511972313933312
8968 0.12299524021976536
8997 0.03383617404216179
9150 0.10948008809904873
9496 0.09261893548939248
9670 0.17842029442069915
9765 0.07928815794872479
10445 0.09365115311324262
10567 0.08584618761596126
11003 0.06378644945198696
11098 0.10703170980952234
11246 0.08292482210707168
11467 0.21642789002947138
12017 0.11903843287774321
12217 0.15704602848651542
12374 0.18991137117589701
12609 0.2527218587869512
12667 0.07197942099344275
12865 0.05309855170141405
13235 0.18378165246530076
13464 0.10562715910694287
13469 0.23084066434960124
13480 0.06537638300744092
13617 0.14071016499754307
13764 0.15132621681386177
13982 0.08689912381673884
14090 0.10209237447500841
14170 0.06483982118688156
