11 0.020167988183771256
79 0.03793688165819459
194 0.017894709303979288
249 0.028629885845868935
322 0.024944283715113785
326 0.023928840968557442
337 0.021526799104166394
338 0.03183607249635315
548 0.02909932309837939
556 0.04988856743022757
648 0.04714520068442549
762 0.03122712576479207
916 0.03588707455945734
917 0.023928840968557442
920 0.025160030378931927
931 0.031031927710259984
961 0.13366298062321283
1008 0.027892331073550717
1010 0.028940442582216095
1012 0.0381765940520479
1024 0.032708734632677275
1075 0.03226311712063447
1090 0.04396686075764542
1101 0.078937975242302
1112 0.031629043474929966
1131 0.03499541781525326
1143 0.0462535439402214
1185 0.1602368522840816
1318 0.02191648818753423
1319 0.035775320869503684
1402 0.02909932309837939
1434 0.04920159129865834
1450 0.040042113942722946
1460 0.024944283715113785
1471 0.0287839878177548
1492 0.055784662147101434
1493 0.032708734632677275
1530 0.06461475680689209
1550 0.02129990596793845
1602 0.04268424043370755
1604 0.017577748325244322
1653 0.06515733596878405
1672 0.03558115369200501
1689 0.01489314961497431
1767 0.2908111216369804
1882 0.03293902720102041
2017 0.022657600532537805
2018 0.06461475680689209
2059 0.048121900140911035
2064 0.0775078213779536
2157 0.03833021250649462
2176 0.022829832956801396
2204 0.1340383465347688
2209 0.030108096408958524
2674 0.03958659059325605
2743 0.03471464441567796
2760 0.030467697797366276
2776 0.02071832648468
2848 0.05273324497573297
2919 0.03588707455945734
2935 0.031031927710259984
2965 0.01805694363722939
3065 0.06461475680689209
3078 0.15143159911585957
3092 0.14937960419684249
3103 0.03588707455945734
3137 0.19796612721009166
3142 0.05287077097192678
3147 0.050103178564318
3150 0.05121129578194947
3151 0.026812639915803408
3157 0.02318323308146937
3181 0.03366268693661006
3184 0.02402597523152469
3185 0.03341574515580321
3208 0.047857681937114885
3215 0.03620240984008193
3220 0.02129990596793845
3227 0.05665692893657581
3236 0.04565966591360279
3250 0.033915726657505946
3257 0.028629885845868935
3353 0.0812162591445794
3388 0.03873213021663251
3421 0.026812639915803408
3454 0.028629885845868935
3517 0.026941542093618133
3527 0.02248821505592893
3540 0.045433299248197154
3763 0.0636721449927063
3789 0.02248821505592893
3790 0.020101228416602213
3928 0.024323027567036862
3931 0.036527757420493974
3984 0.02586362802562075
4028 0.05467654492946997
4029 0.03366268693661006
4030 0.024323027567036862
4180 0.033174614312502376
4384 0.018002579647569454
4404 0.021996236356676854
4428 0.03226311712063447
4535 0.022917046998260863
4560 0.048121900140911035
4561 0.05040858332348701
4575 0.043305496581784474
4590 0.032708734632677275
4604 0.053356630681923936
4700 0.06325808694985993
4720 0.03142611430873941
4747 0.08703531951035312
4762 0.06409474091363264
4798 0.0810376637950115
4827 0.01630737489612204
4835 0.027474004091664363
4899 0.02300500966725598
4922 0.016729532036160726
4928 0.0371193018475292
4970 0.22829832956801396
4991 0.05884934135758287
5062 0.03366268693661006
5089 0.0462535439402214
5247 0.05615044465480392
5363 0.2683114875454623
5383 0.03721118315066106
5390 0.033173743788746476
5417 0.03366268693661006
5421 0.02775098279094921
5455 0.025720147272297315
5528 0.023928840968557442
5544 0.04714520068442549
5545 0.06461475680689209
5548 0.05414417276305294
5551 0.01630737489612204
5641 0.04101881339920849
5663 0.017270297624540326
5747 0.07372754803188576
5870 0.03721118315066106
5970 0.024525956733227428
5974 0.026812639915803408
5999 0.04396686075764542
6044 0.03433966054125799
6120 0.03499541781525326
6154 0.02122537772658537
6235 0.02129990596793845
6245 0.02540598147608333
6310 0.01457781433434972
6315 0.02694971925936495
6338 0.05522498688261357
6345 0.06461475680689209
6417 0.02707208638152647
6488 0.024838090142862913
6554 0.060459717423626484
6579 0.059521374548480686
6606 0.0538994385187299
6681 0.019456513453204975
6729 0.03794346517369019
6752 0.04844610061114494
6789 0.06771767346076904
6813 0.12577357018246693
6851 0.028478066950302472
6866 0.019582252307019505
6995 0.03122712576479207
7026 0.07240481968016386
7153 0.028035656319217537
7163 0.03958659059325605
7167 0.033915726657505946
7188 0.04920159129865834
7201 0.028593354620640096
7328 0.04920159129865834
7331 0.045433299248197154
7342 0.0775078213779536
7426 0.04154444594814006
7442 0.02274335490758681
7468 0.013233728786381639
7530 0.045433299248197154
7572 0.03248350385155352
7580 0.011746883542287834
7604 0.078937975242302
7616 0.049465971509301244
7627 0.019645705067135318
7633 0.01663420494858257
7651 0.06325808694985993
7693 0.04933851160511805
7726 0.0287839878177548
7810 0.033174614312502376
7862 0.01747423645505185
7865 0.05831125733739888
7949 0.12091943484725297
8077 0.04396686075764542
8078 0.05636202922958059
8124 0.03307951292834029
8131 0.03444135920643752
8202 0.02215761903083506
8247 0.034175173123229007
8250 0.05560761701585512
8479 0.05040858332348701
8673 0.015946189033336607
8700 0.036527757420493974
8706 0.01687420626991839
8737 0.026559600194907516
8969 0.045433299248197154
8970 0.03226311712063447
8981 0.023273520784624725
8997 0.04856862475858083
9099 0.019582252307019505
9103 0.036527757420493974
9126 0.021680901076052257
9150 0.02619138376772649
9288 0.05522498688261357
9298 0.03226311712063447
9385 0.08877390539289443
9392 0.03341574515580321
9496 0.08863047612334024
9497 0.008366384336851263
9514 0.060459717423626484
9531 0.023456518290709816
9533 0.029591301797631468
9568 0.04920159129865834
9592 0.036527757420493974
9645 0.016586871894373238
9652 0.03043699439077271
9670 0.04268424043370755
9680 0.03833021250649462
9684 0.04101881339920849
9708 0.018277330368148433
9765 0.03793688165819459
9783 0.015683415968649986
9807 0.05522498688261357
9843 0.03721118315066106
9890 0.02191648818753423
9902 0.007093732484533369
9949 0.059865839397007875
9961 0.049051913466454856
9964 0.03620240984008193
9966 0.024423989842008748
10037 0.18085158321522507
10048 0.02462894843448919
10110 0.028629885845868935
10156 0.03345906407232145
10445 0.022404560811641907
10460 0.020101228416602213
10514 0.044673871280771354
10516 0.024582262303547483
10519 0.033915726657505946
10567 0.010268672979198246
10583 0.05414417276305294
10606 0.04714520068442549
10645 0.050103178564318
10657 0.03145349243019771
10664 0.035284101356492834
10672 0.03122712576479207
11000 0.07063566951551532
11003 0.015259901647742585
11020 0.034175173123229007
11098 0.10242259156389893
11138 0.026685339048722046
11213 0.04157848866369635
11246 0.05951536605574678
11255 0.038303547319669624
11317 0.02207661000804369
11328 0.03028631982317191
11359 0.03443988165066865
11467 0.1553308740674217
11482 0.05320501020348113
11509 0.04154444594814006
11600 0.03204737045681632
11634 0.026685339048722046
11636 0.02643538548596339
11733 0.016971803083970914
11828 0.04396686075764542
11842 0.02309373392727499
11866 0.03142611430873941
11905 0.022572557820256342
11910 0.023364611055663734
11911 0.08008422788544589
11912 0.09140309339209884
11926 0.048121900140911035
11957 0.0364435754993938
12017 0.028478066950302472
12064 0.006672413942848436
12069 0.02402597523152469
12100 0.03721118315066106
12175 0.018732853717615326
12217 0.03757078453906881
12335 0.021837355840513554
12374 0.045433299248197154
12387 0.047857681937114885
12413 0.10430328192014006
12552 0.03444135920643752
12558 0.028478066950302472
12582 0.022657600532537805
12588 0.043305496581784474
12591 0.033174614312502376
12609 0.12091943484725297
12666 0.02422305030557247
12667 0.03443988165066865
12668 0.033174614312502376
12763 0.023832618777863267
12768 0.02402597523152469
12807 0.0328923410700787
12947 0.040042113942722946
12963 0.03183607249635315
13043 0.026312658414100666
13051 0.028478066950302472
13064 0.028940442582216095
13324 0.03873213021663251
13464 0.050539262591051654
13465 0.05522498688261357
13473 0.06461475680689209
13480 0.04692080449765283
13540 0.03873213021663251
13617 0.06732537387322012
13676 0.019968999639823928
13754 0.026399480143830582
13786 0.013865629568237182
13822 0.03365150845370981
13851 0.07442236630132212
13965 0.028478066950302472
13982 0.04157848866369635
13989 0.020101228416602213
14014 0.05467654492946997
14062 0.03801214453076789
14090 0.024423989842008748
14170 0.04653571264758054
14171 0.1314989291252054
