175 0.02831728032227378
344 0.0461254911747744
521 0.043965270703548685
527 0.030747742313156898
555 0.03552858503136463
557 0.039746927867456656
598 0.05606635853508049
599 0.03552858503136463
604 0.07485081256161354
608 0.0461254911747744
741 0.08666909900913929
757 0.051176575412639515
762 0.03170288175659272
960 0.022578096525417358
1008 0.02831728032227378
1054 0.026713540807024136
1106 0.06559918483082121
1107 0.01728027233841103
1117 0.03131024219527259
1230 0.02659041849973808
1397 0.019689695467640718
1461 0.01784555136133186
1471 0.058445043526762885
1556 0.06559918483082121
1593 0.24598193850525518
1703 0.033207063444714746
1808 0.02817377855001444
1912 0.06559918483082121
1916 0.039746927867456656
1963 0.02743120169152487
2017 0.02300279686262509
2086 0.03275465679674561
2179 0.03932222753024892
2443 0.05606635853508049
2463 0.04535449306129785
2496 0.05838788012173037
2565 0.0810929368456394
2575 0.04340127075459423
2638 0.5813214398999773
2693 0.021932698088816413
2927 0.016791745337562534
3105 0.035821666765557134
3121 0.13391013296969284
3150 0.0259957587356239
3232 0.030042135449163922
3349 0.054169537285638336
3442 0.02970650268002295
3481 0.052937472504928605
3488 0.05838788012173037
3633 0.00909103800471798
3721 0.059069086402922154
3734 0.05139387180309133
3749 0.049951194449546314
3758 0.01913715605880106
3761 0.024899618112067236
3780 0.039746927867456656
3841 0.07310742053936031
3956 0.058880498876727964
3991 0.02409893748618175
4079 0.027754780440158087
4188 0.025543352087654767
4219 0.01728027233841103
4229 0.06559918483082121
4289 0.039746927867456656
4489 0.0675235376959814
4678 0.032535623158365806
4815 0.03275465679674561
4820 0.03552858503136463
4897 0.13119836966164242
4922 0.01698441220560617
4990 0.023089857735046286
5208 0.032535623158365806
5223 0.016839578587535344
5390 0.05051873576260603
5438 0.041643749116898804
5528 0.02429340508353185
5551 0.016555823356470475
5679 0.05606635853508049
5687 0.02987296564796786
5697 0.08205601723651894
5746 0.025109801291774498
5822 0.05838788012173037
5938 0.020475254414203902
5974 0.027221139698717114
6039 0.038914186465683565
6044 0.017431418534979017
6094 0.054169537285638336
6230 0.02125148446821925
6231 0.05838788012173037
6271 0.030388958016148493
6315 0.013680153746591628
6334 0.05606635853508049
6366 0.06559918483082121
6446 0.1408688927500722
6475 0.05838788012173037
6519 0.020340139352227133
6596 0.05838788012173037
6681 0.019752940121628895
6734 0.02817377855001444
6866 0.039761189300179446
6949 0.03190490195938677
7020 0.04340127075459423
7119 0.04463671098989761
7194 0.04885505382598965
7242 0.015450356229786173
7408 0.07164333353111427
7418 0.060029504968878815
7429 0.0525657977703887
7453 0.02817377855001444
7491 0.015534597285536867
7627 0.019945014134810573
7633 0.03377526555418182
7652 0.041643749116898804
7726 0.029222521763381443
7749 0.049951194449546314
7891 0.03506683308710284
7948 0.038914186465683565
8001 0.05838788012173037
8104 0.05782388017277592
8122 0.030388958016148493
8124 0.016791745337562534
8303 0.05606635853508049
8349 0.02891194008638796
8411 0.03456054467682206
8517 0.061630427193201734
8601 0.042739889740455464
8658 0.012415528249818482
8691 0.02335549889489309
8716 0.026713540807024136
8737 0.026964244830719738
8764 0.06138084199472918
8903 0.034695843629591536
8906 0.035821666765557134
8981 0.02362810087140511
8995 0.022250393416372277
8996 0.03428894263554862
9102 0.027754780440158087
9194 0.04333454950456964
9276 0.04113615022520583
9383 0.03677506796462549
9497 0.033975396308866285
9500 0.0753294038753235
9501 0.0461254911747744
9521 0.043965270703548685
9594 0.030042135449163922
9633 0.049951194449546314
9652 0.015450356229786173
9654 0.044990395941864214
9684 0.041643749116898804
9708 0.018555791777061403
9725 0.016234270190411525
9730 0.03368004096155515
9732 0.11752544067977136
9735 0.05606635853508049
9758 0.025433258853508205
9781 0.023720578934025325
9795 0.051176575412639515
9831 0.06138084199472918
10003 0.024491577047501874
10072 0.035821666765557134
10190 0.024693597250295928
10242 0.022412954747840875
10327 0.027892579985066054
10382 0.026713540807024136
10422 0.03675396599445784
10531 0.027221139698717114
10564 0.04113615022520583
10575 0.045832916990796516
10613 0.03190490195938677
10645 0.025433258853508205
10827 0.12928442400346135
10866 0.0361232447954788
10930 0.016839578587535344
11000 0.054838456869196375
11218 0.02938136016994284
11262 0.02185476728590802
11297 0.04463671098989761
11310 0.03021410157171593
11311 0.09064664375550806
11356 0.018332047378563927
11411 0.03777810831307477
11430 0.03443244440780796
11576 0.06556430185772405
11581 0.033924845516114986
11716 0.0461254911747744
11733 0.017230374336082873
11745 0.03524353395256287
11842 0.023445574899502365
11979 0.05838788012173037
11999 0.06559918483082121
12007 0.030931883643116168
12041 0.022578096525417358
12050 0.036433826472472286
12075 0.06138084199472918
12080 0.04535449306129785
12141 0.06138084199472918
12173 0.029066071994998863
12175 0.019018255181291785
12181 0.02891194008638796
12262 0.03131024219527259
12267 0.0525657977703887
12326 0.10235315082527903
12378 0.028978661336412546
12513 0.044500786832744554
12523 0.04041351316479619
12549 0.06559918483082121
12581 0.04333454950456964
12735 0.016325132894975215
12818 0.04065216930856431
12877 0.014262331549349966
12902 0.06559918483082121
13088 0.019689695467640718
13145 0.04786347401765516
13524 0.04065216930856431
13723 0.11167492742388631
13726 0.058445043526762885
13754 0.013400842647820795
13761 0.024899618112067236
13770 0.02891194008638796
13786 0.028153754398885903
13822 0.01708210037444101
13867 0.32799592415410606
13874 0.011093109947937125
13875 0.029222521763381443
13916 0.03932222753024892
13971 0.06595680239048618
13987 0.07350793198891568
13989 0.020407477539040954
14041 0.021105975613182937
14060 0.02565462281187583
14062 0.01286375753834898
14065 0.02125148446821925
14088 0.03232110600086534
14154 0.04065216930856431
14163 0.016816442643782792
