149 0.021744779774072662
157 0.046408559915103564
194 0.01373588439188691
209 0.03550397614655087
300 0.025107052027911646
339 0.021976149232238472
388 0.04959794621039153
437 0.020984713619572503
448 0.04959794621039153
557 0.030051684262274517
640 0.037766881735539264
660 0.04959794621039153
688 0.030736115271886393
703 0.02130150788719192
764 0.036938116502763914
795 0.04959794621039153
867 0.04959794621039153
907 0.025839300780300205
917 0.018367652002196092
968 0.04754764800874671
971 0.06803228557377987
1012 0.04395622807840061
1072 0.03324107055756247
1075 0.024764998378174002
1085 0.022094437092322085
1099 0.01752405925426128
1101 0.020197457688732927
1162 0.021088900499848344
1217 0.025107052027911646
1318 0.016822980631106522
1319 0.06407554401304164
1362 0.08478081677408053
1380 0.037766881735539264
1397 0.014886899268970823
1403 0.024437201179031993
1489 0.11293110937078665
1493 0.025107052027911646
1564 0.026232682471629028
1629 0.038693362441838824
1634 0.046408559915103564
1653 0.08002308337707666
1703 0.025107052027911646
1717 0.046408559915103564
1768 0.05206706546842243
1871 0.014792127104915153
1940 0.015277836586612187
1963 0.010370031803683464
1976 0.02778877867328613
2046 0.0208818886983448
2059 0.036938116502763914
2060 0.04095626803082721
2064 0.019831531503333694
2114 0.03615257112851756
2176 0.17524059254261282
2178 0.04959794621039153
2204 0.08002332114319953
2209 0.04622163171337744
2231 0.04959794621039153
2361 0.03550397614655087
2363 0.04959794621039153
2424 0.10042820811164659
2425 0.029304152052267076
2456 0.027311905733761146
2498 0.09281711983020713
2507 0.04095626803082721
2520 0.042390408387040265
2551 0.04959794621039153
2558 0.012038507301560052
2594 0.029422068766916987
2643 0.07738672488367765
2648 0.028144897723469436
2680 0.03324107055756247
2693 0.016582778930307258
2695 0.03148582461848756
2757 0.04959794621039153
2770 0.01882599491085995
2774 0.03974371963684994
2793 0.013613294984003392
2850 0.024934166069360622
2926 0.026232682471629028
3014 0.028296438323199603
3032 0.042390408387040265
3046 0.036938116502763914
3092 0.13551081295330064
3105 0.027083889929222324
3184 0.03688442349931603
3203 0.03618840715616274
3207 0.038693362441838824
3208 0.018367652002196092
3228 0.03618840715616274
3236 0.01752405925426128
3301 0.028038513758433675
3314 0.031102041457285626
3321 0.012240210518780496
3412 0.038693362441838824
3432 0.015416034389689465
3454 0.021976149232238472
3471 0.03148582461848756
3539 0.046408559915103564
3575 0.036938116502763914
3581 0.036938116502763914
3633 0.006873512454727601
3699 0.02297635113853763
3702 0.030736115271886393
3728 0.018905050797034126
3738 0.022094437092322085
3776 0.02546465881067083
3890 0.04542825408259805
3897 0.027083889929222324
3914 0.044429061887131444
3915 0.029396966415437587
3940 0.018984909294755645
3956 0.01483937045691697
3992 0.020104367910409888
4028 0.0629541408587175
4079 0.020984713619572503
4266 0.0327641976180375
4287 0.029730578679412648
4295 0.034291427752573586
4307 0.030386457953636974
4354 0.046408559915103564
4398 0.02883913586829723
4586 0.024764998378174002
4625 0.042390408387040265
4630 0.025107052027911646
4661 0.034874360651193335
4742 0.03618840715616274
4762 0.02459939237799817
4798 0.031102041457285626
4817 0.01745767916021956
4827 0.03755236464084062
4917 0.028038513758433675
4928 0.042738870206612004
4946 0.038693362441838824
4970 0.03504811850852256
4985 0.016235693459215925
4991 0.02258622187415733
5031 0.07387623300552783
5062 0.025839300780300205
5083 0.046408559915103564
5100 0.2533188500931392
5103 0.16382507212330885
5146 0.03550397614655087
5185 0.026437005503848848
5218 0.03974371963684994
5247 0.025860470932375097
5257 0.046408559915103564
5282 0.046408559915103564
5288 0.03550397614655087
5320 0.038693362441838824
5383 0.028563107740965068
5390 0.012731995300615738
5417 0.025839300780300205
5453 0.04959794621039153
5528 0.018367652002196092
5660 0.04959794621039153
5683 0.04959794621039153
5747 0.028296438323199603
5772 0.037766881735539264
5798 0.01365394620865426
5825 0.031889297388125196
5885 0.04959794621039153
5903 0.018148121629400233
5908 0.04959794621039153
5911 0.04414565432611517
5925 0.030386457953636974
5962 0.01584921600291557
6019 0.046408559915103564
6081 0.02324761920856089
6109 0.019651089404671678
6154 0.016292487889796314
6166 0.026437005503848848
6237 0.030386457953636974
6245 0.009750748628822343
6282 0.034874360651193335
6310 0.011189853323769386
6312 0.44638151589352376
6315 0.041372924460765355
6417 0.04156078117470535
6421 0.038693362441838824
6486 0.05557755734657226
6488 0.019065586868279742
6489 0.03618840715616274
6539 0.03974371963684994
6599 0.034874360651193335
6618 0.02546465881067083
6690 0.046408559915103564
6693 0.01931270649389765
6726 0.03618840715616274
6729 0.02912520355597495
6752 0.01859348553609728
6813 0.04290805710557309
6851 0.0218596138494848
6855 0.030051684262274517
6862 0.02130150788719192
6878 0.046408559915103564
6995 0.023969776882640632
7099 0.017988549549196205
7201 0.014632072037739103
7342 0.019831531503333694
7355 0.046408559915103564
7402 0.02778877867328613
7497 0.021976149232238472
7570 0.042390408387040265
7572 0.024934166069360622
7580 0.0450842289642403
7604 0.020197457688732927
7616 0.018984909294755645
7624 0.04959794621039153
7627 0.015079939495819032
7671 0.025609658206086433
7693 0.037871981039947294
7733 0.02664677778773303
7828 0.04414565432611517
7851 0.01752405925426128
7862 0.01341313165281278
7949 0.046408559915103564
7966 0.027311905733761146
8074 0.01882599491085995
8124 0.050783318980495526
8222 0.04414565432611517
8306 0.01939683557886937
8370 0.02912520355597495
8378 0.032314589851262905
8389 0.029730578679412648
8392 0.04414565432611517
8433 0.02249934212085256
8490 0.09445747385546269
8585 0.02297635113853763
8586 0.046408559915103564
8650 0.04959794621039153
8673 0.02448042103756099
8706 0.025905103300773964
8715 0.022336486789009773
8932 0.030736115271886393
8976 0.0218596138494848
8997 0.03728101996093619
9028 0.04136037096224872
9095 0.038693362441838824
9138 0.024764998378174002
9150 0.020104367910409888
9170 0.13243696297834553
9204 0.014379239619057344
9241 0.037766881735539264
9270 0.02883913586829723
9287 0.027546728976598434
9422 0.04095626803082721
9487 0.038693362441838824
9489 0.025283823387610045
9497 0.00642199244910491
9502 0.04414565432611517
9647 0.03328429041609147
9652 0.011681638105604629
9673 0.037766881735539264
9748 0.036938116502763914
9765 0.029120150084236258
9779 0.029422068766916987
9783 0.024077014603120103
9813 0.02412251943847319
9820 0.058844137533833975
9827 0.038315766431431766
9890 0.016822980631106522
9902 0.005445111605856341
9925 0.02778877867328613
9928 0.034291427752573586
9937 0.03148582461848756
9961 0.0376519898217199
10009 0.03550397614655087
10055 0.04959794621039153
10094 0.030386457953636974
10106 0.06220408291457125
10136 0.038693362441838824
10156 0.025683000944639225
10160 0.04959794621039153
10282 0.04959794621039153
10438 0.02664677778773303
10483 0.031889297388125196
10493 0.020984713619572503
10516 0.009434607384694474
10519 0.026033532734211214
10543 0.034874360651193335
10568 0.028563107740965068
10603 0.04959794621039153
10614 0.014379239619057344
10700 0.04959794621039153
10972 0.04959794621039153
10992 0.04677368796804177
10999 0.009622161466386937
11000 0.025515090362303667
11003 0.03514025983395198
11020 0.10493072988651611
11092 0.04095626803082721
11098 0.019654760143635295
11110 0.04959794621039153
11200 0.019065586868279742
11218 0.044429061887131444
11255 0.009800533570093707
11298 0.04959794621039153
11314 0.021520021784640634
11320 0.0236729116716986
11352 0.026232682471629028
11365 0.012172399801730826
11369 0.027311905733761146
11425 0.02883913586829723
11429 0.04414565432611517
11482 0.013613294984003392
11509 0.06377859477625039
11556 0.042390408387040265
11604 0.03148582461848756
11606 0.024764998378174002
11628 0.29758767726234914
11634 0.020483525376410645
11662 0.03618840715616274
11670 0.04095626803082721
11682 0.04959794621039153
11733 0.0390823993488602
11765 0.04959794621039153
11770 0.04414565432611517
11793 0.046408559915103564
11842 0.01772662824600936
11856 0.030386457953636974
11859 0.042390408387040265
11875 0.01931270649389765
11886 0.028296438323199603
11900 0.036938116502763914
11909 0.04959794621039153
11910 0.017934552099744535
11911 0.030736115271886393
11919 0.025107052027911646
11930 0.021088900499848344
11957 0.013986948080105423
11995 0.030386457953636974
12064 0.025608548587430717
12069 0.018442211749658016
12100 0.057126215481930136
12117 0.01640732196520845
12134 0.04959794621039153
12256 0.02130150788719192
12296 0.036938116502763914
12329 0.0327641976180375
12332 0.04959794621039153
12333 0.03845893536099517
12335 0.016762239059289374
12398 0.02381994388647244
12413 0.03202505942537641
12490 0.031889297388125196
12497 0.042390408387040265
12523 0.030555673173224374
12579 0.07387623300552783
12591 0.05092931762134166
12597 0.04414565432611517
12610 0.02130150788719192
12641 0.026033532734211214
12667 0.03965380700976147
12669 0.046408559915103564
12735 0.012343035440008192
12763 0.01829379235659596
12834 0.0130402284689794
12859 0.038693362441838824
12877 0.010783401574939575
12894 0.026437005503848848
12953 0.034291427752573586
12958 0.07100795229310174
12967 0.034291427752573586
13055 0.04959794621039153
13096 0.04959794621039153
13225 0.04959794621039153
13255 0.03374873020747596
13289 0.046408559915103564
13336 0.04204061362672477
13557 0.024764998378174002
13600 0.02564974957300928
13643 0.027083889929222324
13676 0.015328098703076326
13677 0.07948743927369988
13754 0.01013205079506193
13786 0.031929552171213384
13787 0.027389617218890938
13794 0.036938116502763914
13822 0.038746080353759225
13827 0.01882599491085995
13832 0.01779532732428454
13874 0.008387230297490528
13886 0.09919589242078306
13918 0.017008071393444967
13948 0.014745165804456579
13965 0.0437192276989696
14022 0.037766881735539264
14046 0.09829259285411249
14062 0.009725973822631784
14063 0.04959794621039153
14072 0.011777371471404383
14074 0.06010336852454903
14170 0.05953427892782191
14171 0.05046894189331956
14198 0.01992142956140076
14202 0.04414565432611517
