10 0.04295131197797377
11 0.017214636457168316
72 0.05515272708727828
73 0.05515272708727828
108 0.020761221857574834
175 0.04761569027103321
210 0.028115515209128507
326 0.020424758997358988
336 0.02430780725798135
421 0.022777602122440732
482 0.045772522712893206
524 0.05515272708727828
588 0.09427594501479049
603 0.05160614168687176
636 0.045772522712893206
702 0.0529753735701923
707 0.04908979929954112
744 0.036433662833455664
928 0.08048274156920565
995 0.02138309474584491
1001 0.024437394159296993
1002 0.019339675956040085
1107 0.014528444930102904
1162 0.09380310780652548
1171 0.035012116931920925
1244 0.06757925078417341
1245 0.05515272708727828
1246 0.04908979929954112
1255 0.018374466371559834
1350 0.029170642892907866
1403 0.08152222362314387
1460 0.02129150274818596
1468 0.10321228337374352
1471 0.04913785961744397
1479 0.026997362352037885
1593 0.02585126392532143
1604 0.030007410198521586
1618 0.02322058061761909
1619 0.05515272708727828
1667 0.036433662833455664
1808 0.0710615866672916
1901 0.02322058061761909
1975 0.05160614168687176
1989 0.05515272708727828
2160 0.028115515209128507
2172 0.024975838331744347
2202 0.038780156081051544
2365 0.025402603743777247
2400 0.035460777113465104
2404 0.04302687151180396
2479 0.18920109967483922
2558 0.013386774220946257
2565 0.10226872390460129
2609 0.021111146753310803
2638 0.17106175911507898
2692 0.08261575133017213
2744 0.02585126392532143
2763 0.022355980465835475
2770 0.020934434564300726
2797 0.033060290139775045
2799 0.05515272708727828
2816 0.02873320395196953
2831 0.03090101593632964
2849 0.04908979929954112
2928 0.04908979929954112
3010 0.0256306826033482
3121 0.03752845931925157
3130 0.012410004417475955
3135 0.03271722829331439
3150 0.02185601834337073
3151 0.09154504542578641
3165 0.02322058061761909
3225 0.026654300505577225
3250 0.028949189144183762
3316 0.027918946131107892
3328 0.027354430535923117
3481 0.02225367572237616
3501 0.05515272708727828
3606 0.019788336137584267
3633 0.03057327857395626
3657 0.05160614168687176
3677 0.0369639437240668
3697 0.027918946131107892
3732 0.11030545417455656
3734 0.014403188051927803
3739 0.0455432138991346
3786 0.017744917347779443
3841 0.12293060114880536
3858 0.04199662849872809
3974 0.0296311153056228
3984 0.011038110243508585
3986 0.029870772923253765
4028 0.023334921537990785
4154 0.030370735045718505
4155 0.032387115310584406
4182 0.026654300505577225
4197 0.02939784932572794
4213 0.07002423386384185
4219 0.02905688986020581
4238 0.05515272708727828
4370 0.047137972507395244
4375 0.04107504471965808
4384 0.03073265028720134
4421 0.023568187517885645
4489 0.01135412659812282
4492 0.022777602122440732
4529 0.04302687151180396
4566 0.026824149645311993
4606 0.035012116931920925
4653 0.10321228337374352
4733 0.0455432138991346
4734 0.02225367572237616
4940 0.05515272708727828
4990 0.01941287266647193
5059 0.014915351258603604
5208 0.027354430535923117
5223 0.0141579302318822
5279 0.02129150274818596
5390 0.0141579302318822
5474 0.023568187517885645
5495 0.03948028611139744
5528 0.020424758997358988
5551 0.01391936210243259
5571 0.07794674831185402
5613 0.019636211331883136
5677 0.39310287693955176
5685 0.03661886588592842
5687 0.07534737783338634
5697 0.0689888622272698
5798 0.01518313612656224
5970 0.020934434564300726
5995 0.05515272708727828
6062 0.023687195555763874
6063 0.05515272708727828
6102 0.01660734837649521
6109 0.010925968247819178
6182 0.03063185759645915
6255 0.05160614168687176
6296 0.03378962539208671
6310 0.024886148466495336
6419 0.02525802266933511
6446 0.023687195555763874
6505 0.027354430535923117
6519 0.01710103803124574
6537 0.030370735045718505
6624 0.062357440797731874
6625 0.05160614168687176
6636 0.0686587840693398
6693 0.06442696796696065
6775 0.01411771427206118
6789 0.03853417338838043
6823 0.03948028611139744
6949 0.10729659858124797
7020 0.01824487947024419
7039 0.028115515209128507
7099 0.010001599257500477
7109 0.05160614168687176
7201 0.008135404159635767
7330 0.03341735832366028
7335 0.09817959859908224
7406 0.022996287409089933
7418 0.01682333356870944
7423 0.05051604533867022
7425 0.11030545417455656
7442 0.01941287266647193
7466 0.015793090555633566
7469 0.030117182340411507
7478 0.15481842506061527
7497 0.024437394159296993
7512 0.04199662849872809
7562 0.032387115310584406
7564 0.03752845931925157
7572 0.027726697604349555
7580 0.020053396287478924
7661 0.044194864708031696
7693 0.014037832841508311
7758 0.03458535151988802
7851 0.03897337415592701
7854 0.035933700710990925
7966 0.030370735045718505
8001 0.04908979929954112
8087 0.02156920721072226
8104 0.0486156145159627
8154 0.055837892262215784
8181 0.12908061453541186
8186 0.14184310845386042
8212 0.047137972507395244
8244 0.01863954592569419
8264 0.045685724881346396
8279 0.0296311153056228
8296 0.04908979929954112
8297 0.05160614168687176
8349 0.07292342177394405
8374 0.0455432138991346
8401 0.02002160211747913
8433 0.037528773985041494
8493 0.1325845941240951
8507 0.02939784932572794
8542 0.04908979929954112
8612 0.038780156081051544
8658 0.010438395583307744
8744 0.025658817761150216
8745 0.05515272708727828
8827 0.044194864708031696
8931 0.01762426776802671
8997 0.013818784019260412
9009 0.04107504471965808
9076 0.05515272708727828
9132 0.05515272708727828
9275 0.04107504471965808
9282 0.07092155422693021
9341 0.05515272708727828
9386 0.03090101593632964
9409 0.01792907058858037
9414 0.03813193692029454
9423 0.035012116931920925
9492 0.03206900913255738
9497 0.007141231118715894
9500 0.0633334402599324
9501 0.038780156081051544
9574 0.04908979929954112
9583 0.04908979929954112
9638 0.04908979929954112
9652 0.025979874071308914
9654 0.018912910544007185
9708 0.031201684057750458
9725 0.013649015236729355
9732 0.17291731599401947
9754 0.05515272708727828
9758 0.02138309474584491
9771 0.04302687151180396
9902 0.030274716727549313
10003 0.020591372717840062
10004 0.031762066907357465
10025 0.03206900913255738
10032 0.03378962539208671
10079 0.0376875285757026
10152 0.09817959859908224
10156 0.014279699565314071
10176 0.05160614168687176
10190 0.04152244371514967
10242 0.0188437642878513
10243 0.040241370784602826
10274 0.11030545417455656
10327 0.02345077695163137
10362 0.017744917347779443
10548 0.02873320395196953
10575 0.07706834677676086
10595 0.020934434564300726
10614 0.015989659633654184
10616 0.021663769816612388
10720 0.035933700710990925
10766 0.05515272708727828
10792 0.10780110213297277
10827 0.02717407454104796
10999 0.021399613729738542
11000 0.010639756201219548
11087 0.0314655315315144
11097 0.015274251073916872
11138 0.022777602122440732
11213 0.017744917347779443
11232 0.016660846744201426
11262 0.018374466371559834
11310 0.050805207487554495
11311 0.07621145929356647
11313 0.044194864708031696
11325 0.01786725438887678
11356 0.030825456402499455
11359 0.04409488220951302
11600 0.054708861071846235
11615 0.04302687151180396
11849 0.02138309474584491
11869 0.02585126392532143
11876 0.019052864823391618
11922 0.12360406374531856
11928 0.044194864708031696
11930 0.04690155390326274
12009 0.0455432138991346
12050 0.03063185759645915
12064 0.022781286714617335
12091 0.047137972507395244
12206 0.035460777113465104
12304 0.047137972507395244
12325 0.035933700710990925
12335 0.01863954592569419
12378 0.04872780673002811
12387 0.020424758997358988
12404 0.032387115310584406
12406 0.02084739945960894
12481 0.05515272708727828
12513 0.05612127096590894
12525 0.05515272708727828
12695 0.019486687077963506
12735 0.027450816699694215
12834 0.014500684339923197
12878 0.0369639437240668
12927 0.14726939789862334
12966 0.027726697604349555
12999 0.04786036435322789
13057 0.02470247371343135
13121 0.05515272708727828
13238 0.04199662849872809
13332 0.10161041497510899
13391 0.03948028611139744
13597 0.04199662849872809
13608 0.06527809774220342
13666 0.05023158522225756
13676 0.034089574634867094
13723 0.0469455284435743
13726 0.04913785961744397
13744 0.04786036435322789
13754 0.011266801854335902
13824 0.052012162689640436
13860 0.02873320395196953
13872 0.015890822922693604
13874 0.055959408680361394
13875 0.024568929808721985
13912 0.03364666713741888
13961 0.09427594501479049
13971 0.05545339520869911
13980 0.11030545417455656
13987 0.03090101593632964
13989 0.017157652829881926
14039 0.02511579261112878
14040 0.02034262735305123
14062 0.010815245809215314
14075 0.04199662849872809
14120 0.05515272708727828
14163 0.007069239306123631
14189 0.06527809774220342
14198 0.02215255371921378
14200 0.03458535151988802
