1101 0.09531771872792562
1185 0.11609173786619296
1255 0.07798092271147755
1519 0.06600850480827153
1653 0.09441309236326027
1689 0.05395049879157391
1942 0.07330204766089825
2064 0.18718161175634015
2137 0.09531771872792562
2204 0.10790099758314782
3010 0.05438809048157504
3017 0.23406723555124148
3092 0.14758043488673686
3353 0.09806874981927369
3432 0.03637639084339213
3648 0.14515302899513868
3915 0.06936644748621182
4030 0.08811027239284902
4130 0.1875622540187359
4747 0.15764291038029885
4970 0.08270116846938506
5062 0.12194322878947618
5262 0.14505273066664653
5363 0.13885136032160758
5520 0.09317134455817207
5798 0.06443697143966537
6109 0.04636962338128115
6245 0.046016638802380924
6629 0.0899760887979128
6720 0.08056186447046393
6789 0.08176918817628978
6813 0.15187176703304792
7342 0.18718161175634015
7726 0.10427012016431267
7810 0.12017518360105972
8085 0.10261998486383617
8658 0.044300373287229695
8744 0.021779117218850515
8968 0.10659099659500304
8982 0.09903301005513648
8997 0.05864668430537219
9150 0.09487840079774917
9250 0.13353918055723574
9496 0.16053214123966
9568 0.17823297694081203
9600 0.127816809527064
9765 0.06871325881258326
9783 0.05681324207027792
9813 0.2276824695741745
9902 0.025697076557249524
10156 0.06060280204215508
10362 0.07530912736385913
10451 0.08398136194704085
10504 0.2190155874431459
10567 0.0371983122091437
10836 0.1078082181629975
10999 0.06811469747893492
11098 0.09275657005490187
11246 0.07186489017837354
11255 0.046251588522396296
11325 0.07582832368519166
11359 0.0623793099986108
11912 0.11036936683602125
12064 0.024170848320665742
12695 0.08270116846938506
13043 0.09531771872792562
13312 0.2083362731570033
13480 0.11331387793687815
13628 0.10659099659500304
13828 0.2190155874431459
13874 0.03958179641829422
14014 0.19806602011027297
14170 0.16857582001553367
14171 0.07939257309872588
