277 0.06405956585223742
482 0.040239818136774255
556 0.03743583039194379
797 0.049787728880284855
818 0.05875614197583791
924 0.07565208915791943
960 0.033376210846166265
968 0.03098790661933259
995 0.11279061665506677
1057 0.06704555990939011
1162 0.0824647577865657
1239 0.09697240074181357
1249 0.03894977510930116
1318 0.03289178169820333
1403 0.047778874868913704
1461 0.026380296684062107
1479 0.047468170283417314
1480 0.062348987447553704
1524 0.04875052555572102
1578 0.09697240074181357
1603 0.05482005204114721
1689 0.02235131019818414
1718 0.05784223690863797
1963 0.04055034357698684
1980 0.12636101275530098
2046 0.040827635695075984
2225 0.056944714987516035
2254 0.06318050637765049
2425 0.028647294831092247
2426 0.07770571570133716
2479 0.18481291081668189
2558 0.023537324497834574
2575 0.12831639390558497
2617 0.08415058831752606
2648 0.027514025372141402
3090 0.14830249483081598
3130 0.021819916895038576
3150 0.03842839114845238
3402 0.05014961272730857
3432 0.015070481531081377
3439 0.050520217501073564
3442 0.04391382133717411
3738 0.21599186776735427
3756 0.03620482526382673
3847 0.03860022929253897
3897 0.05295360047213905
3940 0.03711871907696665
3945 0.06499193336597238
3984 0.019407781020002037
3991 0.07124880680724381
4025 0.042293444680191986
4028 0.041028675863659596
4043 0.0863122449498665
4044 0.07384066216959757
4046 0.05752513684772085
4188 0.037759618222717624
4219 0.05108933894375934
4311 0.05014961272730857
4324 0.09697240074181357
4489 0.03992683490715074
4561 0.15130417831583887
4577 0.04317902056013984
4773 0.05875614197583791
4881 0.02776823535650532
5049 0.040827635695075984
5223 0.02489321120872376
5247 0.03370773916038868
5260 0.18742972219997714
5551 0.048947496566451885
5571 0.034262509367201814
5677 0.25919024132082513
5685 0.03219259975831791
5697 0.1212998150397483
5816 0.0400487678054345
5962 0.03098790661933259
6050 0.05752513684772085
6109 0.01921060711545928
6154 0.031854578373639496
6278 0.02489321120872376
6788 0.06598449412248097
6819 0.056944714987516035
6821 0.12741831349455798
6866 0.029388612013487442
6956 0.18147321870335817
6995 0.09372996211154758
7099 0.01758533335482294
7102 0.06818529263966791
7162 0.059410681347668075
7242 0.022839584665306036
7399 0.16015290711946406
7466 0.02776823535650532
7479 0.02645856328501959
7578 0.0828804413045625
7580 0.03525892705081408
7718 0.03242214661513026
7891 0.025918881458959236
8074 0.03680801449147026
8088 0.06704555990939011
8124 0.02482250141107751
8250 0.08345468416254438
8268 0.09657779927495375
8383 0.05532433833053391
8658 0.09176665715951345
8744 0.009022934276877703
8795 0.05276059336812421
8826 0.06318050637765049
8996 0.01689594718208153
9099 0.029388612013487442
9113 0.050899973928721316
9126 0.03253821776152379
9174 0.04841977401466468
9347 0.05812832607536439
9457 0.03711871907696665
9497 0.012556084937344145
9645 0.07467963362617128
9708 0.0274302139718269
9722 0.22558123331013355
9725 0.023998410326522904
9843 0.055845722291382696
9897 0.07075447652749944
9902 0.0638767027756127
9905 0.024612301958144716
9908 0.04123237889328285
9918 0.044922665159148875
9957 0.04367162178207826
10024 0.09697240074181357
10156 0.05021462480101897
10174 0.04391382133717411
10353 0.09697240074181357
10362 0.03120003900180932
10374 0.10029922545461714
10438 0.05209897206527306
10451 0.03479288447352512
10514 0.13409111981878022
10567 0.015410997741606152
10613 0.047163618670155893
10628 0.06176585537366435
10754 0.045185566499435635
10836 0.0893283650771737
10924 0.026380296684062107
10949 0.03289178169820333
10950 0.02996903387369226
10999 0.009406479189307794
11000 0.012471582780268938
11154 0.07770571570133716
11169 0.05168883165560664
11255 0.03832341221595197
11339 0.041648062411279656
11434 0.13409111981878022
11581 0.05014961272730857
11600 0.048095986183890854
11606 0.04841977401466468
11708 0.05482005204114721
11796 0.053399410060290364
11840 0.07222028551261545
11912 0.04572524832549599
11930 0.04123237889328285
12028 0.11625665215072878
12064 0.0200276231237675
12117 0.06415819695279248
12307 0.09697240074181357
12314 0.06080976851925564
12387 0.03591187633228963
12523 0.029870762907406343
12572 0.050520217501073564
12678 0.03743583039194379
12733 0.028829301143414456
12735 0.07239818604473418
12834 0.012747929677315303
12897 0.07565208915791943
12932 0.05168883165560664
12959 0.05014961272730857
13020 0.06499193336597238
13022 0.034132725019813966
13051 0.12821776280502992
13122 0.04466418253858685
13336 0.032878613277647004
13464 0.03792410485906569
13608 0.1530338072289778
13675 0.07075447652749944
13681 0.06318050637765049
13744 0.04207529415876303
13754 0.039619757070880536
13786 0.020809230793006967
13787 0.16065404759998037
13912 0.029579662344827198
13989 0.030167479903128926
14072 0.11513379819857794
14163 0.03728851553514525
14212 0.03277302161852273
