11 0.01826252967084005
13 0.030946324813462805
79 0.0171763147763897
194 0.01620402871308454
640 0.08910611338689038
898 0.028640751851788656
908 0.058509996267725135
960 0.020138121332474637
976 0.019632503529061127
981 0.027589129364639677
1045 0.025924952700719768
1047 0.036258960849182426
1053 0.04688510443060232
1054 0.02382665542182681
1057 0.04045311274194811
1067 0.04688510443060232
1127 0.053716756703667844
1169 0.11701999253545027
1244 0.17923237525954114
1250 0.04269095253783664
1319 0.0647905832658975
1403 0.028828220904825307
1455 0.03761935349590463
1538 0.03369549457207866
1604 0.03183402800628836
1608 0.050007365748411116
1614 0.11436319501437289
1620 0.02067288506691026
1653 0.0354007877402565
1656 0.025652009420441147
1657 0.02620616823696165
1714 0.0269489167396356
1901 0.024634069012059626
1940 0.018023047927623798
1942 0.03664675685988395
1944 0.04455305669344519
1963 0.012233379978193269
2090 0.03714338237110268
2172 0.026496173167668165
2204 0.013486054447145606
2291 0.050007365748411116
2400 0.03761935349590463
2547 0.09663106127251608
2558 0.028403313891077347
2565 0.2893174629784699
2575 0.019355485867811557
2760 0.027589129364639677
2927 0.029954181886960363
2969 0.027424887864437548
2995 0.27139337776230416
3010 0.027190879266731045
3092 0.08607856444685698
3130 0.013165428991388124
3147 0.022684731287936393
3151 0.024279398993794242
3224 0.054747522324912264
3227 0.025652009420441147
3251 0.030040298153698134
3257 0.025924952700719768
3297 0.021844815378967233
3304 0.03669063879913525
3316 0.059236868970953906
3328 0.029019555570295393
3417 0.11930787664211284
3455 0.03714338237110268
3527 0.020363543004929402
3633 0.008108585512115693
3648 0.018142016256041338
3656 0.03761935349590463
3763 0.028828220904825307
3852 0.02258756388164118
3860 0.08090622548389623
3915 0.017339592933480426
3956 0.017505795630458797
3984 0.011710024567387121
3985 0.019845832522231058
4028 0.024755370118596194
4109 0.034358591061978104
4169 0.05207800457907091
4219 0.030825647380626032
4404 0.019918046135799825
4445 0.04688510443060232
4452 0.016450181143888278
4489 0.012045277540458765
4535 0.020751859181995725
4624 0.02620616823696165
4678 0.029019555570295393
4689 0.024878277908975795
4763 0.030482257991143086
4773 0.07090309451789922
4825 0.04564601289041669
4827 0.01476666463606843
4842 0.031950482222634094
4857 0.036258960849182426
4903 0.058828966726508024
4917 0.03307663846400957
4922 0.030297873283712314
4954 0.04455305669344519
4985 0.019153018144602605
5053 0.06096451598228617
5059 0.03164656373534086
5062 0.030482257991143086
5247 0.01016907737346232
5437 0.03669063879913525
5474 0.025002835517567986
5528 0.04333611902140429
5571 0.02067288506691026
5687 0.02664464677535536
5798 0.06442946958482731
5920 0.03761935349590463
5926 0.08715074811951379
5999 0.03981290011694403
6006 0.03865146093377421
6068 0.04765331084365362
6154 0.01922001773178693
6183 0.0538978334792712
6210 0.020911852843939985
6230 0.0189548739077458
6323 0.03981290011694403
6478 0.10949504464982453
6488 0.022491403409589505
6636 0.024279398993794242
6681 0.017618274613834656
6694 0.04455305669344519
6740 0.039214021201762476
6755 0.028640751851788656
6789 0.02043991711929394
6813 0.02530901431334288
6855 0.03545154725894961
6862 0.050258175678870635
6875 0.054747522324912264
6978 0.04269095253783664
6987 0.08228158088985978
7020 0.019355485867811557
7099 0.01061041885202841
7174 0.054747522324912264
7201 0.017261248614722467
7206 0.08332604477908089
7242 0.013780663398046922
7248 0.058509996267725135
7344 0.06499297381273914
7463 0.4313542332193873
7468 0.035950243883763354
7530 0.04114079044492989
7598 0.018023047927623798
7671 0.0151056759457299
7733 0.0314348272062222
7802 0.03545154725894961
7865 0.013200511840406909
8044 0.03307663846400957
8115 0.03192847505503375
8122 0.05420975351112897
8156 0.024050266302488875
8202 0.020064181479013947
8204 0.06941759751255133
8247 0.030946324813462805
8354 0.054747522324912264
8355 0.03249648690636957
8412 0.08496144629902048
8580 0.09129202578083338
8585 0.08131463026669346
8658 0.022147607883609168
8706 0.03055988429467982
8744 0.05444145414834558
8853 0.11701999253545027
8870 0.025787477556465772
8893 0.025386865596400014
8981 0.021074653554990514
9097 0.03865146093377421
9099 0.01773213374185681
9102 0.024755370118596194
9134 0.06249453358431067
9295 0.03545154725894961
9298 0.02921491862849741
9317 0.05842983725699482
9383 0.11480297860662056
9409 0.01902045299703033
9415 0.058509996267725135
9497 0.022727801225956516
9584 0.02664464677535536
9725 0.05791944462114309
9732 0.02620616823696165
9735 0.050007365748411116
9779 0.034708798756275666
9784 0.025518490533979876
9827 0.011300142053202587
9835 0.030711390682448457
9902 0.006423521215667818
9916 0.030040298153698134
10111 0.058509996267725135
10156 0.015148936641856157
10162 0.024634069012059626
10180 0.08885530345643085
10190 0.044050007227305815
10242 0.019990826136435772
10331 0.021668059510702144
10432 0.0269489167396356
10499 0.018202077323405407
10519 0.030711390682448457
10567 0.01859699076119693
10575 0.16351933695435153
10614 0.016962985783219774
10625 0.050007365748411116
10657 0.028481786756512088
10715 0.03714338237110268
10821 0.029019555570295393
10930 0.030039509876465108
10999 0.0340533837286871
11000 0.04514968731375436
11003 0.06909077992227584
11097 0.12963222970467633
11150 0.027756330329868413
11218 0.02620616823696165
11310 0.0269489167396356
11311 0.06063796526010342
11317 0.019990826136435772
11325 0.0189548739077458
11359 0.03118602384999739
11577 0.031950482222634094
11677 0.04269095253783664
11742 0.05207800457907091
11834 0.054747522324912264
11957 0.03300040999650793
11960 0.03981290011694403
11976 0.02792659937332389
12057 0.017789591526131205
12064 0.04833606862401897
12069 0.04351203318233403
12173 0.025924952700719768
12220 0.03307663846400957
12249 0.039214021201762476
12378 0.03877048253747202
12399 0.050007365748411116
12476 0.04455305669344519
12499 0.07842804240352495
12589 0.050007365748411116
12610 0.2512908783943532
12611 0.017230422232970468
12659 0.03369549457207866
12666 0.08773788855741936
12667 0.03118602384999739
12735 0.014560904487129113
12763 0.043161856661020744
12771 0.03865146093377421
12834 0.007691686625628976
12877 0.025442052911896784
12903 0.015019754938232554
12938 0.054747522324912264
12940 0.029414483363254012
12963 0.05765644180965061
13112 0.05026335332450554
13160 0.054747522324912264
13450 0.030482257991143086
13464 0.022882172832542496
13480 0.028325171438685945
13503 0.032219469245119994
13600 0.03025864711048103
13624 0.027589129364639677
13628 0.02664464677535536
13660 0.06474278499153112
13726 0.13032247608857675
13787 0.01615557219298696
13827 0.022208760163134434
13865 0.03761935349590463
13912 0.017847407305140024
13982 0.018825089938828313
14038 0.050007365748411116
14065 0.0379097478154916
14163 0.007499559627620966
14170 0.014046349512507645
14189 0.09233562767661148
14191 0.10415600915814183
