165 0.08241210709460889
338 0.043395469377696866
390 0.08622653989240624
676 0.05172040242141038
914 0.18927690139802944
965 0.04850035649470902
971 0.030202854898179452
1175 0.051212404738303414
1240 0.037827119662564496
1298 0.07839364976505905
1376 0.06192972912970736
1402 0.03966503043276089
1461 0.023960073569513986
1517 0.0752766921052429
1519 0.02483795802354213
1567 0.025143290328271263
1592 0.08807580459813359
1649 0.06426320686512814
1653 0.017763077892787
1689 0.04060144153322362
1718 0.05253558245967452
1838 0.04178193953916291
1901 0.03708196183837251
1919 0.03654807277294473
2182 0.09815662957861898
2190 0.08807580459813359
2230 0.0752766921052429
2371 0.03459582250950952
2667 0.043683487762310715
2793 0.024174426575280766
2893 0.051212404738303414
2927 0.04509039205371066
2940 0.02976630697066759
3020 0.0445849874320444
3044 0.09745809680043543
3177 0.05396013217565861
3220 0.029033713793853718
3236 0.03111914376650249
3385 0.18268367871413388
3416 0.13118907454433673
3432 0.027375722914508935
3443 0.024392120281563456
3517 0.03672377819360295
3633 0.0366178553420779
3721 0.026436087202563657
3847 0.03505890569487445
4072 0.12385945825941472
4191 0.04891735452852889
4222 0.043683487762310715
4242 0.08807580459813359
4262 0.031723930727826616
4277 0.05902934009890997
4300 0.10559084955855533
4307 0.10792026435131721
4346 0.12385945825941472
4428 0.043977570135195536
4489 0.054395705622473506
4545 0.07272995226153434
4577 0.019608811107601265
4685 0.035537869077852634
4784 0.03801979025878601
4998 0.04658387679310812
5038 0.12933980983860935
5049 0.11124588551511753
5051 0.034295415302121
5160 0.04731922534950736
5223 0.09043767461536065
5247 0.10715344559467946
5266 0.06559453727216837
5350 0.03861427983905935
5390 0.022609418653840162
5417 0.04588531139624696
5537 0.3260871375517568
5548 0.03690172196003357
5634 0.0752766921052429
5689 0.04803621977250333
5698 0.07839364976505905
5699 0.05902934009890997
5734 0.06871149493198452
5792 0.07839364976505905
5809 0.08241210709460889
5823 0.13975163037932434
5938 0.027490806654585063
5954 0.05336564259538526
6027 0.0705767144044525
6245 0.017315334535722027
6286 0.0705767144044525
6315 0.018367462208023076
6629 0.033856581408355305
6729 0.05172040242141038
6771 0.05396013217565861
6813 0.019048982579263643
6821 0.028932125005984813
6890 0.12769625839067486
6891 0.10559084955855533
7025 0.03111914376650249
7089 0.05396013217565861
7201 0.038975349267336645
7202 0.0545810520320536
7401 0.03160086035669621
7422 0.024174426575280766
7431 0.04256541946355829
7436 0.0502486849355691
7468 0.036077557768343094
7486 0.03100126630102793
7491 0.020857304226573167
7851 0.03111914376650249
7891 0.023540990233493812
8000 0.07272995226153434
8115 0.02403115971154779
8124 0.09018078410742132
8247 0.09316775358621623
8250 0.037899125931043484
8293 0.05171142848955619
8492 0.0630477974284598
8585 0.040801298599577034
8628 0.08241210709460889
8703 0.0705767144044525
8717 0.04178193953916291
8744 0.03278055158757824
8751 0.048095447078487265
8878 0.040566530102494565
8931 0.02814496482948995
8959 0.08241210709460889
8981 0.031723930727826616
8997 0.022067821218308022
9105 0.09875103504681432
9163 0.2987439820835747
9359 0.19278962059538443
9383 0.04937551752340716
9384 0.0630477974284598
9497 0.011404144632899075
9611 0.052795424779277664
9661 0.0502486849355691
9676 0.03861427983905935
9719 0.09147721319724156
9725 0.021796710016618828
9827 0.05103072125598613
9902 0.009669404127704638
9905 0.0223542810262828
10040 0.059318537847629325
10242 0.03009243221434298
10260 0.046230227606019275
10469 0.0752766921052429
10493 0.037264557860220926
10537 0.05738409992493509
10567 0.01399713748828239
10575 0.030768454299048155
10595 0.03343111511312858
10762 0.04554870723477871
10797 0.03459582250950952
10884 0.033571502191929635
10903 0.05172040242141038
10925 0.046230227606019275
10927 0.049347185265835425
10999 0.02563048506676754
11000 0.03398218502114827
11097 0.04878424056312691
11108 0.033571502191929635
11251 0.08241210709460889
11255 0.0870187120264438
11262 0.029342989824881646
11365 0.021615691542545855
11402 0.05738409992493509
11525 0.03708196183837251
11708 0.049790663680595794
11815 0.06742662908924467
11861 0.04203824758833583
11880 0.03881820166163449
11901 0.05662886752637001
11957 0.02483795802354213
11967 0.04850035649470902
12116 0.08241210709460889
12215 0.050910892525955556
12354 0.0236099701107759
12378 0.11672335197291242
12383 0.043683487762310715
12394 0.07839364976505905
12403 0.04010850884752125
12448 0.046230227606019275
12513 0.029874171574327927
12541 0.0630477974284598
12574 0.0705767144044525
12763 0.032486032266811814
12764 0.027130311891881243
12903 0.022609418653840162
12956 0.043683487762310715
13075 0.05172040242141038
13112 0.05044135553179062
13129 0.0545810520320536
13287 0.06706625475800963
13300 0.06089455957137796
13379 0.11476819984987018
13446 0.0445849874320444
13616 0.05726343559719257
13660 0.09745809680043543
13723 0.049979579836057504
13754 0.01799244916752762
13789 0.07272995226153434
13872 0.02537675086179991
13874 0.014894004958748677
13948 0.026184397568629628
14014 0.037264557860220926
14062 0.01727133954891874
14187 0.07272995226153434
14198 0.10612914877095057
