637 0.14786252407425546
914 0.20046338868276148
1689 0.08600206887410253
3044 0.13762397978753949
3333 0.2037517780638468
3432 0.057987320613860374
3586 0.2722449516164577
4450 0.15709419742650937
4489 0.07681407432412321
5390 0.09578264745501003
5739 0.2285969575749796
6890 0.1803243430834588
7202 0.23122742537308888
7486 0.13133391027132396
8004 0.3946963092042218
8124 0.09551057441618921
8250 0.08027801761478742
9169 0.2778850060104263
9204 0.10817484664298256
9905 0.09470178121041584
10091 0.18384077044115615
10516 0.14195287567549167
10925 0.19584995352368875
11636 0.15265393164326949
12639 0.2399028005584522
12956 0.18506093287949218
13379 0.2431022706415131
13728 0.18757943133161084
13874 0.06309703261276438
14198 0.14986867489553535
