339 0.04446044207207129
406 0.04760119453294617
917 0.03716001011886203
1027 0.10717607172989042
1111 0.04204127584775692
1458 0.055082726882688796
1461 0.027297156034058714
1604 0.027297156034058714
1618 0.04224661896026046
1655 0.03614233840220711
1757 0.08285954754992078
1942 0.03142399196070502
1947 0.07473033476735605
2095 0.04675601165500246
2237 0.07828141232747733
2257 0.07473033476735605
2357 0.05348530078411631
2359 0.09406556318970825
2458 0.15656282465495466
2485 0.039588141904212136
2614 0.0621829265047731
2770 0.038087293972117804
2857 0.05622010350406602
2965 0.056082633434428035
2995 0.0221633678932507
3083 0.08931206673918297
3130 0.022578278147035096
3321 0.024763445359292625
3328 0.04976758431480382
3432 0.015594263051289645
3442 0.0908801328088806
3633 0.027811915463039377
3699 0.0464839730576615
3763 0.0494394516501577
3840 0.04309555998450043
3841 0.02795689280347246
3938 0.0464839730576615
3985 0.034034950706088855
4006 0.10034272115088862
4009 0.10034272115088862
4046 0.2380977977948991
4052 0.08449323792052092
4139 0.08040641360637599
4278 0.05525533112836765
4421 0.042879041400738796
4605 0.10034272115088862
4747 0.03379011710129319
4817 0.03531902358385502
4928 0.028821990042721946
5070 0.04675601165500246
5279 0.038736929903098176
5474 0.042879041400738796
5551 0.05064868933252838
5673 0.10034272115088862
5685 0.06662293675231633
5686 0.07182889313821514
5689 0.036484367284657926
5733 0.08931206673918297
5746 0.03840879723845205
5962 0.06412981114558955
6059 0.10034272115088862
6102 0.030214762083500053
6109 0.05963484181622285
6154 0.03296169890271665
6278 0.02575838621875114
6520 0.05778666606670812
6537 0.05525533112836765
6563 0.03296169890271665
6632 0.0439923533144223
6681 0.030214762083500053
7014 0.16571909509984156
7181 0.08285954754992078
7206 0.07145071448659363
7316 0.14194335111377712
7423 0.04595346158533879
7469 0.05479402722284341
7533 0.07117751331698946
7540 0.038903568812289395
7580 0.018242183642328963
7671 0.025905737923524113
7891 0.05363940822097965
7947 0.08576098917906169
8146 0.10034272115088862
8231 0.0764070283606586
8242 0.10034272115088862
8250 0.021588797527951824
8268 0.033311468376158164
8293 0.02945681548364539
8474 0.04163837153223909
8517 0.03142399196070502
8744 0.018673061019043962
8886 0.1023045441861349
8931 0.032064905572794775
8995 0.034034950706088855
8996 0.017483173600967843
9008 0.06827781557809384
9099 0.030410026747017253
9511 0.05778666606670812
9590 0.08040641360637599
9690 0.06937575919467033
9725 0.07449745836045572
9783 0.024355375041321518
9827 0.0193793723353116
9898 0.05390969581244444
9902 0.011016127828846181
9932 0.03545331864595584
10113 0.38983558612987473
10349 0.060798238726509475
10438 0.05390969581244444
10496 0.051892585593702495
10515 0.09389020196162644
10516 0.019087366520272674
10522 0.04760119453294617
10582 0.04703278159485413
10587 0.03586314053185755
10624 0.04675601165500246
10665 0.22922108508197578
10732 0.026977268471103443
10930 0.02575838621875114
10949 0.10210485211826655
10950 0.18606372861630763
10999 0.009733405701869568
11003 0.04739536698731623
11102 0.044224676716662005
11135 0.07882843618395768
11200 0.03857201785305005
11320 0.047893200347985096
11566 0.07473033476735605
11621 0.10034272115088862
11722 0.05307193025946258
11850 0.08285954754992078
12010 0.05115227209306745
12064 0.010361846190514907
12082 0.08576098917906169
12117 0.03319402230495635
12206 0.06451595519582197
12276 0.06292324000540815
12288 0.04518944909236036
12382 0.07055510386043042
12406 0.07585789139261793
12698 0.10034272115088862
12711 0.08931206673918297
12733 0.059662553540582385
12735 0.2996576732573139
12763 0.03701058300768046
12885 0.0515181243070567
12903 0.02575838621875114
12994 0.043763372811137756
13022 0.03531902358385502
13079 0.022820318864772426
13112 0.0287333331537147
13336 0.01701066230550836
13506 0.06725075791577168
13628 0.04569469376326378
13695 0.04163837153223909
13705 0.054345719537247296
13754 0.040996759958682696
13851 0.05778666606670812
13912 0.030607717120533433
14044 0.05115227209306745
14162 0.06937575919467033
14163 0.02572299670044368
14169 0.17152197835812338
14204 0.06537637394895295
