79 0.030207694676505345
107 0.06532343919670516
194 0.028497751599605298
249 0.04559377642302342
322 0.0397243670778892
548 0.046341366450131
979 0.05765320159184384
1012 0.12159427412126789
1024 0.05208944045222155
1075 0.10275956786046914
1133 0.030302852546478756
1162 0.04375300714589898
1185 0.05103620221960204
1319 0.03798203480953182
1402 0.046341366450131
1431 0.10290054215869522
1460 0.0397243670778892
1489 0.28115694141550107
1492 0.1332576085420807
1550 0.033920608547369946
1567 0.029375357037469716
1581 0.17589421896026172
1653 0.04150584496877022
1871 0.0306891316087841
1917 0.06616052157438805
1963 0.02151463873676226
1967 0.05765320159184384
2064 0.0411443517212156
2114 0.07500550836872813
2176 0.03635705378677113
2194 0.05573103798907309
2204 0.1185884808335265
2209 0.047947862020238013
2558 0.024976214193570774
2597 0.03138793377156661
2609 0.039387870033511754
2648 0.029196019755141085
2816 0.05360863226101512
3010 0.02391007004611312
3092 0.08650566706383664
3130 0.023153817593267026
3142 0.042098982231092846
3191 0.08794710948013086
3220 0.033920608547369946
3225 0.049729942973524
3257 0.04559377642302342
3339 0.06616052157438805
3353 0.08622588720256437
3355 0.05983237095439064
3490 0.05037000651814077
3540 0.14470722651389936
3633 0.014260432380117921
3648 0.031906057557352464
3723 0.06797567149230704
3790 0.032011685942049554
3865 0.029375357037469716
3890 0.04712485426909573
3891 0.07835470827249878
3915 0.0304948492134913
3919 0.05765320159184384
3931 0.05817132537762969
3956 0.030787147089379997
4030 0.03873500183663955
4115 0.10290054215869522
4180 0.05283136495993104
4289 0.06234803736131488
4458 0.060425873758544135
4459 0.11530640318368768
4700 0.05037000651814077
4808 0.028756113646808874
4827 0.051939767351010684
4970 0.03635705378677113
4971 0.10290054215869522
5050 0.0700182749661762
5103 0.16994341528948115
5247 0.017884184613428236
5363 0.06104177811523684
5520 0.040959948307637675
5544 0.15015971429270827
5548 0.043112943601282185
5622 0.06704287313078593
5689 0.018707192364570517
5746 0.039387870033511754
5747 0.058706439824463344
5798 0.028327754974293996
5945 0.05484868643267521
5970 0.03905817137642792
5999 0.0700182749661762
6085 0.076635274338418
6451 0.07835470827249878
6488 0.03955525127991381
6752 0.038575785661935466
6769 0.09158870701698238
6771 0.06304259020016705
6813 0.15578687594680402
7026 0.05765320159184384
7057 0.060425873758544135
7201 0.015178533191692744
7342 0.0411443517212156
7375 0.08245604123781634
7468 0.021075028897339306
7486 0.0362193354297153
7540 0.03989525375411083
7726 0.04583918749068664
7810 0.05283136495993104
7901 0.05983237095439064
8124 0.026339956868093553
8250 0.04427822854913415
8265 0.0689650367335567
8293 0.030207694676505345
8346 0.048520535812677804
8389 0.061681841659853624
8658 0.019475311947667155
8673 0.02539468656980776
8931 0.03288226719251903
8981 0.03706363724058929
8995 0.034902530445976396
8997 0.02578223131751185
9150 0.041710403672029814
9299 0.05817132537762969
9511 0.05925969716195086
9533 0.04712485426909573
9589 0.06104177811523684
9765 0.06041538935301069
9779 0.06104177811523684
9781 0.03720870067096495
9890 0.034902530445976396
9902 0.011296938263944257
9959 0.114302045264799
9964 0.05765320159184384
10020 0.07235361325694968
10037 0.0411443517212156
10046 0.05137978393023457
10121 0.09158870701698238
10156 0.026642178995225734
10177 0.10290054215869522
10316 0.030591701298723153
10343 0.08245604123781634
10451 0.03691985191872056
10519 0.05401160405499231
10567 0.016353106767355914
10628 0.032770870661269956
10645 0.07979050750822166
10672 0.099459885947048
10836 0.04739460468275051
11000 0.07940399246690161
11003 0.02430175753092967
11048 0.0645272067238617
11097 0.11399100639842119
11098 0.20388802655254354
11246 0.03159321356581257
11255 0.020333104389629816
11317 0.03515752826622825
11325 0.03333561657963481
11328 0.048231687060433404
11482 0.05648683227640192
11617 0.050046836978352396
11659 0.2209796175090832
11733 0.027028001420334114
11875 0.12020384636556515
11905 0.03594733699230021
11910 0.03720870067096495
11955 0.0433235210837624
12064 0.03187793529634268
12069 0.07652387780716893
12335 0.034776510294959616
12354 0.027583951527147474
12413 0.1993265586173745
12523 0.031696829967628085
12666 0.038575785661935466
12667 0.027423166694926705
12903 0.026414989315037954
12940 0.0517307550584542
13064 0.04608834543667246
13112 0.029465770168795855
13336 0.034888557010192056
13480 0.02490750028800246
13600 0.05321537158214885
13744 0.0892949034426953
13787 0.02841253193617635
13827 0.03905817137642792
13891 0.10290054215869522
13982 0.03310736770564739
14014 0.1306105538728871
14061 0.06304259020016705
14090 0.03889578666886032
14170 0.0494061552687143
14171 0.27922024356781117
