68 0.04570754577523926
79 0.05189175781886238
406 0.04192764251729143
960 0.030419869707676888
962 0.1472638208890236
1230 0.03582574223314343
1255 0.02944531540028182
1397 0.02652827575766576
1458 0.024258728213390847
1516 0.07082283120967205
1552 0.057584211129644736
1647 0.06110691253486493
1655 0.03183455917724685
1672 0.0973389761940235
1689 0.020371513925246255
1714 0.04070799467578786
1770 0.04639144276060641
1848 0.09496847616610418
2006 0.06853336105586853
2114 0.032211723842484316
2182 0.12312365465397515
2352 0.030197371263154985
2462 0.035661797584238306
2648 0.025076934910674437
2649 0.05542346445004638
2666 0.05838540677181887
2693 0.11820125181031418
2740 0.04244685401140294
2907 0.04505546970635264
2965 0.024699092419198782
3110 0.05542346445004638
3168 0.04951926994966761
3170 0.23373162600796252
3203 0.06448730705596688
3308 0.044130929768813026
3432 0.013735594094861282
3512 0.11778126160112729
3536 0.04505546970635264
3606 0.06342211926435383
3633 0.012248516667458435
3648 0.0274046303342794
3670 0.08269949656407753
3738 0.03937202162153409
3790 0.027495356267128592
3814 0.048263166670996616
3882 0.044130929768813026
3928 0.03327012133738608
3956 0.026443579985240745
3984 0.017688711659472285
3986 0.04786829245483763
4052 0.07442254988387143
4150 0.15581427768881853
4358 0.05139099386005781
4384 0.02462473093079503
4428 0.044130929768813026
4452 0.02484900943852205
4463 0.11847037724894947
4555 0.04537771625904542
4624 0.03958602742254274
4814 0.054771388381159754
4824 0.04505546970635264
4827 0.04461190861153307
4887 0.03233973484806626
4899 0.03146727770167092
4922 0.02288339966012552
4933 0.05838540677181887
5161 0.11445712134009152
5185 0.04711042639180259
5211 0.04443238456339474
5247 0.015361016235867319
5260 0.04880796903046965
5274 0.06895110729928185
5663 0.023623082937254004
5788 0.0883829446488961
5793 0.03286379991137094
5945 0.04711042639180259
6081 0.04142697830698404
6104 0.051900763044826194
6109 0.01750900268910444
6235 0.0582699217089739
6310 0.019940184271919844
6417 0.03703040652678538
6486 0.04951926994966761
6496 0.051900763044826194
6518 0.06582328011022065
6528 0.030419869707676888
6606 0.0184315136612081
6689 0.07553919878502778
6720 0.060839739415353776
6907 0.06730012980445187
7201 0.013037088345597714
7224 0.06582328011022065
7242 0.020816538848533486
7316 0.25005045111150415
7580 0.01606791094204525
7631 0.0883829446488961
7674 0.03958602742254274
7707 0.07082283120967205
7732 0.043263615571545205
7903 0.06214569196121818
8042 0.09278288552121282
8115 0.02411496174602665
8124 0.02262381617325914
8157 0.0490879402963412
8293 0.05189175781886238
8485 0.0883829446488961
8502 0.054771388381159754
8571 0.07298357788927042
8673 0.043623816364620094
8688 0.025308627916162185
8706 0.046162583052209945
8795 0.024043627710699424
8819 0.22169385780018552
8878 0.04070799467578786
8886 0.04505546970635264
8893 0.03834842043996638
8923 0.04354679909564088
8931 0.028243112623493997
8997 0.022144776651870448
9147 0.11516842225928947
9497 0.011443913438616301
9533 0.040476301670300106
9645 0.02268826275892368
9699 0.05542346445004638
9765 0.02594587890943119
9783 0.02145247547097403
9827 0.01706955893558628
9929 0.060139832025402094
9932 0.03122766318837708
10079 0.030197371263154985
10156 0.02288339966012552
10234 0.03533955103154552
10386 0.11905078974099022
10387 0.04354679909564088
10516 0.10087414249715185
10559 0.15733405194817793
10560 0.0883829446488961
10587 0.06317727739905284
10655 0.10485954657282213
10675 0.056826345066609704
10755 0.06110691253486493
10903 0.051900763044826194
10949 0.029978349499419753
10950 0.16388692711186958
10999 0.017146576204565472
11000 0.07388482510264119
11003 0.08349269481649871
11071 0.09496847616610418
11097 0.04895436213273772
11102 0.03895356942220463
11200 0.06794929377639593
11213 0.02843645510522339
11345 0.13460025960890373
11349 0.1767658892977922
11356 0.049398184838397564
11359 0.023554202662578957
11365 0.02169107029869729
11389 0.15107839757005556
11438 0.04866948809701175
11482 0.024258728213390847
11529 0.06110691253486493
11581 0.04570754577523926
11592 0.0883829446488961
11623 0.0981758805926824
11634 0.03650139628520052
11661 0.07082283120967205
11733 0.023214788798873374
11785 0.0883829446488961
11905 0.061751501576461074
11957 0.02492457354437666
12100 0.050899115051285165
12127 0.06110691253486493
12256 0.03795903129830112
12288 0.27862345892402346
12354 0.02369230336281273
12359 0.05242977328641107
12712 0.05042391335059497
12834 0.023237530564144446
12909 0.16539899312815506
12919 0.03958602742254274
12948 0.03195915651044357
12959 0.09141509155047851
12994 0.03854724799618949
13083 0.0632676592144633
13135 0.07298357788927042
13219 0.05139099386005781
13235 0.060139832025402094
13263 0.0632676592144633
13508 0.06730012980445187
13754 0.0180551928662752
13761 0.03354769689673809
13872 0.050930490547793784
13875 0.03937202162153409
13990 0.05297953424635233
14062 0.017331568576970147
14182 0.06448730705596688
