435 0.20270820765391562
968 0.08506834615491979
1099 0.0940578220655578
1400 0.19056239325372348
1460 0.10276925826257476
1604 0.07241948407670822
2384 0.09441713975345918
2763 0.10790725095260222
2940 0.0899688637194947
2965 0.07439374588907566
3297 0.09938988928345788
3316 0.1347584254291866
3432 0.041371653637536615
3443 0.3686267408993744
3761 0.1010457710648392
3847 0.1059657790845538
4489 0.16441138737488167
6528 0.09162474550087601
6537 0.1465926548469483
6807 0.20768095718391427
7245 0.08594490857871581
7284 0.19877977856691575
7422 0.07306736748336326
7717 0.08364667737501723
8004 0.14080008201403288
8115 0.07263434242078451
8268 0.17675096633722578
8411 0.07012551095307497
8433 0.06038096217007083
8517 0.08336799931045848
8744 0.024769859604509645
9105 0.14923783496288087
9902 0.029225839237344505
9905 0.0675659652768748
10040 0.08964534050045372
10499 0.08281610160203297
10924 0.07241948407670822
10930 0.06833712047815803
11000 0.017118563930190796
11332 0.12055271110715925
11714 0.09095457946960878
12021 0.1303101493952221
12064 0.027490026956032306
12069 0.09898587114300396
12378 0.1175990397115992
12865 0.052335715499976794
12901 0.5324194276893602
13709 0.1014700919580248
13997 0.10741344914225551
14211 0.11263237764084139
