79 0.023219566235913095
194 0.021905194617723958
328 0.035426450148901674
640 0.06022844040607903
641 0.05153344040242046
951 0.07909593830155875
960 0.08167033177378706
979 0.04431593828692448
1131 0.0428384403987619
1244 0.14537570124225552
1250 0.05771118036850945
1255 0.02635129276833523
1292 0.06760177351167677
1319 0.029195421314974334
1403 0.03897103619009379
1455 0.10171041712056803
1480 0.05085520856028401
1545 0.026445257502722256
1604 0.021517197707158348
1656 0.034677318131182695
1657 0.035426450148901674
1837 0.0653146893519896
1940 0.02436421086691677
1944 0.06022844040607903
1963 0.01653752742603481
2044 0.03846919993602222
2114 0.02882701557131035
2144 0.04431593828692448
2204 0.036461876551897573
2254 0.05153344040242046
2291 0.06760177351167677
2361 0.056619689348331045
2367 0.058906773508018206
2558 0.019198315727185465
2565 0.1955549278844475
2617 0.03431888707862485
2692 0.03949378821955843
2693 0.026445257502722256
2760 0.03729598723667986
2776 0.10144651496507716
2797 0.047412608718136226
2907 0.04032118036119233
2969 0.03707395961071488
2995 0.2620567330643565
3092 0.11636413018079418
3150 0.03134427560887992
3151 0.0328217734970425
3251 0.08121913248646044
3314 0.049599738298086414
3321 0.05855994108413567
3328 0.0392296893410139
3442 0.035818489348517266
3527 0.08258453138925437
3656 0.05085520856028401
3693 0.03752201557496892
3758 0.04614908916316425
3789 0.02752817712975146
3801 0.0653146893519896
3832 0.033465208552966884
3852 0.030534689337355345
3905 0.04151677350070108
3928 0.029774199932363653
3984 0.01583003657107907
3985 0.026828317293661086
4213 0.10042354700871928
4217 0.056619689348331045
4219 0.020835614927807954
4298 0.03601920136461961
4535 0.056106234086607865
4577 0.052828719099772485
4624 0.035426450148901674
4702 0.035620938283265915
4808 0.0221037882122413
4827 0.01996211364687016
4922 0.020478882830136675
5002 0.03266594250694074
5210 0.04003927561253849
5437 0.09919947659617283
5455 0.031484436099272595
5663 0.02114084247724807
5668 0.04845856708075184
5731 0.07909593830155875
5798 0.0435490486767877
5996 0.07909593830155875
6007 0.07040093829790017
6062 0.03397041374310968
6068 0.03220973829076928
6183 0.036430524554790504
6271 0.03664135696949407
6484 0.04090473829442784
6606 0.06597914894746434
6734 0.03397041374310968
6779 0.06022844040607903
6813 0.017106822443139314
6821 0.05196463625504826
6862 0.06794082748621937
6978 0.05771118036850945
6984 0.0653146893519896
6987 0.11123122988488442
7085 0.08180947658885568
7201 0.02333438288375125
7206 0.0281607935274927
7233 0.03752201557496892
7463 0.4770984446152475
7468 0.032399230371336935
7475 0.036430524554790504
7572 0.03976356707709327
7580 0.014379544577923559
7598 0.02436421086691677
7604 0.03220973829076928
7674 0.035426450148901674
7717 0.024853009070303574
7732 0.038717608714477665
7865 0.03568986281592923
8053 0.07400968935564817
8204 0.04692061493878365
8412 0.08614047696733598
8517 0.04954041709861664
8567 0.03798666993183432
8585 0.03664135696949407
8658 0.01496997041901517
8852 0.1581918766031175
8981 0.028489482202065184
8997 0.01981787204212618
9097 0.052250448885591355
9134 0.0563215870549854
9274 0.05561561494244221
9317 0.1184813646586753
9383 0.13302414569330104
9426 0.03729598723667986
9457 0.03027603618643523
9497 0.030724267273453402
9584 0.07203840272923923
9633 0.06022844040607903
9652 0.01862920135730248
9725 0.01957440228355273
9728 0.07040093829790017
9781 0.02860098723302129
9783 0.019198315727185465
9827 0.045827827498870835
10048 0.030148682469371166
10156 0.10239441415068339
10180 0.04003927561253849
10190 0.029774199932363653
10234 0.031626180357533756
10316 0.04702947657422143
10361 0.05327065056223388
10432 0.1821526227739525
10451 0.05675791921411262
10460 0.02460622930728913
10556 0.04599098724033841
10567 0.012570043818766087
10575 0.0828942672954048
10601 0.05301093829058305
10614 0.045862360707750384
10657 0.019251356962176936
10672 0.038225614935125087
10715 0.05021177350435964
10804 0.07400968935564817
10821 0.0392296893410139
10930 0.02030425031071642
10999 0.046034601096860785
11000 0.05594873840501634
11003 0.03735977039501784
11097 0.06571558385317187
11156 0.07909593830155875
11191 0.21120281489370055
11310 0.036430524554790504
11311 0.0546484027219221
11842 0.028269402287211295
11849 0.030666043766743475
11866 0.03846919993602222
11905 0.027631422431801597
11957 0.06691672943542179
12064 0.04900684001240784
12175 0.022931180353875192
12285 0.08303354700140216
12333 0.030666043766743475
12354 0.06360836830401717
12378 0.1048226932257426
12572 0.04120702360546212
12610 0.13588165497243873
12648 0.02860098723302129
12666 0.08895544859068868
12667 0.021079199928705085
12725 0.035620938283265915
12733 0.023514738287110714
12735 0.019683959603397742
12807 0.020132015567651783
12834 0.010397901377260299
12844 0.07909593830155875
12877 0.017196745648182736
12904 0.04901618036485089
12963 0.03897103619009379
13079 0.05396488690701464
13158 0.06338098724765556
13277 0.07400968935564817
13336 0.01340878820858273
13480 0.0574364934731131
13660 0.029173882833795243
13726 0.10570479424584525
13786 0.01697313485399633
13982 0.025448440391444765
14163 0.010138177122434328
14178 0.03486044887827423
