68 0.17360645075569736
1674 0.18644586895260323
1848 0.18035468543802036
2182 0.09352968016990378
2740 0.1612216877034091
3481 0.13545067890128493
3512 0.11183922941656223
4150 0.1479534903253993
4827 0.0847225002362889
5185 0.17893487346019224
6102 0.10108337339006744
7201 0.049517483327529165
7316 0.316580633030076
8122 0.15551195777269983
8250 0.07222524127543045
9965 0.21050946377806815
10386 0.1130447102116801
10387 0.16539950033504183
10950 0.20749183574675256
11200 0.25808508253503015
11208 0.24493576075668538
11211 0.2987931847845172
11438 0.18485650334777007
12280 0.20803274773431457
12288 0.1511811326950341
12354 0.17997626550639978
13256 0.335696197806888
14062 0.06582878287695616
14101 0.20122692538398496
