194 0.196406621870063
548 0.1596924446039273
1012 0.10475353000844906
1135 0.20618247402000486
1319 0.06544308524321098
1653 0.07151461379054563
1898 0.2700104867155364
1943 0.19867305189095372
2204 0.08173123002987451
2648 0.10060954444276764
3092 0.07452467689091236
3521 0.1861240992494889
3633 0.0491414794671769
3915 0.10508531344174056
5139 0.28414368859405764
5495 0.25383207294675825
5816 0.146444885104987
5970 0.1345945393209976
6235 0.11689048718948743
6245 0.06971198738474767
6412 0.14856729279161204
7047 0.22510470653651532
7201 0.052305256762156055
8673 0.08751014242636039
8886 0.1807641283896104
10536 0.33179328752081105
11003 0.08374390669861417
11482 0.1946537408183213
12064 0.036617143647652006
12413 0.11447995552149058
12667 0.09450028913166561
12915 0.18338028050175656
12945 0.22798929414078678
12992 0.1692470786232353
13336 0.06011301979686559
13596 0.16620649333551207
13816 0.14856729279161204
14090 0.13403496128296827
14170 0.08512685660480658
