12 0.06854651805776484
637 0.05931398414110848
914 0.2412433237896906
927 0.2993526019606359
947 0.08619752707167971
1226 0.1400513955245351
1519 0.08441940889057688
1653 0.03018663076821849
1838 0.07100436023876776
2182 0.041701921711238855
2564 0.07326682734443439
2927 0.038313377454486236
2951 0.14200872047753552
2964 0.11993829174314041
3044 0.05520686601058521
3832 0.06332750752189092
3890 0.06854651805776484
3956 0.04478213814431268
4071 0.07978139207674192
4262 0.053911748244165975
4267 0.10031464731576496
4384 0.041701921711238855
4489 0.06162682281802396
4711 0.16346710985039728
4784 0.06461095184934826
4913 0.06562122932285704
5049 0.06301720326468098
5154 0.10031464731576496
5279 0.05778197275028011
5739 0.0917000193334909
5823 0.0791647876000562
6488 0.05753598155774341
6712 0.08461441138199453
6775 0.038313377454486236
6890 0.07233580850098806
6987 0.10524357761069006
7201 0.022078277283863405
7423 0.06854651805776484
7468 0.06131031581043041
7851 0.05288397136872156
8004 0.0791647876000562
8007 0.11993829174314041
8124 0.038313377454486236
8250 0.032202947254517875
8517 0.14062086890111977
8634 0.2664448328509339
8744 0.027853686538034605
9105 0.04195445534453319
9163 0.33845764552797813
9204 0.04339355883730553
9383 0.04195445534453319
9439 0.2993526019606359
9497 0.038760478937096214
9719 0.11659249913603273
9868 0.14967630098031795
10242 0.05113917450876471
10315 0.3707925329090523
10456 0.08313030704607569
10567 0.023786779730462348
10575 0.052288008578250104
10797 0.05879225022378889
10884 0.057051517035441826
10999 0.014518842469956982
11108 0.057051517035441826
11169 0.07978139207674192
11252 0.09501767960752518
12215 0.04325906591293872
12238 0.08972071189928539
12308 0.08789381550326741
12354 0.04012285790133662
12378 0.09918001681076581
12807 0.11428977338719724
12903 0.03842251758996598
12932 0.07978139207674192
13700 0.06933785592357257
13874 0.02531091914720079
13965 0.06596777471329061
14014 0.06332750752189092
14046 0.0988755438229926
14198 0.06011873706104585
