194 0.04551543859451939
300 0.08319511523704913
763 0.0965097241782151
1001 0.07282050739410298
1012 0.14565403601757426
1073 0.16434852032437935
1075 0.0820616809821816
1107 0.04329302562134602
1319 0.0909950193978858
1350 0.08692502165438919
1407 0.13169540300712593
1458 0.09021844887970379
1489 0.07484205351950973
1653 0.06629143114630374
1689 0.03788093035010153
1719 0.0965097241782151
1770 0.08626511600973269
1943 0.09208132605336346
1963 0.0343622974915654
2176 0.11613598661112193
2204 0.15152372140040613
2526 0.1357133220864066
2558 0.03989098366155942
2648 0.09326136763630884
2940 0.11108722829093848
3092 0.1381632990785325
3142 0.0672387656244996
3321 0.04055935055631406
3432 0.025541404783857583
3648 0.15287713472437497
3696 0.21133773635265612
3915 0.09741024178518104
3919 0.09208132605336346
4025 0.07167879726023324
4687 0.1199144646792942
4783 0.1282149231888714
4835 0.06988050629588317
4887 0.060135896026958645
4928 0.047206726726120855
4974 0.06037612704270715
5049 0.0691945487942868
5166 0.09050115251833012
5247 0.028563885250400437
5530 0.3286970406487587
5798 0.045243926965484786
5844 0.06399488241442762
5847 0.08151292638314468
5970 0.06238210739834795
6104 0.0965097241782151
6245 0.032310231201996234
6606 0.034273490316391826
6813 0.0355452001247253
6851 0.1448687079011523
7026 0.09208132605336346
7047 0.10433191457748667
7201 0.024242529907199207
7245 0.053059365679522796
7479 0.044841889986610595
7627 0.04996912033828873
7649 0.06212275321175014
7802 0.09957972495089866
8247 0.08692502165438919
8250 0.03535968417645488
8498 0.08692502165438919
8658 0.03110516848899165
8673 0.04055935055631406
8744 0.015292040684206342
8886 0.08378086754378625
8997 0.02058916055640962
9094 0.0365898342406152
9236 0.11362860443937196
9428 0.1030602047691532
9497 0.021280013330947107
9647 0.055145669305813494
9749 0.0985157045338559
9765 0.0964929789162393
9827 0.031740928804734406
9898 0.08829717428720708
10079 0.05615216040267383
10156 0.04255179422990642
10396 0.0695352710408201
10445 0.056986307770459155
10506 0.07361041271322322
10553 0.08262223765554215
10567 0.02611851058837626
10614 0.04764727040827829
10999 0.01594207139762199
11000 0.010568399670218767
11003 0.038813769176556656
11200 0.06317602300760586
11255 0.03247519935204173
11356 0.04592808384667365
11482 0.18043689775940758
11726 0.0965097241782151
11880 0.07243435395057615
11886 0.09376351490726789
12064 0.033942752791787344
12206 0.10566886817632806
12217 0.09556180587161799
12335 0.05554361414546924
12365 0.1462817217566254
12667 0.043799155712603406
12810 0.06852618189953216
12822 0.10068903622329611
12945 0.21133773635265612
12992 0.07844292561046112
13089 0.14046551171299462
13480 0.03978123663332274
13700 0.07613479187331494
13719 0.0946471548071865
13832 0.05896687137060134
13874 0.027792055807415075
14072 0.03902567994297983
14170 0.07890948233107632
14171 0.22297955342261944
