68 0.12675692229620347
818 0.14851057301984652
1552 0.15969348718790066
1604 0.06667818623276363
1656 0.10745919184609065
1674 0.13613148831969696
1848 0.13168407480430627
2182 0.13657942259724687
2609 0.09382035740450628
2648 0.06954377085853661
2740 0.2354286358799159
3481 0.09889788717942971
3790 0.07625057698343697
3956 0.0733337735940835
3984 0.049054627880596155
4150 0.10802668331155468
5274 0.19121635174091794
5520 0.09756498602801052
5574 0.1825422096220348
6496 0.14393205491139205
6734 0.10526861372908014
7201 0.03615466913314095
7316 0.11557400812814934
8122 0.11354541874290162
8250 0.10546899906452743
8293 0.07195354073486696
8474 0.10170917028834646
8716 0.09981257585164069
8923 0.12076470384906905
9299 0.2771236186663353
9497 0.031736450117804904
9654 0.08405114357513206
10113 0.10580479429877514
10386 0.08253840503002462
10516 0.046624306867125466
10655 0.14539911486722967
10949 0.0831364549029211
10950 0.15149797940319099
11003 0.1157716614363568
11200 0.09421905295079734
11346 0.24510504463004348
11359 0.13064180918096654
11388 0.24510504463004348
11623 0.13613148831969696
12288 0.22076662481445924
12354 0.13140777547522625
12948 0.08862966168358656
13031 0.3446869226235849
13695 0.10170917028834646
13874 0.08289667671594665
14100 0.16678077734552615
