914 0.24302173736497276
1172 0.226169542032445
1689 0.052130147884115206
2105 0.10601050631091005
2927 0.057893727836959445
2951 0.10729169235429308
3044 0.08342076548446035
3432 0.035149010234036514
3737 0.226169542032445
4262 0.08146376768193157
4489 0.046560845646165236
4974 0.08308709427982713
5223 0.11611728977988146
5247 0.03930842111020858
5537 0.23924513953554888
5739 0.13856402945012122
6712 0.12785726628911742
6729 0.13281263546506422
6775 0.057893727836959445
6890 0.10930358763587046
7201 0.06672310618918012
7468 0.046321715454917034
7706 0.18123369122588684
7747 0.14940666169720357
7851 0.07991073741789954
7929 0.14182713217255372
8004 0.11962256976777444
8007 0.18123369122588684
8250 0.04866051462353434
8517 0.07082875358638753
8688 0.06476408777741993
8744 0.04208853029479231
8751 0.12350412567014651
8872 0.09864135507752797
9105 0.06339560698217342
9163 0.5114290651564697
9211 0.226169542032445
9497 0.05856932401953229
9902 0.024830028102132536
10091 0.11143506982671009
10516 0.043022362708341436
10614 0.06557017553955921
10657 0.11009593365056199
10925 0.1187144352914676
10930 0.05805864488994073
10999 0.021938810157415525
11255 0.044691007563480295
11726 0.13281263546506422
12354 0.06062795737964857
12378 0.04995557932672941
12640 0.13416635822848902
12956 0.11217467120125627
13660 0.08342076548446035
13700 0.10477350801051807
13723 0.06417119170282712
13728 0.1137012588575027
13874 0.03824626179594998
14014 0.09569152417900607
