10 0.027140443242670603
11 0.021755464138025878
79 0.020461497222799663
127 0.0332679065887271
150 0.042702556355685664
194 0.03860649887095698
284 0.04604403044829407
300 0.03528332607185974
309 0.05085612473709117
311 0.09978856664124908
315 0.040528080849181004
336 0.061439302583105114
506 0.049009474988770244
513 0.03658532364701566
538 0.040930096167097856
540 0.06970075605412938
548 0.0313898081622756
599 0.03775000016549044
606 0.06970075605412938
683 0.06970075605412938
691 0.06970075605412938
700 0.04178083913175572
708 0.06970075605412938
844 0.05307437932223196
855 0.040140174279710464
920 0.027140443242670603
995 0.05404693291789218
1008 0.030087810587119682
1012 0.0411815752391022
1045 0.030883420255907103
1047 0.04319393515872041
1430 0.06521866247736605
1455 0.0448145197093183
1458 0.019130972656567855
1483 0.030719651291552557
1552 0.045412189743861194
1653 0.05622883445117602
1742 0.04989428332062454
2058 0.03306507148671896
2114 0.050805763816696395
2160 0.10659523674104897
2176 0.04925365957606784
2202 0.049009474988770244
2225 0.040930096167097856
2428 0.040528080849181004
2448 0.059571892382127935
2514 0.057556472898995285
2625 0.14702842496631074
2649 0.04370817685078843
2659 0.020656004345040353
2803 0.05437637689738787
3035 0.07550000033098088
3044 0.025708547546366763
3092 0.11719103263843614
3127 0.042702556355685664
3323 0.040930096167097856
3332 0.02052595339905011
3345 0.047427609226993836
3402 0.03604598727241767
3512 0.023221230677536342
3515 0.15256837421127348
3521 0.07317064729403132
3555 0.06203856647575863
3648 0.08644760417391503
3679 0.040140174279710464
3760 0.03528332607185974
3823 0.037447126345369536
3914 0.03121842173839803
3915 0.041312008690080705
4320 0.06970075605412938
4327 0.11511294579799057
4357 0.12407713295151726
4358 0.040528080849181004
4404 0.07118285575171454
4593 0.033899747293159976
4687 0.05085612473709117
4752 0.06970075605412938
4758 0.03715233013094754
4802 0.06970075605412938
4828 0.06203856647575863
4885 0.03504036677731491
4899 0.02481579512296895
4991 0.06348152943096044
5087 0.03871184158195708
5161 0.030087810587119682
5179 0.04671418731901712
5247 0.012114039079066614
5376 0.06970075605412938
5394 0.10171224947418234
5459 0.03411864955338496
5608 0.06203856647575863
5613 0.02481579512296895
5760 0.04370817685078843
5844 0.18998310269869423
5848 0.06521866247736605
5891 0.04989428332062454
5903 0.02550383423470206
5970 0.0264564599750142
6085 0.10381940560751436
6109 0.013807988973804877
6133 0.04671418731901712
6210 0.02491150310531345
6235 0.02297647817949872
6245 0.027405753804389952
6299 0.14014256195705135
6417 0.02920300225526539
6434 0.04223209374225378
6439 0.05307437932223196
6600 0.06970075605412938
6601 0.06913980832776603
6606 0.014535501645840047
6695 0.021260944490274145
6708 0.05585246000592252
6826 0.04671418731901712
6828 0.18611569942727588
6831 0.04178083913175572
6832 0.05437637689738787
6833 0.06970075605412938
6862 0.029935336405506312
7149 0.05437637689738787
7201 0.02056267570722966
7242 0.016416385558738703
7322 0.06970075605412938
7402 0.03905199774064636
7412 0.057556472898995285
7418 0.021260944490274145
7422 0.03826194531313571
7475 0.03210323007025232
7530 0.049009474988770244
7553 0.05307437932223196
7580 0.025343023935669704
7671 0.017994823129168967
7759 0.06970075605412938
7851 0.07388048936410176
7972 0.14014256195705135
8092 0.05585246000592252
8122 0.03228901936640468
8202 0.04780340823456714
8205 0.06970075605412938
8222 0.12407713295151726
8264 0.05773657502142452
8282 0.06970075605412938
8286 0.06970075605412938
8301 0.03658532364701566
8345 0.10042359965942793
8348 0.04819027042755176
8411 0.01836071667528722
8433 0.03161867126295193
8447 0.03775000016549044
8498 0.03686519183363615
8669 0.02550383423470206
8673 0.08600677977689725
8691 0.0496315902459379
8795 0.018961339615659635
8886 0.035531745580349654
8981 0.02510544146405901
8997 0.008731931717238166
9001 0.049009474988770244
9011 0.07106349116069931
9069 0.057556472898995285
9155 0.06521866247736605
9428 0.04370817685078843
9437 0.04134728541039949
9518 0.05190970280375718
9528 0.0926502607677213
9609 0.1304373249547321
9664 0.04424751322538642
9765 0.020461497222799663
9827 0.013461433855222246
9921 0.040528080849181004
9935 0.06521866247736605
10048 0.02656755842682297
10153 0.059571892382127935
10221 0.049009474988770244
10350 0.06970075605412938
10362 0.022425621008748925
10437 0.06970075605412938
10445 0.02416808334200201
10536 0.06521866247736605
10553 0.07008073355462982
10628 0.0221976912242108
10638 0.039765419648623075
10657 0.05089392062898948
10686 0.06970075605412938
10720 0.045412189743861194
10742 0.06970075605412938
10797 0.1642690631936649
10941 0.06203856647575863
10999 0.006761085693318122
11000 0.013446280730290016
11003 0.04938314719676521
11045 0.05307437932223196
11071 0.037447126345369536
11102 0.09215895387465768
11200 0.026793162234938613
11232 0.021055597354871013
11357 0.11170492001184504
11386 0.03604598727241767
11482 0.19130972656567857
11488 0.05307437932223196
11631 0.03504036677731491
11639 0.06970075605412938
11648 0.03871184158195708
11656 0.04424751322538642
11668 0.057556472898995285
11733 0.018307698813909323
11747 0.04319393515872041
11849 0.02702346645894609
11957 0.019656073094997333
11986 0.057556472898995285
11987 0.03156389369565433
12052 0.23022589159598114
12057 0.02119207072910804
12064 0.021592852136512748
12071 0.06521866247736605
12100 0.040140174279710464
12268 0.04819027042755176
12289 0.057556472898995285
12335 0.023556232160027276
12358 0.05437637689738787
12378 0.015395272134811044
12406 0.02634646699877084
12513 0.023641593224407082
12545 0.19565598743209814
12589 0.11914378476425587
12667 0.018575368136418458
12834 0.009162816737923869
12843 0.04223209374225378
12894 0.03715233013094754
12904 0.04319393515872041
12945 0.0896290394186366
12968 0.033899747293159976
12992 0.0665358131774542
13043 0.056767595388093825
13104 0.06203856647575863
13127 0.05585246000592252
13336 0.035448192257787274
13480 0.10122813146007414
13596 0.06534047310836841
13614 0.051834247200832434
13787 0.07698210002856602
13794 0.05190970280375718
13809 0.057556472898995285
13816 0.08760900676579618
13832 0.025008046975813446
13874 0.011786703635980566
13875 0.031049652003586312
14062 0.01366806048630446
14090 0.05269293399754168
14133 0.05585246000592252
14163 0.017867886154918394
