10 0.023656440578630422
175 0.026225456118425805
472 0.0334547866340758
538 0.035675923904303304
592 0.04071751469238712
595 0.060753311179816916
602 0.060753311179816916
604 0.03466075622239504
610 0.060753311179816916
628 0.060753311179816916
721 0.027063826520532384
741 0.04013338546321906
743 0.051924683753090596
809 0.060753311179816916
960 0.02091023124135142
976 0.020385227691389122
995 0.02355448003552081
1052 0.04271815764006785
1054 0.02474018635367787
1111 0.025454230109372294
1397 0.018235199093806064
1471 0.05412765304106477
1472 0.054074712350673654
1593 0.11390551035935241
1604 0.03305456730373909
1657 0.027210931384198264
1808 0.026092554957421882
2017 0.021303558564108514
2180 0.048682712713516686
2463 0.042004113884373424
2496 0.10814942470134731
2565 0.11265378768137421
2573 0.03213282893851556
2575 0.020097588975789275
2638 0.6460544122581672
2744 0.028476377589838103
2745 0.051924683753090596
2793 0.016675140999538377
2879 0.0390617062913904
2889 0.033175486457647105
2976 0.048682712713516686
3013 0.060753311179816916
3121 0.0826787101030766
3192 0.05016798247826462
3225 0.02936095998178133
3338 0.0413393550515383
3481 0.049026931484884254
3527 0.021144295741213185
3721 0.018235199093806064
3724 0.042004113884373424
3728 0.023157096648123356
3758 0.05317042887661619
3834 0.060753311179816916
3841 0.016926726608859806
3956 0.036353960595762416
4000 0.0462612526058556
4127 0.060753311179816916
4143 0.07135184780860661
4190 0.03097055639294142
4219 0.0160037623234948
4284 0.03958265377671233
4488 0.054074712350673654
4489 0.012507102056788478
4678 0.03013218599083483
4922 0.04718927297319076
4925 0.04432775405122794
4937 0.18225993353945077
4938 0.045246084923947334
5211 0.030542255596537542
5391 0.025090595202751014
5438 0.038567486094804065
5501 0.0736215696399562
5668 0.0372208544256808
5687 0.027666221501921256
5697 0.02533148728500873
5746 0.046509833177859866
5767 0.038567486094804065
5771 0.04432775405122794
6054 0.028820527795358358
6102 0.018293771805557177
6109 0.01203546558722514
6278 0.015595623035621025
6334 0.051924683753090596
6365 0.054074712350673654
6446 0.1565553297445313
6519 0.037675188150389866
6563 0.01995692689498525
6566 0.03403891586324387
6606 0.012669587887377638
6624 0.03434482033106452
6756 0.03466075622239504
6775 0.015551323272935947
6866 0.018411996373607745
6949 0.17728834057000065
7020 0.020097588975789275
7228 0.05016798247826462
7233 0.028820527795358358
7344 0.03374242534967565
7394 0.054074712350673654
7418 0.0741267584294971
7433 0.060753311179816916
7466 0.01739682869169948
7533 0.02154750023696327
7580 0.01104487746306213
7633 0.01564012741687351
7671 0.015684838315715804
7726 0.10825530608212953
7865 0.041119886586737577
7892 0.024183084299064107
7938 0.0368107848199781
7948 0.03603955881092459
8078 0.02649688762850384
8085 0.026635525724128507
8104 0.2677618780493254
8190 0.05684658130740789
8264 0.016774988332548306
8303 0.051924683753090596
8349 0.02677618780493254
8370 0.035675923904303304
8411 0.0160037623234948
8433 0.013779900556879603
8503 0.04271815764006785
8517 0.057077729411881814
8688 0.01739682869169948
8706 0.01586578600756137
8737 0.02497237063470044
8981 0.02188267077602659
8995 0.0412134717400662
8996 0.010585328701552293
8997 0.015222037603331124
9194 0.04013338546321906
9204 0.035226717469309776
9298 0.03033503940777369
9385 0.027822894570356454
9500 0.09301966635571973
9501 0.04271815764006785
9531 0.04410946431848391
9618 0.03498740382290095
9647 0.020385227691389122
9652 0.014309023843634727
9654 0.02083345648126884
9657 0.038567486094804065
9684 0.038567486094804065
9708 0.01718505793825101
9732 0.10884372553679306
9791 0.05016798247826462
9968 0.04013338546321906
10032 0.0372208544256808
10068 0.03706337921474855
10132 0.0390617062913904
10190 0.04573891586504701
10319 0.03958265377671233
10361 0.04091699877204573
10382 0.02474018635367787
10449 0.060753311179816916
10499 0.018899957926641186
10516 0.0231132005293256
10531 0.025210288436517538
10569 0.026360216097109052
10575 0.04244719618699141
10628 0.0193481867165209
10645 0.02355448003552081
10762 0.03141878518282114
10827 0.08980054625421958
10838 0.045246084923947334
10930 0.015595623035621025
10999 0.0058931691174278
11000 0.03516056885168126
11138 0.05018119040550203
11311 0.06296286801833398
11320 0.02899732507516004
11571 0.08026677092643812
11683 0.048682712713516686
11733 0.015957550333658158
11842 0.021713628169811216
11930 0.025832128795668718
12007 0.11458766490434759
12041 0.02091023124135142
12064 0.01254732697677449
12069 0.02259015775609481
12078 0.021144295741213185
12080 0.042004113884373424
12117 0.020097588975789275
12333 0.02355448003552081
12354 0.01628578776692255
12369 0.060753311179816916
12378 0.013418990146646013
12387 0.022498828338545385
12403 0.027666221501921256
12477 0.0462612526058556
12513 0.0206067358700331
12611 0.01789104888828581
12763 0.022408356486873518
12810 0.02533148728500873
12834 0.007986591366819815
12877 0.013208759666785811
12898 0.033175486457647105
13122 0.027982157393251775
13261 0.028646916226086897
13420 0.054074712350673654
13464 0.023759491629512228
13719 0.03498740382290095
13723 0.06895026347521664
13726 0.027063826520532384
13761 0.023060259838934477
13786 0.013037005004611142
13875 0.10825530608212953
13916 0.03641745749722101
13971 0.030542255596537542
13987 0.17019457931621934
13989 0.018899957926641186
14027 0.05684658130740789
14060 0.023759491629512228
14113 0.029738858668077742
14161 0.03603955881092459
14163 0.0077870980829266604
14245 0.10814942470134731
