12 0.030175169631729407
194 0.018247790937040896
277 0.04352644586226829
284 0.04352644586226829
288 0.04292915279414823
313 0.030883901101578806
437 0.027877685635575664
818 0.039922937328145086
914 0.035399601244717645
918 0.05864643643896919
941 0.04907139637463873
947 0.07589079868452583
1085 0.38157504435721584
1086 0.162321160210394
1107 0.01735679375976404
1159 0.05864643643896919
1310 0.05017239098642398
1318 0.022348923792314308
1319 0.012160401990754702
1357 0.03908650833659128
1382 0.061652651904972336
1657 0.029511468272260817
1831 0.0480754255998407
1871 0.05895295167540677
1882 0.03358894921528922
1940 0.02029623721698174
1943 0.036916721862141955
1983 0.05017239098642398
2036 0.061652651904972336
2128 0.05017239098642398
2130 0.05864643643896919
2310 0.061652651904972336
2348 0.061652651904972336
2371 0.025881199713731453
2425 0.019464929413386334
2467 0.05017239098642398
2471 0.03289970271066014
2552 0.03484948561031867
2597 0.04019688721107147
2617 0.028588829614686607
2736 0.02670816760566208
2738 0.07899271262061654
2780 0.035399601244717645
2893 0.0766241920964965
2929 0.0281563630524419
2953 0.03759113545609037
2965 0.01841322632610864
3010 0.015310188874602967
3044 0.24302861675653814
3060 0.04483437364836612
3071 0.03908650833659128
3117 0.08263662302850278
3130 0.029651884736209704
3157 0.023640662909303053
3198 0.04352644586226829
3208 0.02440098243243531
3219 0.03949635631030827
3246 0.061652651904972336
3336 0.04352644586226829
3376 0.035980294176193535
3396 0.027473127352591706
3432 0.05119957415837034
3523 0.06251429468646899
3577 0.04716617552042084
3617 0.04907139637463873
3679 0.03794539934226292
3722 0.03144889187559987
3734 0.017207152293527515
3746 0.027083649334291745
3780 0.039922937328145086
3832 0.027877685635575664
3840 0.05659707835030913
3841 0.018357789677154675
3889 0.04907139637463873
3908 0.023369224691770316
3978 0.07518227091218074
4025 0.02873705598391779
4052 0.055482170418239524
4053 0.05017239098642398
4120 0.03628320766999254
4154 0.03628320766999254
4202 0.03484948561031867
4222 0.03267969913586934
4383 0.018809742658017433
4404 0.022430245477590455
4405 0.03432688752656749
4420 0.02683183512969989
4421 0.0281563630524419
4444 0.03512092382785141
4452 0.018524989785270778
4489 0.013564509803629282
4493 0.03382918471086266
4565 0.05631463456691448
4568 0.05864643643896919
4577 0.02933877674306862
4591 0.03908650833659128
4658 0.04131831151425139
4689 0.028016095391759914
4711 0.21588176505716122
4720 0.032046184943719934
4777 0.061652651904972336
4815 0.06579940542132028
4816 0.05017239098642398
4827 0.01662913673429788
4830 0.04182815818236299
4833 0.061652651904972336
4847 0.061652651904972336
4881 0.01886763634526627
4887 0.048218683259868826
4890 0.045555334240524
4913 0.028887415179734588
4923 0.08585830558829646
4928 0.018925852561684414
4929 0.05864643643896919
4947 0.05017239098642398
4974 0.024205653683324127
5038 0.03225311811803252
5132 0.061652651904972336
5154 0.0441599600544177
5260 0.03638644550263569
5302 0.0480754255998407
5336 0.10794088252858061
5374 0.029511468272260817
5454 0.05631463456691448
5520 0.026227633113348015
5551 0.01662913673429788
5647 0.03628320766999254
5663 0.017611058951541973
5730 0.0324642320420788
5801 0.04352644586226829
5838 0.061652651904972336
5862 0.05631463456691448
5903 0.024109341629934413
5938 0.02056592402517158
5952 0.05864643643896919
6026 0.05017239098642398
6044 0.01750860926996128
6109 0.026105998049411983
6207 0.025436460943593597
6230 0.02134559142241086
6281 0.05440941371269658
6398 0.05631463456691448
6412 0.027606247418042924
6486 0.036916721862141955
6563 0.02164417698745884
6618 0.03382918471086266
6629 0.025328172059299704
6638 0.061652651904972336
6655 0.03794539934226292
6662 0.0441599600544177
6677 0.03289970271066014
6688 0.05140319824669344
6726 0.0480754255998407
6775 0.016866103437658667
6890 0.31843270144315533
7028 0.04352644586226829
7099 0.011948676986107097
7101 0.05440941371269658
7201 0.00971917729877263
7230 0.061652651904972336
7401 0.047281325818606106
7426 0.04236416202012716
7466 0.03773527269053254
7468 0.026989688640283435
7552 0.11729287287793838
7566 0.02202982162940622
7572 0.0331244379060072
7580 0.03593598611748919
7598 0.04059247443396348
7604 0.02683183512969989
7627 0.020033335707562
7633 0.016962415491048377
7671 0.01701090645425645
7685 0.061652651904972336
7692 0.03724848889609488
7693 0.016770670958683002
7732 0.03225311811803252
7787 0.061652651904972336
7856 0.0324642320420788
7878 0.11729287287793838
7912 0.061652651904972336
7965 0.026585946518586912
8035 0.05631463456691448
8074 0.025009879925756772
8194 0.0480754255998407
8202 0.022594812403427283
8250 0.014176203599836035
8264 0.018193222751317847
8377 0.03831209604824825
8378 0.04292915279414823
8385 0.05140319824669344
8488 0.04182815818236299
8585 0.030523528016857534
8666 0.0324642320420788
8706 0.017207152293527515
8715 0.0593469673397324
8716 0.02683183512969989
8793 0.15420959474008034
8875 0.027473127352591706
8891 0.0480754255998407
8972 0.04182815818236299
9011 0.03358894921528922
9087 0.04907139637463873
9094 0.01466938837153431
9097 0.04352644586226829
9134 0.02345892295771142
9204 0.038204945661475434
9261 0.04907139637463873
9383 0.018468958638588308
9433 0.046329746528867025
9500 0.025220993849803055
9531 0.02391934032616929
9645 0.03382829701074787
9647 0.022108688296740855
9725 0.01630615964940099
9730 0.06765836942172532
9750 0.061652651904972336
9757 0.0649284640841576
9758 0.025545883763520953
9827 0.03817617829432731
9829 0.061652651904972336
9867 0.031068857855972503
9902 0.007233699365670926
9906 0.02301793837616073
9908 0.028016095391759914
9918 0.030523528016857534
9937 0.08365631636472598
9974 0.03628320766999254
10048 0.025114903762743994
10162 0.055482170418239524
10255 0.05279857243279974
10281 0.031257147343234495
10330 0.036595164681292355
10333 0.03568591460187248
10335 0.024905901119403953
10460 0.1229870821010641
10516 0.012533648232410396
10556 0.03831209604824825
10574 0.029351926489016602
10608 0.031068857855972503
10628 0.020983971123530443
10632 0.05631463456691448
10679 0.03724848889609488
10785 0.030005250703819132
10860 0.0480754255998407
10882 0.04352644586226829
10924 0.01792457598132941
10930 0.03382829701074787
10964 0.05864643643896919
10965 0.061652651904972336
10966 0.061652651904972336
11000 0.004237022726272608
11127 0.05631463456691448
11260 0.05864643643896919
11262 0.021951545729170133
11286 0.061652651904972336
11356 0.01841322632610864
11365 0.032341478778790074
11537 0.04131831151425139
11587 0.04182815818236299
11655 0.061652651904972336
11656 0.08365631636472598
11673 0.05631463456691448
11702 0.05864643643896919
11796 0.03628320766999254
11869 0.030883901101578806
11878 0.035399601244717645
11881 0.04182815818236299
11910 0.023825619663696753
11976 0.03144889187559987
11997 0.05864643643896919
12064 0.020412203284143816
12183 0.03289970271066014
12220 0.03724848889609488
12245 0.05153645595509304
12378 0.014553493093165297
12387 0.02440098243243531
12491 0.061652651904972336
12513 0.044697847584628615
12610 0.028298539175154565
12733 0.019588596937424145
12810 0.05494625470518341
12865 0.025907268492079378
12881 0.027473127352591706
12903 0.016914148505373934
13022 0.023192105471547344
13057 0.029511468272260817
13174 0.036916721862141955
13215 0.05631463456691448
13287 0.05017239098642398
13293 0.061652651904972336
13336 0.03350996440149868
13450 0.03432688752656749
13487 0.03458491999008723
13513 0.05279857243279974
13529 0.05279857243279974
13579 0.061652651904972336
13660 0.024302861675653813
13674 0.03512092382785141
13676 0.020363009225767177
13704 0.061652651904972336
13723 0.018694908713181052
13754 0.013460184972215752
13761 0.050019759851513544
13787 0.018193222751317847
13825 0.05440941371269658
13829 0.05440941371269658
13874 0.022284466095218506
13900 0.05864643643896919
13918 0.06778443721028185
13919 0.023369224691770316
14062 0.025841443027773917
14072 0.06258381514189036
14073 0.061652651904972336
14076 0.03164422062471106
14079 0.03794539934226292
14083 0.030175169631729407
14163 0.033781820219608655
