404 0.3668554408289277
914 0.2386817911395488
2204 0.10239838793238372
2558 0.10783189278163528
2575 0.1469644482216541
2927 0.11371969277891171
3044 0.16386203094384647
3443 0.12303571995299989
3761 0.1686291010906636
4450 0.1870442511511506
4489 0.09145869959038942
4542 0.16191376871140667
4824 0.22647347086704503
4827 0.11212194491707596
5689 0.08076612194577744
6890 0.21470323072974978
7201 0.0655315473764003
7851 0.15696734082303118
8207 0.2820263326136911
8250 0.09558304466134877
8982 0.18796527944837713
9497 0.05752337759737146
9905 0.11275670291685275
10924 0.12085644329903424
11371 0.14960362048064133
11683 0.3559943444208241
12041 0.1529069283024144
12064 0.04587642298834307
12383 0.22034285272676027
12865 0.08733987149283812
12892 0.22975116237825502
14090 0.16792802404831847
