12 0.022861926562874963
194 0.013825263003613968
277 0.03297739237229597
284 0.03297739237229597
288 0.03252485903357643
313 0.04679778026612682
319 0.026609029582003597
321 0.0245962126451715
437 0.02112125994722761
818 0.03024722884774063
914 0.026820166842104642
918 0.044432907566232804
941 0.03717847070775267
947 0.05749793248880968
1085 0.3113348605773124
1086 0.196769701161372
1107 0.013150207576147098
1158 0.09342107550413721
1159 0.044432907566232804
1175 0.02902679047092616
1310 0.03801262866835243
1318 0.01693244680095923
1319 0.009213211414571229
1357 0.02961351648047508
1382 0.046710537752068605
1394 0.034514560105702155
1550 0.01645608190424822
1657 0.02235907962199493
1762 0.046710537752068605
1770 0.026202931438200672
1831 0.03642388304544307
1838 0.02368167655218693
1871 0.044665135882141584
1882 0.025448343775891082
1930 0.17550643057625537
1940 0.015377248592810405
1943 0.027969598661904828
1983 0.03801262866835243
2036 0.046710537752068605
2128 0.03801262866835243
2130 0.044432907566232804
2192 0.08533248068505732
2310 0.046710537752068605
2348 0.046710537752068605
2371 0.019608641622755236
2425 0.01474741624426384
2467 0.03801262866835243
2471 0.024926142801883
2552 0.026403377031534885
2562 0.046710537752068605
2575 0.01651408346796799
2597 0.03045478433729737
2617 0.021660051331815863
2708 0.046710537752068605
2736 0.020235185879039833
2738 0.05984806769854503
2776 0.0160067597511487
2780 0.026820166842104642
2804 0.03058418089230722
2865 0.040002329740478154
2893 0.08708037141277848
2895 0.022733189124148446
2929 0.042664794414657294
2940 0.01687130998721894
2953 0.028480561624036473
2965 0.013950603532331013
3010 0.011599617101965495
3044 0.22095394816761302
3060 0.03396833125881247
3071 0.02961351648047508
3116 0.04266624034252866
3117 0.06260884131352393
3130 0.022465464803128842
3142 0.02042369902393952
3157 0.017911120498287414
3198 0.03297739237229597
3208 0.018487169260044567
3219 0.029924033849272516
3241 0.026202931438200672
3246 0.046710537752068605
3307 0.026403377031534885
3336 0.03297739237229597
3376 0.027260123247222007
3396 0.04162950052330598
3432 0.0698235553847883
3437 0.050896687551782165
3523 0.04736335310437386
3527 0.01737415692809897
3577 0.03573499848251662
3617 0.03717847070775267
3666 0.018637977210923088
3679 0.02874896624440484
3722 0.023826949949860246
3734 0.026073666321807888
3746 0.02051966599333243
3756 0.018637977210923088
3775 0.03801262866835243
3780 0.03024722884774063
3786 0.01606155012924845
3832 0.02112125994722761
3840 0.0857604623078893
3841 0.013908602489329592
3865 0.014251020311149954
3882 0.024926142801883
3889 0.03717847070775267
3908 0.0177054679478187
3978 0.056961123248072947
3984 0.009990982630892303
4025 0.021772353612446015
4030 0.018791713653803794
4036 0.03573499848251662
4052 0.04203553190027284
4053 0.03801262866835243
4071 0.026609029582003597
4085 0.04122276811729261
4108 0.046710537752068605
4120 0.027489622737519974
4138 0.03894513793145681
4154 0.05497924547503995
4202 0.026403377031534885
4219 0.013150207576147098
4222 0.024759459212964633
4262 0.017980875822104683
4383 0.04275306093344986
4404 0.016994059392352837
4405 0.02600743562810842
4420 0.020328881387209972
4421 0.021332397207328647
4444 0.053218059164007195
4450 0.02101776595013642
4452 0.014035280040432257
4489 0.041108080687093984
4493 0.025630355884675417
4508 0.08317792188518065
4565 0.04266624034252866
4568 0.044432907566232804
4577 0.03334236232292775
4591 0.02961351648047508
4606 0.03169070107297667
4658 0.031304420656761964
4689 0.04245224953111266
4711 0.21808098597777606
4720 0.024279483288579786
4722 0.022606511573045777
4777 0.046710537752068605
4780 0.046710537752068605
4808 0.013950603532331013
4810 0.046710537752068605
4815 0.049852285603766
4816 0.03801262866835243
4827 0.012598905241075058
4830 0.03169070107297667
4833 0.046710537752068605
4847 0.046710537752068605
4881 0.014294882905544296
4887 0.036532420831414225
4890 0.034514560105702155
4913 0.021886271808591033
4923 0.06504971806715286
4928 0.014338989861056504
4929 0.044432907566232804
4947 0.03801262866835243
4974 0.01833918031508425
4996 0.03717847070775267
5038 0.02443626421449652
5132 0.046710537752068605
5154 0.03345736829668082
5260 0.027567839886825294
5302 0.07284776609088614
5336 0.10904049298888803
5358 0.017911120498287414
5374 0.1341544777319696
5409 0.03894513793145681
5434 0.023974938894820563
5454 0.04266624034252866
5462 0.046710537752068605
5520 0.019871113550423633
5537 0.10561350812613954
5548 0.020915607396758892
5551 0.03779671572322517
5647 0.027489622737519974
5663 0.013342849149098193
5689 0.02722655367341
5730 0.0245962126451715
5767 0.03169070107297667
5798 0.013742791653323717
5801 0.03297739237229597
5823 0.05280675406306977
5838 0.046710537752068605
5862 0.04266624034252866
5903 0.018266210415707113
5938 0.015581574204863604
5950 0.046710537752068605
5952 0.044432907566232804
6026 0.07602525733670486
6044 0.013265229134852279
6109 0.019778957916068818
6120 0.027037089398800437
6207 0.019271689578188644
6230 0.01617228169703987
6281 0.04122276811729261
6306 0.046710537752068605
6309 0.040002329740478154
6398 0.04266624034252866
6412 0.020915607396758892
6486 0.027969598661904828
6489 0.03642388304544307
6559 0.046710537752068605
6563 0.03279700434763009
6580 0.044432907566232804
6606 0.010410533926679321
6618 0.025630355884675417
6629 0.01918964554826215
6638 0.046710537752068605
6655 0.02874896624440484
6662 0.03345736829668082
6677 0.024926142801883
6688 0.03894513793145681
6726 0.03642388304544307
6755 0.02443626421449652
6775 0.02555688156186224
6794 0.040002329740478154
6809 0.03894513793145681
6887 0.040002329740478154
6888 0.046710537752068605
6890 0.289508962148389
6906 0.03894513793145681
7028 0.03297739237229597
7099 0.009052800004565828
7101 0.04122276811729261
7201 0.007363641045532264
7230 0.046710537752068605
7249 0.034514560105702155
7262 0.03510128611525107
7401 0.03582224099657483
7406 0.02081475026165299
7419 0.046710537752068605
7421 0.046710537752068605
7426 0.03209679921677959
7436 0.028480561624036473
7466 0.028589765811088592
7468 0.0306727163681063
7491 0.011821756909616241
7531 0.046710537752068605
7552 0.08886581513246561
7566 0.016690682121472948
7572 0.02509641125753123
7580 0.036302071564546665
7598 0.04613174577843122
7604 0.020328881387209972
7621 0.03510128611525107
7627 0.015178063797000573
7633 0.012851410680308258
7671 0.012888149391419277
7685 0.046710537752068605
7688 0.03801262866835243
7692 0.028220958758924435
7693 0.012706137282634943
7716 0.022606511573045777
7732 0.02443626421449652
7733 0.026820166842104642
7787 0.046710537752068605
7856 0.0245962126451715
7865 0.011262665057398901
7878 0.08886581513246561
7912 0.046710537752068605
7965 0.02014258624989942
8035 0.04266624034252866
8047 0.044432907566232804
8074 0.018948494579720525
8194 0.03642388304544307
8202 0.01711874193826978
8250 0.02148092816678164
8264 0.013783919943412647
8293 0.014654816615123427
8377 0.02902679047092616
8378 0.03252485903357643
8385 0.03894513793145681
8413 0.034514560105702155
8433 0.011322872024636553
8488 0.03169070107297667
8507 0.026609029582003597
8585 0.06937757081181248
8658 0.009448159754387534
8666 0.049192425290343
8693 0.046710537752068605
8706 0.013036833160903944
8715 0.044963658054257664
8716 0.020328881387209972
8744 0.009289880130764011
8793 0.11683541379437044
8875 0.02081475026165299
8878 0.04598558397852097
8891 0.03642388304544307
8972 0.03169070107297667
8996 0.008697909083716185
9011 0.025448343775891082
9087 0.03717847070775267
9094 0.011114120774309249
9097 0.03297739237229597
9134 0.0355468539497057
9163 0.11288383503569774
9204 0.02894560901267819
9261 0.03717847070775267
9262 0.08533248068505732
9368 0.03717847070775267
9383 0.0279856571639085
9419 0.046710537752068605
9433 0.03510128611525107
9497 0.012927559971098708
9500 0.01910844301039551
9531 0.018122257758388455
9627 0.046710537752068605
9645 0.025629683327235576
9647 0.033500869384349784
9725 0.012354204764275088
9730 0.051260711769350834
9750 0.046710537752068605
9757 0.0737886379355145
9758 0.019354592723523457
9827 0.06748889861957647
9829 0.046710537752068605
9867 0.023539020836150167
9887 0.046710537752068605
9902 0.03288325580817738
9906 0.03487863851020269
9908 0.02122612476555633
9918 0.023125856937270827
9932 0.017638087302494828
9937 0.06338140214595334
9966 0.01886971603882265
9968 0.03297739237229597
9974 0.027489622737519974
10048 0.03805612975602139
10096 0.03894513793145681
10097 0.046710537752068605
10162 0.04203553190027284
10190 0.018791713653803794
10255 0.040002329740478154
10281 0.02368167655218693
10324 0.023125856937270827
10330 0.027725973961726883
10333 0.027037089398800437
10335 0.01886971603882265
10459 0.02235907962199493
10460 0.09317997789216256
10516 0.009495997833694751
10556 0.02902679047092616
10574 0.02223820432695089
10590 0.040002329740478154
10607 0.046710537752068605
10608 0.023539020836150167
10613 0.024279483288579786
10628 0.015898303561455315
10632 0.04266624034252866
10657 0.012150317667718836
10679 0.028220958758924435
10732 0.013421237690831556
10762 0.07744995306595791
10785 0.022733189124148446
10797 0.019608641622755236
10836 0.022992791989260485
10860 0.03642388304544307
10882 0.03297739237229597
10924 0.027160764612565953
10925 0.026202931438200672
10930 0.025629683327235576
10945 0.02339889013306341
10964 0.044432907566232804
10965 0.046710537752068605
10966 0.046710537752068605
11000 0.009630418346820574
11108 0.019028064878010696
11127 0.04266624034252866
11248 0.03396833125881247
11260 0.044432907566232804
11262 0.01663137713977175
11286 0.046710537752068605
11356 0.013950603532331013
11365 0.04900641963569977
11418 0.046710537752068605
11537 0.031304420656761964
11587 0.03169070107297667
11655 0.046710537752068605
11656 0.06338140214595334
11673 0.04266624034252866
11702 0.044432907566232804
11796 0.027489622737519974
11849 0.019354592723523457
11866 0.04855896657715957
11869 0.02339889013306341
11870 0.044432907566232804
11876 0.017245419489372447
11878 0.026820166842104642
11879 0.03642388304544307
11880 0.022001853102743985
11881 0.03169070107297667
11882 0.040002329740478154
11910 0.01805125120137417
11957 0.014077960348848501
11976 0.023826949949860246
11997 0.044432907566232804
12064 0.025775181943957903
12113 0.03345736829668082
12183 0.024926142801883
12215 0.014427947853554638
12220 0.028220958758924435
12245 0.0390460993504165
12270 0.02600743562810842
12378 0.033078941499576
12379 0.03169070107297667
12387 0.018487169260044567
12398 0.023974938894820563
12491 0.046710537752068605
12513 0.03386489360191846
12610 0.021440115576972327
12662 0.03717847070775267
12686 0.044432907566232804
12733 0.01484111175243398
12763 0.018412829013967753
12764 0.015377248592810405
12810 0.04162950052330598
12850 0.028480561624036473
12865 0.019628392381523047
12881 0.02081475026165299
12903 0.025629683327235576
13022 0.017571275276989328
13057 0.02235907962199493
13116 0.02902679047092616
13146 0.04122276811729261
13174 0.055939197323809656
13215 0.04266624034252866
13287 0.03801262866835243
13293 0.046710537752068605
13336 0.03385133559022007
13337 0.03024722884774063
13362 0.03894513793145681
13377 0.046710537752068605
13450 0.02600743562810842
13487 0.026202931438200672
13513 0.040002329740478154
13529 0.040002329740478154
13579 0.046710537752068605
13660 0.018412829013967753
13674 0.026609029582003597
13676 0.015427837761982897
13704 0.046710537752068605
13723 0.014164017479158781
13754 0.010197979468321988
13761 0.03789698915944105
13787 0.013783919943412647
13825 0.04122276811729261
13829 0.04122276811729261
13874 0.01688361104774223
13900 0.044432907566232804
13918 0.05135622581480934
13919 0.0177054679478187
13997 0.02014258624989942
14062 0.019578520352656767
14072 0.059270030759576806
14073 0.046710537752068605
14076 0.023974938894820563
14079 0.02874896624440484
14083 0.022861926562874963
14113 0.02443626421449652
14163 0.03199308829273491
