313 0.043763927953832084
319 0.04976798672611795
321 0.046003330586154266
1085 0.04159304849301667
1086 0.1380099917584628
1158 0.17472936513152904
1175 0.054290026564361646
1394 0.0645540328295221
1550 0.030778501833394083
1762 0.08736468256576452
1770 0.04900844429455352
1838 0.04429283528244749
1930 0.32825705576181047
2192 0.15960092618006977
2562 0.08736468256576452
2575 0.030886984596525443
2708 0.08736468256576452
2776 0.029938115720015056
2804 0.057202879345400186
2865 0.07481803909468256
2893 0.054290026564361646
2895 0.0425188393694047
2929 0.03989887935517364
2940 0.03155512037402567
3044 0.06887657643683422
3116 0.07980046309003488
3142 0.038199302939221066
3241 0.04900844429455352
3307 0.04938334611491576
3396 0.0389307025097232
3432 0.05804174718379102
3437 0.0951942145306051
3527 0.03249561614828388
3666 0.03485939235688072
3734 0.024383337156394992
3756 0.03485939235688072
3775 0.0710966175283182
3786 0.030040592467676368
3840 0.0802006991012446
3865 0.026654282430450957
3882 0.04662041282920116
3984 0.018686554856228724
4030 0.03514693208940002
4036 0.06683667003544361
4071 0.04976798672611795
4085 0.07710067630060406
4108 0.08736468256576452
4138 0.07284072880772949
4154 0.05141499712684635
4219 0.024595386091720267
4262 0.03363038800346583
4383 0.053308564860901915
4444 0.04976798672611795
4450 0.03931041128709516
4489 0.05766462868365427
4508 0.15557116427453138
4577 0.020787207344922846
4606 0.059272450559713974
4689 0.039700113539412586
4711 0.10197150916301319
4722 0.0422819090197899
4780 0.08736468256576452
4808 0.026092400298880252
4810 0.08736468256576452
4996 0.06953645682487444
5302 0.06812511979562345
5336 0.050985754581506594
5358 0.03349992168867163
5374 0.2090956331959306
5409 0.07284072880772949
5434 0.04484133617123345
5462 0.08736468256576452
5537 0.19753338445966304
5548 0.039119339849755304
5551 0.04712852431307854
5689 0.05092296799627135
5767 0.059272450559713974
5798 0.02570372100472968
5823 0.09876669222983152
5950 0.08736468256576452
6026 0.0710966175283182
6120 0.050568604997997285
6306 0.08736468256576452
6309 0.07481803909468256
6489 0.06812511979562345
6559 0.08736468256576452
6563 0.030670808042793398
6580 0.08310473507288993
6606 0.019471259283547482
6755 0.04570417231169845
6775 0.023900055024779234
6794 0.07481803909468256
6809 0.07284072880772949
6887 0.07481803909468256
6888 0.08736468256576452
6890 0.09024679724408236
6906 0.07284072880772949
7249 0.0645540328295221
7262 0.06565141115236209
7406 0.0389307025097232
7419 0.08736468256576452
7421 0.08736468256576452
7436 0.0532683917874281
7468 0.019122823656000862
7491 0.022110728959281095
7531 0.08736468256576452
7580 0.016974322665423782
7598 0.02876071453461774
7621 0.06565141115236209
7688 0.0710966175283182
7716 0.0422819090197899
7733 0.05016288562033409
7865 0.021065035962695756
8047 0.08310473507288993
8250 0.020088341526594375
8293 0.027409519634208238
8413 0.0645540328295221
8433 0.021177643584746345
8507 0.04976798672611795
8585 0.0865065249777166
8658 0.017671290408900156
8666 0.046003330586154266
8693 0.08736468256576452
8744 0.017375253374432804
8878 0.08600877104453529
8996 0.016268065037446332
9134 0.033242387702870115
9163 0.2111313825382606
9262 0.15960092618006977
9368 0.06953645682487444
9383 0.026171375584419416
9419 0.08736468256576452
9497 0.024178958915430298
9627 0.08736468256576452
9647 0.031329042227856214
9757 0.046003330586154266
9827 0.07212989969241847
9887 0.08736468256576452
9902 0.051252446515365854
9906 0.03261749198803606
9932 0.032989256223697846
9966 0.03529282322948314
9968 0.06167900339200681
10048 0.03558898972073079
10096 0.07284072880772949
10097 0.08736468256576452
10190 0.03514693208940002
10324 0.0432532624888583
10459 0.041819126639186126
10590 0.07481803909468256
10607 0.08736468256576452
10613 0.045410938354560476
10657 0.02272524995853739
10732 0.02510230510988383
10762 0.1448579033762273
10797 0.03667486681507927
10836 0.043004385522267645
10924 0.025399959974932954
10925 0.04900844429455352
10945 0.043763927953832084
11000 0.01200811754457175
11108 0.03558898972073079
11248 0.06353239805258855
11365 0.04582938348818253
11418 0.08736468256576452
11849 0.03619970847810245
11866 0.09082187670912095
11870 0.08310473507288993
11876 0.032254833104244235
11879 0.06812511979562345
11880 0.0411509908616859
11882 0.07481803909468256
11957 0.02633060110715812
12064 0.019283362572797464
12113 0.06257672254256903
12215 0.026985197451411976
12270 0.04864280026188788
12378 0.041245956662729975
12379 0.059272450559713974
12398 0.04484133617123345
12662 0.06953645682487444
12686 0.08310473507288993
12763 0.03443828821841711
12764 0.02876071453461774
12850 0.0532683917874281
12903 0.023968137126036855
13116 0.054290026564361646
13146 0.07710067630060406
13174 0.05231271627740857
13336 0.01582839403371979
13337 0.05657266377028315
13362 0.07284072880772949
13377 0.08736468256576452
13997 0.03767352589936869
14072 0.0221710460729783
14113 0.04570417231169845
14163 0.011967603617962976
