175 0.053768384787212166
538 0.07314407785564278
592 0.0834805308122378
741 0.16456585560651055
913 0.09717323724461517
960 0.04287091726060151
1054 0.0507232306490666
1397 0.07477293795155854
1471 0.16646172691135147
1593 0.11676661185088798
2463 0.08611836331014548
2558 0.03023311111418451
2565 0.038494482717075784
2638 0.6622821367702956
2873 0.06441593708144398
2879 0.0800857321541455
2889 0.06801758998214094
3304 0.07810864351382137
3321 0.030739661936936762
3481 0.10051679959775574
3633 0.03452382601646655
3756 0.04650420251339992
3761 0.047278984156228686
3956 0.07453421336221297
4488 0.11086594367699255
4909 0.09484650408434431
4922 0.09674916522304566
4938 0.092765170348988
5049 0.05244208816563826
5223 0.03197471405602823
5644 0.06691984093302981
5687 0.1134445888457506
5697 0.051935537342886015
6102 0.037506556881562216
6485 0.08758232181053205
6624 0.07041500085525267
6880 0.05803974248901958
6949 0.060580501574553774
7020 0.041204808506123146
7466 0.035667611459207604
7633 0.03206595855851066
7726 0.055487242303783824
7865 0.028101829439029072
8085 0.05460912442008636
8104 0.21959005975400211
8349 0.10979502987700106
8411 0.032811496081022545
8433 0.028252053734587092
8517 0.15603045142805347
8981 0.044864648193120006
8995 0.08449736000510748
8996 0.021702426228701506
9204 0.0361115492353532
9385 0.0570435112509593
9594 0.0570435112509593
9618 0.07173244892139696
9654 0.08542702170548494
9732 0.11157768410030024
9762 0.1165489303130458
10068 0.037994344619478496
10190 0.04688779514217639
10242 0.042557348777324804
10493 0.05270031928939074
10575 0.04351339338797811
10827 0.18411234882989524
10838 0.092765170348988
10930 0.03197471405602823
11000 0.02402915938897239
11218 0.05578884205015012
11311 0.1721183519619917
11571 0.08228292780325527
11705 0.07242565687776811
11733 0.032716750577260895
11842 0.044518070888405925
12007 0.05873295044539074
12041 0.04287091726060151
12080 0.08611836331014548
12173 0.0551901780641913
12378 0.027512102073745777
12513 0.04224868000255374
12810 0.051935537342886015
12877 0.02708107989117326
13723 0.07068217004451559
13726 0.11097448460756765
13754 0.025445298975062536
13786 0.02672894223060777
13874 0.04212682838036339
13971 0.06261884421641048
13987 0.13957564875972084
