48 0.090412050029629
482 0.04389653811320776
670 0.05552541609231308
931 0.050804180481193735
960 0.03640921304622582
1021 0.18831142512623994
1129 0.08735325501988135
1255 0.07048555907204429
1460 0.04083774310346012
1483 0.09324621187618537
1566 0.07710772776066359
1567 0.03019867583834519
1627 0.2975260262801319
1653 0.021334575712725828
1853 0.19796426599797332
1963 0.022117640992817423
2215 0.050804180481193735
2260 0.08055079747664273
2311 0.0393343266746365
2384 0.03751883552534512
2424 0.05354937898494113
2488 0.0501827418594371
2574 0.10636128104863071
2659 0.03134954461873538
2720 0.06409549906167074
2793 0.029035009427701063
2927 0.02707820088930115
2955 0.056833370994592056
2993 0.08055079747664273
3010 0.024580210333228755
3105 0.057765662196980434
3225 0.05112375061182237
3257 0.04687165751512745
3282 0.06092060030417948
3443 0.08788941985424377
3633 0.02932023425026031
3790 0.03290889453938481
3865 0.03019867583834519
3928 0.03982064839485405
3985 0.03588076228423616
4081 0.0787831720505237
4182 0.1533712518354671
4184 0.05354937898494113
4222 0.05246662108256542
4236 0.0572930415184321
4384 0.02947307412165021
4438 0.11750564965758953
4598 0.0731382027095767
4601 0.090412050029629
4692 0.057765662196980434
4762 0.05246662108256542
4974 0.03886170599608817
4990 0.037234474063654724
5106 0.06150932473047139
5793 0.0393343266746365
6062 0.09086550802809105
6102 0.03185339403470524
6175 0.06211946195429879
6601 0.05246662108256542
6674 0.09898213299898666
6706 0.059801724143307894
7026 0.1185381572516081
7064 0.04764020064669874
7453 0.09086550802809105
7489 0.07198071450728506
7671 0.027310679314878503
7770 0.07438150657003298
8020 0.05431209780658009
8087 0.041370388620963955
8411 0.027865994653611757
8463 0.03462817144618787
8474 0.13168961433962328
8673 0.052212873992292366
8811 0.08735325501988135
8996 0.018431335522343936
9282 0.06801483780341092
9301 0.11960344828661579
9443 0.0731382027095767
9652 0.04983018041198392
9670 0.0698808618963033
9671 0.05926907862580405
9755 0.5685610569399767
9944 0.13660879359936434
9965 0.13267149033267617
10031 0.04817284616420259
10451 0.07590924860392333
10489 0.04817284616420259
10493 0.044757081845200296
10495 0.03998593962933214
10499 0.03290889453938481
10526 0.0731382027095767
10556 0.06150932473047139
10557 0.06092060030417948
10567 0.016811444013678206
10631 0.08735325501988135
10645 0.04101341931170932
10657 0.02574717434745915
10708 0.0517817535588221
10945 0.04958350228106697
10949 0.03588076228423616
10950 0.06538483017895687
11000 0.05441966034590901
11386 0.05470686718723278
11577 0.057765662196980434
11814 0.06715429407141837
11905 0.03695485218094679
11919 0.05354937898494113
11957 0.02983195250289047
11978 0.06092060030417948
12064 0.021847596795324283
12069 0.0393343266746365
12328 0.08167548620692024
12378 0.023365349979882065
12479 0.09898213299898666
12513 0.03588076228423616
12523 0.03258521392862007
12591 0.05431209780658009
12735 0.026325746322856357
12807 0.026924985901226484
12919 0.047380088078331405
13024 0.17311565144884924
13079 0.0240579292594916
13088 0.06350281267418634
13185 0.08252683458401466
13754 0.02161006506523637
13822 0.027546424522983115
