40 0.08121028696132354
68 0.041998181022942116
79 0.04768051754937713
390 0.03975258631070576
406 0.038525033239923345
463 0.05032645365430967
532 0.08121028696132354
676 0.047688791962360075
763 0.047688791962360075
1088 0.14456571410080196
1133 0.023915358456041567
1240 0.03487849196193757
1516 0.06507525257049336
1655 0.02925104720533593
1672 0.04471974893256073
1768 0.04262657681416952
1848 0.04363068707637399
1963 0.016979599417339213
2114 0.059195206658001556
2158 0.058133215413772296
2182 0.13575796596364398
2384 0.028803017375690097
2463 0.1684434679787124
2604 0.0918189530926322
2693 0.054304354855092364
2735 0.16242057392264708
2740 0.03900210847879342
2744 0.03806500009267024
2770 0.030825156399783196
2927 0.02078779577767276
3027 0.04722039274864823
3110 0.05092561093386468
3170 0.2577159540739126
3184 0.030196760608555803
3188 0.04550056731763328
3235 0.06507525257049336
3236 0.028693403447169908
3278 0.05155400672509209
3321 0.020041777626850815
3325 0.06507525257049336
3454 0.10794939237308804
3515 0.059253883565232236
3606 0.029137570181747677
3648 0.025180626221007214
3666 0.06064002183235951
3852 0.0313509256810046
3931 0.0459094765463161
4052 0.06838283852695898
4150 0.3579231902163816
4171 0.05710230064894745
4184 0.08221916654735974
4369 0.15197615047123486
4384 0.02262632766060733
4393 0.029481045439745317
4452 0.022832404998764863
4463 0.05442799722855585
4542 0.029597603329000778
4658 0.05092561093386468
4660 0.09697818163642645
4685 0.032767688685611134
4788 0.04975393456183134
4799 0.048174870738024886
4817 0.02858471454173055
4818 0.06183843359898875
4824 0.04139902374338711
4827 0.020495729773584728
4913 0.03560429292520267
4928 0.02332647605446297
5161 0.03505614386622106
5172 0.03975258631070576
5197 0.08221916654735974
5211 0.08165300930181756
5247 0.014114403423510693
5260 0.044846991540164076
5262 0.10065290730861934
5520 0.06465212109095096
5647 0.04471974893256073
5865 0.08121028696132354
5932 0.05442799722855585
5938 0.025347895570225938
6022 0.09736003244325667
6104 0.047688791962360075
6235 0.026770532946136297
6278 0.06254103673369008
6292 0.06048143663601466
6310 0.018321952195835857
6417 0.03402522910139621
6486 0.04550056731763328
6487 0.09841157100569946
6496 0.047688791962360075
6579 0.03740436508846342
6599 0.1142046012978949
6636 0.033699146903246956
6693 0.03162208430397957
7064 0.03657313740671071
7201 0.011979072318669811
7255 0.1122956453191416
7316 0.15317185135090267
7571 0.03338111694597291
7580 0.01476393057117704
7651 0.03975258631070576
7693 0.020670173418078218
7751 0.03876136205143751
7803 0.13881773309387446
7853 0.08121028696132354
7865 0.018321952195835857
8122 0.03762083335809248
8231 0.06183843359898875
8292 0.0561478226595708
8401 0.029481045439745317
8433 0.018419896081227335
8474 0.033699146903246956
8484 0.03637345032363857
8571 0.06706064532469486
8661 0.052214641729298926
8669 0.11886090275438131
8673 0.020041777626850815
8676 0.247353734395955
8819 0.20370244373545873
8878 0.03740436508846342
8886 0.04139902374338711
8893 0.10570884147891035
8923 0.04001278826874062
8996 0.014149641636628678
8997 0.08139052952973902
9099 0.02461172041480883
9126 0.02724938210675842
9403 0.0633554271394784
9555 0.06183843359898875
9602 0.04027835559192717
9699 0.05092561093386468
9783 0.01971151443244333
9827 0.015684290503886263
9899 0.03698204663539354
9908 0.034530374584999655
10386 0.054694651984299805
10454 0.07598807523561743
10493 0.03435978190745379
10499 0.025263989352556925
10516 0.04634388507711631
10645 0.03148579140399004
10655 0.048174870738024886
10749 0.04027835559192717
10754 0.03784100211872829
10755 0.0561478226595708
10950 0.10039119676189458
10992 0.038292962837725666
10999 0.007877528744423634
11000 0.07311096415988558
11003 0.01917922550600027
11071 0.04363068707637399
11200 0.03121745755542278
11207 0.06048143663601466
11208 0.11850776713046447
11211 0.07228285705040098
11213 0.10451485582119395
11245 0.03322499916952879
11252 0.10310801345018418
11324 0.058133215413772296
11365 0.01993074625939667
11386 0.041998181022942116
11478 0.05092561093386468
11482 0.04458005528900043
11509 0.052214641729298926
11553 0.04722039274864823
11634 0.0335391503257314
11910 0.029365532926803103
11957 0.04580367350213021
12007 0.038292962837725666
12057 0.024691470260078594
12069 0.030196760608555803
12100 0.04676843202965085
12127 0.0561478226595708
12175 0.02354416392154197
12201 0.07228285705040098
12280 0.05032645365430967
12288 0.14629254962684285
12336 0.04363068707637399
12354 0.021769570616957085
12359 0.048174870738024886
12406 0.03069700052787965
12407 0.03175983490968742
12582 0.028476935177540845
12712 0.04633179499938598
12919 0.03637345032363857
13083 0.058133215413772296
13088 0.09750156641317867
13271 0.05032645365430967
13695 0.033699146903246956
13858 0.03435978190745379
13862 0.08055671118385434
13965 0.07158463804327633
14062 0.06370014772496872
14100 0.05525922491030854
