675 0.2535643046067313
976 0.10905885946679753
2215 0.15609621718514344
2311 0.12085500723130987
2424 0.1645308597243713
2488 0.1541868424614459
2574 0.16339790809934382
2955 0.174620949262623
2993 0.24749291609978724
3633 0.045043317401233435
4236 0.17603329031887738
4438 0.1805184852477074
4692 0.17748542082046428
6062 0.1395924699645704
6175 0.19086250251063278
7026 0.18210467882582146
7770 0.2285377245365071
8474 0.13487243534086044
8673 0.08021221916549152
8996 0.05663041358915444
9301 0.18374123608539086
9652 0.0765517974140261
9755 0.2911513363221824
9800 0.22471766430542528
9944 0.10493288009527285
10493 0.1375164622696315
10526 0.22471766430542528
10631 0.2683935167984867
10645 0.1260140316751254
10945 0.1523456744613869
10950 0.1004476851664428
12865 0.06389834430075131
12919 0.1455756681610912
13024 0.1329747772267983
13079 0.07391816411849303
14076 0.15609621718514344
