10 0.05251450055040658
14 0.0791963321481758
150 0.08262589520714701
642 0.1348651663291023
891 0.1348651663291023
898 0.19805024826566456
1085 0.06007849439498764
1194 0.06107350930243358
1255 0.04493115017662501
1319 0.12445156591607932
1376 0.09482925824978757
1458 0.03701684107073148
1492 0.058217411245283325
1568 0.12003946671790183
1689 0.031085269050698867
1803 0.12619268800959382
1963 0.05639572485962463
1976 0.07556236788430035
2058 0.06397816348329008
2160 0.20625291814348848
2284 0.11526665748669576
2311 0.050147478779535536
2560 0.08000355863858707
2571 0.08357667232569665
3092 0.14172181375611484
3184 0.050147478779535536
3208 0.09988947654579469
3353 0.056505380707878056
3402 0.0697459876219421
3496 0.06924269467624498
3521 0.07078955865309426
3527 0.04693783608946399
3633 0.01869023762677041
3648 0.04181723117398213
3760 0.2048109048758332
4200 0.12619268800959382
4664 0.09654128878719283
4689 0.05734427110237967
4702 0.06073666827309985
5181 0.07245707520293058
5595 0.09654128878719283
5689 0.04903664367302118
5747 0.07694277994478624
5844 0.05251450055040658
5954 0.08171558917599232
5970 0.051191049810687686
6104 0.0791963321481758
6151 0.0643706325369753
6158 0.07245707520293058
6210 0.048201686753539946
6245 0.026513927211443116
6563 0.04430201766523752
6619 0.0762414396275892
6813 0.02916855787664305
7020 0.08922854170075943
7149 0.10521376710670134
7321 0.09038806749550085
7374 0.0643706325369753
7475 0.062117080333585754
7491 0.03193753172654057
7571 0.055435709657249574
7633 0.03471923331457431
7671 0.03481848622263791
7792 0.1426621606381571
7901 0.0784184659414506
7972 0.2711642024865025
8264 0.03723849034239085
8419 0.09038806749550085
8673 0.0998495796892108
8744 0.02509744056492072
8795 0.0366886152440384
8997 0.05068668505568905
9099 0.0408724546062663
9495 0.1348651663291023
9496 0.1387434290736993
9499 0.09840237193689715
9528 0.059756849787825514
9594 0.061763535700664486
9645 0.06924087770227597
10016 0.1113669883983933
10048 0.05140601607547913
10085 0.09840237193689715
10234 0.053925273103295666
10318 0.10044095787549526
10333 0.07304311085648382
10451 0.04838849111392487
10553 0.06780019559594654
10720 0.08786881046768431
10999 0.01308213853356963
11000 0.008672478319508512
11034 0.18648833110530222
11098 0.05344460201407724
11181 0.10044095787549526
11255 0.026649300848826517
11482 0.11105052321219444
11810 0.10521376710670134
11843 0.12619268800959382
11875 0.05251450055040658
12064 0.013926791041065886
12100 0.07766789898962059
12201 0.12003946671790183
12327 0.08671236865583437
12405 0.08786881046768431
12513 0.04574451674553598
12544 0.08000355863858707
12667 0.0359417925308712
12768 0.050147478779535536
12865 0.07954178163432936
12900 0.050147478779535536
13051 0.059439970461580206
13271 0.08357667232569665
13480 0.06528933859265897
13617 0.07026140926845006
13619 0.0762414396275892
13806 0.04915246387208958
13816 0.16951614212363417
13832 0.04838849111392487
13885 0.10521376710670134
13924 0.1968047438737943
14043 0.0697459876219421
14170 0.12950698233874297
