337 0.057328397992329444
527 0.08065603196016873
820 0.12099421975379232
1001 0.07624475344916784
1085 0.07665514512574394
1194 0.15584940222160776
1319 0.031757962453929464
1492 0.0742805583394352
1653 0.03470432989561755
1689 0.03966220915404496
1714 0.07925621065756552
2160 0.08772050371830642
2571 0.10663685917514479
3092 0.2169902487143219
3130 0.038719256273630355
3353 0.07209615024755307
3391 0.1010479106605495
3496 0.08834789990589323
3521 0.09032156925012799
3633 0.02384718345795057
3760 0.08710720752184144
3827 0.12815428016380478
4404 0.058578564610883364
4747 0.05794632323336649
4970 0.0607985304044854
5087 0.09557150058258232
5426 0.0917213905527312
5844 0.06700412021698773
6081 0.08065603196016873
6158 0.09244918120869178
6245 0.06765911691742225
6532 0.14209498330251283
6752 0.06450883207421704
6813 0.03721664565098152
6866 0.05214984115431025
6995 0.24948452652034664
7025 0.0607985304044854
7321 0.11532763098139853
7423 0.0788051172102692
7571 0.14146267850812191
7604 0.07007370424652797
7641 0.08369143873764122
7671 0.044425482717784306
7862 0.04653594699610483
7972 0.3459828929441956
8202 0.05900834565396549
8235 0.2341778431424846
8244 0.058155447108845015
8673 0.042466576983435846
8683 0.15331029025148787
8744 0.016011119853806103
8870 0.07584044187336529
8997 0.02155732672738705
9084 0.1170889215712423
9496 0.11801669130793098
9528 0.07624475344916784
9594 0.0788051172102692
9781 0.06222270738225205
9783 0.04176678140485849
9890 0.05836618585649237
10005 0.08592047567382613
10110 0.07624475344916784
10567 0.027346683942928576
10752 0.0797148858613238
10887 0.0770718025656834
11090 0.1170889215712423
11098 0.06819085206500304
11200 0.06614675550178784
11360 0.10314821843253423
11482 0.04723040004494946
11516 0.15316034189507532
11880 0.07584044187336529
12047 0.1378881292096056
12064 0.017769423137838865
12289 0.14209498330251283
12327 0.11063774600956958
12413 0.11110876315404684
12666 0.06450883207421704
12667 0.09171745564792887
12695 0.0607985304044854
12768 0.1919519939162875
12847 0.08113906283909045
12885 0.08834789990589323
12894 0.0917213905527312
12900 0.1919519939162875
13043 0.07007370424652797
13051 0.07584044187336529
13089 0.14707063562064318
13480 0.041651873731057214
13617 0.08964769471089934
13754 0.07030492072475375
13806 0.06271444198703587
13816 0.07209615024755307
13832 0.06173967650333033
14076 0.08264167346173927
14170 0.04131002543400014
