29 0.08056878028033898
79 0.04730387350949959
194 0.02231309028062551
326 0.029837108822070788
398 0.04731208256018167
548 0.03628423420406417
961 0.0833328472444097
971 0.027628554643734093
976 0.02703413030396019
995 0.031237074815273075
1002 0.028251986530591022
1012 0.02380138663388934
1075 0.1206876009246534
1083 0.04639899285231508
1085 0.03589103951921516
1119 0.05399805263457409
1194 0.07297092771797811
1318 0.027327886206788967
1319 0.04460860195153163
1402 0.03628423420406417
1433 0.06456120181593057
1450 0.049928908497685914
1480 0.05180218115604035
1492 0.03477922389288754
1564 0.04261336187702387
1604 0.021917868496699914
1653 0.1299925241785942
1674 0.04474794873447012
1689 0.018570415773554245
1714 0.07421779149169197
1779 0.0439960954751633
1881 0.05399805263457409
2064 0.19329054040305593
2160 0.0821439985648619
2204 0.11142249464132546
2315 0.06456120181593057
2331 0.05399805263457409
2571 0.24964454248842957
2660 0.08056878028033898
2736 0.0326582958491443
2793 0.04422790281698447
2965 0.045030763755415745
2995 0.07118306131556693
3010 0.018721040138562756
3089 0.05180218115604035
3090 0.04107199928243095
3092 0.11853094151693512
3137 0.027427324988809208
3208 0.029837108822070788
3220 0.026559063729845477
3225 0.038937412424984705
3281 0.05406826060792038
3321 0.019883461054806748
3353 0.0675129053235378
3355 0.046847383385420646
3429 0.05767400208661326
3496 0.04136575518525972
3554 0.05322340218991158
3633 0.011165593679423241
3734 0.021040614939235664
3760 0.04078484519788515
3763 0.0396967141362672
3790 0.07519326245406763
3832 0.03408836272553043
3852 0.03110327444084838
3865 0.06900070603588403
3984 0.016124806983924055
3993 0.049928908497685914
4028 0.03408836272553043
4190 0.0821439985648619
4219 0.04244718798894956
4262 0.02901998359369084
4405 0.08394867554936868
4459 0.04514114341931914
4535 0.08572647869565934
4621 0.0439960954751633
4698 0.05322340218991158
4747 0.02713130049849068
4807 0.07171187106508402
4808 0.022515381877707873
5223 0.04136466972056584
5247 0.014002909123550813
5260 0.022246365225593413
5426 0.04294527194078539
5455 0.03207070639533302
5689 0.04394191633000318
5759 0.04474794873447012
5798 0.02217998679578689
5826 0.05322340218991158
5844 0.06274458218592567
5938 0.025147664232970067
5962 0.025746066103983074
6044 0.021409231433917063
6085 0.060003673939571706
6102 0.02426051934417442
6158 0.08657206795022783
6226 0.08056878028033898
6278 0.04136466972056584
6528 0.027730370473292108
6606 0.016801935942541483
6636 0.03343294629380681
6681 0.02426051934417442
6695 0.02457603707855185
6752 0.030203961358577735
6796 0.07538782051712319
6813 0.10455220697639045
6821 0.026466133727490102
7167 0.04228985550906178
7201 0.02376889139832364
7242 0.03795218978836281
7321 0.05399805263457409
7342 0.19329054040305593
7466 0.02307102676737522
7566 0.02693769347637698
7580 0.02929461088666879
7671 0.020800648844492446
7851 0.028466744846390536
7865 0.018177221088705228
7972 0.10799610526914818
8077 0.05482271417635591
8092 0.06456120181593057
8097 0.023651936754749796
8182 0.04050400270596086
8254 0.07538782051712319
8293 0.023651936754749796
8326 0.06886058315482667
8345 0.03869401803732575
8411 0.08489437597789912
8585 0.0373236540616455
8593 0.08056878028033898
8673 0.05965038316442025
8739 0.036689913324691334
8795 0.021917868496699914
8872 0.035139186259908334
8981 0.05803996718738168
8996 0.014037868978470758
8997 0.07065414917191327
9084 0.05482271417635591
9126 0.02703413030396019
9134 0.02868517442180515
9150 0.0326582958491443
9496 0.027628554643734093
9497 0.010432127499777882
9528 0.035698888244069985
9568 0.061349951538652435
9645 0.02068233486028292
9652 0.018976094894181405
9765 0.023651936754749796
9880 0.04829547681405938
9890 0.027327886206788967
9902 0.017690490598671105
9951 0.08056878028033898
9966 0.06090902971378633
10003 0.030080503209729742
10005 0.0402292003082178
10048 0.06142015951199871
10123 0.05399805263457409
10156 0.020860219204145564
10324 0.074647308123291
10396 0.03408836272553043
10446 0.06285496184982906
10460 0.025064420818022543
10567 0.012804110050344262
10614 0.046716361703842045
10657 0.019609835631135573
10732 0.021661019265599227
10887 0.03608612451472735
10924 0.021917868496699914
10999 0.015630603124547275
11000 0.10361919526431591
11003 0.01902772251594104
11053 0.06886058315482667
11098 0.06385587196526037
11138 0.03327421358171091
11181 0.060003673939571706
11200 0.0619417212474944
11255 0.031840715036443555
11317 0.02752754369081031
11451 0.45232692310273914
11482 0.08845580563396895
11520 0.07992036731220667
11636 0.03296254400848361
11880 0.03550958375940166
11905 0.028145945930287807
11912 0.03799047417016568
11919 0.04078484519788515
11957 0.02272092763434664
12064 0.09983878843790392
12076 0.06456120181593057
12175 0.023358180851921023
12248 0.046847383385420646
12303 0.052493042323397465
12327 0.15540654346812105
12413 0.07803407721852469
12513 0.027327886206788967
12522 0.21599221053829637
12552 0.04294527194078539
12558 0.03550958375940166
12666 0.06040792271715547
12667 0.08588685912372358
12768 0.08987467949007763
12834 0.01059152024023223
12847 0.03799047417016568
12886 0.06456120181593057
12966 0.04050400270596086
12999 0.03495793756136526
13024 0.03296254400848361
13043 0.06561902881389978
13051 0.03550958375940166
13088 0.07254852718110852
13219 0.046847383385420646
13336 0.09560930863717038
13464 0.06301790712295108
13480 0.019502005294993248
13487 0.04228985550906178
13729 0.06653091130186822
13754 0.016458886640865495
13767 0.08056878028033898
13822 0.020980199606815825
14014 0.06817672545106086
14062 0.047397719530800096
14170 0.0773677880569843
14171 0.027327886206788967
