976 0.10382476854042384
1021 0.5508198955334909
1319 0.11421310075955385
1604 0.08417572890206733
1655 0.11145145213791027
2268 0.25551243517118283
2488 0.14678691221241044
2558 0.07510421394186646
2993 0.23561492257562022
3789 0.10769080652501326
4182 0.14953940767219193
4439 0.18355443012411402
4535 0.10974438248106667
5793 0.11505478063945918
7026 0.17336488041097917
8474 0.2567989331671178
8517 0.09690157557090218
8706 0.08080663041319724
9301 0.17492289394155044
9755 0.2771780325933875
9944 0.09989680839719924
10499 0.09626008533552725
10945 0.14503410787918375
10950 0.09562687262470719
11262 0.10308681020988446
11987 0.14012268187131677
12092 0.179917707062442
12328 0.11945234536349444
12591 0.1588654752093242
12807 0.07875686730856624
12919 0.13858901629669376
13024 0.1265928832814353
