68 0.1852382533715044
79 0.10515045622894044
104 0.24006151922673144
1674 0.1989379251910039
1848 0.19243862640173004
2182 0.09979626055168248
3512 0.23866513514169152
4150 0.15786651941097482
4685 0.14452600734846302
4827 0.09039899091723116
5210 0.1813189813693843
5297 0.16690249357398426
6022 0.21470932691263572
7201 0.052835203317714685
7316 0.33779184620426295
7851 0.12655586047724776
8115 0.0977303269775315
8688 0.10256787913033906
8923 0.17648142921657667
9138 0.1788487264276587
9518 0.2667609741892062
10333 0.1939950775264321
10386 0.12061881676255788
11200 0.1376885182028889
11252 0.22738542306968357
11325 0.11603849050910578
12288 0.16131041698768622
12359 0.21248131929892286
12457 0.22461380449102702
13088 0.10751072679491083
13344 0.18944809844877322
