337 0.06560770486697541
527 0.09230429116983369
823 0.19692783279691067
1085 0.08772560047147804
1194 0.08917850439513313
1653 0.039716292677539566
1689 0.04539018363811597
1714 0.09070230914863743
2158 0.14096795557935024
2160 0.10038900650081144
2571 0.12203724209492496
2648 0.11174885527442062
3092 0.2069397932964746
3130 0.04431105049558539
3208 0.07292846133218468
3353 0.08250820035333033
3391 0.11564114352068344
3521 0.1033657151779708
3633 0.027291168583276605
3760 0.1993742774268351
3915 0.05836008675075735
4029 0.10259452038733671
4219 0.051875135194436664
4630 0.09968713871341756
4747 0.06631487022068436
4970 0.06957899014825111
5087 0.10937383606559158
5426 0.10496769719916707
5844 0.07668078470735665
6081 0.09230429116983369
6158 0.10580059461534105
6235 0.06491619760451833
6245 0.11614556301239282
6620 0.12501395077208435
6752 0.07382512967839759
6813 0.04259143442897356
6995 0.19034321276532745
7402 0.11033489042045658
7571 0.16189256958644638
7604 0.08019367483035299
7641 0.09577806819800527
7671 0.05084136415448572
7972 0.39594937804371033
8235 0.267997560673729
8244 0.06655419554606444
8683 0.17545120094295608
8744 0.054970286772996806
9496 0.13506053760203918
9528 0.08725594046108893
9594 0.09018606926065724
9781 0.07120884526557286
10110 0.08725594046108893
10460 0.06126296134592772
10567 0.06259212648705695
10752 0.09122722574236465
11200 0.07569960028274184
11482 0.10810272937725661
11880 0.08679323863322513
12064 0.020335664517255866
12289 0.16261619117346376
12327 0.1266159327932806
12413 0.06357748686890506
12666 0.07382512967839759
12667 0.052481597009778204
12768 0.14644899917573448
12847 0.09285708085968639
12900 0.14644899917573448
13043 0.08019367483035299
13089 0.1683104219603114
13480 0.047667193478341426
13617 0.10259452038733671
13754 0.04022914167445344
13816 0.08250820035333033
13832 0.07065605557572015
14170 0.047275975810169374
