249 0.022622228692061104
320 0.027003900265149736
521 0.034218328797065635
527 0.02393107876745375
637 0.04046518561174108
647 0.03983091326755272
673 0.03983091326755272
762 0.024674467242027504
813 0.04777293076116204
928 0.03725231449953828
960 0.01757261397815655
968 0.01631516901431733
981 0.02407439662886673
1002 0.017903159782748305
1107 0.026898596602106657
1117 0.048737748909942154
1127 0.015624493369695297
1162 0.02170889562725709
1224 0.03802406464157442
1230 0.020695418645566826
1244 0.0312797930931622
1461 0.013889257003885281
1471 0.04548798822239851
1531 0.0510560822085269
1593 0.0478621575349075
1603 0.028862821403592184
1662 0.035899636183001675
1718 0.015227002632405276
1765 0.04544349773803981
1808 0.06578326045441325
1901 0.06448739358255685
1944 0.038877194843310106
1963 0.010674901618466067
1972 0.04216034629067495
2044 0.04966340058933473
2179 0.061209263090218055
2331 0.034218328797065635
2471 0.025493067550147373
2560 0.030287051712514588
2565 0.07889365662087781
2590 0.04363664911206151
2608 0.02365183565474691
2638 0.09048891476824442
2644 0.038877194843310106
2756 0.04544349773803981
2760 0.04814879325773346
2763 0.04139083729113365
2770 0.03875892520826971
2797 0.030604631545109028
2816 0.02659895349806756
2940 0.017255034145562113
2995 0.03383129499171287
3010 0.023726881827373005
3044 0.018831613762837526
3135 0.060574103425029176
3151 0.06355893369033946
3177 0.0625595861863244
3184 0.018984396555523572
3188 0.028605744326578548
3204 0.04998409414924388
3208 0.018907644817060146
3258 0.0352995655698409
3269 0.040912150040327985
3284 0.03474091319420956
3316 0.025845177276357625
3321 0.012600061943000349
3332 0.04510602854880543
3397 0.0705991311396818
3402 0.02640382965198896
3406 0.04216034629067495
3456 0.04544349773803981
3471 0.03241148017108733
3481 0.041201425827068955
3590 0.024520229287547237
3633 0.014151175351546303
3637 0.0510560822085269
3687 0.03654776182018787
3708 0.03802406464157442
3734 0.013333345277385592
3739 0.04216034629067495
3751 0.021186311230113157
3756 0.019061882771540417
3786 0.032853713922723515
3789 0.017769317929183508
3815 0.09086115513754377
3841 0.31294873030898773
3852 0.01971000840872661
3865 0.014575148122124336
3908 0.018108164347297798
3992 0.020695418645566826
4103 0.028356578581686342
4222 0.025322592879213693
4239 0.0510560822085269
4262 0.018389836148619765
4358 0.02968698109935381
4384 0.01422494228677217
4428 0.025493067550147373
4450 0.021495797860852282
4452 0.014354501015253159
4489 0.07357533818004927
4576 0.028114851742032213
4577 0.011366902368807661
4617 0.04363664911206151
4689 0.02170889562725709
4835 0.02170889562725709
4864 0.023250236933105097
4913 0.04476811435062052
4914 0.02968698109935381
4997 0.022622228692061104
5049 0.021495797860852282
5059 0.013807465926811356
5062 0.02659895349806756
5189 0.026213297384021565
5243 0.04544349773803981
5330 0.03983091326755272
5344 0.029402837987839568
5434 0.024520229287547237
5474 0.021817585148871162
5495 0.07309552364037573
5571 0.018039251184259822
5574 0.03802406464157442
5668 0.1876787585589732
5670 0.0510560822085269
5677 0.022743994111199255
5681 0.038877194843310106
5687 0.1395014215986306
5697 0.08515265898575881
5715 0.035899636183001675
6044 0.013566935931115087
6102 0.01537378455709339
6183 0.023515744253235393
6230 0.11578074919720556
6278 0.039318914294718565
6315 0.010647313013302968
6446 0.021927753484804417
6485 0.035899636183001675
6520 0.029402837987839568
6563 0.016771472704823178
6567 0.0272142302148186
6601 0.025322592879213693
6619 0.028862821403592184
6624 0.028862821403592184
6694 0.038877194843310106
6777 0.033264610372823016
6789 0.01783596232006258
6855 0.030935177349700783
6880 0.023790253517352478
6949 0.024831700294667365
6976 0.097234440513262
7020 0.05066904840317413
7030 0.06948182638841913
7039 0.02602714555856411
7153 0.022152691498659307
7173 0.0510560822085269
7201 0.007531121043509818
7245 0.016483284003525975
7330 0.030935177349700783
7344 0.028356578581686342
7380 0.026213297384021565
7418 0.07786863379813036
7442 0.017970919573833306
7463 0.034218328797065635
7466 0.04386002500615036
7468 0.020913561490671143
7486 0.017970919573833306
7562 0.029981458925458164
7572 0.025667208622675113
7580 0.018563866258026907
7592 0.03983091326755272
7652 0.03241148017108733
7671 0.013181279817069092
7714 0.021186311230113157
7717 0.016042508647977915
7805 0.038877194843310106
7862 0.055229863707245426
7865 0.011518825170225082
7869 0.0510560822085269
7891 0.013646321349153572
7951 0.0352995655698409
7965 0.020600712913534477
8019 0.03282681468530569
8030 0.0510560822085269
8056 0.03983091326755272
8104 0.02250226727154513
8115 0.013930464460667818
8186 0.03282681468530569
8262 0.08182430008065597
8264 0.028194847876479048
8265 0.034218328797065635
8299 0.035899636183001675
8301 0.026798895700600244
8349 0.06750680181463539
8385 0.03983091326755272
8404 0.07179927236600335
8411 0.013449298301053328
8424 0.03802406464157442
8433 0.011580401495731129
8498 0.027003900265149736
8517 0.01598906127384443
8658 0.00966305042691923
8698 0.04363664911206151
8720 0.07775438968662021
8741 0.11949273980265818
8744 0.028503512587809796
8795 0.013889257003885281
8871 0.04544349773803981
8878 0.023515744253235393
8903 0.027003900265149736
8906 0.02788013247337551
8908 0.0510560822085269
8935 0.038877194843310106
8995 0.017317561466169626
9094 0.03410070710642299
9103 0.028862821403592184
9383 0.05724433613217442
9387 0.02640382965198896
9437 0.030287051712514588
9492 0.02968698109935381
9518 0.03802406464157442
9593 0.04216034629067495
9654 0.03501618746827404
9712 0.040912150040327985
9725 0.012635191055722639
9732 0.1372057116962952
9783 0.024784857657175533
9784 0.022267548002888427
9795 0.03983091326755272
9867 0.02407439662886673
9902 0.005605193098196447
9905 0.025916811433013994
9949 0.02365183565474691
10032 0.0312797930931622
10068 0.015573726759626072
10079 0.017444083536905613
10190 0.23062938989016332
10362 0.04928057088408527
10516 0.02913592963274034
10531 0.021186311230113157
10548 0.1329947674903378
10561 0.05169035455271525
10567 0.008113908303722078
10575 0.23186751016081358
10629 0.02912832872372248
10632 0.04363664911206151
10697 0.04363664911206151
10715 0.06482296034217466
10732 0.013726492774209167
10792 0.09979383111846905
10797 0.020054624152188026
10817 0.030287051712514588
10821 0.025322592879213693
10827 0.02515563340164199
10831 0.03983091326755272
10837 0.029981458925458164
10879 0.1042227395826287
10891 0.03802406464157442
10930 0.026212609529812376
10936 0.05280765930397792
10999 0.01981008910198151
11000 0.019698908684189116
11079 0.040912150040327985
11160 0.04777293076116204
11218 0.18294094892839358
11232 0.04626992748823621
11310 0.3292204195452955
11311 0.19401417708879812
11313 0.040912150040327985
11381 0.0510560822085269
11537 0.03201641412247605
11553 0.02968698109935381
11675 0.03983091326755272
11678 0.02365183565474691
11876 0.01763765246261801
11928 0.040912150040327985
11929 0.023790253517352478
11957 0.014398152052405775
12009 0.04216034629067495
12064 0.015816850436201926
12208 0.03201641412247605
12209 0.11949273980265818
12245 0.019967085485740242
12254 0.025667208622675113
12256 0.04385550696960883
12257 0.0510560822085269
12314 0.03201641412247605
12333 0.05938439135505964
12378 0.011277098330570957
12404 0.05996291785091633
12414 0.030287051712514588
12415 0.03802406464157442
12452 0.04216034629067495
12515 0.034218328797065635
12523 0.015726991545691953
12567 0.04216034629067495
12577 0.0510560822085269
12648 0.09230906079189821
12733 0.015178660711014787
12735 0.012705909826479575
12822 0.1251191723726488
12823 0.03654776182018787
12831 0.04216034629067495
12834 0.013423599717334533
12865 0.0100374120629118
12877 0.011100424097446255
12885 0.05242659476804313
12921 0.0510560822085269
13038 0.030935177349700783
13079 0.023222732304271375
13088 0.015324561014733866
13112 0.014620008335383452
13184 0.030604631545109028
13297 0.0510560822085269
13501 0.038877194843310106
13593 0.0510560822085269
13608 0.020143119544315684
13616 0.016597331632295435
13617 0.02659895349806756
13666 0.1162511846655255
13669 0.030287051712514588
13712 0.03282681468530569
13754 0.010429924177490828
13775 0.021927753484804417
13822 0.026590120693146122
13874 0.051802844950963566
13875 0.022743994111199255
13971 0.025667208622675113
13982 0.016426856961361758
13987 0.028605744326578548
13989 0.0635328535614608
14044 0.02602714555856411
14189 0.04028623908863137
14233 0.04544349773803981
