11 0.01898735282470299
79 0.017858027051324107
175 0.026259512172021854
194 0.01684715184053698
300 0.03079396314898542
313 0.028513356662272213
320 0.0321745562335369
326 0.022528045039306877
398 0.03572225221871229
527 0.028513356662272213
637 0.02410669157384129
896 0.03242515976587002
907 0.03169207102209916
945 0.047457661529505715
997 0.04821338314768258
1002 0.02133122310229498
1012 0.08985433429286967
1013 0.2009325200042081
1037 0.0396340553223101
1072 0.0407703899543616
1075 0.06074886423100358
1085 0.027098971271584008
1107 0.01602454461170234
1165 0.05199211250646929
1188 0.05023313000105203
1210 0.05023313000105203
1217 0.03079396314898542
1255 0.020266618864156677
1267 0.43315946483719875
1274 0.03193029778103691
1282 0.054144933104649844
1285 0.060832204679793965
1296 0.05692040157619615
1319 0.022454020816772304
1329 0.029399087761990586
1395 0.0407703899543616
1412 0.04018550218218686
1423 0.054144933104649844
1465 0.044385317525470064
1471 0.027098971271584008
1489 0.08310644554697978
1493 0.03079396314898542
1550 0.14037105646966586
1604 0.01654874577841192
1611 0.035032838033631115
1618 0.025611772753853304
1653 0.06134302122174654
1655 0.021911087342183066
1667 0.04018550218218686
1734 0.05023313000105203
1820 0.03646474875800048
1838 0.02885795377700126
1871 0.03628528084121342
1935 0.05692040157619615
1940 0.037476732538837154
1963 0.025437823354285443
1967 0.03408311837921747
2006 0.023585067592545337
2064 0.07297050840011308
2095 0.028345566458486994
2105 0.028513356662272213
2204 0.05608521461514041
2295 0.04530484093132516
2334 0.044385317525470064
2425 0.053912600575721795
2471 0.03037443211550179
2564 0.029777477182856355
2594 0.036086359337134714
2608 0.0281806446042215
2776 0.019505474285162312
2879 0.039112431341014144
2914 0.05692040157619615
2934 0.027702148515659927
2965 0.016999888965213542
3010 0.04240509071497997
3014 0.034705766252583224
3031 0.05199211250646929
3044 0.022437455702005185
3092 0.06392496014104758
3130 0.027375905731964394
3236 0.02149337302907738
3257 0.026953890439300805
3341 0.021014876940515802
3432 0.018907866776706386
3591 0.05199211250646929
3595 0.05199211250646929
3633 0.008430407879016121
3734 0.03177277824285636
3823 0.032682446840928726
3911 0.044385317525470064
3914 0.027246267163810026
3919 0.03408311837921747
3942 0.0407703899543616
3956 0.01820058470012472
4279 0.04277363091227883
4291 0.04874593148332133
4356 0.04354585842590791
4458 0.03572225221871229
4459 0.03408311837921747
4517 0.12166440935958793
4535 0.04315096310958993
4577 0.013543415427967548
4700 0.029777477182856355
4784 0.05251902434404371
4827 0.015352740093656399
4858 0.0396340553223101
4880 0.05199211250646929
4885 0.06116383478530111
4893 0.038146856804579396
5056 0.04632132689745422
5223 0.015615875319187284
5247 0.031718036351765413
5260 0.033593544250662834
5299 0.06116383478530111
5365 0.04139303782772735
5432 0.04139303782772735
5436 0.04530484093132516
5641 0.03861756935618104
5689 0.05529610102300467
5693 0.054144933104649844
5798 0.15071988711701062
5936 0.05692040157619615
6031 0.0396340553223101
6044 0.03232941454726071
6057 0.05692040157619615
6109 0.012051094694274452
6134 0.04632132689745422
6152 0.04874593148332133
6210 0.02174182521932587
6224 0.05692040157619615
6237 0.03726918896779467
6245 0.011959356822026337
6297 0.06941153250516645
6304 0.026531296159708402
6315 0.038058121373455524
6451 0.04632132689745422
6488 0.02338406670695145
6566 0.03408311837921747
6606 0.02537208091563702
6629 0.02338406670695145
6789 0.021251158796002045
6851 0.24129863128708753
6897 0.39844281103337303
6992 0.07629371360915879
7006 0.022805031342319558
7099 0.011031536703429566
7167 0.03193029778103691
7195 0.06816623675843494
7201 0.026919497754407377
7233 0.02885795377700126
7342 0.07297050840011308
7412 0.05023313000105203
7422 0.03339359026361465
7442 0.021411957410570098
7468 0.03737707628998677
7479 0.01659784356141632
7604 0.024772313654291146
7616 0.023285115136560446
7669 0.047457661529505715
7851 0.02149337302907738
7997 0.04354585842590791
8027 0.025611772753853304
8115 0.04979353068424896
8141 0.05692040157619615
8244 0.04111799117733181
8247 0.09652366870061069
8250 0.039264257584847195
8277 0.05692040157619615
8433 0.013797794965647713
8475 0.04139303782772735
8488 0.03861756935618104
8498 0.0321745562335369
8499 0.06485031953174004
8509 0.09060968186265032
8585 0.0281806446042215
8688 0.017419419998697165
8689 0.026953890439300805
8737 0.02500479944695504
8739 0.027702148515659927
8796 0.054144933104649844
8867 0.04530484093132516
8875 0.02536438244171259
8876 0.044385317525470064
8878 0.028018494677439106
8981 0.021911087342183066
9011 0.03101077437518182
9094 0.013543415427967548
9099 0.01843590596482623
9150 0.02465813843371805
9305 0.04354585842590791
9383 0.017051343452718838
9489 0.03101077437518182
9497 0.007876615645713798
9498 0.054144933104649844
9629 0.04874593148332133
9652 0.014327605365371676
9765 0.017858027051324107
9781 0.021996845182744838
9851 0.054144933104649844
9890 0.020633495522870415
9902 0.013356929833613756
9928 0.0420586599081772
9968 0.04018550218218686
9991 0.047457661529505715
10068 0.01855575463074867
10091 0.029972386711704564
10108 0.032682446840928726
10156 0.015750184126861064
10185 0.05692040157619615
10207 0.07292949751600096
10224 0.04632132689745422
10445 0.021092996343357224
10459 0.027246267163810026
10481 0.04632132689745422
10495 0.022994207865033808
10516 0.011571607523115207
10574 0.027098971271584008
10587 0.02174182521932587
10606 0.044385317525470064
10657 0.014806101453933254
10666 0.0420586599081772
10684 0.0321745562335369
10695 0.05199211250646929
10754 0.028345566458486994
10795 0.05199211250646929
10892 0.047457661529505715
10918 0.05023313000105203
10924 0.03309749155682384
10933 0.05023313000105203
10991 0.05023313000105203
11000 0.015647212414391244
11020 0.09652366870061069
11087 0.034705766252583224
11150 0.02885795377700126
11228 0.05199211250646929
11245 0.024887856275268846
11254 0.05692040157619615
11255 0.012020418377368653
11317 0.020784243801441574
11354 0.10828986620929969
11360 0.03646474875800048
11365 0.014929527788149271
11386 0.03145958522943527
11482 0.016696795131807326
11666 0.047457661529505715
11797 0.032682446840928726
11798 0.033218567734852524
11800 0.05692040157619615
11815 0.04657023027312089
11866 0.029586427503444923
11875 0.023687160540357667
11876 0.08405950776206321
11880 0.05362191806379723
11886 0.034705766252583224
11921 0.027547782125837455
11968 0.04139303782772735
12064 0.025127241561412012
12069 0.02261949305611059
12183 0.03037443211550179
12215 0.017581569925479566
12225 0.05023313000105203
12248 0.03537138833303308
12285 0.03193029778103691
12378 0.013436415881610366
12403 0.027702148515659927
12499 0.0407703899543616
12552 0.03242515976587002
12558 0.05362191806379723
12610 0.02612643842721074
12667 0.04863565305947003
12834 0.01599392531156925
12865 0.011959356822026337
12942 0.08554726182455766
12947 0.03769804595032594
12948 0.0659905355482345
12959 0.03145958522943527
12968 0.029586427503444923
13022 0.021411957410570098
13336 0.010312617390069417
13480 0.014724685835425974
13590 0.05023313000105203
13591 0.039112431341014144
13600 0.03145958522943527
13643 0.033218567734852524
13659 0.03408311837921747
13676 0.018800013083248652
13751 0.04139303782772735
13787 0.05039031637599425
13822 0.015840773464162756
13919 0.021575481554794964
13949 0.054144933104649844
14040 0.022437455702005185
14090 0.022994207865033808
14163 0.015594420624750987
14170 0.13143452687555776
14171 0.08253398209148166
14230 0.05199211250646929
