11 0.01933348710815592
79 0.018183574032746976
175 0.026738215944654174
194 0.017154270841504837
300 0.03135532873099443
313 0.02903314740763051
320 0.03276108965239359
326 0.022938725179886075
398 0.03637345917152996
527 0.02903314740763051
637 0.02454615001185359
896 0.03301626161903642
907 0.03226980886663438
997 0.04909230002370718
998 0.03932155715380625
1002 0.021720085504118653
1012 0.07319388351610523
1013 0.20459546525393046
1037 0.04035657338293586
1072 0.04151362308660683
1075 0.09278444928224958
1085 0.02759297815553456
1107 0.016316667706376957
1165 0.052939914592087946
1188 0.051148866313482616
1210 0.051148866313482616
1217 0.03135532873099443
1255 0.020636073819953984
1267 0.3307918831493311
1274 0.03251237843466541
1282 0.055131980524888526
1296 0.057958045032623466
1319 0.02286335151588582
1329 0.02993502514465865
1412 0.04091807296924943
1423 0.055131980524888526
1465 0.04519444980522217
1471 0.02759297815553456
1489 0.08462145347069089
1493 0.03135532873099443
1550 0.12251141373657856
1604 0.016850424917939096
1611 0.03567147715315689
1618 0.02607866841287221
1653 0.049969030266209254
1655 0.022310520511560628
1667 0.04091807296924943
1734 0.051148866313482616
1820 0.037129491221005666
1838 0.02938402643413989
1871 0.03694675165285397
1935 0.057958045032623466
1940 0.038159923191228184
1963 0.025901547963009336
1967 0.03470444436746599
2064 0.0990676545911985
2095 0.02886229843401604
2105 0.02903314740763051
2160 0.03157609236694047
2204 0.05710763284017379
2295 0.0461307358729471
2334 0.04519444980522217
2352 0.021163134919215676
2425 0.05489541263707892
2471 0.03092814976074986
2564 0.030320312501864823
2594 0.0367442038637995
2608 0.02869437009915376
2776 0.01986105378207461
2914 0.057958045032623466
2934 0.028207151156896967
2965 0.01730979232246817
3010 0.04317812399797084
3014 0.03533844294240034
3031 0.052939914592087946
3044 0.02284648442357696
3092 0.09112641271592947
3130 0.013937480527944643
3165 0.05215733682574442
3236 0.02188519138001291
3257 0.027445252539094835
3341 0.021397972437756117
3432 0.019252552051099346
3591 0.052939914592087946
3633 0.008584091924251892
3734 0.016175993679049604
3760 0.03135532873099443
3823 0.03327823896757291
3914 0.027742959211858067
3919 0.03470444436746599
3942 0.04151362308660683
3956 0.01853237641441813
4279 0.04355338258294034
4356 0.04433968759434177
4458 0.03637345917152996
4459 0.03470444436746599
4524 0.061941159244029376
4535 0.04393759344369367
4577 0.013790308211703357
4700 0.030320312501864823
4723 0.037129491221005666
4784 0.026738215944654174
4808 0.01730979232246817
4827 0.015632616374484924
4858 0.04035657338293586
4880 0.052939914592087946
4885 0.062278834876261645
4893 0.03884226364027352
4974 0.02275510173324826
5056 0.04716575210207671
5223 0.01590054848368786
5247 0.03229624753720611
5260 0.03420594543555678
5299 0.062278834876261645
5357 0.061941159244029376
5365 0.042147621661541186
5432 0.042147621661541186
5436 0.0461307358729471
5641 0.03932155715380625
5689 0.05630413392164218
5693 0.055131980524888526
5798 0.136415528632106
6031 0.04035657338293586
6044 0.016459385495552106
6057 0.057958045032623466
6081 0.02903314740763051
6109 0.012270782876473244
6134 0.04716575210207671
6152 0.09926911314164054
6224 0.057958045032623466
6237 0.03794859615727167
6245 0.024354745295475336
6297 0.07067688588480069
6304 0.02701495448059715
6315 0.03875191058634817
6451 0.04716575210207671
6488 0.02381035188996525
6566 0.03470444436746599
6606 0.02583460705756545
6629 0.02381035188996525
6851 0.3002968708406451
6897 0.4057063152283642
6992 0.07768452728054703
7006 0.023220760867950198
7167 0.03251237843466541
7195 0.06940888873493198
7201 0.02741023288489971
7233 0.02938402643413989
7342 0.0990676545911985
7412 0.051148866313482616
7422 0.03400234634164881
7431 0.02993502514465865
7442 0.021802291576899484
7468 0.025372300157357447
7479 0.03380083548037727
7616 0.02370959645932948
7641 0.030125780038702678
7669 0.04832280180574768
7851 0.02188519138001291
7892 0.024655911694204887
7972 0.04151362308660683
7997 0.04433968759434177
8115 0.050701253220565894
8141 0.057958045032623466
8244 0.04186756098543445
8247 0.06552217930478718
8250 0.03998003433318678
8277 0.057958045032623466
8433 0.014049325019244831
8475 0.042147621661541186
8488 0.03932155715380625
8498 0.03276108965239359
8499 0.06603252323807283
8509 0.0922614717458942
8585 0.02869437009915376
8688 0.01773697129271274
8689 0.027445252539094835
8737 0.025460630147493536
8739 0.028207151156896967
8796 0.055131980524888526
8867 0.0461307358729471
8875 0.025826768242552926
8876 0.04519444980522217
8878 0.028529264223259496
8886 0.03157609236694047
8962 0.061941159244029376
8981 0.022310520511560628
9001 0.04355338258294034
9011 0.03157609236694047
9094 0.013790308211703357
9099 0.018771987521842354
9150 0.025107649598167154
9305 0.04433968759434177
9383 0.017362184811301376
9489 0.03157609236694047
9497 0.008020204208992415
9498 0.055131980524888526
9629 0.04963455657082027
9652 0.014588793718615272
9765 0.018183574032746976
9781 0.022397841694256886
9851 0.055131980524888526
9890 0.021009638540481917
9902 0.013600423035629467
9928 0.04282537785167942
9968 0.04091807296924943
9991 0.04832280180574768
10068 0.018894020996383713
10091 0.030518775178470327
10108 0.03327823896757291
10156 0.016037305704436112
10185 0.057958045032623466
10207 0.07425898244201133
10224 0.04716575210207671
10445 0.02147751593608763
10459 0.027742959211858067
10481 0.04716575210207671
10495 0.023413386027277484
10516 0.011782554784452288
10574 0.02759297815553456
10587 0.02213817278618939
10657 0.015076012660872063
10684 0.03276108965239359
10695 0.052939914592087946
10754 0.02886229843401604
10795 0.052939914592087946
10892 0.04832280180574768
10918 0.051148866313482616
10924 0.03370084983587819
10930 0.01590054848368786
10933 0.051148866313482616
10991 0.051148866313482616
11000 0.015932456845623635
11020 0.09828326895718076
11087 0.03533844294240034
11138 0.025581166240983205
11150 0.02938402643413989
11228 0.052939914592087946
11245 0.025341555133558978
11254 0.057958045032623466
11255 0.012239547338644486
11317 0.021163134919215676
11354 0.11026396104977705
11360 0.037129491221005666
11365 0.015201689023627996
11386 0.032033084921132673
11482 0.03400234634164881
11509 0.03982544033817727
11666 0.04832280180574768
11797 0.03327823896757291
11798 0.033824133199737996
11800 0.057958045032623466
11815 0.04741919291865896
11875 0.024118971041609014
11876 0.08559188975102447
11880 0.05459943106193548
11886 0.03533844294240034
11921 0.02804997070972676
11968 0.042147621661541186
12064 0.03198163043553952
12069 0.023031840269191247
12102 0.12388231848805875
12183 0.03092814976074986
12215 0.017902077168607002
12225 0.051148866313482616
12231 0.024992752751887823
12248 0.036016199132538576
12285 0.03251237843466541
12378 0.013681358092686046
12403 0.028207151156896967
12499 0.04151362308660683
12552 0.03301626161903642
12558 0.02729971553096774
12571 0.061941159244029376
12667 0.04952226780126294
12834 0.016285490224721186
12865 0.012177372647737668
12942 0.08710676516588069
12947 0.03838527108608132
12948 0.06719352508277066
12959 0.032033084921132673
12968 0.030125780038702678
12992 0.02956428045238911
13022 0.021802291576899484
13043 0.025223906201991823
13336 0.021001227206654642
13480 0.014993112857758636
13590 0.051148866313482616
13591 0.03982544033817727
13600 0.032033084921132673
13643 0.033824133199737996
13659 0.03470444436746599
13676 0.019142732214111897
13751 0.042147621661541186
13787 0.05130891815333516
13822 0.032259092921490456
13872 0.03569346595012808
13874 0.010474521772927008
13919 0.021968796721846835
13949 0.055131980524888526
14040 0.02284648442357696
14090 0.023413386027277484
14158 0.061941159244029376
14163 0.015878702676000868
14170 0.14870060287996628
14171 0.08403855416192767
14230 0.052939914592087946
