30 0.06238745142802877
79 0.01831458848367157
175 0.026930867437390604
194 0.0172778690610443
338 0.0307386659747295
370 0.03780091990684684
552 0.046463112391460865
569 0.05837563848443537
639 0.07644403909834396
854 0.034354652209670065
898 0.030538773354892943
920 0.02429275061553611
965 0.034354652209670065
1085 0.027791788294614553
1099 0.022042876350353083
1101 0.025405646943128635
1133 0.05511684491784021
1135 0.07255139882516976
1137 0.06238745142802877
1194 0.0847562205761942
1319 0.06908425268050339
1402 0.05619250759742914
1450 0.038661840764070796
1460 0.02408444085512117
1492 0.134654337186953
1493 0.031581246978411213
1544 0.04750558601497913
1550 0.020565686766689177
1564 0.03299713654640738
1653 0.012582265518946215
1689 0.028759549493977778
1714 0.05746964079228356
1767 0.20056193289096277
1779 0.0681356788554853
1871 0.0372129566559259
1901 0.026266567800352577
1943 0.03495449332457741
1963 0.026088171180115024
2064 0.024945361712345116
2160 0.15901800619103978
2204 0.07189887373494443
2340 0.02809625379871457
2384 0.022127084076951138
2432 0.053321351917323706
2462 0.02517282800953441
2560 0.03700894949000079
2564 0.030538773354892943
2571 0.3479565668766371
2596 0.05837563848443537
2648 0.017701221258451035
2649 0.07824425198970864
2726 0.04750558601497913
2736 0.025288552698964992
2776 0.020004154640649294
2935 0.05992448098281607
2953 0.035593059922004615
2995 0.013779933632081545
3005 0.10664270383464741
3010 0.014496408885214007
3084 0.04999217846431056
3092 0.18356597508056988
3137 0.02123801427285173
3142 0.025524143546893967
3220 0.08226274706675671
3236 0.022042876350353083
3281 0.02093354876875171
3304 0.03912212599485432
3308 0.031150990141398955
3320 0.053321351917323706
3321 0.015396515330896338
3348 0.03912212599485432
3432 0.019391268594465872
3482 0.04999217846431056
3496 0.128124270141589
3512 0.020784758774621957
3521 0.03274663333973518
3527 0.021713034202044436
3633 0.008645941156317971
3666 0.023292470438275103
3758 0.018200201681898117
3760 0.06316249395682243
3790 0.03881665654897948
3827 0.09292622478292173
3852 0.02408444085512117
3908 0.022127084076951138
3915 0.036977374155671275
3984 0.024972094873363486
4007 0.05837563848443537
4114 0.035593059922004615
4157 0.053321351917323706
4194 0.06238745142802877
4211 0.03378910696325345
4375 0.046463112391460865
4384 0.017382021055941825
4405 0.03250231603395417
4452 0.01754033400379341
4459 0.06990898664915482
4664 0.04465915943270969
4684 0.046463112391460865
4827 0.0157452509229587
4850 0.03912212599485432
4950 0.05837563848443537
4957 0.026266567800352577
4970 0.044085752700706166
5197 0.031581246978411213
5208 0.030942680380984
5223 0.03203022701906288
5247 0.04337192693035277
5277 0.15455219687571756
5279 0.02408444085512117
5390 0.01601511350953144
5392 0.04011238657819256
5438 0.03960487286559802
5551 0.0157452509229587
5562 0.051517398958572526
5663 0.016674981187636148
5689 0.02268392431207055
5798 0.017174802002484186
5844 0.12146375307768055
5970 0.0236805338290301
6097 0.035593059922004615
6109 0.01235919508180102
6158 0.06703602394719188
6210 0.022297680512604067
6235 0.020565686766689177
6245 0.049060447292482365
6278 0.01601511350953144
6338 0.053321351917323706
6378 0.06238745142802877
6417 0.07841669106163361
6606 0.03903112193823125
6618 0.03203106753539725
6681 0.037571673964456986
6734 0.026794391506024157
6752 0.046776137497321894
6781 0.0412128917355329
6813 0.04047936255046236
6821 0.020493727553852897
6831 0.07479402576151158
7020 0.020638173157944383
7026 0.03495449332457741
7163 0.11466605864751593
7242 0.014693907421523975
7321 0.20906366425220124
7342 0.024945361712345116
7491 0.014774024038635092
7540 0.024188047541624652
7571 0.025644076508091335
7604 0.05081129388625727
7633 0.016060814967934357
7671 0.016106728498829343
7854 0.04064734648911628
7856 0.0307386659747295
7857 0.03960487286559802
7901 0.03627569941258488
7972 0.20906366425220124
8015 0.034354652209670065
8027 0.026266567800352577
8077 0.042451299447867456
8082 0.055529211902165934
8092 0.04999217846431056
8115 0.017022186923003824
8250 0.0402680944382396
8345 0.029962240491408033
8411 0.01643423091241226
8658 0.011807664495168286
8669 0.022827861699381193
8673 0.06158606132358535
8688 0.017864767926685527
8737 0.025644076508091335
8744 0.005804928718179903
8795 0.016971833897521115
8870 0.027496412683807227
8872 0.027209599901879804
8981 0.04494254004079511
8997 0.08597313664788638
9099 0.018907241550203794
9150 0.025288552698964992
9355 0.04999217846431056
9385 0.028571273727907277
9403 0.04867097237630309
9427 0.053321351917323706
9428 0.03912212599485432
9489 0.03180360123820796
9496 0.08557533599814092
9521 0.04181273285044025
9528 0.0552859966009696
9588 0.03739701288075579
9589 0.03700894949000079
9594 0.028571273727907277
9645 0.04804534052859431
9652 0.014693907421523975
9779 0.03700894949000079
9783 0.015142800194913932
9853 0.03406783942774265
9898 0.03351801197359594
9902 0.006849207714963498
9934 0.04750558601497913
9957 0.05619250759742914
10048 0.023779975351021145
10060 0.04999217846431056
10068 0.0190301542880095
10123 0.04181273285044025
10156 0.03230571215918596
10234 0.024945361712345116
10335 0.023582081791329423
10396 0.02639590752646688
10438 0.03351801197359594
10451 0.022384094582873475
10460 0.01940832827448974
10495 0.04716416358265885
10516 0.01186744925804664
10567 0.019829412610331422
10614 0.018087122186482275
10785 0.028410386473249657
10882 0.0412128917355329
10887 0.027942849979295716
10930 0.01601511350953144
10999 0.006051683355702063
11000 0.08023625887186807
11003 0.014733884640164575
11098 0.12361503726274184
11138 0.05153096215213327
11200 0.023981907832354092
11255 0.04931093795532063
11317 0.02131561740127838
11325 0.04042202531796123
11482 0.08561834153245626
11585 0.06238745142802877
11677 0.04552008028993364
11875 0.02429275061553611
11880 0.054992825367614455
11905 0.04358893925195132
11910 0.022559220360859195
11912 0.05883491977344408
11957 0.03518734587405607
11959 0.035928493677217205
12064 0.03221206124873607
12078 0.021713034202044436
12100 0.035928493677217205
12175 0.018087122186482275
12206 0.04011238657819256
12327 0.24067431946915532
12342 0.04999217846431056
12378 0.013779933632081545
12405 0.04064734648911628
12413 0.060424735055716945
12513 0.02116101506594101
12554 0.03912212599485432
12558 0.13748206341903613
12588 0.04181273285044025
12666 0.023388068748660947
12667 0.04987908064305294
12768 0.1391867217497184
12843 0.03780091990684684
12847 0.02941745988672204
12954 0.06238745142802877
12961 0.03739701288075579
12981 0.04999217846431056
12984 0.03136378002330914
12992 0.02977729401966004
13051 0.054992825367614455
13088 0.05617706635172843
13336 0.05288135781905214
13344 0.03299713654640738
13401 0.04999217846431056
13480 0.045303419160267026
13503 0.034354652209670065
13614 0.023197786958286403
13619 0.0352686259991125
13666 0.028410386473249657
13729 0.10303479791714505
13754 0.012744737940596605
13816 0.02613889702054454
13822 0.01624576143968235
13832 0.022384094582873475
13839 0.17512691545330608
13872 0.05392596135847091
13874 0.03164997521756764
14044 0.09541080371462386
14062 0.012233948496088946
14072 0.014814326938161591
14076 0.029962240491408033
14170 0.014977200544380714
14171 0.08464406026376405
14246 0.035928493677217205
