150 0.08443725923890476
556 0.05320556579936108
714 0.13782174441897493
1647 0.09528830833900034
1653 0.05559162116325219
2114 0.10046001495762394
2204 0.03176673505036864
2407 0.09528830833900034
2513 0.07721888192262849
2678 0.09690815018943065
2780 0.07404551354347644
2969 0.06460000217187702
3092 0.1737944478243584
3232 0.06311754520049369
3353 0.17323235532622983
3513 0.11779358777784595
3648 0.12820190499982573
3679 0.07937057147866641
3721 0.04136740697963117
3760 0.06976695553131111
3865 0.03934442778338831
3908 0.048881517942895816
3938 0.06384620808417059
3985 0.04674734972029855
3993 0.08540887974402761
4028 0.058311887046971204
4360 0.13782174441897493
4434 0.09104447291125659
4741 0.08642570783981955
4747 0.09282213656571586
4758 0.07346260267105781
4779 0.08642570783981955
4841 0.07289483406616323
4858 0.08979511217244011
4970 0.04869549246008397
5189 0.07076066584356597
5426 0.14692520534211562
5496 0.09104447291125659
5685 0.045753639408043695
5689 0.025055824107225767
5970 0.05231328426445707
5974 0.057190725281499474
6083 0.07721888192262849
6245 0.05419035617783961
6302 0.12895914391979416
6417 0.057744118442076615
6521 0.07937057147866641
6537 0.07589375728716996
6720 0.04743584324741467
6813 0.05961600965122296
6822 0.12895914391979416
6851 0.06074304166308336
6969 0.12895914391979416
6995 0.19982015682377224
7047 0.08749215652967271
7100 0.051880441163902544
7401 0.0494492865477904
7402 0.07721888192262849
7423 0.06311754520049369
7598 0.04245373549104278
7616 0.05275487225902575
7671 0.03558179357835033
7717 0.04330544826550649
7865 0.031094132372586954
8115 0.03760415663493913
8235 0.18756054330915703
8264 0.03805485017527446
8673 0.0340128431648722
8683 0.306977818103801
8744 0.05129527710169757
8968 0.06276212497440425
8997 0.06906381678170286
9094 0.030684029117447855
9496 0.04726167609246552
9588 0.08261471551263032
9600 0.07526015169787134
9783 0.0334523544475709
9826 0.10264287215375933
9827 0.05323552860363735
9867 0.06498687709082712
9902 0.03026152643062043
9990 0.07464439654835352
10207 0.08261471551263032
10553 0.06928654361481816
10567 0.043805672041472066
10587 0.049258386973689144
10614 0.0799134657435355
10638 0.0786295560304919
10664 0.07526015169787134
10749 0.06835628142344768
10999 0.026737862748450712
11020 0.07289483406616323
11128 0.09690815018943065
11209 0.12267102879488834
11252 0.08749215652967271
11317 0.04708888576736764
11359 0.03672972553981593
11455 0.12267102879488834
11482 0.07565668360648108
11553 0.08013759271491372
11633 0.07346260267105781
12047 0.11043902396308697
12057 0.041903823158930154
12064 0.014232100754278056
12303 0.08979511217244011
12405 0.08979511217244011
12535 0.12267102879488834
12614 0.10085924809393132
12667 0.1101891766194478
12695 0.04869549246008397
12810 0.05746567057083831
12834 0.05435387468242103
12885 0.07076066584356597
12900 0.15374050672381176
13336 0.023364317070312005
13480 0.06672064241439071
13617 0.0718017131798378
13674 0.14692520534211562
13786 0.02957505915054273
13832 0.1483478596433712
14020 0.11779358777784595
14065 0.044648674651313704
14090 0.10419158260572207
14133 0.11043902396308697
14170 0.13234609577989567
