482 0.13553085784404428
994 0.10804491512838835
1099 0.11539881394699343
1397 0.09803268147303552
1400 0.23379952545629695
2558 0.07927555163649855
2575 0.10804491512838835
2940 0.11038210259803768
3182 0.20240237699785613
3297 0.12194068594996668
3443 0.18090611819305766
3758 0.19056330528783058
4489 0.13447670582333945
4542 0.11903531507264103
4808 0.09127311107299173
5223 0.08384228423060569
5903 0.11950836738293417
6067 0.13178472944368694
6310 0.07368702553832145
7099 0.05922877948781143
7649 0.12345685861803671
8268 0.10842719633187084
8744 0.03038994904646695
8997 0.04091694190070025
9105 0.27464811707095527
9695 0.15218852553016388
9902 0.035856955971661296
9905 0.08289615988238176
10362 0.10508417399676226
10499 0.10160643411376473
10598 0.1323905710631024
10628 0.20803223652280053
10730 0.20999627100083848
10999 0.03168175833911044
11000 0.021002633599605504
11364 0.17143509713068733
11714 0.1115914696230657
12551 0.32661063762918857
12695 0.11539881394699343
12834 0.04293602518355204
12865 0.12842056860630086
13068 0.17835187210652514
13613 0.32661063762918857
13723 0.18533878303099366
13872 0.094104354967257
14041 0.10508417399676226
14212 0.11038210259803768
