1848 0.22364877512212092
2965 0.1163316921400377
3107 0.35578646649924245
3699 0.19284255791990287
4150 0.1834696825644128
4841 0.22017323631708374
6310 0.09391743382981556
6519 0.12907466254836367
7316 0.19628786086872652
8744 0.07746671840292177
8886 0.21220937766239734
8923 0.20510360219310844
10950 0.1286500952273538
11200 0.16001916569582783
11213 0.1339345140586409
11365 0.10216403377698782
11926 0.3100248959543775
12183 0.20785483322976767
12288 0.18747211954434453
12346 0.35578646649924245
12359 0.2469420390599356
13700 0.19284255791990287
13862 0.2064648873463577
13872 0.1199402400377601
14062 0.08163096302408374
