194 0.03734338200327206
249 0.05974596992277539
961 0.20919986713609112
976 0.045244555656354275
1101 0.10982057746653286
1107 0.03551999154084919
1255 0.08984593922135621
1318 0.04573618809081703
1319 0.049771562861596716
1492 0.058206811664144674
1604 0.03668193538751738
1616 0.098384455923401
1653 0.054389154829282776
1689 0.062159218778725295
2105 0.0632026813857478
2204 0.062159218778725295
2260 0.1026758126004365
2659 0.039960373692335724
2743 0.07244388302156672
2755 0.12616971224328866
2995 0.029783147666211953
3050 0.13484061157404356
3092 0.05667840424746814
3165 0.05677103303757331
3181 0.0702486168496096
3185 0.0697332890453637
3321 0.03327713339472115
3332 0.03970878174289563
3353 0.338970557005733
3384 0.09037161063775175
3432 0.020955580462288317
3699 0.062465192129493405
3865 0.1154801818836751
3915 0.039960373692335724
3991 0.14860773700016933
4028 0.05705058040440543
4622 0.13484061157404356
4747 0.09081436107847814
4817 0.04746172602877336
4818 0.1026758126004365
4842 0.07363224812513036
4970 0.1429265754521884
5686 0.09652371161909412
5689 0.09805543124862197
6031 0.0878528122883392
6310 0.030421555344257008
6315 0.028119866159536024
6519 0.04180961755590222
6681 0.2030130811270753
6775 0.03451581321554331
6813 0.05832649437767707
6866 0.04086501300263488
7201 0.03977982341839045
7206 0.144023272365023
7242 0.0317585574947932
7454 0.10519461094984901
7865 0.060843110688514015
7892 0.05367381321786718
8250 0.029011039649201736
8433 0.030584180227141794
8673 0.03327713339472115
8706 0.10564126860660068
8716 0.05491028873326643
8744 0.05018574220208941
8783 0.2304913420219161
8968 0.061404558118987755
8997 0.016892485528575946
9708 0.038141850663424556
9783 0.03272876824566668
9902 0.02960695896189188
9906 0.047105299960661165
9964 0.07554861032565446
9990 0.07302981197624193
10037 0.05391545498710919
10180 0.06825787172525369
10382 0.05491028873326643
10456 0.07489055628054885
10516 0.025649615093268758
10567 0.04285813993565186
10602 0.07302981197624193
10654 0.12616971224328866
10708 0.06600472982367796
10992 0.06358118806402134
10999 0.03923927004824163
11003 0.03184496193169742
11098 0.10686974282631283
11255 0.07993334651827802
11528 0.08907514891460105
11598 0.2696812231480871
11885 0.1026758126004365
11958 0.11524567101095805
12064 0.06962127702637204
12387 0.0499356448883849
12413 0.04353283682649845
12667 0.10780574594266298
12733 0.04008728842116916
12834 0.017726060413505936
12877 0.029316545831260917
12885 0.0692300877336692
12947 0.08356145561130372
13112 0.03861187110105914
13336 0.04571787733571872
13355 0.11524567101095805
13378 0.11524567101095805
13480 0.032638725716676094
13700 0.18739557638848023
13705 0.07302981197624193
13786 0.05787068042143643
13822 0.035112644576287634
13884 0.06600472982367796
13982 0.04338381135204739
14014 0.05705058040440543
14062 0.052883490491065464
14072 0.03201882523930267
14079 0.07765375807920222
14110 0.06873845529920646
14113 0.06600472982367796
14163 0.0172832895441874
14170 0.09711255235683879
14171 0.22868094045408519
14189 0.053198569903410604
