150 0.08902038030424228
1653 0.05860904655467432
1928 0.08001315056077561
1963 0.030380117891315388
2114 0.1059128258959054
2204 0.033490983254285456
2407 0.10046040721058036
2513 0.08141020086845172
2678 0.1021681715181598
2780 0.07806458706592065
2824 0.13595884256461205
2969 0.06810638825597629
3039 0.08141020086845172
3092 0.12215182396605428
3232 0.06654346586168317
3353 0.18263513395796288
3556 0.14530249102067339
3648 0.09010700127473613
3679 0.08367868073506146
3721 0.04361276449189138
3760 0.07355379568271066
3865 0.04147998118011218
3985 0.04928472202706196
4028 0.06147696417398219
4434 0.09598622309883102
4735 0.07304730776618687
4741 0.09111675875451904
4747 0.09786037552868727
4758 0.07745003671203761
4841 0.07685145052404305
4858 0.09466904903243989
4970 0.05133860687772917
5189 0.0746014430211787
5279 0.056093479874334974
5426 0.07745003671203761
5520 0.057838203728792045
5685 0.048237074688593916
5689 0.026415814664833868
5970 0.05515276670704863
5974 0.06029494751872246
6083 0.08141020086845172
6245 0.028565861559555043
6301 0.10046040721058036
6417 0.06087837798598762
6521 0.08367868073506146
6537 0.08001315056077561
6720 0.05001058589537481
6813 0.06285187249336972
6822 0.13595884256461205
6851 0.0640400780227202
6969 0.13595884256461205
6995 0.07022202644204896
7100 0.05469642956665887
7191 0.14530249102067339
7401 0.05213331571792087
7402 0.08141020086845172
7598 0.04475805719907871
7616 0.055618323400487335
7717 0.045655999597685196
7865 0.03278187276550979
8115 0.03964525086243192
8188 0.14530249102067339
8235 0.09887051667682739
8264 0.04012040733627955
8673 0.035859006569583025
8683 0.3883681070497237
8744 0.09463913151596173
8968 0.13233750797419463
8997 0.09101561459045063
9496 0.09965393044469374
9588 0.08709891178315948
9600 0.07934515386085111
9693 0.14530249102067339
9783 0.03526809540998194
9826 0.10821416513288873
9827 0.028062534506151
9867 0.06851426213446953
9902 0.03190407428808975
9921 0.08448733467252494
9990 0.07869597649438449
10207 0.08709891178315948
10291 0.14530249102067339
10553 0.07304730776618687
10612 0.14530249102067339
10638 0.08289744413877198
10999 0.028189151706774287
11000 0.009343648456061324
11128 0.1021681715181598
11209 0.12932941848261795
11252 0.0922410925948333
11317 0.04964479611131989
11359 0.03872335702860345
11482 0.03988160444757489
11553 0.08448733467252494
12041 0.05001058589537481
12057 0.04417829649414925
12064 0.015004596704038631
12111 0.14530249102067339
12303 0.09466904903243989
12405 0.09466904903243989
12535 0.12932941848261795
12614 0.05316686438813732
12667 0.11617007108581036
12724 0.10046040721058036
12725 0.06543712833039629
12810 0.06058481640409868
12834 0.03820274476656503
13336 0.024632495297641693
13480 0.035171066750682586
13617 0.07569899676255992
13674 0.07745003671203761
13786 0.03118034664830416
13832 0.1563999471537626
14020 0.12418723767094414
14065 0.047072134190127735
14079 0.08367868073506146
14170 0.13952963282208972
