1653 0.11040246920750266
2017 0.19195498157780824
3092 0.11504932921466404
3353 0.458708929498166
3832 0.23160959077733045
3865 0.15627254201083368
3915 0.1622280743260658
4452 0.15390679697763196
5689 0.09951948842589815
8027 0.23047470571961653
8744 0.05093506118556933
8997 0.06857882308561636
10180 0.2771080964567495
10999 0.1062003952031382
12021 0.26796096298171623
12064 0.11305725808341134
12834 0.07196290676386037
13079 0.12449531830543942
13321 0.3668837654118177
13336 0.09280097402932247
13480 0.13250420684850986
14062 0.10734617864261645
14079 0.315252798543957
14170 0.13141670865439414
14189 0.21597149262861293
