31 0.06948651292545614
49 0.037485480548196996
68 0.043517433128870554
79 0.024702661918518512
164 0.07489763416982806
406 0.03991864687877937
523 0.06948651292545614
968 0.026889821890412495
1002 0.02950706654716452
1133 0.02478047827345763
1370 0.07873688579158167
1371 0.05639688843757702
1461 0.02289155856717718
1585 0.08414800703595358
1615 0.04146022030890792
1652 0.05639688843757702
1672 0.04633745167795511
1848 0.04520899384131878
2086 0.04201636190603696
2095 0.03920987145447202
2114 0.030668274012653853
2129 0.06948651292545614
2158 0.060236140059330624
2182 0.09377927109600483
2240 0.08414800703595358
2372 0.04119060574387241
2462 0.03395303478464403
2560 0.0998351197490561
2604 0.047570216779017176
2693 0.02813438669786691
2740 0.040412979949862315
2770 0.09582069863324068
2927 0.021539778405101014
2965 0.023515616173785926
3076 0.11451637029108216
3110 0.05276780599499608
3170 0.35605150904124905
3512 0.05606884037009135
3524 0.07489763416982806
3606 0.060383199035659085
3620 0.08414800703595358
3633 0.02332323890786231
3648 0.07827454839892979
3679 0.04846024432059755
3756 0.031416814142277004
4114 0.048007812279415564
4150 0.2225224728709775
4157 0.07191967925603852
4171 0.059167932740653566
4219 0.02216644127615149
4236 0.04557464594883319
4251 0.08414800703595358
4279 0.059167932740653566
4287 0.05044097860999794
4367 0.055587824544080636
4384 0.023444817774001207
4393 0.030547499730821357
4463 0.05639688843757702
4624 0.07537846418922597
4660 0.03349543108400561
4771 0.06948651292545614
4788 0.05155374512553162
4817 0.029618744747495044
4824 0.04289660179256891
4827 0.12742288281897013
4842 0.045950599459452936
4933 0.055587824544080636
5130 0.04520899384131878
5161 0.03632427308270767
5211 0.0423033722594061
5223 0.02160113698243159
5247 0.014624981181946904
5297 0.1568394858178881
5314 0.04016352470446127
5331 0.062669306389913
5334 0.06948651292545614
5759 0.04673585341432252
5816 0.034752403460089364
6235 0.055477873037945255
6271 0.038981738257160434
6278 0.04320227396486318
6310 0.018984734815945956
6417 0.07051213152806123
6488 0.06469345045583585
6519 0.026091516132976597
6606 0.017548353332284966
6636 0.1047545633746093
6693 0.032765989039911445
6719 0.07489763416982806
6733 0.05639688843757702
6775 0.021539778405101014
7201 0.012412406106084713
7255 0.29089463619684
7316 0.11903454452135084
7351 0.05044097860999794
7422 0.023096352361792406
7536 0.035602720762201466
7580 0.045894013433547216
7616 0.0644196948855648
7671 0.021724707004728974
7714 0.03491818779153643
7751 0.12049057411338382
7830 0.07191967925603852
7876 0.05817892723936799
7892 0.03349543108400561
7903 0.059167932740653566
8011 0.037485480548196996
8115 0.02295947457665688
8122 0.038981738257160434
8661 0.054103466494452496
8669 0.030790151271226536
8673 0.04153354723547387
8676 0.25630156672433696
8819 0.10553561198999216
8878 0.038757439413290046
8893 0.1095327780428382
8924 0.07191967925603852
8996 0.029322988220994866
8997 0.06325107730616292
9144 0.08414800703595358
9177 0.060236140059330624
9312 0.05044097860999794
9500 0.0322098474427824
9555 0.06407539168108424
9695 0.03920987145447202
9827 0.01625165772783832
9908 0.035779484499500504
9918 0.038981738257160434
10089 0.062669306389913
10287 0.07873688579158167
10322 0.0423033722594061
10333 0.04557464594883319
10386 0.05667318922534789
10499 0.026177894862108843
10516 0.016006779902156418
10628 0.026798726198410488
10655 0.04991755987452805
10754 0.03920987145447202
10817 0.04991755987452805
10950 0.07801707869371527
10989 0.08414800703595358
11000 0.04328896995497531
11003 0.019873019333026973
11071 0.09041798768263756
11200 0.03234672522791793
11213 0.027073900216582146
11232 0.025419904383647256
11252 0.10683786704757496
11348 0.08414800703595358
11365 0.020651725775408875
11402 0.05482501881495871
11482 0.023096352361792406
11701 0.07873688579158167
11733 0.044204868234386706
11779 0.07873688579158167
11957 0.04746058639055642
12007 0.07935636301423389
12057 0.02558466532894603
12064 0.008689506285500963
12066 0.07191967925603852
12100 0.0969204886411951
12127 0.05817892723936799
12175 0.02439585606031787
12280 0.05214697465869443
12288 0.18948071352662987
12328 0.03248502146095406
12336 0.04520899384131878
12359 0.04991755987452805
12403 0.038319843912891664
12406 0.03180744106510653
12541 0.060236140059330624
12611 0.02478047827345763
12712 0.048007812279415564
12807 0.04283580229305666
12834 0.011062043096536703
12903 0.02160113698243159
12915 0.043517433128870554
12919 0.03768923209461299
13079 0.03827451219920536
13083 0.12047228011866125
13324 0.05044097860999794
13574 0.05639688843757702
13596 0.07888394476791014
13617 0.08767805241940717
13695 0.03491818779153643
13810 0.055587824544080636
13874 0.02845959431834404
13973 0.028962277963957356
14062 0.03300222594647873
14092 0.07191967925603852
14107 0.1467856631197274
14116 0.043517433128870554
