194 0.06853442717448598
195 0.2315529149075428
337 0.08244486235807194
556 0.09553338736343862
703 0.10628268259623491
961 0.12797799136934382
1255 0.08244486235807194
1685 0.22026227399454382
1689 0.057038840941618804
2048 0.18843574480290007
2204 0.11407768188323761
2507 0.40869801879744383
3036 0.24227030904036054
3092 0.104019019164462
3432 0.03845872082410588
3648 0.15346216844135985
3915 0.07333726014538973
3956 0.074040209197996
4702 0.11144665195926047
4827 0.12491028250196722
4843 0.14389125596516567
4991 0.33807807361035386
5210 0.1252702323113079
5798 0.06812560119056284
6154 0.16258091476570044
6235 0.08157589092874859
6245 0.048650815101024904
6417 0.10368259696532406
6487 0.14994119838108028
6693 0.09635966924197657
6826 0.16585446297690215
7475 0.11397959139830895
7925 0.17400367257878763
8264 0.06832948185461778
8673 0.12214369202105699
8968 0.11269269120345128
9589 0.14679976706996678
10553 0.12440762748749294
10567 0.039327692253429226
10657 0.06023140833758262
10930 0.06352557868289398
10999 0.02400461832180038
11003 0.05844345389474807
11034 0.1710951614739865
11482 0.13584554835610574
11656 0.15709676150295165
11875 0.09635966924197657
12064 0.025554484271084657
12667 0.06595015098571054
13336 0.0419518582243349
13480 0.05990020856979594
13965 0.10906732109035326
