31 0.06264892541171742
49 0.03379684741707683
79 0.04454375846041866
164 0.06752758339813976
439 0.050847341569277886
523 0.06264892541171742
1002 0.02660352251688067
1018 0.06484266416102677
1030 0.0758677043125707
1133 0.02234203832743763
1198 0.05650254324659582
1450 0.047015626317930104
1451 0.03326199264871314
1620 0.026805749984456215
1656 0.06652398529742629
1672 0.041777769983299434
1718 0.022626838631365304
1747 0.21296713897844508
1940 0.023369806156328707
2095 0.03535155541319921
2096 0.0758677043125707
2114 0.027650465251955227
2182 0.06341342707427565
2382 0.03361590790086133
2613 0.07098904632614837
2657 0.05650254324659582
2678 0.053345710541142184
2693 0.02536591662946092
2746 0.06752758339813976
2770 0.02879726126619001
2778 0.04877959612914418
2779 0.042507220654846946
2815 0.11554053485059018
2927 0.019420228672775017
2940 0.025640428560736377
3076 0.10324777052034698
3137 0.025826978825985072
3170 0.2407615898417335
3308 0.03788188257406005
3454 0.06723181580172266
3455 0.04816242233216489
3512 0.025275786986430394
3527 0.05280927561113202
3606 0.027220696313859965
3621 0.0758677043125707
3633 0.010514096859816913
3648 0.047048135797145195
3679 0.08738335265526032
3721 0.022771807265532892
3734 0.03962584880173819
3781 0.06484266416102677
3904 0.12158829145463676
3908 0.02690815273943564
3928 0.028558991082446163
3956 0.022699104620872296
4052 0.03194206773267778
4076 0.06484266416102677
4114 0.04328376434574255
4150 0.2340635434820795
4171 0.053345710541142184
4384 0.02113780902475855
4391 0.04328376434574255
4463 0.050847341569277886
4660 0.03019942540311917
4689 0.03225872419419861
4821 0.05245402481288743
4827 0.07658950728117636
4922 0.03928610901068158
4942 0.07098904632614837
4957 0.03194206773267778
5131 0.06079414572731838
5161 0.06549980936400454
5223 0.01947554946486421
5232 0.13505516679627952
5260 0.020948320839562735
5314 0.07242273522002175
5334 0.06264892541171742
5438 0.19264968932865956
5459 0.037137382180620945
5528 0.028096155133271395
5613 0.027011434498768278
5654 0.06484266416102677
5697 0.03163353156914267
5740 0.07098904632614837
5810 0.07098904632614837
5920 0.04877959612914418
5925 0.04648077154956642
6021 0.06264892541171742
6054 0.03599058616638617
6066 0.054308804497286485
6102 0.022844951874273083
6109 0.030059370483795537
6143 0.06264892541171742
6235 0.025009379400600752
6256 0.050117890897730374
6278 0.03895109892972842
6310 0.01711660558821495
6405 0.05918746248370882
6417 0.03178681072585797
6496 0.04455148852444181
6505 0.037628562668424605
6528 0.026112342029077012
6606 0.015821566412350902
6636 0.03148218050330301
6693 0.05908352331925821
6720 0.052224684058154024
6749 0.06079414572731838
6834 0.07098904632614837
7201 0.011191004866718061
7255 0.3147241488773246
7316 0.07154756596805112
7338 0.03788188257406005
7376 0.06079414572731838
7598 0.023369806156328707
7616 0.05808069062640837
7633 0.019531125781148996
7751 0.036211367610010876
7803 0.06484266416102677
7862 0.020517452513547325
8011 0.03379684741707683
8250 0.016322982758775834
8279 0.04076035425956699
8421 0.07098904632614837
8484 0.06796109895033463
8503 0.053345710541142184
8588 0.13505516679627952
8658 0.02871796741288272
8669 0.05552069917441191
8673 0.018723288831824506
8819 0.0951507336529302
8878 0.06988728686262323
8886 0.03867550540349917
8888 0.06752758339813976
8893 0.13167276262863686
8976 0.0334376490688685
8996 0.02643755780170655
8997 0.028513533472427886
9036 0.06752758339813976
9094 0.016890853167000987
9147 0.049430146510864144
9500 0.029040345313204183
9533 0.03474475871999695
9555 0.17331080227588525
9645 0.01947554946486421
9695 0.03535155541319921
9713 0.05918746248370882
9756 0.06484266416102677
9843 0.04369167632763016
9850 0.0475753668264651
9906 0.026503669237720445
9908 0.03225872419419861
9929 0.05162388526017349
10068 0.046284119177744144
10089 0.05650254324659582
10316 0.02255500408317229
10322 0.07628130127027097
10333 0.08218005119286644
10341 0.05162388526017349
10386 0.05109645390367905
10387 0.03738046622763511
10451 0.027220696313859965
10499 0.04720389363649368
10587 0.027115610483591544
10614 0.021995263574637287
10645 0.029414435063169306
10655 0.04500558962671126
10675 0.04877959612914418
10749 0.037628562668424605
10754 0.07070311082639842
10856 0.03643627604770233
10949 0.02573334215821793
10950 0.023446689811427036
10994 0.07790424211814241
11000 0.01951463194568935
11003 0.08958740721642366
11030 0.05777026742529509
11071 0.04076035425956699
11087 0.04328376434574255
11190 0.06752758339813976
11232 0.022918543853431565
11252 0.14448726699649464
11359 0.020218870168015223
11360 0.04547750309505189
11623 0.04213696833150777
11722 0.04012693164028892
11726 0.04455148852444181
11791 0.05918746248370882
11842 0.027115610483591544
11875 0.029541761659629105
11940 0.0758677043125707
11957 0.02139519319359212
12007 0.10732134895207669
12175 0.04399052714927457
12280 0.047015626317930104
12288 0.23916969818291203
12336 0.04076035425956699
12359 0.09001117925342252
12406 0.028677536386999165
12407 0.029670450063694197
12611 0.02234203832743763
12680 0.06079414572731838
12768 0.02821020576049023
12807 0.03862068867504858
12834 0.009973519805197251
12877 0.016494874983347958
12919 0.033980549475167314
12926 0.05162388526017349
12932 0.040439475214713236
13079 0.034508237051847204
13083 0.054308804497286485
13122 0.034943643431311615
13487 0.03982230141773394
13574 0.050847341569277886
13596 0.03556081722829091
13617 0.07905038740626992
13662 0.07098904632614837
13695 0.03148218050330301
13743 0.0758677043125707
13787 0.04189664167912547
13874 0.012829561641770704
13971 0.038140650635135484
14060 0.029670450063694197
14062 0.059509504929672476
14100 0.05162388526017349
14107 0.0441139038984565
14110 0.07735101080699834
14145 0.0758677043125707
