194 0.08125502901768156
381 0.26114491946304674
548 0.13213214602083068
936 0.23510514505132785
1012 0.08667478763696915
1085 0.13070029390509097
1567 0.08375732661370439
1647 0.2028519516907738
1653 0.05917236357319373
2160 0.14956720254952366
2204 0.1352515185994453
3092 0.12332587823460607
3512 0.19549473044279927
3648 0.09097305882539869
3751 0.12174893692823378
3865 0.08375732661370439
3915 0.08694931068759747
4922 0.0759642745774132
5391 0.12117089816420805
5613 0.10445951908530055
5685 0.09740140435548982
5844 0.11424488455206423
6085 0.21850851700989585
6133 0.19663853274193874
6695 0.08949574356767978
7201 0.043278226726978654
7479 0.08005259719739283
7641 0.1426974748062414
7972 0.19663853274193874
8115 0.16010519439478565
8870 0.12931119009012004
8982 0.12413569199033336
9496 0.10061174768080042
9609 0.2745312041791681
10393 0.26114491946304674
10516 0.05581069809138605
10657 0.07141089572086015
10999 0.02846008989511758
11002 0.19381757681122808
11003 0.06929108096316274
11482 0.1610596955234714
11875 0.11424488455206423
11880 0.12931119009012004
11929 0.13671271244585456
12834 0.03856992794981447
12847 0.13834556496966577
12865 0.057680840940030634
12892 0.15173184968578712
13480 0.07101822231784709
13596 0.13752197670645472
13884 0.1436189211961909
