421 0.05734389729890765
600 0.138850099358425
637 0.055023758186140206
703 0.05963385004037093
763 0.0815363884308215
852 0.11465760822651114
940 0.07078239438864078
1318 0.047096154389646865
1461 0.03777267333454128
1793 0.08707057200060367
1835 0.10340874044996792
1871 0.041410753371267615
1959 0.05248450329121025
2049 0.07288121551369177
2137 0.0565430470643275
2138 0.09305881195401076
2297 0.11126306313251752
2365 0.063952486849916
2575 0.04593251251596287
2747 0.1235863368902869
2763 0.05628244101192004
2907 0.07078239438864078
2940 0.09385221512919693
2969 0.0650820141475779
3204 0.06796738154151086
3297 0.051839941536779385
3332 0.040889523015664044
3345 0.09448001178619214
3432 0.04315738997823277
3443 0.038453788076203504
3455 0.08814497798182984
3786 0.04467382969018304
3832 0.11749396068643121
3840 0.05963385004037093
3841 0.038685589736775945
3847 0.05526980492931115
3991 0.051008863494545344
4120 0.07646003745223902
4300 0.16646228801929785
4405 0.07233746061737564
4420 0.0565430470643275
4436 0.0917237999203771
4489 0.08575396120209995
4577 0.03091297755398217
4763 0.07233746061737564
4835 0.11807730575547017
4964 0.06796738154151086
5551 0.03504277871645743
5689 0.0504855555480335
5780 0.08927450527949177
6109 0.0275067409521917
6179 0.08814497798182984
6310 0.03132614078858884
6528 0.047789785101191855
6775 0.03554214148445448
6859 0.07582170422406045
6866 0.042080134830769576
7025 0.04905883316812238
7153 0.06024558255532725
7282 0.138850099358425
7284 0.10367988307355877
7536 0.058746980343215606
7604 0.0565430470643275
7617 0.07996279384220678
7649 0.05248450329121025
7714 0.057617453045553685
7717 0.04362857123726015
7862 0.037550237560249736
7865 0.03132614078858884
7941 0.063952486849916
8085 0.06087479548748891
8268 0.27657017713418663
8284 0.08707057200060367
8498 0.07343873780927977
8517 0.1304496536252326
8644 0.07996279384220678
8658 0.026279249285193408
8700 0.15698837224858347
8706 0.036260837817202976
8744 0.025839008032494695
8910 0.1235863368902869
8982 0.058746980343215606
9011 0.07078239438864078
9094 0.03091297755398217
9105 0.07783971483746195
9147 0.09046511709459729
9271 0.1299213706946492
9347 0.08323114400964893
9383 0.038919857418730976
9497 0.05393535566098391
9500 0.05314850197033388
9531 0.05040551193284646
9559 0.1834475998407542
9571 0.138850099358425
9645 0.07128677486049236
9657 0.08814497798182984
9708 0.03927599921498853
9722 0.05383314637103469
9725 0.03436216524280762
9732 0.06218987003273655
9758 0.05383314637103469
9793 0.10130991932491692
9827 0.026816372362631492
9899 0.06323042365615367
9902 0.015243661184754079
9905 0.03524116703500765
9908 0.05903865287773508
10209 0.11926770008074186
10227 0.11126306313251752
10361 0.04675736379315667
10435 0.11867250291810601
10531 0.057617453045553685
10567 0.02206626371282369
10628 0.0884395466131162
10657 0.0337950706999843
10785 0.06323042365615367
10930 0.03564338743024618
10936 0.07180680953246558
10999 0.013468683461037287
11000 0.008928728663775778
11052 0.06668424457172091
11338 0.11154060542058582
11339 0.11926770008074186
11356 0.03880241205011161
11365 0.034076792509337574
11576 0.04625875484473755
11600 0.0688663208220969
11714 0.047440238802958765
11849 0.05383314637103469
12017 0.061196274984100955
12064 0.0716914668342623
12078 0.048324733376947454
12117 0.04593251251596287
12175 0.08050973890472923
12178 0.11126306313251752
12231 0.05602488305342263
12378 0.030668750047824798
12494 0.1299213706946492
12574 0.11126306313251752
12834 0.018253145109010542
12903 0.03564338743024618
12904 0.08604615685677884
12984 0.0698035241512647
13064 0.06218987003273655
13077 0.08707057200060367
13270 0.10340874044996792
13336 0.02353864958197353
13519 0.11126306313251752
13539 0.10340874044996792
13616 0.045137445854473913
13628 0.06323042365615367
13705 0.07520135462645922
13709 0.052924937061089215
13723 0.07879200942634336
13770 0.061196274984100955
13965 0.061196274984100955
14041 0.04467382969018304
14062 0.027227990971668975
14065 0.08996364017437834
14211 0.11749396068643121
14212 0.09385221512919693
