898 0.12920965407660392
1085 0.058793575465302846
1230 0.05349797629981935
1479 0.12920965407660392
1625 0.07148091332194655
1653 0.02661780413230878
1769 0.11747214234254318
2017 0.04627994408581413
2204 0.030420437965302683
2605 0.07674130388305157
2770 0.050096209642095206
2848 0.03590394351240259
3092 0.05547630469810774
3512 0.043970192583132575
3513 0.1128014107847327
3544 0.04907495781494278
3626 0.09447652783224486
3627 0.13198075973874993
3633 0.018290503239802348
3766 0.12349376262465835
3956 0.039487751743605956
4021 0.0962978073718079
4219 0.10429993044568031
4222 0.06545929303983135
4529 0.10296352494633641
4827 0.03330910514090545
4922 0.1025141836316903
4957 0.11113393782463261
5059 0.03569251231703633
5166 0.07267732525383658
5391 0.0545069190937634
5662 0.10898514522845158
5920 0.08485782211558378
6044 0.03507073856944842
6067 0.10650632104451103
6094 0.10898514522845158
6217 0.13198075973874993
6230 0.04275643169843195
6245 0.051893729897385124
6247 0.21151707735093014
6310 0.029776340672889347
6315 0.02752346830946842
6411 0.08980579627443437
6446 0.0566835808605223
6519 0.04092287201163038
6520 0.07600678955860701
7020 0.17464036184569234
7022 0.13198075973874993
7047 0.08378417599231919
7242 0.09325495851970236
7422 0.03622514946314544
7707 0.10575853867546507
7865 0.029776340672889347
7951 0.3649996851170333
7990 0.1655258483303335
8076 0.08085874744648887
8153 0.08598953071815328
8156 0.10850017504693132
8673 0.032571354402018
8744 0.012280336588817097
8795 0.03590394351240259
8996 0.022995614510298315
9022 0.10049814811436003
9497 0.017089002816245657
9562 0.10575853867546507
9600 0.1441411446504822
9654 0.09051738451732338
9765 0.038744543126048775
9781 0.04772406909063808
9890 0.04476616340816395
10444 0.12349376262465835
10516 0.02510560911507887
10657 0.03212312506089725
10675 0.08485782211558378
10732 0.03548319546904101
10999 0.025604692889412427
11003 0.03116955804734755
11186 0.08845490755012968
11246 0.04052161671387442
11356 0.036882737900316945
11651 0.10898514522845158
11726 0.07750253360406172
11910 0.04772406909063808
12057 0.040127908986997265
12064 0.013628934085450779
12122 0.13198075973874993
12387 0.04887655338758582
12406 0.049887934188680455
12490 0.08485782211558378
12523 0.12196354691657076
12561 0.09280111306672041
12695 0.046631742457104
12733 0.039237071976546516
12735 0.03284497281287198
12865 0.025946864948692562
13022 0.04645510419055173
13336 0.022374120504110192
13480 0.06389297358868998
13526 0.08178918997560115
13666 0.060102220965647615
13754 0.026961514816992712
13761 0.10019241928419041
13770 0.05816870785762984
13771 0.41185409978534565
13822 0.03436793599137908
13874 0.022318525490370764
13912 0.04025832380369895
14043 0.06825430676896001
14044 0.06728057257939442
14061 0.08085874744648887
14170 0.03168429325707178
14178 0.05816870785762984
