79 0.025971678312817416
336 0.03899230308215753
938 0.06901966914825027
960 0.030450117844280176
981 0.04171651498690894
1002 0.09306867934058821
1052 0.06220748681431298
1055 0.06455143030474314
1107 0.023305167842360634
1230 0.03586136572382225
1461 0.02406753560190411
1471 0.03941117137134564
1593 0.45614988553614066
1604 0.04813507120380822
1655 0.031866214016795874
1718 0.02638560348211471
1761 0.07874524889123835
1808 0.1139903281041626
2006 0.03430075375847439
2228 0.060199632342493654
2479 0.033722071923924304
2503 0.06116767447288511
2565 0.16404988882756433
2573 0.04679280762390356
2575 0.029266723339169437
2638 0.43120191650073364
2667 0.04387941021485276
2763 0.03586136572382225
2927 0.022646312268366466
3142 0.03619545402295659
3145 0.04679280762390356
3402 0.09150599056495139
3432 0.013749252145684683
3481 0.035697258055805495
3527 0.03079096972304174
3665 0.07874524889123835
3721 0.05310930854004455
3733 0.07874524889123835
3749 0.0673670499963957
4188 0.034449231817722956
4489 0.01821322428833333
4734 0.035697258055805495
4817 0.031140308406792366
5247 0.015376290532632324
5346 0.0673670499963957
5391 0.036537691615576864
5647 0.04871788282514561
5677 0.03941117137134564
5689 0.01608388814279512
5697 0.07377697205701002
5962 0.028271196291732782
6109 0.017526412846025453
6166 0.047157270859797755
6210 0.03162004900692343
6443 0.047157270859797755
6519 0.05486376050763633
6536 0.08847082863422644
6563 0.029061886917837378
6866 0.02681211187258878
6899 0.0708932542158732
6949 0.17211513351089713
7020 0.11706689335667775
7119 0.060199632342493654
7201 0.013050051834033936
7242 0.02083723786916536
7423 0.040516549466029825
7466 0.025333793666108072
7468 0.018119683637452255
7496 0.06220748681431298
7533 0.03137812843349414
7541 0.07874524889123835
7693 0.022518173974455522
7716 0.040063895835054354
7865 0.03992002377073894
8104 0.19496151541078763
8349 0.07798460616431506
8502 0.054825850561755055
8517 0.027706111373821583
8520 0.07874524889123835
8658 0.01674429453698042
8706 0.023104242513922183
8744 0.016463786934859916
8869 0.08847082863422644
8989 0.07874524889123835
9102 0.112295073350429
9531 0.03211677506200309
9652 0.04167447573833072
9654 0.030338316092066275
9725 0.10947234631967671
9732 0.11887616991000458
9855 0.06455143030474314
9917 0.054825850561755055
9957 0.039842929919286015
10079 0.060454796314824234
10156 0.02290615387326051
10187 0.08847082863422644
10190 0.0666064072694724
10382 0.03602741553948761
10575 0.09271935669681527
10628 0.028175420864122443
10732 0.07135648511079
10779 0.08847082863422644
10917 0.08847082863422644
10930 0.022710822936788284
10999 0.04290906495263404
11218 0.03962538997000153
11311 0.275065358509381
11314 0.07677310473452091
11708 0.05001397709812962
12041 0.030450117844280176
12064 0.018271801046271265
12140 0.056882850602785834
12192 0.05360498995784085
12303 0.05764147025340761
12328 0.03415383047186469
12387 0.03276348149187948
12611 0.02605349222196701
12695 0.031258714558123256
12725 0.039842929919286015
12727 0.07305614944381703
12733 0.10520734318599807
12735 0.04403402385280051
12807 0.022518173974455522
12823 0.06333056970082894
12834 0.011630318454481932
12865 0.017392994607813423
12944 0.08278172918680511
12966 0.08895313221649359
13088 0.026554654270022276
13112 0.050667587332216144
13391 0.06333056970082894
13428 0.10094810519901115
13452 0.07874524889123835
13675 0.06455143030474314
13723 0.10040748110248165
13726 0.03941117137134564
13754 0.018073146129897497
13786 0.03796977031433567
13806 0.032243753717443605
13822 0.023037901748891396
13827 0.03358105520261545
13874 0.044882415768837475
13989 0.055045392800827445
14076 0.08497812246973513
