49 0.03094304465768596
252 0.06946144217681699
271 0.06946144217681699
275 0.06946144217681699
318 0.034001504965929664
322 0.026815328363731926
336 0.030614176985727853
960 0.023907418214227788
971 0.02381963887422884
981 0.032753047962981036
1002 0.024357123465771846
1023 0.06946144217681699
1054 0.028286343418604934
1064 0.03422406301785405
1080 0.06499473763244089
1111 0.058205470568160264
1117 0.033153682982463316
1162 0.05906960084310713
1471 0.03094304465768596
1593 0.03255806501652652
1614 0.04525626938058121
1615 0.03422406301785405
1620 0.024542274864154615
1656 0.030453352977908413
1808 0.059665110007123115
1871 0.02071623041026078
1889 0.05566069352420641
1903 0.052892151234323004
1947 0.05173147357137333
2006 0.026930682809200746
2055 0.06499473763244089
2230 0.05936735542511512
2338 0.06946144217681699
2479 0.15885804067985915
2565 0.04293370686067668
2573 0.03673861713782193
2575 0.045956590263972114
2638 0.15388691828981516
2648 0.01970832801723553
2659 0.020585083041320854
2716 0.028286343418604934
2736 0.02815597208776778
2776 0.022272386498597987
2797 0.041637386819671454
2831 0.03891791476184981
2847 0.06946144217681699
2852 0.03029484306502096
2927 0.08890193154236602
2965 0.019411376105553456
2995 0.0920544796694656
3010 0.016140128255013163
3121 0.09452953805399446
3130 0.01562963156643954
3153 0.03731855360803857
3214 0.034451210217473716
3250 0.03645970986388974
3278 0.044095591717631534
3313 0.04120532168219803
3317 0.050681512909545645
3332 0.020455478618408626
3421 0.02882382801014794
3432 0.010795003252885538
3481 0.02802712560278857
3548 0.04304563105580385
3559 0.05936735542511512
3624 0.04884120353593982
3633 0.04813143732811067
3662 0.06946144217681699
3734 0.03627984568913821
3746 0.028551808044275793
3761 0.026365623112187864
3841 0.13547054030896918
3847 0.027649388635373383
3881 0.04884120353593982
3908 0.024636030739704034
3956 0.0415647885322132
3974 0.03731855360803857
4124 0.06946144217681699
4241 0.03378335429509355
4363 0.06499473763244089
4436 0.04588594069321144
4450 0.029244882403193274
4474 0.06182556032307519
4489 0.07149909440703671
4492 0.08606093531426166
4562 0.0573588557786991
4577 0.01546459104315279
4584 0.04884120353593982
4589 0.03962888717325543
4709 0.0541896784693334
4722 0.031455520727970636
4808 0.019411376105553456
4835 0.029534800421553566
4892 0.04208709207121551
4899 0.024730591396558064
4928 0.01995179094020011
4981 0.044095591717631534
4990 0.048898620373718144
5106 0.040388929816722825
5199 0.06946144217681699
5223 0.017831035817848728
5257 0.06499473763244089
5390 0.053493107453546185
5474 0.02968267175429678
5519 0.06499473763244089
5571 0.024542274864154615
5591 0.06499473763244089
5677 0.3403734912345456
5687 0.06326356894091861
5697 0.028962399005586375
5699 0.04655379661559161
5718 0.030777383657963033
5747 0.03962888717325543
5800 0.031631784470459307
6003 0.1147177115573982
6072 0.035663007456530366
6091 0.05936735542511512
6105 0.09310759323118321
6109 0.013760579970427041
6241 0.0573588557786991
6278 0.017831035817848728
6315 0.028971189531988725
6485 0.04884120353593982
6505 0.034451210217473716
6512 0.0573588557786991
6528 0.023907418214227788
6537 0.03825005883946964
6562 0.06946144217681699
6563 0.022817471124166624
6624 0.039267666324201096
6636 0.02882382801014794
6661 0.06499473763244089
6730 0.04588594069321144
6751 0.0573588557786991
6775 0.0177803863084732
6820 0.06946144217681699
6866 0.021051096584345425
6880 0.032366473250299864
6902 0.05936735542511512
6979 0.06499473763244089
7020 0.022978295131986057
7039 0.03540974920206206
7099 0.012596394506497813
7119 0.23632384513498614
7163 0.04255593937602631
7206 0.024730591396558064
7244 0.04588594069321144
7401 0.04984436632556945
7466 0.019890418921395748
7479 0.01895229931037046
7502 0.044095591717631534
7548 0.06946144217681699
7562 0.04078956483620511
7566 0.02322402090829204
7580 0.02525600999688035
7652 0.044095591717631534
7726 0.18565826794611576
7862 0.018784960666711724
7865 0.01567128095020237
7891 0.018565724597689286
8019 0.04466065141464441
8074 0.026365623112187864
8104 0.030614176985727853
8349 0.18368506191436715
8350 0.11132138704841282
8383 0.03962888717325543
8401 0.02521596720992068
8419 0.04655379661559161
8433 0.03151011021937406
8646 0.05173147357137333
8658 0.013146512412364808
8689 0.030777383657963033
8691 0.024730591396558064
8706 0.018139922844569105
8711 0.04884120353593982
8732 0.04884120353593982
8931 0.022196673149819764
8996 0.012102586398117893
9102 0.029388887707160825
9367 0.03181091441535342
9388 0.06182556032307519
9501 0.04884120353593982
9594 0.03181091441535342
9652 0.016360020762975713
9654 0.02381963887422884
9708 0.039296587629601844
9725 0.03438017783368169
9730 0.035663007456530366
9732 0.15555617465248078
9813 0.03378335429509355
9902 0.08388408537871825
9905 0.03525964039718495
9961 0.026365623112187864
10091 0.03422406301785405
10209 0.029832555003561557
10242 0.02373255344931205
10335 0.02625600779103911
10362 0.022348623819355824
10382 0.028286343418604934
10411 0.06946144217681699
10432 0.03199300531951364
10433 0.05173147357137333
10460 0.02160900054945148
10516 0.03963922815672689
10556 0.040388929816722825
10575 0.21839131609679255
10614 0.04027597098915694
10663 0.04726476902699723
10670 0.041637386819671454
10762 0.03592222527234673
10930 0.035662071635697457
10942 0.04802481167046462
10999 0.006737871861450175
11000 0.031266931810632684
11163 0.09768240707187964
11186 0.04655379661559161
11218 0.031111234930496154
11232 0.020983304069584274
11262 0.023141501804221237
11310 0.06398601063902729
11311 0.023995902616717506
11525 0.029244882403193274
11576 0.023141501804221237
11796 0.03825005883946964
11798 0.03793072491876276
11861 0.033153682982463316
11879 0.050681512909545645
12007 0.22927133574086725
12050 0.038578926511427754
12064 0.028691618953614495
12136 0.05936735542511512
12173 0.030777383657963033
12245 0.027165079926083205
12308 0.04078956483620511
12354 0.018620125937297317
12378 0.015342413278244267
12387 0.025723718318141405
12391 0.09452953805399446
12402 0.0573588557786991
12404 0.04078956483620511
12509 0.050681512909545645
12580 0.052892151234323004
12611 0.020455478618408626
12614 0.025416268162214997
12651 0.04655379661559161
12724 0.04802481167046462
12733 0.020650461564863144
12735 0.03457260261808586
12807 0.017679780596618393
12877 0.01510204922175042
12948 0.025117166109239242
12956 0.034451210217473716
12960 0.05936735542511512
12966 0.06984011504456902
12998 0.06946144217681699
13072 0.1147177115573982
13077 0.04355810712608853
13079 0.01579718230780587
13088 0.020848957905984088
13112 0.019890418921395748
13116 0.08077785963344565
13261 0.032753047962981036
13338 0.03094304465768596
13425 0.06946144217681699
13464 0.027165079926083205
13608 0.054809146059174904
13628 0.031631784470459307
13676 0.08586741372135336
13723 0.01970832801723553
13726 0.06188608931537192
13744 0.030138581595632114
13754 0.01418983877776602
13812 0.10346294714274666
13843 0.06499473763244089
13874 0.011746234609422689
13918 0.02381963887422884
13948 0.04130092312972629
13973 0.023907418214227788
13982 0.022348623819355824
13989 0.02160900054945148
13990 0.041637386819671454
13997 0.02802712560278857
14062 0.013621131920023519
14076 0.06671920034376641
14154 0.04304563105580385
14163 0.017806537708256076
