13 0.03234092220916039
53 0.06114675164688883
79 0.01795036610556124
194 0.016934263930975284
381 0.05442490198924427
389 0.06114675164688883
405 0.0437710223463923
478 0.05442490198924427
552 0.09107820015438987
555 0.03311714270354034
567 0.04227613392516915
762 0.029551102536723245
920 0.02380964047588322
1010 0.02738715028231846
1012 0.036127578754202964
1024 0.061906380898271114
1064 0.030127365861094043
1107 0.03221480644286826
1117 0.02918511271833293
1133 0.05402073575066937
1135 0.0355542842675246
1144 0.14310915699479912
1255 0.020371412098768898
1274 0.03209540076190581
1359 0.04656084201882945
1434 0.04656084201882945
1466 0.04656084201882945
1479 0.02993144850750103
1518 0.06114675164688883
1567 0.03491152959211239
1653 0.07399225138052987
1689 0.01409380404337692
1699 0.06114675164688883
1701 0.05721472166168142
1718 0.018236451134018023
1723 0.06114675164688883
1807 0.05442490198924427
1822 0.0437710223463923
1963 0.012784677748154801
2046 0.025744204341431837
2114 0.022285320835813055
2172 0.027690224297109777
2176 0.12962705687694479
2196 0.06114675164688883
2204 0.01409380404337692
2344 0.0446148220631515
2346 0.05721472166168142
2485 0.024124184130292693
2558 0.014841655197680801
2571 0.03789297240550695
2616 0.06114675164688883
2641 0.048997983582813716
2648 0.05204759075881361
2803 0.04770305233159971
2848 0.04990294467411438
2949 0.06324450856463439
2953 0.13954088173737186
3021 0.03789297240550695
3035 0.03311714270354034
3055 0.06114675164688883
3092 0.1413620976123615
3157 0.021938941902097196
3220 0.04031339355547015
3229 0.048997983582813716
3295 0.06114675164688883
3307 0.03234092220916039
3497 0.03834410393996175
3512 0.08148564839507559
3544 0.022736452370267855
3633 0.04236999625228111
3648 0.018959586961961535
3672 0.05226094973483949
3711 0.05226094973483949
3714 0.06114675164688883
3760 0.18571914269481335
3763 0.030127365861094043
3773 0.06114675164688883
3890 0.0280030765624565
3915 0.018121002399491333
3928 0.023017561303943414
3985 0.062220557333995175
3992 0.02478563903474604
3999 0.050492872004036855
4036 0.0437710223463923
4045 0.03665329816514559
4262 0.022024383680948237
4376 0.03931467120259372
4385 0.04770305233159971
4452 0.017191509231158912
4493 0.0627881308417007
4529 0.09540610466319942
4585 0.03931467120259372
4594 0.12229350329377767
4624 0.02738715028231846
4808 0.017087790818238663
4827 0.030864249965869235
4832 0.04656084201882945
4899 0.02177028410030223
4922 0.11082136864628334
5058 0.06114675164688883
5082 0.05226094973483949
5136 0.05442490198924427
5166 0.033671440946795375
5181 0.032851438982265134
5197 0.030953190449135557
5223 0.015696620809935762
5228 0.028163370776698407
5330 0.04770305233159971
5390 0.09417972485961457
5391 0.02525308273312552
5582 0.027537503358666036
5619 0.050492872004036855
5759 0.13584376968119818
5829 0.10101432284038614
5920 0.11794401360778117
5962 0.01953968155490131
5965 0.05442490198924427
5970 0.06962879654956941
5974 0.02537355110426125
6067 0.024672215763205798
6068 0.02490040462467263
6077 0.03521398341559135
6105 0.04098120267395516
6109 0.012113407663304755
6133 0.08196240534791031
6230 0.019809076077045674
6235 0.020156696777735076
6245 0.04808478175678355
6247 0.09799596716562743
6284 0.05442490198924427
6288 0.05442490198924427
6294 0.024339694758594484
6310 0.027590786894731736
6411 0.04160707009198752
6495 0.03746189791887761
6606 0.012751636560597518
6695 0.018651701446616695
6734 0.026261531212545867
6771 0.03746189791887761
6813 0.013224783040186141
6859 0.03339033201311981
6866 0.037062466150961926
7020 0.0606832248945188
7026 0.0342593530163106
7031 0.042994801852012356
7042 0.05442490198924427
7099 0.03326573343702284
7154 0.0437710223463923
7201 0.009019563745399254
7206 0.02177028410030223
7214 0.03983899236118489
7233 0.08702151148037285
7242 0.01440168955872176
7352 0.040393290604439934
7495 0.032592821544949156
7561 0.04656084201882945
7566 0.0408881069617481
7580 0.011116404457450262
7598 0.056505771962847944
7611 0.1572586848103749
7633 0.04722424020913144
7649 0.023113104728673166
7671 0.047359241553469385
7693 0.015563471178168496
7709 0.12229350329377767
7722 0.04227613392516915
7732 0.05986289701500206
7825 0.05721472166168142
7831 0.06114675164688883
7865 0.013795393447365868
7903 0.042994801852012356
7914 0.04098120267395516
8019 0.03931467120259372
8078 0.026668482355475257
8087 0.023913358888803467
8115 0.06673466618321972
8124 0.01565203416051178
8153 0.11951697708355467
8250 0.013155760833031256
8306 0.023913358888803467
8377 0.0355542842675246
8401 0.022197559339413173
8433 0.013869139651934956
8463 0.060048449076165286
8484 0.05477430056463692
8669 0.04474776763631267
8673 0.07545162349289937
8688 0.03501898226769287
8795 0.03326862978274292
8835 0.048997983582813716
8935 0.04656084201882945
8981 0.022024383680948237
8996 0.021307759285703932
8997 0.015320616025941121
9083 0.06114675164688883
9099 0.05559369922644289
9164 0.04227613392516915
9282 0.03931467120259372
9409 0.039755220981351626
9428 0.0766882078799235
9437 0.036272952194367804
9496 0.020968374639465222
9562 0.048997983582813716
9596 0.050492872004036855
9647 0.020517243105010425
9654 0.041936749278930444
9800 0.04227613392516915
9827 0.011809383417836402
9853 0.03339033201311981
9918 0.028326359137135354
9961 0.02320959884985647
9964 0.0342593530163106
10018 0.042994801852012356
10037 0.024449273090217837
10044 0.04098120267395516
10070 0.0355542842675246
10079 0.08356685414147255
10156 0.015831624092326187
10260 0.03209540076190581
10271 0.0342593530163106
10316 0.018178554967028072
10331 0.045289063000735846
10361 0.020590989309579512
10522 0.02900717049345761
10583 0.025619072551515833
10587 0.043708492698367414
10613 0.05947882192317595
10614 0.01772742343257328
10634 0.06114675164688883
10657 0.014882659821846236
10660 0.05721472166168142
10672 0.029551102536723245
10708 0.02993144850750103
10719 0.12229350329377767
10732 0.016439382113561486
10861 0.048997983582813716
10881 0.04656084201882945
10924 0.01663431489137146
10969 0.06114675164688883
10970 0.036272952194367804
10994 0.09418219626255107
11000 0.07077653973373335
11002 0.040393290604439934
11003 0.11552697400058158
11102 0.1347479564457541
11108 0.04661412555489514
11147 0.06114675164688883
11246 0.01877368518288821
11255 0.012082572727415882
11262 0.020371412098768898
11297 0.04160707009198752
11317 0.020891713535368138
11328 0.02866079155974175
11365 0.015006724360435934
11461 0.04227613392516915
11482 0.11748190837704552
11486 0.25365680355101494
11526 0.03931467120259372
11531 0.034885220434342966
11594 0.04656084201882945
11668 0.050492872004036855
11672 0.04160707009198752
11694 0.09855431694679541
11752 0.035906962375977486
11842 0.08741698539673483
11883 0.05721472166168142
11905 0.021361042821769635
11910 0.02211058495223548
11911 0.03789297240550695
11930 0.02599941852229362
12017 0.02694959128915082
12069 0.04547290474053571
12078 0.02128122690481194
12100 0.03521398341559135
12101 0.06114675164688883
12110 0.06114675164688883
12117 0.020227741631506264
12182 0.02537355110426125
12327 0.03931467120259372
12335 0.04133060124934781
12378 0.027011783947723415
12387 0.022644531500367923
12406 0.023113104728673166
12561 0.042994801852012356
12651 0.04098120267395516
12718 0.06114675164688883
12726 0.03339033201311981
12735 0.015217092244452638
12753 0.1567828492045185
12793 0.048997983582813716
12794 0.03983899236118489
12834 0.01607662559713636
12865 0.012021195439195888
12877 0.026588600068821074
12915 0.03162225428231719
12957 0.026261531212545867
12963 0.030127365861094043
12968 0.029739410961587973
13195 0.05442490198924427
13390 0.06114675164688883
13480 0.01480082322507571
13565 0.05721472166168142
13585 0.03665329816514559
13600 0.03162225428231719
13705 0.03311714270354034
13729 0.050492872004036855
13738 0.03311714270354034
13748 0.05226094973483949
13754 0.0124912832279638
13761 0.09283839539942589
13764 0.0342593530163106
13770 0.02694959128915082
13800 0.04160707009198752
13806 0.022285320835813055
13821 0.12229350329377767
13832 0.04387788380419439
13874 0.041360735852281276
13908 0.05442490198924427
13916 0.03665329816514559
13945 0.050492872004036855
13973 0.021045646595451693
14014 0.025870971887304604
14040 0.022553473749970746
14062 0.011990651857515957
14090 0.023113104728673166
14170 0.014679348828816744
14223 0.18344025494066651
