10 0.030123041041901992
79 0.022710112547171066
300 0.03916078561629484
319 0.04123518379306697
322 0.05972947335869773
324 0.04091649044538376
326 0.028648989994248204
390 0.03786811702378651
463 0.04794073073580936
907 0.040302912393194376
976 0.02595762656495901
1008 0.033394309189166964
1012 0.04570722261260994
1072 0.051847840850199216
1091 0.03563121310647674
1101 0.0630060677504754
1217 0.03916078561629484
1241 0.1406195633993835
1255 0.02577312678678534
1318 0.02623968505698917
1319 0.04283227971543571
1375 0.03862726660212481
1424 0.07238586448046294
1435 0.05761431727732708
1458 0.02123337004309707
1519 0.021816176370779403
1598 0.07736051753086766
1604 0.02104509518672673
1653 0.06240809970443284
1686 0.07736051753086766
1689 0.03566187721861588
1718 0.023072056317905716
1840 0.0661185428375499
1871 0.023072056317905716
1942 0.024226732672621334
1963 0.04852404716970501
2064 0.0927968388460912
2086 0.03862726660212481
2105 0.03626053074266225
2114 0.028194530482268786
2160 0.039436505175586556
2176 0.16399916489290559
2204 0.1426475088744635
2262 0.05644495629603219
2352 0.026431392145504835
2456 0.042599811559845546
2485 0.03052098957123167
2559 0.06885629197064484
2585 0.19835562851264973
2609 0.02961175856130844
2614 0.19176292294323743
2643 0.18105619923126612
2842 0.07736051753086766
2909 0.045891143495788475
2913 0.06885629197064484
2934 0.03522891463771403
2940 0.02614494324224789
3010 0.017975565086080607
3082 0.07238586448046294
3092 0.09755230195615415
3103 0.04296607768540465
3198 0.05110403712006836
3203 0.05644495629603219
3257 0.034277352347008155
3281 0.02595762656495901
3321 0.019091698200625038
3429 0.05537741336001731
3432 0.024045197226536863
3483 0.07238586448046294
3496 0.0397185636676167
3523 0.036698756042491606
3602 0.04794073073580936
3666 0.028882692375342835
3722 0.03692388169898506
3751 0.032101640596658626
3908 0.027437611834756223
3915 0.02292599502093209
3919 0.08668723057995278
3920 0.07238586448046294
3985 0.05247937011397834
4025 0.03373993779254747
4045 0.09274468516801865
4298 0.03522891463771403
4404 0.05267032833906151
4459 0.04334361528997639
4534 0.05644495629603219
4535 0.027437611834756223
4681 0.049739409353289785
4689 0.03289346397338179
4773 0.04687318779979449
4817 0.0544593152705775
4827 0.09762065384724303
4912 0.11288991259206438
5020 0.06388163892024012
5053 0.040302912393194376
5106 0.04498191248586523
5210 0.03916078561629484
5223 0.019858760713157227
5260 0.04272102223825208
5279 0.05972947335869773
5383 0.0445513769412499
5390 0.019858760713157227
5409 0.06035206641042203
5417 0.040302912393194376
5436 0.05761431727732708
5528 0.028648989994248204
5661 0.03289346397338179
5689 0.014064047210176733
5747 0.04413543866669955
5798 0.04259355177972333
5844 0.030123041041901992
5970 0.029363891463563684
6097 0.04413543866669955
6109 0.015325417306011776
6110 0.07238586448046294
6237 0.04739535188113891
6304 0.03373993779254747
6315 0.016132879950680905
6476 0.07736051753086766
6484 0.04000725943546052
6487 0.18749275119917796
6720 0.02662614233046874
6724 0.05348613804608805
6781 0.05110403712006836
6813 0.10038892003261103
6851 0.06819117199924546
6854 0.07736051753086766
6862 0.06645015772833623
6866 0.0703350092650726
6933 0.07736051753086766
6992 0.09702296999136667
7099 0.014028842009428936
7167 0.04060586615688145
7201 0.011411205018316615
7242 0.018220463517268387
7342 0.0927968388460912
7349 0.19164491676072043
7418 0.023597415036435816
7466 0.0443046689916984
7486 0.02722965763528875
7566 0.02586502986851017
7580 0.014064047210176733
7598 0.023829642866234596
7627 0.02352097239635929
7649 0.029241810814103604
7651 0.03786811702378651
7693 0.01969030492204597
7812 0.07736051753086766
7865 0.017453401004736198
7891 0.04135399491294058
7941 0.03563121310647674
8015 0.042599811559845546
8115 0.04221506600217124
8124 0.05940705419940095
8202 0.05305676164966597
8244 0.02614494324224789
8250 0.033288324862548915
8265 0.051847840850199216
8279 0.041562376624319976
8346 0.03647768692564242
8412 0.08425049404107737
8433 0.03509340373066758
8585 0.07167483941808082
8601 0.05040276030961259
8669 0.02830657696002313
8688 0.0221523344958492
8717 0.036698756042491606
8739 0.03522891463771403
8872 0.03373993779254747
8875 0.032255969726402246
8906 0.042244163352770286
8981 0.027864402833625308
8996 0.013478878610627533
8997 0.019383053927425013
9094 0.017223206559059987
9099 0.0703350092650726
9150 0.03135783686652779
9204 0.022428054055140912
9317 0.03862726660212481
9348 0.07238586448046294
9391 0.05644495629603219
9497 0.01001671838052825
9499 0.05644495629603219
9502 0.06885629197064484
9515 0.039436505175586556
9584 0.03522891463771403
9645 0.019858760713157227
9652 0.036440927034536774
9676 0.03391647327051137
9680 0.09178228699157695
9719 0.04017405567572917
9783 0.018777091115774712
9835 0.04060586615688145
9890 0.07871905517096751
9898 0.041562376624319976
9899 0.03522891463771403
9902 0.01698605220690065
9906 0.02702516950097389
9959 0.04296607768540465
9974 0.042599811559845546
10003 0.028882692375342835
10009 0.05537741336001731
10048 0.029487199074777114
10091 0.03811598412153125
10094 0.04739535188113891
10246 0.13771258394128968
10316 0.02299880831501488
10361 0.026050927425556602
10362 0.024890083628944147
10382 0.0315030338752377
10461 0.04334361528997639
10495 0.029241810814103604
10499 0.024066351251029752
10506 0.03464916880247071
10508 0.04498191248586523
10516 0.014715651871641257
10543 0.05439536905601128
10553 0.03889112632091609
10557 0.0445513769412499
10567 0.0122942481761578
10614 0.022428054055140912
10657 0.018828968588594775
10664 0.042244163352770286
10666 0.05348613804608805
10836 0.03563121310647674
10856 0.03715321555447102
10876 0.0661185428375499
10884 0.029487199074777114
11000 0.03979722440323772
11020 0.08183298089076751
11098 0.030656560056072018
11112 0.049110091717104266
11185 0.07238586448046294
11255 0.015286406131515223
11262 0.02577312678678534
11317 0.026431392145504835
11331 0.038368962239571675
11352 0.04091649044538376
11357 0.06199036360631087
11400 0.24140826564168813
11555 0.07238586448046294
11557 0.06388163892024012
11733 0.020319622558231484
11734 0.045891143495788475
11831 0.05890698586983542
11832 0.15472103506173532
11875 0.030123041041901992
11886 0.04413543866669955
11962 0.0661185428375499
12057 0.02352097239635929
12064 0.01597719843909941
12231 0.062428676214787766
12248 0.04498191248586523
12335 0.02614494324224789
12378 0.05126140463753129
12413 0.14985349356571795
12431 0.05110403712006836
12552 0.04123518379306697
12640 0.045891143495788475
12665 0.04739535188113891
12666 0.029001234399375613
12667 0.020616707388995195
12763 0.028533787231939556
12810 0.032255969726402246
12834 0.030509292223565153
12847 0.03647768692564242
12877 0.050458310695477106
12903 0.019858760713157227
12945 0.049739409353289785
12982 0.04498191248586523
13079 0.017593619719994836
13336 0.02622917984291271
13371 0.05890698586983542
13475 0.06885629197064484
13476 0.06388163892024012
13480 0.018725432075065933
13600 0.04000725943546052
13648 0.07736051753086766
13775 0.03322507886416812
13787 0.02136051111912604
13885 0.06035206641042203
13905 0.07238586448046294
13912 0.023597415036435816
13948 0.02299880831501488
14004 0.05040276030961259
14039 0.07045782927542805
14083 0.03542841503402036
14170 0.03714349468541815
14171 0.13119842528494585
