11 0.06996596443716348
68 0.05796227208952736
79 0.09870681530433852
406 0.05316893266617225
917 0.0415064809879209
997 0.04441503618025888
1091 0.051622283008142894
1099 0.11880049211209405
1519 0.0632142850372514
1672 0.061718345706174405
1747 0.10487219648775603
2114 0.04084806283434758
2182 0.21858836021354272
2448 0.09579213933150091
2604 0.19008091585764597
2693 0.03747309663289566
2918 0.08534407982804738
3110 0.07028314192135203
3147 0.04345397738333586
3170 0.35567736240015413
3184 0.08334993621077641
3335 0.08534407982804738
3512 0.07467989602354236
3606 0.08042632941553268
3648 0.03475213146991818
3956 0.03353341230926506
4112 0.07749038874923603
4149 0.06945623665031139
4150 0.2963848552460985
4171 0.07880767705973435
4452 0.06302263758869732
4577 0.024952876025932567
4624 0.050199503243770545
4660 0.044613644478932395
4700 0.05486309568371241
4808 0.03132120727299077
4824 0.11427073363697349
4827 0.02828644090945258
4899 0.03990402199737052
4928 0.03219319311043607
4964 0.05486309568371241
5161 0.048381470332573374
5247 0.019479483913076676
5260 0.030946977496808054
5297 0.10444978365839037
5314 0.1604852800095421
5390 0.05754250143895595
5925 0.06866609511069209
6102 0.03374887261768468
6154 0.03681710861915875
6235 0.07389276758238554
6278 0.028771250719477975
6417 0.046958690568201025
6486 0.06279596398834139
6488 0.0861672922349783
6496 0.0658159631683387
6636 0.04650866000420223
6693 0.043642077104815435
6705 0.07206215119929966
6712 0.06336030528588199
6768 0.08534407982804738
6871 0.09579213933150091
7219 0.08023045682410672
7255 0.07749038874923603
7316 0.21139459634234684
7422 0.061525552571328974
7536 0.047420411535650346
7580 0.020375905337661843
7633 0.0288533536728647
7751 0.05349509333651403
7876 0.07749038874923603
8097 0.032902271768112834
8474 0.04650866000420223
8569 0.11207944331564006
8673 0.08297980576807014
8676 0.08534407982804738
8744 0.03128577130472145
8878 0.051622283008142894
8886 0.057135366818486744
8923 0.05522220401465667
8997 0.042123074469014476
9099 0.03396697667680536
9827 0.02164610684498069
9890 0.0380158947720535
10141 0.0658159631683387
10335 0.042365356155719555
10386 0.150969695493441
10516 0.04263989234927782
10567 0.035623662704125
10629 0.12788630567993511
10856 0.05382735081974557
10899 0.09975857348381538
10950 0.06927564147275271
11000 0.05045072779518805
11003 0.05293903022313866
11071 0.06021531633458952
11097 0.15519899448660265
11213 0.07212120100149742
11345 0.08534407982804738
11356 0.03132120727299077
11365 0.02750669932594027
11438 0.061718345706174405
11623 0.12449797964485479
11783 0.08023045682410672
11796 0.061718345706174405
11957 0.0948214275558771
12064 0.011573833552000612
12127 0.15498077749847206
12288 0.25237547078258366
12359 0.0664868072279097
12406 0.042365356155719555
12587 0.06718396551553707
12611 0.06601183575976466
12626 0.07749038874923603
12712 0.06394315283996756
12919 0.050199503243770545
13083 0.08023045682410672
13344 0.059279560400025695
13508 0.08534407982804738
13515 0.10487219648775603
13596 0.10506806907918202
13832 0.04021316470776634
13872 0.032292774647107725
13874 0.018953125573289497
13990 0.06718396551553707
