48 0.0621438432557889
482 0.03017185854191985
670 0.03816485472038711
931 0.03491975934101124
974 0.04947524404451078
976 0.024397190369249984
989 0.06471701328796484
1099 0.025690066053595896
1185 0.03606242171975219
1255 0.048447563497723105
1319 0.013419142662515345
1469 0.04674933726353884
1483 0.03204593841822394
1524 0.0365531960386085
1566 0.052999246739769815
1575 0.0727100094664321
1627 0.3067524307148948
1655 0.026189341261851944
1657 0.03256624273003868
1660 0.03368306223206316
1838 0.06898523909670434
1905 0.05826382848129167
2215 0.06983951868202248
2268 0.06004141025515398
2424 0.03680664483323267
2558 0.017648311003546156
2574 0.073106392077217
2618 0.03582465131768398
2667 0.03606242171975219
2693 0.02431016009993115
2741 0.05415084707732164
2832 0.051125405119149134
2926 0.03845680590787102
2940 0.024573246551571417
2993 0.05536580722234313
2995 0.01605994606128941
3011 0.11652765696258334
3105 0.07940933218436243
3165 0.06122520954770987
3208 0.026926763162543978
3225 0.07027882552442923
3249 0.026189341261851944
3308 0.03630519818048314
3321 0.01794400556257682
3443 0.060409937939405856
3852 0.056138851082569864
3958 0.06004141025515398
3959 0.0727100094664321
4182 0.14055765104885845
4184 0.07361328966646534
4438 0.04038318272618451
4489 0.014968591691325537
4535 0.025788206696592902
4564 0.048731020931030315
4593 0.035363331563880336
4601 0.0621438432557889
4660 0.057884986156824504
4762 0.18031210859876096
4818 0.05536580722234313
4835 0.030916081655400322
4885 0.0365531960386085
4887 0.026604934201795355
4903 0.0365531960386085
4922 0.01882548960686452
4985 0.023801336855886732
5247 0.012637049380520723
5260 0.020076429362817668
5279 0.028069425541284932
5390 0.03732991260998553
5613 0.025887189758843562
6175 0.04269720801106501
6198 0.06803440643362123
6238 0.04269720801106501
6278 0.018664956304992764
6508 0.03680664483323267
6577 0.0727100094664321
6594 0.0621438432557889
6674 0.06803440643362123
6681 0.04378824117822574
6702 0.03760223309154629
6706 0.04110413346860045
6752 0.02725783248380456
6768 0.05536580722234313
6775 0.018611938023328098
6789 0.02540055823002589
6885 0.1454200189328642
7026 0.08147604950512609
7069 0.043584680866678445
7099 0.013185501698610698
7331 0.051125405119149134
7338 0.03630519818048314
7422 0.01995693134061338
7453 0.06245552320077716
7479 0.019838658960749458
7489 0.09895048808902156
7627 0.02210701505346807
7810 0.03733089219721389
7865 0.03280838838156544
7891 0.0194340049521704
7925 0.051125405119149134
7963 0.047372811043875855
8085 0.03187759300579764
8087 0.11374213702928936
8089 0.09349867452707768
8474 0.0603437170838397
8673 0.03588801112515364
8744 0.006765405740892281
8758 0.03368306223206316
8842 0.0727100094664321
8996 0.02533719842255623
8997 0.01821784651310139
9035 0.06803440643362123
9159 0.0727100094664321
9204 0.021079797223593575
9276 0.045595229270013554
9282 0.04674933726353884
9301 0.0822082669372009
9443 0.050270832302824406
9492 0.04227783612435714
9533 0.0332986447702661
9652 0.03425028986639733
9671 0.040738024752563044
9681 0.13606881286724246
9755 0.618758611870735
9902 0.007982469974223323
9905 0.03690866049881647
9921 0.04227783612435714
9944 0.07042254423513722
9964 0.040738024752563044
9979 0.04003893459669119
10031 0.033111137290133194
10072 0.039704666092181214
10094 0.04454619221707575
10180 0.03680664483323267
10361 0.04896976494413355
10423 0.06471701328796484
10451 0.02608774187379346
10467 0.051125405119149134
10526 0.050270832302824406
10557 0.04187318211577809
10582 0.06816147610452145
10589 0.04505878575899536
10614 0.021079797223593575
10629 0.04148224786604352
10645 0.028190174874428382
10657 0.017697069875128636
10696 0.06803440643362123
10732 0.0195481787160507
10949 0.04932458597187156
10950 0.11235406775468247
10999 0.035264940625805076
11000 0.046756030328108544
11097 0.060409937939405856
11245 0.059494679665130557
11246 0.02232391403635701
11255 0.014367467669624977
11359 0.019377339206945815
11576 0.024223781748861552
11814 0.04615785089885438
11910 0.02629184376742262
11987 0.03292663005873543
12064 0.030033466342581045
12264 0.03845680590787102
12328 0.056138851082569864
12377 0.034284839945889885
12378 0.03211989212257882
12414 0.04313240894068187
12417 0.03906386480152374
12587 0.043584680866678445
12591 0.11199267659164168
12668 0.03733089219721389
12672 0.04615785089885438
12919 0.09769872819011603
13022 0.025592753611550768
13024 0.11898935933026111
13079 0.016535983693221852
13088 0.043648040674148104
13338 0.03239018654771724
13515 0.06803440643362123
13659 0.040738024752563044
13676 0.022470813550936494
13723 0.041260091117975975
13874 0.024591163180055726
13973 0.025025518477567985
14043 0.03760223309154629
14062 0.014258163951265865
14110 0.0370657895805281
