11 0.016720844075153406
49 0.04772836713074622
79 0.015726325231949903
134 0.053570701434235514
149 0.023486518979811893
175 0.023124930187567557
249 0.023736420943732413
320 0.02833389903980156
395 0.050125847886095726
458 0.03590365332144423
483 0.019601771437808026
497 0.053570701434235514
499 0.03282038856554877
513 0.02811879757010238
521 0.03590365332144423
527 0.025109734632876503
588 0.045785845682893664
596 0.04768168539663842
667 0.03282038856554877
673 0.04179266935904132
703 0.02300774137467583
744 0.03538858324662717
811 0.02833389903980156
928 0.03908706918870709
1003 0.04079197830035884
1005 0.03444360421861339
1045 0.023736420943732413
1080 0.050125847886095726
1095 0.029013946225164653
1162 0.022778104308217837
1244 0.03282038856554877
1461 0.014573332067657896
1471 0.04772836713074622
1538 0.030850989481184442
1593 0.07532920389862952
1604 0.014573332067657896
1620 0.03785544434616911
1657 0.023993896836599502
1660 0.024816738210681647
1673 0.053570701434235514
1808 0.02300774137467583
1830 0.023486518979811893
1901 0.045109022058965435
1972 0.04423683184849863
2179 0.03211197389395472
2311 0.01991941793793241
2331 0.03590365332144423
2352 0.0183032412697221
2471 0.026748654642044976
2542 0.029753199602970206
2560 0.031778752587941356
2565 0.033111733929214744
2575 0.01772153513383589
2592 0.04768168539663842
2597 0.016340765494908194
2638 0.023736420943732413
2644 0.04079197830035884
2760 0.025260111199816953
2763 0.08685884583075291
2770 0.02033394181876053
2797 0.03211197389395472
2848 0.014573332067657896
2893 0.031149127237414042
2969 0.025109734632876503
2995 0.023665038192477596
3010 0.037343220847269785
3015 0.029753199602970206
3037 0.03590365332144423
3041 0.029253287523669295
3119 0.03703814327501114
3127 0.03282038856554877
3151 0.04445956306501057
3177 0.06564077713109755
3208 0.019838886015232395
3249 0.019295574182887257
3258 0.03703814327501114
3269 0.04292715931260824
3278 0.03400781360769947
3316 0.054236213022839784
3332 0.06310346018855847
3397 0.07407628655002228
3481 0.021615341269546996
3541 0.16071210430270655
3548 0.06639610630222
3590 0.025727902052829488
3716 0.04768168539663842
3734 0.013990040521658084
3739 0.04423683184849863
3789 0.018644494138551786
3815 0.031778752587941356
3841 0.34328766277414446
3969 0.050125847886095726
4117 0.037667768625538445
4197 0.02855458818101629
4210 0.04423683184849863
4219 0.014111704475150068
4223 0.053570701434235514
4262 0.05788672254866177
4298 0.024395359908962858
4311 0.027704273689274254
4428 0.026748654642044976
4489 0.044113758877018454
4492 0.02212423912888507
4577 0.011926746171875318
4592 0.050125847886095726
4722 0.04851884028226893
4784 0.023124930187567557
4808 0.014970622566850786
4814 0.09959415945333
4857 0.03319805315111
4881 0.06136029774490282
4913 0.023486518979811893
4984 0.03590365332144423
4990 0.018856025087402802
4995 0.04768168539663842
4998 0.05666779807960312
5049 0.022554511029482718
5062 0.027909007794376252
5090 0.053570701434235514
5189 0.08251307192143227
5210 0.027118106511419892
5233 0.03989682964529657
5266 0.03989682964529657
5284 0.04768168539663842
5344 0.030850989481184442
5474 0.022892147016932467
5551 0.013520092853512368
5571 0.018927722173084555
5574 0.03989682964529657
5613 0.019072957405990257
5655 0.04768168539663842
5663 0.014318431321960073
5668 0.32820388565548775
5677 0.02386418356537311
5681 0.04079197830035884
5687 0.09758143963585143
5697 0.04467330309664368
5715 0.037667768625538445
5798 0.0442428486437819
6102 0.03226195143836413
6126 0.053570701434235514
6154 0.035195005884429593
6158 0.02878116305452956
6183 0.02467394402196259
6192 0.04292715931260824
6207 0.020680767698110253
6230 0.03470948404061181
6233 0.053570701434235514
6278 0.013751817787335575
6315 0.022343431060099776
6406 0.10025169577219145
6409 0.04768168539663842
6446 0.02300774137467583
6563 0.017597502942214797
6606 0.022343431060099776
6624 0.030284375946559944
6629 0.020592724897449594
6645 0.029013946225164653
6737 0.0226655721434192
6811 0.029253287523669295
6866 0.032470446182575954
6949 0.026054713660890287
6976 0.06801562721539894
6995 0.05177947310068851
7020 0.03544307026767178
7023 0.03645197609715678
7030 0.03645197609715678
7034 0.038347815810901534
7039 0.027309037113512905
7099 0.009714708881766563
7166 0.04292715931260824
7201 0.007902044564233579
7338 0.026748654642044976
7344 0.029753199602970206
7357 0.04292715931260824
7418 0.016340765494908194
7463 0.07180730664288847
7466 0.015340074436225705
7479 0.014616569078189678
7491 0.012686122171042273
7562 0.03145810871462196
7627 0.016287830406324404
7652 0.03400781360769947
7714 0.022229781532505283
7718 0.017911046059389018
7788 0.04079197830035884
7849 0.03645197609715678
7862 0.014487512608342237
7865 0.024172302980357847
7892 0.042648038883335675
7948 0.031778752587941356
7950 0.031149127237414042
7959 0.02811879757010238
7983 0.037667768625538445
8056 0.04179266935904132
8058 0.053570701434235514
8074 0.04066788363752106
8104 0.023610551171432983
8182 0.026931372527951684
8209 0.053570701434235514
8264 0.1035422616235921
8296 0.04768168539663842
8300 0.053570701434235514
8349 0.023610551171432983
8363 0.04423683184849863
8378 0.034902962262761746
8383 0.03056296005955968
8411 0.014111704475150068
8412 0.01944729346879268
8424 0.03989682964529657
8550 0.04768168539663842
8555 0.053570701434235514
8658 0.05069487972561261
8698 0.045785845682893664
8704 0.04768168539663842
8709 0.053570701434235514
8720 0.08158395660071768
8744 0.02492280868111595
8840 0.03645197609715678
8931 0.017118725337078734
8970 0.026748654642044976
8976 0.023610551171432983
8981 0.019295574182887257
8996 0.009333869585736884
9077 0.053570701434235514
9094 0.011926746171875318
9099 0.016235223091287977
9102 0.0226655721434192
9103 0.030284375946559944
9138 0.026748654642044976
9179 0.03989682964529657
9194 0.03538858324662717
9199 0.053570701434235514
9204 0.015531005038318713
9246 0.04768168539663842
9299 0.030284375946559944
9383 0.04504780489050498
9409 0.01741478505630809
9437 0.031778752587941356
9497 0.006936388830387385
9584 0.024395359908962858
9632 0.034902962262761746
9647 0.017975167527776014
9652 0.012617327833768666
9654 0.01837040410353737
9722 0.02076973242967444
9758 0.02076973242967444
9867 0.025260111199816953
9897 0.03908706918870709
9902 0.01176252124941034
9905 0.013596634400333011
9920 0.030014637283847134
9925 0.030014637283847134
9981 0.03211197389395472
10037 0.02142002107591581
10068 0.03268153098981639
10190 0.2621540691028115
10263 0.053570701434235514
10362 0.01723591414997046
10382 0.04363051530335433
10414 0.053570701434235514
10453 0.03703814327501114
10531 0.022229781532505283
10548 0.13954503897188125
10561 0.027118106511419892
10575 0.14971536724465256
10636 0.034902962262761746
10645 0.02076973242967444
10657 0.01303870613548746
10715 0.03400781360769947
10727 0.03400781360769947
10765 0.03703814327501114
10774 0.053570701434235514
10775 0.053570701434235514
10776 0.053570701434235514
10792 0.06980592452552349
10817 0.031778752587941356
10821 0.026569783735707345
10826 0.04768168539663842
10879 0.03645197609715678
10891 0.03989682964529657
10967 0.053570701434235514
10975 0.04768168539663842
10992 0.025260111199816953
11000 0.01722426774069895
11019 0.03645197609715678
11142 0.050125847886095726
11160 0.050125847886095726
11218 0.2159450715293955
11232 0.016182939515624502
11310 0.17271760815373816
11311 0.22207612645638913
11313 0.04292715931260824
11317 0.0183032412697221
11356 0.014970622566850786
11365 0.01314739914331469
11371 0.036079553233148536
11546 0.04292715931260824
11675 0.04179266935904132
11703 0.04292715931260824
11842 0.01914651677660983
11847 0.04768168539663842
11910 0.01937109516221986
11928 0.04292715931260824
11929 0.07488592033076207
11930 0.045556208616435674
11957 0.01510729126559062
11980 0.050125847886095726
12007 0.025260111199816953
12009 0.04423683184849863
12028 0.06422394778790944
12064 0.027659772538201136
12067 0.045785845682893664
12079 0.053570701434235514
12115 0.053570701434235514
12181 0.023610551171432983
12245 0.041901012721646126
12308 0.03145810871462196
12558 0.023610551171432983
12565 0.027309037113512905
12610 0.02300774137467583
12611 0.01577586504713962
12648 0.01937109516221986
12733 0.01592624161408007
12752 0.03444360421861339
12764 0.01650157889342129
12766 0.045785845682893664
12822 0.03282038856554877
12928 0.0226655721434192
13022 0.018856025087402802
13057 0.047987793673199004
13079 0.02436650061942135
13116 0.09344738171224214
13125 0.027504357307144088
13261 0.025260111199816953
13391 0.038347815810901534
13428 0.03056296005955968
13501 0.04079197830035884
13504 0.038347815810901534
13600 0.08311282106782278
13608 0.021135210466314076
13616 0.01741478505630809
13666 0.024395359908962858
13669 0.031778752587941356
13719 0.030850989481184442
13723 0.015199640590411996
13726 0.02386418356537311
13754 0.010943619837731311
13822 0.0418496099329059
13855 0.03590365332144423
13925 0.05244591571271525
13971 0.026931372527951684
13973 0.018438102105015775
13982 0.01723591414997046
13989 0.03333098998377124
14026 0.050125847886095726
14062 0.010505016429495511
14163 0.027465848253430392
14189 0.04227042093262815
