917 0.13657875067583972
2182 0.10275340290982604
3170 0.390123571420312
3648 0.11435329101653409
4150 0.3250887755780603
5161 0.15920118055313054
5314 0.17602776340675041
7316 0.17390061251195577
8165 0.34508619463782625
8878 0.1698652054443884
8886 0.18800623020163265
9749 0.2210715497233094
9963 0.27466558075375785
10386 0.12419296884266509
10949 0.1250928358706743
10950 0.11397714693482976
10999 0.035774381824176714
11213 0.11865886116546741
11957 0.10400457795695554
12288 0.16609033423355388
12354 0.09886259468754018
12565 0.18800623020163265
13574 0.2471749730088801
13674 0.19658109718619798
14100 0.25094984421971467
