49 0.01869471604182379
149 0.0183988612866515
239 0.03735286256258709
304 0.03362826352860379
337 0.013981294012831063
338 0.020676993715204487
400 0.03735286256258709
419 0.041966197952295094
425 0.035867700289501946
438 0.03362826352860379
451 0.021393344248052795
459 0.03195560615012908
483 0.01535562907244272
496 0.041966197952295094
556 0.01620089279752606
629 0.041966197952295094
721 0.01869471604182379
762 0.02028149305340567
898 0.020542531847292777
924 0.032739527172879083
960 0.014444034184499625
976 0.02816276130423156
1002 0.014715730524440914
1005 0.026982419011319477
1107 0.011054822273989656
1131 0.022728935370713067
1162 0.035687807282127545
1255 0.013981294012831063
1373 0.032739527172879083
1375 0.020954352017281103
1395 0.02812619178317108
1439 0.041966197952295094
1460 0.01620089279752606
1461 0.011416451941116701
1471 0.01869471604182379
1538 0.07250411308395646
1593 0.019670455415382464
1604 0.022832903882233403
1718 0.01251602902239364
1793 0.05263259986533357
1808 0.01802379664843817
1901 0.035337490428138996
1902 0.035867700289501946
1903 0.06391121230025816
1910 0.027342270760421068
1980 0.027342270760421068
2042 0.03735286256258709
2044 0.04082146553281892
2046 0.035337490428138996
2095 0.0391094046098883
2232 0.03195560615012908
2297 0.03362826352860379
2352 0.028676773898013316
2382 0.037189258805078146
2476 0.03062001502746881
2479 0.4478904593966539
2485 0.016556894019422376
2488 0.01990818197496765
2542 0.06992415429459538
2565 0.07781717674481194
2575 0.05553076077288981
2638 0.037189258805078146
2667 0.020814228187234062
2704 0.041966197952295094
2716 0.017089629153250768
2760 0.03957651471895955
2770 0.015929196457584772
2776 0.013456204642150998
2831 0.02351285639346307
2873 0.043405929085917554
2907 0.04278668849610559
2929 0.017933242379605578
2946 0.041966197952295094
2949 0.021702964542958777
2995 0.027808064410543343
2997 0.041966197952295094
3010 0.029253919704162648
3015 0.0233080514315318
3105 0.022916430476102638
3121 0.028555736693564933
3123 0.06547905434575817
3128 0.026316299932666785
3165 0.035337490428138996
3204 0.020542531847292777
3214 0.020814228187234062
3232 0.019219052895561597
3258 0.05802985627779157
3270 0.03735286256258709
3278 0.02664102951008593
3297 0.01566815766369766
3316 0.02124377309762792
3332 0.024716983638890907
3366 0.03062001502746881
3430 0.022728935370713067
3432 0.013043934280922917
3443 0.03486693829989636
3455 0.02664102951008593
3481 0.016933018725502673
3569 0.039267569746066086
3606 0.030114240051348915
3617 0.03125436489979394
3633 0.017447608601315143
3641 0.032739527172879083
3663 0.041966197952295094
3706 0.035867700289501946
3713 0.05802985627779157
3716 0.03735286256258709
3734 0.010959513207294469
3738 0.01869471604182379
3761 0.015929196457584772
3786 0.04050679377389116
3789 0.029211435011707185
3815 0.024894828443113675
3841 0.08184660918554933
3858 0.03195560615012908
3867 0.022916430476102638
3908 0.01488423664094766
3974 0.022546577769313587
3986 0.022728935370713067
3991 0.046250915324328165
4109 0.024643642554192068
4134 0.02772269636234647
4144 0.022196200236884667
4189 0.041966197952295094
4241 0.02041073276640946
4278 0.023109360972638465
4311 0.08681185817183511
4334 0.03735286256258709
4383 0.011980228893766116
4402 0.024894828443113675
4420 0.017089629153250768
4421 0.017933242379605578
4428 0.020954352017281103
4489 0.025918366120221272
4492 0.06932671583302023
4563 0.03362826352860379
4577 0.009343170378124432
4627 0.03195560615012908
4652 0.02351285639346307
4678 0.020814228187234062
4792 0.039267569746066086
4805 0.026982419011319477
4808 0.03518304371359526
4850 0.026316299932666785
4867 0.08393239590459019
4881 0.012017102318211906
4957 0.017668745214069498
5038 0.020542531847292777
5059 0.011349222722133612
5064 0.021393344248052795
5086 0.03465423435635808
5127 0.028555736693564933
5189 0.19391718703689612
5208 0.020814228187234062
5221 0.06547905434575817
5223 0.010772894362335193
5233 0.03125436489979394
5247 0.007293753909916583
5384 0.026982419011319477
5427 0.039267569746066086
5434 0.020154715199534323
5455 0.01670480313061057
5516 0.041966197952295094
5528 0.015541379809826316
5546 0.035867700289501946
5551 0.010591365762131115
5571 0.02965518517530858
5589 0.041966197952295094
5668 0.05142164976517702
5677 0.3738943208364758
5678 0.041966197952295094
5687 0.03822165757205299
5697 0.03499615705495532
5699 0.02812619178317108
5754 0.027342270760421068
5933 0.035867700289501946
5938 0.0261975383409449
5962 0.02682092251746033
6018 0.06930846871271616
6109 0.008313665896935033
6207 0.01620089279752606
6218 0.039267569746066086
6245 0.024751136593706036
6278 0.03231868308700558
6307 0.03125436489979394
6310 0.009468045262407776
6315 0.0612618631069163
6446 0.01802379664843817
6512 0.03465423435635808
6519 0.01301233112323334
6563 0.04135657769083048
6606 0.017503389459118942
6693 0.016341016627573094
6757 0.02812619178317108
6775 0.010742293682734714
6779 0.03195560615012908
6811 0.022916430476102638
6823 0.12016359586660032
6921 0.019670455415382464
6949 0.02041073276640946
6956 0.07853513949213217
7020 0.013882690193222453
7099 0.015220610709442467
7100 0.015797397376701452
7153 0.01820868731783728
7201 0.012380601990720087
7206 0.014941366915236141
7242 0.00988415800661048
7401 0.030114240051348915
7472 0.06547905434575817
7496 0.02950816383282168
7501 0.022546577769313587
7533 0.044652709922842974
7580 0.007629403319299132
7598 0.01292700128664304
7604 0.017089629153250768
7851 0.01482759258765429
7862 0.011349222722133612
7865 0.01893609052481555
7886 0.039267569746066086
7891 0.01121676788125285
7933 0.03362826352860379
7965 0.016933018725502673
7966 0.023109360972638465
8019 0.026982419011319477
8088 0.029014928138895786
8104 0.01849602558293046
8173 0.022916430476102638
8176 0.05802985627779157
8186 0.08094725703395843
8202 0.014391000947021766
8217 0.03735286256258709
8218 0.041966197952295094
8230 0.02571082488258851
8244 0.014182995390612517
8299 0.05901632766564336
8349 0.01849602558293046
8379 0.03465423435635808
8583 0.029014928138895786
8612 0.14754081916410838
8644 0.024168037694652155
8658 0.02382800262951095
8660 0.0260066796377608
8706 0.043838052829177875
8732 0.02950816383282168
8744 0.011714412855947511
8790 0.041966197952295094
8833 0.039267569746066086
8840 0.028555736693564933
8893 0.01820868731783728
8903 0.022196200236884667
8982 0.017755748231903463
9034 0.041966197952295094
9063 0.041966197952295094
9121 0.041966197952295094
9131 0.06124003005493762
9140 0.035867700289501946
9225 0.029014928138895786
9322 0.035867700289501946
9383 0.011763178047812179
9388 0.03735286256258709
9421 0.08393239590459019
9423 0.02664102951008593
9492 0.09760637099675112
9497 0.010867651867037
9574 0.07470572512517418
9590 0.03362826352860379
9594 0.038438105791123195
9646 0.03062001502746881
9652 0.03953663202644192
9654 0.014391000947021766
9684 0.02664102951008593
9725 0.051928282201896735
9732 0.018796330780320523
9757 0.020676993715204487
9758 0.016270585958818317
9770 0.029014928138895786
9781 0.01517492196977177
9783 0.010186114931540648
9827 0.008105008178839043
9835 0.022027694120377923
9843 0.024168037694652155
9867 0.019788257359479776
9870 0.03735286256258709
9897 0.06124003005493762
9902 0.03225081969887719
9905 0.021302653706330103
9917 0.0260066796377608
9949 0.019440927977362295
9990 0.022728935370713067
10003 0.01566815766369766
10025 0.02440159274918778
10080 0.041966197952295094
10088 0.03362826352860379
10110 0.018594629402539073
10156 0.010865549725382503
10190 0.11058178163691017
10234 0.01678000885834479
10242 0.043015160847019965
10243 0.03062001502746881
10281 0.01990818197496765
10316 0.012476293763542763
10339 0.03362826352860379
10362 0.013502264591297053
10432 0.019329065914148923
10440 0.020954352017281103
10453 0.029014928138895786
10489 0.019110828786026494
10493 0.017755748231903463
10516 0.007982882989322631
10548 0.021863349076897423
10569 0.01820868731783728
10575 0.08796298027760707
10628 0.013365030119267478
10636 0.054684541520842136
10657 0.020428514395892567
10717 0.06391121230025816
10732 0.033847997419806174
10755 0.029014928138895786
10856 0.020154715199534323
10884 0.015996087835594783
10930 0.021545788724670386
11000 0.04047942309343507
11028 0.041966197952295094
11037 0.035867700289501946
11102 0.01849602558293046
11114 0.041966197952295094
11128 0.20655714682975176
11138 0.01733167895825506
11191 0.03735286256258709
11216 0.027342270760421068
11218 0.018796330780320523
11232 0.012677385678745275
11255 0.04146251642114307
11259 0.03282440115959498
11262 0.013981294012831063
11310 0.019329065914148923
11311 0.07248746698159245
11317 0.05735354779602663
11402 0.027342270760421068
11411 0.024168037694652155
11581 0.021702964542958777
11695 0.041966197952295094
11796 0.11554680486319233
11811 0.041966197952295094
11823 0.08393239590459019
11835 0.02571082488258851
11842 0.014998991830087353
11866 0.02041073276640946
11897 0.029014928138895786
11906 0.02664102951008593
11910 0.01517492196977177
11921 0.01900433633672977
11950 0.05085512715388414
11980 0.039267569746066086
12028 0.05031173447400157
12057 0.025519110138378407
12064 0.07367155103741226
12117 0.013882690193222453
12154 0.03465423435635808
12175 0.012166673468636782
12209 0.032739527172879083
12248 0.02440159274918778
12252 0.041966197952295094
12316 0.018899521003755065
12333 0.016270585958818317
12354 0.04499854114702409
12378 0.03707741921405779
12383 0.041628456374468124
12387 0.015541379809826316
12404 0.024643642554192068
12452 0.06930846871271616
12519 0.03465423435635808
12523 0.01292700128664304
12524 0.041966197952295094
12534 0.035867700289501946
12558 0.01849602558293046
12572 0.021863349076897423
12637 0.09012269689995023
12678 0.01620089279752606
12695 0.01482759258765429
12752 0.026982419011319477
12770 0.020954352017281103
12824 0.03735286256258709
12834 0.011033698995336355
12847 0.019788257359479776
12877 0.009124135164253862
12903 0.021545788724670386
12927 0.03735286256258709
12966 0.021097489492880504
12985 0.0260066796377608
12999 0.01820868731783728
13022 0.02954285309789433
13079 0.019088221005556266
13088 0.05038487351612255
13107 0.041966197952295094
13112 0.012017102318211906
13238 0.03195560615012908
13338 0.01869471604182379
13365 0.035867700289501946
13450 0.021863349076897423
13464 0.01641220057979749
13608 0.016556894019422376
13616 0.05456955368537636
13723 0.14288507159549507
13726 0.03738943208364758
13744 0.03641737463567456
13754 0.017146018406673104
13786 0.018010986466539508
13820 0.03195560615012908
13822 0.03278413326035494
13827 0.015929196457584772
13870 0.027342270760421068
13874 0.0070966681854707355
13918 0.014391000947021766
13948 0.024952587527085526
13971 0.021097489492880504
13976 0.041966197952295094
13982 0.013502264591297053
13989 0.07833245894616896
14005 0.11803265533128672
14039 0.019110828786026494
14060 0.01641220057979749
14062 0.008229416213889307
14065 0.027190703856258547
14163 0.005379046726437581
14189 0.016556894019422376
14196 0.06930846871271616
14200 0.026316299932666785
