10 0.05323489789441969
79 0.04013441142737612
300 0.06920683807616936
326 0.050629883450364836
390 0.066922371496657
966 0.11289472800958762
968 0.043687889933418274
976 0.04587357557442076
1012 0.12116402816543942
1067 0.10955237462344677
1072 0.09162801690131753
1075 0.13652795483990116
1101 0.05567368810406244
1255 0.045547518625557046
1274 0.07176065443622182
1318 0.046372043010115334
1319 0.12615880061515372
1402 0.12313971570051149
1566 0.04982674057764761
1689 0.06302339759838796
1963 0.08575404763781933
2064 0.05466502351721244
2126 0.07070276762959332
2176 0.14491363580621866
2204 0.15755849399596988
2209 0.31852136384310115
2609 0.0523313347179216
2927 0.034995675017386194
2929 0.05842196656132817
2940 0.046204610683908014
3010 0.0317672897175582
3092 0.11493277027326237
3220 0.09013489270771533
3281 0.04587357557442076
3307 0.07230960473174293
3432 0.021246918885535107
3496 0.07019257047843788
3633 0.018946631525677916
3920 0.1279238075351185
4079 0.05784373553414498
4180 0.07019257047843788
4298 0.06225824514401414
4404 0.04654077832472487
4535 0.04848907726342038
4805 0.08790189458520675
4827 0.034503990036832875
4954 0.10410328006679596
5049 0.05756030171381079
5103 0.11289472800958762
5210 0.06920683807616936
5279 0.05277840990746408
5689 0.02485466577476678
5747 0.07799828601896103
5798 0.03763669439616247
5970 0.051893291971126104
6109 0.02708382013423025
6781 0.09031353090463728
6813 0.14784347028113762
6851 0.12051074370715104
6992 0.17146369431024844
7167 0.07176065443622182
7201 0.020166434496349847
7233 0.0648558201031785
7342 0.05466502351721244
7349 0.22578945601917524
7466 0.03914867902510758
7633 0.07039102804376145
7941 0.06296920649343014
8015 0.0752844513791064
8124 0.06999135003477239
8156 0.056196180338337585
8202 0.046882240161270766
8244 0.046204610683908014
8247 0.07230960473174293
8250 0.02941437042609713
8265 0.09162801690131753
8411 0.07202762819588392
8433 0.06201876370221139
8749 0.10955237462344677
8875 0.0570043128275768
8981 0.049243322998950484
8997 0.08563668051253208
9150 0.05541708891401069
9409 0.04444344995162801
9584 0.06225824514401414
9676 0.05993883515887161
9765 0.04013441142737612
9890 0.09274408602023067
9906 0.04776018918416912
9959 0.07593173462548253
10048 0.052111207157159965
10156 0.07079442404109261
10382 0.05567368810406244
10445 0.04740473239554591
10494 0.10955237462344677
10516 0.026006213109325053
10582 0.0640813671168842
10614 0.03963594399168155
10664 0.07465593263282018
10720 0.08907420054126507
10836 0.1259384129868603
11000 0.06154013559954172
11098 0.05417775855063847
11376 0.09031353090463728
11733 0.035909821675570774
11875 0.26617448947209843
11880 0.06025537185357552
11886 0.07799828601896103
11905 0.04776018918416912
12041 0.04705500903156128
12057 0.041567402247199875
12064 0.014117839668996362
12231 0.055163490952907
12248 0.079494215572385
12335 0.046204610683908014
12413 0.30896641503300665
12552 0.07287281505967586
12666 0.05125238683290029
12668 0.07019257047843788
12834 0.03594499980028029
12903 0.03509536428955073
12956 0.06780748943299496
13112 0.03914867902510758
13336 0.023176738843357917
13480 0.033092490999112115
13600 0.07070276762959332
13787 0.0377493303819332
13832 0.04905228759135331
14171 0.13911612903034598
