79 0.027778531464532828
178 0.08854086521506145
194 0.026206094107994928
322 0.10958975114774859
945 0.07382137680952704
953 0.07582530744217919
1033 0.04929767378744761
1171 0.06007043008510362
1253 0.08854086521506145
1307 0.04693210668241191
1319 0.087319237725891
1333 0.08854086521506145
1435 0.14094523943653203
1489 0.12927379972588238
1645 0.06904228198899114
1779 0.10334434216918678
1802 0.18925151215170363
1838 0.04488914563140533
2046 0.07967928744431224
2204 0.021810428643715112
2471 0.04724805913961372
2526 0.15627735116379812
2573 0.1000963790817437
2695 0.06007043008510362
2716 0.07706769536380335
2929 0.04043603428146346
2951 0.04488914563140533
3026 0.06341918717636466
3092 0.019887320268287226
3208 0.03504284130381572
3219 0.05672167299384258
3302 0.06904228198899114
3432 0.014705789465835456
3606 0.03395092803913093
3633 0.01311367430752833
3649 0.08854086521506145
3696 0.060840198166246064
3722 0.04516451459399359
3832 0.0400358188999213
3841 0.02636406596032097
3847 0.03766613854629246
3865 0.027013126572081728
3951 0.0808748093514284
4075 0.09462575607585182
4112 0.0654231178090168
4216 0.08854086521506145
4219 0.0498530230043501
4327 0.07813867558189906
4404 0.064425236553755
4458 0.05556670422715598
4489 0.09740160375280284
4490 0.09462575607585182
4535 0.36917219951611013
4549 0.14764275361905407
4702 0.04261480791003989
4734 0.07636144219539043
4783 0.07382137680952704
4807 0.08422356644268943
5130 0.050838223914625835
5164 0.18925151215170363
5223 0.0242908179416215
5432 0.06438772885747565
5459 0.04631948336068019
5498 0.06250938211582345
5520 0.03766613854629246
5528 0.03504284130381572
5827 0.06438772885747565
5872 0.09462575607585182
5962 0.03023802721837616
6097 0.05398553922431326
6230 0.15327460171384985
6304 0.082539962902862
6734 0.040640216851538555
6819 0.11113340845431197
6861 0.04929767378744761
6862 0.040640216851538555
6864 0.14094523943653203
6866 0.028677434100040852
7034 0.13547297189747337
7201 0.013957945694506438
7245 0.03054960631480153
7401 0.03395092803913093
7408 0.05167217108459339
7422 0.02597221112907758
7468 0.019380272464022595
7486 0.03330674384898844
7553 0.07205378472110872
7649 0.03576796724773073
7699 0.0573342963155743
7733 0.050838223914625835
7893 0.1617496187028568
7941 0.043583349591150886
7944 0.09462575607585182
8202 0.06489791364222265
8442 0.06007043008510362
8589 0.07047261971826602
8758 0.043835577165347694
8795 0.07722575186771574
8931 0.03023802721837616
8981 0.034083150809866736
9126 0.03175082222871362
9209 0.0808748093514284
9383 0.2121897471664031
9409 0.061521957291321955
9478 0.0808748093514284
9533 0.04333529125920845
9602 0.04693210668241191
9652 0.0891475492358774
9719 0.024570029481979613
9781 0.03421654890952965
9884 0.08854086521506145
9905 0.02401670644163384
9917 0.058640092355828746
9981 0.05672167299384258
9993 0.08854086521506145
10020 0.0665352700348246
10040 0.06372989175355093
10068 0.028863861185616464
10180 0.04790064836352291
10335 0.03576796724773073
10362 0.030445026188459175
10456 0.052555201495038395
10460 0.02943745408899374
10575 0.03305661826896807
10595 0.07183458745503561
10745 0.05167217108459339
10752 0.043835577165347694
10999 0.018357701747941057
11000 0.0669337994686939
11003 0.022347522492056456
11158 0.08854086521506145
11255 0.056094030290063705
11327 0.05797299642475018
11733 0.024854534446223
11957 0.05337017511408007
11958 0.0808748093514284
11959 0.05449430616339828
11960 0.06438772885747565
11965 0.043583349591150886
12064 0.01954297270142299
12170 0.060840198166246064
12262 0.04516451459399359
12483 0.08854086521506145
12580 0.07205378472110872
12584 0.040640216851538555
12648 0.03421654890952965
12735 0.047097476811937114
12764 0.029147917377042483
12768 0.03518509059064065
12797 0.05672167299384258
13088 0.08520619541235776
13336 0.048124470720379696
13338 0.04215301186187601
13480 0.022904554215826056
13487 0.09933648090388246
13660 0.034901927710765716
13702 0.08422356644268943
13806 0.03448695599824294
13870 0.06165159508794633
13874 0.01600163048920867
13925 0.04631948336068019
13940 0.07813867558189906
14002 0.1770817304301229
14163 0.0121287223597213
14170 0.022716570287321707
14220 0.09462575607585182
