406 0.04496007034912844
588 0.0810025913117103
673 0.07393801436719274
813 0.08868075952100131
928 0.06915136859093356
960 0.032619994828100046
1005 0.06093632549993584
1095 0.0513303793642721
1471 0.042219613496311904
1593 0.13326958640226524
1808 0.04070442827431923
1901 0.0399025902417532
1903 0.07216762948848722
1963 0.01981579041215411
2046 0.0399025902417532
2093 0.06915136859093356
2182 0.026405721106792752
2471 0.047322710933723554
2565 0.029290015408543202
2599 0.05458040700643709
2608 0.04390483724800132
2638 0.04199358068483234
2903 0.14116793249920548
2906 0.0810025913117103
2919 0.05263823855841946
2995 0.020933646506801053
3010 0.022022072625561693
3044 0.03495707265362573
3130 0.02132553571003964
3177 0.05806459358814354
3249 0.034137002087637834
3250 0.04974671612538763
3332 0.11164026173963057
3421 0.07865618212656013
3442 0.04291885113930685
3481 0.038241046524437675
3548 0.05873274352882601
3633 0.013134393874263047
3721 0.02844694031661434
3756 0.03538452037894975
3786 0.03049312924005699
3815 0.05622177050316486
3832 0.04009907537572074
3841 0.21124576885434201
3867 0.051753812962529934
3956 0.02835611890005289
3984 0.018968052407605258
3992 0.03841684851342615
4007 0.08868075952100131
4144 0.050127265532758314
4219 0.024965895316842193
4262 0.034137002087637834
4276 0.0655264861422275
4283 0.0466963328551547
4404 0.03226351411876253
4428 0.047322710933723554
4578 0.07826213445889375
4808 0.026485460809508445
4817 0.033359368406050915
4850 0.059431981171820955
4864 0.043159350649410386
4887 0.034678714722431024
4913 0.04155146355562944
4997 0.04199358068483234
5049 0.0798051804835064
5064 0.04831411846671846
5189 0.04865967158654523
5681 0.07216762948848722
5697 0.03951716146452633
5699 0.06351938930508519
5715 0.06664039556527242
6183 0.04365221115498108
6210 0.03387329534633842
6230 0.0921100650795379
6245 0.018632420309618605
6315 0.13835204432373133
6443 0.10103540087565657
6485 0.06664039556527242
6519 0.02938667746971281
6541 0.05873274352882601
6567 0.050517700437828286
6619 0.053577975711517935
6624 0.053577975711517935
6720 0.032619994828100046
6866 0.08616823308405436
6880 0.044161781944329535
6995 0.045803145441057305
7020 0.03135227156890861
7153 0.08224396017724037
7580 0.051690080549123635
7614 0.1234980088527593
7633 0.02439862426965044
7693 0.02412282022491333
7714 0.039328091063280064
7718 0.06337509430151098
7862 0.02563076089201176
7891 0.025331628657256734
8104 0.08354179326203233
8186 0.06093632549993584
8217 0.0843566394293003
8299 0.06664039556527242
8349 0.08354179326203233
8424 0.07058396624960274
8433 0.021496667335186032
8499 0.050517700437828286
8587 0.09477526449140786
8599 0.1620051826234206
8683 0.08443922699262381
8706 0.024750652039032425
8741 0.07393801436719274
8744 0.01763699724948526
8795 0.02578258944264472
9094 0.021100349495125112
9102 0.04009907537572074
9383 0.026565625792649424
9387 0.0490133561097134
9594 0.04340376089160569
9654 0.032500226077199296
9684 0.06016534118749518
9715 0.09477526449140786
9732 0.04244909732346729
9781 0.034270610955904834
9783 0.023004031432012233
9890 0.03214654155403113
9957 0.042682139180870084
10031 0.043159350649410386
10190 0.14270556664243844
10230 0.07216762948848722
10324 0.04390483724800132
10385 0.06260814675523127
10524 0.05510786108011994
10567 0.015061825590210678
10575 0.23176193339846196
10732 0.025480450652318236
10792 0.1234980088527593
10826 0.0843566394293003
10879 0.06448946127919619
10900 0.09477526449140786
10999 0.018386706862567406
11218 0.25469458394080374
11311 0.36014798146033106
11371 0.031915292397293585
11461 0.0655264861422275
11703 0.07594511120433506
11783 0.0678435093967862
12041 0.032619994828100046
12064 0.039147701081321144
12192 0.05742488433467865
12216 0.06093632549993584
12582 0.033233586092873524
12735 0.023585945343206634
12763 0.03495707265362573
12764 0.02919397100054333
12834 0.012459095553405911
12892 0.1470400683291402
12935 0.15791471567525836
12956 0.047006259272571085
12963 0.0466963328551547
13057 0.04244909732346729
13071 0.06260814675523127
13116 0.05510786108011994
13125 0.04865967158654523
13335 0.0843566394293003
13442 0.17736151904200262
13524 0.05873274352882601
13666 0.08631870129882077
13723 0.05378126171818318
13786 0.061013247187338845
13822 0.024679583827629657
13862 0.09401251854514217
13918 0.032500226077199296
13973 0.032619994828100046
13982 0.03049312924005699
13989 0.17690379107787388
14163 0.012147885705283025
14189 0.037391617216092056
