124 0.4147078292953602
1653 0.11230336825087543
2204 0.12834708791862967
2209 0.2594673790813082
3092 0.11703023744447719
3432 0.08653865929537001
3633 0.0771695933527476
4970 0.19674431892687813
8124 0.14253731627896704
8982 0.23559742232407874
8997 0.06975960663271315
9594 0.2550137151397886
9719 0.14458641714937912
9783 0.1351574932255344
10156 0.28834555142369145
10836 0.2564734555721683
12335 0.1881912894472476
12413 0.17977422964106743
12900 0.2070525063597595
12932 0.2968108339998951
13480 0.13478565147424368
13875 0.24805639576598812
14170 0.13367942884133868
14171 0.18887324098623287
