68 0.05685392342332855
79 0.09681935363067748
406 0.052152241748453496
528 0.07262344519584966
917 0.040712798283928354
968 0.03513056181639117
1099 0.07768586746406615
1127 0.03364336769617227
1451 0.09639673405881355
1515 0.09396041179507153
1519 0.031002753957066816
1672 0.06053817378265531
1848 0.0590638851857019
2114 0.040066970335259126
2158 0.07869629819636745
2182 0.2450383266769763
2428 0.12784670802216927
2552 0.05814602268085662
2604 0.06214873597843512
2643 0.08576572878412353
2693 0.03675653989393178
2783 0.18792082359014306
2927 0.028140927071055463
2965 0.03072228633609003
3110 0.06893919483652292
3147 0.04262305485152995
3170 0.23258409072342648
3257 0.04871120874037996
3335 0.08371213902180574
3606 0.07888842533204046
3742 0.054525755369978716
3956 0.03289218981286841
4150 0.1938116094778438
4171 0.07730072468180706
4452 0.03090876256429032
4824 0.11208566030139971
4827 0.05549110093201797
4928 0.06315519629824387
4964 0.05381400915324207
4991 0.10012692913048152
5161 0.04745632478222264
5247 0.01910699920474861
5255 0.08371213902180574
5260 0.030355212543589992
5596 0.07068418608016504
6081 0.051529484079214594
6154 0.03611309561621241
6210 0.039291937801722125
6235 0.03623989880156731
6245 0.02161301085163585
6278 0.028221089792201864
6488 0.08451961004489632
6606 0.022926277237095304
6636 0.09123865228458813
6693 0.042807557749284394
6712 0.06214873597843512
6741 0.07869629819636745
6756 0.06272043838092671
6768 0.08371213902180574
6871 0.09396041179507153
7080 0.10286684102275617
7255 0.076008625424279
7283 0.10993627161051225
7303 0.10993627161051225
7316 0.2073523303915611
7330 0.06661102678317309
7536 0.04651364325377631
7580 0.019986279350110693
7633 0.0283016227812722
7661 0.08809389683747336
7751 0.05247216560766093
7803 0.09396041179507153
7852 0.10993627161051225
7876 0.076008625424279
8124 0.028140927071055463
8411 0.11583855611611844
8474 0.04561932614229407
8673 0.027131024789904888
8744 0.03068752797079849
8795 0.029906978060144383
8878 0.05063516696773236
8893 0.047700179961982295
8923 0.0541662506512401
8996 0.01915470200095044
8997 0.055090135102996186
9094 0.024475729670826805
9562 0.08809389683747336
9827 0.021232192193516127
10333 0.05954159619541701
10335 0.041555250128203894
10386 0.1110621512589671
10387 0.0541662506512401
10460 0.03420045537766096
10493 0.04651364325377631
10499 0.03420045537766096
10516 0.02091226833430869
10531 0.04561932614229407
10567 0.052413705978705455
10841 0.08576572878412353
10949 0.03728895870233078
10950 0.10192643956340369
10999 0.010663995561042897
11000 0.04241658352653645
11003 0.025963367738265488
11071 0.1181277703714038
11200 0.04225980502244816
11207 0.08187514038187717
11208 0.08021337297708858
11345 0.25113641706541723
11359 0.02929820036851051
11365 0.026980719021677046
11386 0.05685392342332855
11438 0.06053817378265531
11482 0.030174533609253793
11623 0.12211734195227628
11957 0.031002753957066816
12064 0.011352519885063035
12127 0.076008625424279
12222 0.09785100019731789
12288 0.2970594872672425
12354 0.029469978715009528
12390 0.06331152417744987
12406 0.041555250128203894
12415 0.08187514038187717
12587 0.06589928056643643
12676 0.10286684102275617
12712 0.06272043838092671
12919 0.04923959345317198
12926 0.07480570979412107
13083 0.07869629819636745
13344 0.05814602268085662
13508 0.08371213902180574
13596 0.10305896815842919
13620 0.10993627161051225
13742 0.09396041179507153
13842 0.0512262527642555
13862 0.16357726610993614
13872 0.03167527549778699
13990 0.06589928056643643
14047 0.08021337297708858
14062 0.04311619256595583
14100 0.07480570979412107
