14 0.04011059164825337
108 0.025712227966651527
245 0.05087036402854682
421 0.028209461963444118
437 0.02889968742132754
482 0.028344033570770845
765 0.04512213447071944
896 0.03640846424058619
981 0.032207848682727316
997 0.027068104658928317
1002 0.023951680705220253
1099 0.0482675002368024
1111 0.02861829822197133
1117 0.032601814828994706
1397 0.04100382243432406
1400 0.04889529737935455
1460 0.02636896692157858
1479 0.03343552417367117
1519 0.01926251817496182
1566 0.04978852816542525
1603 0.03861402628919138
1655 0.07380833701950716
1714 0.031460457524478916
1808 0.0293359695396849
1850 0.05087036402854682
1867 0.08783448211968971
1894 0.06391285101787188
1901 0.028758079194669085
1916 0.041386520560095896
1942 0.02139091060206888
1959 0.15491373997963576
1963 0.014281380394734346
2017 0.023951680705220253
2137 0.027815495817176718
2138 0.045778873425646495
2311 0.025398209600818396
2384 0.02422594535642074
2400 0.08783448211968971
2424 0.03457688147818697
2429 0.05328765024490515
2558 0.033158336524541275
2565 0.02110952140271268
2576 0.045778873425646495
2609 0.026145600759066794
2648 0.038760535952935715
2659 0.02024242874939737
2692 0.034105812692691514
2763 0.027687294615843794
2776 0.021901645763192455
2813 0.04889529737935455
2821 0.03729933928562764
2927 0.017484418317067665
2934 0.031105249469932723
2951 0.03240304090197128
3039 0.03827009660638783
3041 0.03729933928562764
3104 0.05640407419861321
3147 0.02648240120496921
3159 0.031642526937659864
3165 0.028758079194669085
3182 0.04232910393758827
3185 0.07064854527287076
3193 0.03861402628919138
3204 0.06687104834734234
3297 0.05100374853652654
3308 0.034105812692691514
3332 0.0402299633804527
3345 0.04647801116299622
3358 0.04336158720928816
3443 0.13241731138400792
3516 0.04336158720928816
3544 0.05079641920163679
3590 0.032804304370899456
3634 0.038969234343737565
3666 0.02550187426826327
3761 0.05185349470882502
3786 0.06592984216808394
3839 0.054734179140503283
4079 0.02889968742132754
4104 0.04647801116299622
4268 0.10946835828100657
4300 0.04094430099292983
4384 0.05709237025822658
4434 0.04512213447071944
4436 0.04512213447071944
4489 0.11249430055934394
4492 0.056418923926888236
4542 0.024894264082712624
4564 0.045778873425646495
4577 0.015207171217197219
4603 0.05328765024490515
4722 0.03093191977088478
4734 0.055121185756310156
4819 0.05087036402854682
4964 0.03343552417367117
4985 0.022359440998146483
5038 0.03343552417367117
5051 0.026597035873432852
5059 0.018472270774563024
5070 0.03182770879880944
5111 0.04983788075684692
5138 0.05087036402854682
5223 0.017534224727013544
5231 0.034820327118329615
5247 0.047485964628836794
5263 0.06391285101787188
5332 0.05837914084780548
5498 0.04512213447071944
5528 0.05059105510328159
5539 0.04983788075684692
5672 0.054734179140503283
5689 0.037253406884224585
5730 0.03365437757832545
5816 0.056418923926888236
6067 0.027560592878155078
6090 0.05087036402854682
6109 0.013531524698861779
6158 0.07339471605967492
6207 0.02636896692157858
6278 0.03506844945402709
6310 0.015410420614261696
6516 0.05087036402854682
6693 0.026597035873432852
6720 0.023509461138054185
6723 0.026830009908042553
6734 0.0293359695396849
6807 0.05328765024490515
6821 0.02243765704249196
6866 0.04140137028837091
7006 0.025606540542206974
7025 0.0241337501184012
7053 0.05837914084780548
7062 0.04722540232124463
7078 0.031281397661277105
7085 0.03532427263643538
7100 0.025712227966651527
7257 0.17801177805521584
7284 0.12750937134131635
7289 0.05837914084780548
7406 0.028480297947079885
7431 0.03301065108752193
7468 0.08393740881141541
7479 0.018636823939808134
7536 0.02889968742132754
7598 0.02104030151812044
7674 0.0305933648711636
7851 0.0241337501184012
7856 0.03365437757832545
7862 0.05541681232368906
7891 0.018256684055890263
7911 0.039716625501985965
7965 0.027560592878155078
8004 0.03612707504122999
8074 0.02592674735441251
8078 0.02979056246636898
8085 0.029946433861750617
8156 0.02807654158317344
8244 0.023084588051904945
8268 0.40816353228079894
8269 0.05328765024490515
8288 0.12159285412832761
8292 0.04722540232124463
8293 0.020051816058896423
8405 0.05640407419861321
8433 0.0154928002894374
8471 0.06391285101787188
8658 0.012927678760206117
8660 0.08465820787517654
8706 0.017837970095319778
8744 0.00635555437108101
8878 0.031460457524478916
8932 0.04232910393758827
8951 0.03669735802983746
8968 0.031105249469932723
8975 0.04512213447071944
8996 0.01190112968480925
8997 0.01711420105052765
9094 0.030414342434394438
9105 0.32548258692304916
9126 0.022919197433520357
9134 0.02431893197955078
9174 0.034105812692691514
9347 0.04094430099292983
9375 0.031642526937659864
9385 0.031281397661277105
9614 0.04512213447071944
9639 0.054734179140503283
9652 0.03217539166283081
9657 0.04336158720928816
9695 0.03182770879880944
9708 0.019321233088783894
9711 0.06391285101787188
9719 0.12415040681842683
9722 0.02648240120496921
9781 0.024699071863468654
9821 0.0358528103900295
9827 0.02638381664985359
9867 0.032207848682727316
9902 0.0149977765945511
9905 0.052009075482232686
9932 0.0241337501184012
9936 0.054734179140503283
9989 0.06602130217504386
10013 0.04336158720928816
10031 0.031105249469932723
10040 0.023001577108696054
10050 0.03861402628919138
10068 0.020835256751512182
10110 0.09079521241744883
10159 0.03729933928562764
10242 0.04667501425907666
10319 0.04450294451380396
10371 0.033877743740837234
10451 0.02450733455577694
10457 0.05328765024490515
10459 0.0611867297423272
10489 0.031105249469932723
10516 0.02598626879580674
10531 0.028344033570770845
10556 0.07943325100397193
10567 0.0325654929052451
10583 0.02861829822197133
10585 0.05837914084780548
10598 0.027687294615843794
10628 0.0217532478935162
10636 0.04450294451380396
10730 0.043917241059844854
10745 0.03729933928562764
10753 0.1065753004898103
10754 0.03182770879880944
10785 0.031105249469932723
10884 0.02603562138722842
10924 0.07432677874223521
10936 0.10597281790930611
10945 0.0320161113750356
11000 0.030746470058854156
11259 0.026712896604382128
11272 0.037613357651460774
11331 0.033877743740837234
11338 0.05487071186651769
11364 0.0358528103900295
11365 0.016763562077365943
11576 0.02275629398655762
11606 0.034105812692691514
11714 0.02333750712953833
11808 0.05328765024490515
11856 0.041847563546559864
11866 0.03322100478591018
11876 0.023596472650674064
11910 0.024699071863468654
12023 0.02160685546191302
12036 0.06391285101787188
12064 0.014107012617038582
12074 0.04051942790678059
12212 0.04647801116299622
12231 0.11024237151262031
12232 0.05640407419861321
12234 0.09605640945207848
12238 0.04094430099292983
12270 0.03558531840243209
12354 0.018310179844013966
12362 0.05837914084780548
12377 0.032207848682727316
12378 0.06034810877473923
12421 0.060796427064163806
12445 0.04647801116299622
12449 0.04889529737935455
12457 0.042833049455694036
12543 0.04722540232124463
12608 0.06391285101787188
12648 0.024699071863468654
12733 0.02030671899791806
12764 0.04208060303624088
12770 0.034105812692691514
12807 0.03477097452690793
12834 0.0269380750308194
12877 0.014850664178887824
12910 0.04011059164825337
13088 0.02050191121716203
13112 0.019559327839669655
13116 0.07943325100397193
13175 0.060796427064163806
13363 0.039716625501985965
13446 0.03457688147818697
13557 0.034105812692691514
13616 0.022204683007882257
13691 0.06391285101787188
13709 0.02603562138722842
13711 0.05640407419861321
13723 0.038760535952935715
13726 0.06085594850555803
13754 0.0139536381683663
13774 0.1065753004898103
13872 0.13776256766498546
13874 0.01155070964142622
13912 0.020835256751512182
13997 0.027560592878155078
14018 0.04512213447071944
14041 0.021976614056027983
14062 0.013394397866831545
14065 0.177025002145464
14090 0.025818956663272625
14211 0.02889968742132754
14212 0.04616917610380989
