11 0.018566476558906777
37 0.055658696151317626
49 0.026498291759226467
50 0.05948378969102983
210 0.03032338529893867
318 0.029117425541257992
406 0.02821828441727976
427 0.05948378969102983
437 0.02516737863253726
451 0.03032338529893867
459 0.04529456201499193
463 0.036862425895552164
494 0.05948378969102983
506 0.041825504745397694
590 0.04640570849780282
637 0.023572339343492506
670 0.0312225264229169
763 0.03493042787866622
817 0.026498291759226467
960 0.02047328406298558
999 0.050839648212757424
1000 0.055658696151317626
1003 0.04529456201499193
1047 0.036862425895552164
1104 0.0356564661378715
1127 0.01820359176475599
1162 0.025292332001545795
1249 0.02389216120660156
1319 0.010978150956499358
1417 0.03875552141837842
1471 0.026498291759226467
1538 0.03425629534292726
1593 0.027881325689438564
1612 0.038245459825764265
1667 0.03929474483155818
1682 0.038245459825764265
1718 0.01774048816576611
1756 0.04047551407643171
1781 0.04529456201499193
1808 0.05109463242242324
1830 0.026078940879364427
1831 0.043401466492165676
1901 0.025044058687728257
1942 0.01862833803592375
1963 0.024873965074398936
1976 0.03332762730457581
2044 0.02893061069523248
2179 0.0356564661378715
2315 0.04766542248320592
2420 0.10588949818883264
2471 0.02970114828902647
2479 0.20405878397562846
2497 0.04911965555470412
2542 0.06607466471167996
2565 0.12868302591091488
2575 0.09838811520858833
2617 0.025809384214295253
2638 0.07906928042568481
2648 0.03375472786628485
2716 0.024223207153653205
2730 0.01933701415270077
2763 0.024111562756672263
2770 0.022578384944644484
2807 0.05948378969102983
2831 0.03332762730457581
2848 0.01618192401072626
2873 0.03076224775026671
2927 0.015226357625950343
2995 0.052554329780416645
3010 0.04146513366063742
3105 0.03248224040832
3132 0.05948378969102983
3168 0.03332762730457581
3172 0.05294474909441632
3208 0.022028685304468183
3232 0.05448299613893625
3249 0.02142540317624105
3250 0.0312225264229169
3279 0.05948378969102983
3316 0.030111379940106014
3318 0.04766542248320592
3332 0.035034383106225725
3397 0.04112638188659241
3398 0.05948378969102983
3406 0.09823931110940824
3407 0.05294474909441632
3421 0.024683485826303392
3422 0.03776156701953041
3606 0.02134228509282506
3617 0.04430060761614391
3633 0.032974153208789755
3648 0.018443957415544797
3713 0.04112638188659241
3758 0.017353120609988056
3823 0.03195800324363077
3841 0.11601114051960168
3871 0.03986666790118931
3928 0.022391570098618974
3974 0.03195800324363077
4005 0.05948378969102983
4023 0.055658696151317626
4219 0.015669342358943673
4222 0.05900506752972722
4243 0.11896757938205967
4262 0.02142540317624105
4383 0.03396206712732286
4420 0.04844641430730641
4428 0.02970114828902647
4452 0.016723964757491508
4489 0.03673724842033347
4492 0.07369888122702158
4533 0.050839648212757424
4577 0.026486420449695226
4589 0.03393647347981821
4628 0.04640570849780282
4789 0.03493042787866622
4835 0.025292332001545795
4841 0.031461370609072
4881 0.017033298746879002
4922 0.015401063386223024
4957 0.025044058687728257
5049 0.025044058687728257
5059 0.08043315936405104
5062 0.030989580230977615
5166 0.03275570423494467
5175 0.05948378969102983
5189 0.09162079430601987
5206 0.17845136907308948
5208 0.02950253376486361
5209 0.05948378969102983
5211 0.029904034419076624
5299 0.029904034419076624
5344 0.03425629534292726
5384 0.038245459825764265
5474 0.050837925294034546
5528 0.022028685304468183
5539 0.043401466492165676
5571 0.021016947975866482
5591 0.11131739230263525
5663 0.0317977750769797
5677 0.31797950111071765
5687 0.02708809889381721
5689 0.010814080013374552
5697 0.049604304126325195
5754 0.07751104283675685
5797 0.05294474909441632
5903 0.021765398222563844
5963 0.03195800324363077
5974 0.024683485826303392
6044 0.0316127963121834
6062 0.02554731621121162
6068 0.024223207153653205
6094 0.04911965555470412
6166 0.03170641922915076
6183 0.027397432883204703
6207 0.04592698633650021
6230 0.019270343617681745
6245 0.03508279223739981
6278 0.015269731685993297
6310 0.013420210565999457
6315 0.07442903967497576
6429 0.022028685304468183
6446 0.02554731621121162
6512 0.04911965555470412
6519 0.018443957415544797
6541 0.036862425895552164
6606 0.012404839945829294
6789 0.02078010269668802
6803 0.05948378969102983
6811 0.03248224040832
6821 0.019539900282750922
6823 0.17032245983236247
6866 0.01802725314572702
6877 0.050839648212757424
6927 0.05948378969102983
6949 0.02893061069523248
6976 0.03776156701953041
6995 0.028747423552170685
6998 0.043401466492165676
7014 0.04911965555470412
7020 0.019677623041717666
7028 0.03929474483155818
7030 0.04047551407643171
7039 0.03032338529893867
7047 0.03776156701953041
7099 0.010787010148485439
7132 0.055658696151317626
7153 0.025809384214295253
7242 0.0280200354011804
7330 0.03604157436147711
7344 0.03303733235583998
7352 0.03929474483155818
7416 0.043401466492165676
7418 0.036288890459379775
7422 0.032653383363714754
7463 0.03986666790118931
7468 0.012182856964235876
7551 0.03393647347981821
7562 0.06986085575733245
7580 0.021628160026749103
7588 0.03170641922915076
7598 0.018323009073741778
7671 0.03071416538757475
7717 0.018690607842477048
7726 0.026498291759226467
7849 0.04047551407643171
7851 0.021016947975866482
7856 0.0293080146787685
7862 0.01608663187281021
7865 0.026840421131998915
7886 0.055658696151317626
7950 0.0345873412899789
8011 0.026498291759226467
8019 0.038245459825764265
8060 0.055658696151317626
8073 0.09533084496641184
8074 0.04515676988928897
8104 0.05243332727666234
8120 0.050839648212757424
8154 0.030111379940106014
8181 0.04640570849780282
8186 0.07649091965152853
8264 0.06569781028654641
8297 0.055658696151317626
8349 0.05243332727666234
8404 0.041825504745397694
8411 0.015669342358943673
8412 0.02159386910730507
8463 0.038943571216410046
8612 0.08365100949079539
8649 0.04640570849780282
8658 0.022516214895653815
8683 0.026498291759226467
8688 0.017033298746879002
8706 0.015534249242207452
8741 0.04640570849780282
8744 0.016604260206492437
8764 0.055658696151317626
8795 0.01618192401072626
8864 0.050839648212757424
8982 0.02516737863253726
9099 0.03605450629145404
9101 0.03604157436147711
9102 0.05033475726507452
9131 0.043401466492165676
9134 0.021178214149700253
9258 0.055658696151317626
9285 0.08680293298433135
9383 0.03334676207216105
9385 0.027241498069468125
9387 0.03076224775026671
9392 0.03076224775026671
9406 0.043401466492165676
9409 0.01933701415270077
9492 0.0345873412899789
9497 0.030808086013844046
9500 0.04553794816430999
9563 0.055658696151317626
9584 0.05417619778763442
9602 0.02950253376486361
9633 0.04529456201499193
9645 0.030539463371986594
9700 0.05948378969102983
9722 0.023062277750878348
9725 0.014720852344190707
9732 0.07992696801153533
9758 0.023062277750878348
9781 0.021509260096751897
9813 0.02893061069523248
9867 0.0280483006933654
9902 0.04571300403510623
9904 0.03730128834688022
9905 0.030194838578625083
9908 0.025292332001545795
9957 0.0267885867079623
9994 0.03493042787866622
10033 0.03362713949043071
10068 0.018144445229689887
10142 0.05948378969102983
10190 0.13434942059171381
10243 0.043401466492165676
10268 0.03032338529893867
10382 0.024223207153653205
10440 0.02970114828902647
10516 0.011315109684340553
10548 0.09296874069293284
10575 0.08312041078675209
10589 0.036862425895552164
10595 0.022578384944644484
10628 0.0189438805424428
10657 0.028955814758505956
10715 0.03776156701953041
10732 0.015992292672235904
10821 0.02950253376486361
10826 0.10588949818883264
10837 0.03493042787866622
10889 0.055658696151317626
10930 0.04580919505797989
10999 0.017310070459725196
11000 0.04207602893683416
11138 0.024566293742340525
11142 0.055658696151317626
11216 0.03875552141837842
11218 0.10656929068204711
11259 0.023263005354105012
11288 0.05948378969102983
11310 0.08219229864961411
11311 0.12329434978322223
11314 0.051618768428590506
11430 0.0624450528458338
11658 0.043401466492165676
11733 0.015624096030286609
11746 0.05948378969102983
11866 0.02893061069523248
11880 0.02621666363833117
12007 0.0280483006933654
12057 0.018085667211252713
12064 0.06142566920031437
12175 0.03449060821142331
12182 0.024683485826303392
12209 0.04640570849780282
12248 0.0345873412899789
12249 0.03986666790118931
12308 0.03493042787866622
12315 0.041825504745397694
12316 0.0267885867079623
12333 0.023062277750878348
12378 0.052554329780416645
12398 0.028567725901081687
12404 0.06986085575733245
12452 0.09823931110940824
12558 0.02621666363833117
12572 0.030989580230977615
12636 0.04529456201499193
12637 0.12774184487427187
12668 0.030540264768673293
12677 0.05948378969102983
12678 0.022963493168250106
12735 0.02960648899242311
12771 0.03929474483155818
12834 0.015639401770415107
12865 0.01169426407913327
12877 0.051730980046366073
12892 0.03076224775026671
12932 0.03170641922915076
13075 0.03493042787866622
13079 0.02705605414055172
13088 0.035708300561908116
13125 0.030540264768673293
13336 0.010084026499185954
13464 0.023263005354105012
13524 0.036862425895552164
13608 0.14080858164576168
13616 0.058011042458102305
13719 0.06851259068585452
13723 0.11814154753199697
13726 0.05299658351845293
13728 0.029904034419076624
13744 0.025809384214295253
13786 0.012764579392222839
13822 0.046468934123564044
13825 0.04911965555470412
13827 0.022578384944644484
13912 0.018144445229689887
13918 0.020398113613941005
13925 0.029117425541257992
13948 0.035368333114079394
13960 0.050839648212757424
13961 0.050839648212757424
13971 0.029904034419076624
13989 0.07402007236445902
13995 0.04640570849780282
14005 0.12547651423619308
14062 0.011664551168142485
14076 0.028567725901081687
14103 0.04911965555470412
14163 0.015248752559255221
14189 0.04693619388192056
