336 0.08525883274338446
371 0.18100684096743117
396 0.18100684096743117
604 0.11036431470577093
636 0.08027280734958017
670 0.10153832672382043
703 0.08308205765395003
762 0.09348908046614311
1008 0.08350523207818035
1111 0.08104954907385332
1244 0.11851599731685462
1593 0.09067245612992834
1808 0.08308205765395003
1901 0.08144542113858567
1919 0.08027280734958017
2046 0.08144542113858567
2179 0.11595787795912124
2638 0.08571335452841204
2903 0.14406936547230098
2940 0.0653775929529634
2995 0.04272779399490393
3249 0.06967724387293518
3332 0.0569674053633983
3397 0.1337465118743362
3590 0.09290468833334041
3841 0.32338127369391806
4489 0.03982422479751706
4808 0.05405963614419093
4814 0.11987976224973015
5344 0.11140440276238485
5474 0.08266464088373739
5571 0.06834891262177689
5697 0.08065872010263825
6171 0.15501203124857646
6183 0.08909879533153066
6230 0.1253376116864318
6315 0.04034160062242143
6606 0.04034160062242143
6624 0.21871666822327898
6629 0.07436131732013374
6976 0.12280384609806072
7020 0.06399331336914418
7030 0.1316298340800112
7418 0.05900728797533992
7463 0.12964981423700017
7865 0.04364367273471959
8104 0.08525883274338446
8264 0.05341372472198961
8349 0.08525883274338446
8412 0.0702251094914476
8744 0.035998983020940116
9827 0.03736064991936052
9902 0.021237514206304646
10190 0.21845790405328397
10569 0.08393432521745614
10575 0.2703146860559185
10715 0.12280384609806072
10792 0.12603627082666086
10821 0.09594476347047011
11218 0.34657244930881465
11311 0.20048188608947692
11356 0.05405963614419093
11930 0.08225282719259121
12028 0.11595787795912124
12182 0.08027280734958017
12822 0.11851599731685462
13666 0.08809281473739924
13971 0.09725047794261438
14163 0.024795123855766762
14189 0.07632025872923891
