10 0.02362356151385405
49 0.027026211677238128
108 0.022837672660928458
175 0.026189006489934927
194 0.01680191794875872
239 0.05399955624406362
318 0.029697525913165896
322 0.046841980068231835
348 0.050098256166729284
358 0.060668872777216956
370 0.0367596231004226
395 0.056767572699882626
482 0.0251752497457314
483 0.02219902569370625
521 0.04066092317775693
556 0.023420990034115918
583 0.03598946898508128
588 0.05185251587834478
636 0.0503504994914628
673 0.04733023971091027
876 0.050098256166729284
896 0.032338099580170684
960 0.02088116901429371
1008 0.026189006489934927
1044 0.04426614482087914
1052 0.04265878551823462
1162 0.02579622583583157
1173 0.05399955624406362
1318 0.020578095458080658
1350 0.03208816890774695
1440 0.03562633947890728
1458 0.01665196494144728
1471 0.027026211677238128
1524 0.0609996124698849
1538 0.06987755268364251
1593 0.028436799502836355
1625 0.03285832302308827
1667 0.040077605804569476
1682 0.07801483222664805
1694 0.060668872777216956
1808 0.15633774025507924
1858 0.060668872777216956
1874 0.060668872777216956
1901 0.07662901867431285
1910 0.039527639556241605
2042 0.05399955624406362
2044 0.029506989194081804
2046 0.051086012449541904
2058 0.028780471388853618
2244 0.03208816890774695
2320 0.05185251587834478
2479 0.23124911599903794
2558 0.014725663534691324
2564 0.029697525913165896
2565 0.03749907168288052
2574 0.0609996124698849
2575 0.10034828102554723
2594 0.03598946898508128
2606 0.04861505071426211
2638 0.0806445611426025
2656 0.056767572699882626
2667 0.12036122626907703
2693 0.020284277517215833
2764 0.040077605804569476
2786 0.04342893963357594
2827 0.039527639556241605
2831 0.033991606644603586
2849 0.05399955624406362
2879 0.07801483222664805
2929 0.02592537931713648
2940 0.02050379555305575
2995 0.09380237770369274
3010 0.028194156557209266
3015 0.03369552821039147
3044 0.02237721208025769
3105 0.03312937728223658
3130 0.013651201290139215
3188 0.033991606644603586
3249 0.06555677099181023
3250 0.03184456627888474
3258 0.041945734181108765
3332 0.03573236578469736
3384 0.04066092317775693
3421 0.0251752497457314
3432 0.009428549976141126
3481 0.024479395535414988
3544 0.022558760671748907
3548 0.0375968282877258
3606 0.021767482969683012
3633 0.00840777258960605
3636 0.03851388281203809
3693 0.028780471388853618
3746 0.024937662615588743
3756 0.04530167183754918
3758 0.01769884319818024
3841 0.06761280353119635
3908 0.04303510459451854
3974 0.03259469585028982
4154 0.06681657854283227
4158 0.060668872777216956
4202 0.03208816890774695
4241 0.029506989194081804
4385 0.04733023971091027
4428 0.060585756094014794
4444 0.032338099580170684
4452 0.017057152805378808
4489 0.09991775180768085
4492 0.025055722868419606
4501 0.056767572699882626
4577 0.013507051929046467
4591 0.03598946898508128
4606 0.03851388281203809
4627 0.04619695608939496
4775 0.04518319934519143
4789 0.03562633947890728
4814 0.0375968282877258
4815 0.09087863414102218
4881 0.017372649591062737
4899 0.02160014327551457
4946 0.04733023971091027
4956 0.03369552821039147
4960 0.04733023971091027
4964 0.029697525913165896
4985 0.019859717915511017
4990 0.021354467208461278
4998 0.03208816890774695
5002 0.025055722868419606
5026 0.039527639556241605
5049 0.07662901867431285
5062 0.03160697914874208
5189 0.15574356034284165
5202 0.060668872777216956
5247 0.010544291587531287
5330 0.04733023971091027
5455 0.024149473274932283
5571 0.021435664229468434
5612 0.04265878551823462
5663 0.016215637745713062
5668 0.07433824553619157
5677 0.3513407518040957
5689 0.011029526665026896
5697 0.151777680871074
5746 0.023222595585000574
5754 0.039527639556241605
5759 0.03369552821039147
5903 0.02219902569370625
5933 0.10370503175668956
5938 0.018936372583594128
6008 0.050098256166729284
6095 0.056767572699882626
6101 0.056767572699882626
6102 0.018268346082435397
6154 0.019929189624454776
6183 0.027943266201550413
6207 0.07026297010234775
6210 0.02168344933607026
6230 0.03930852527678447
6278 0.015573947352911628
6315 0.025303957949025797
6541 0.0375968282877258
6606 0.012651978974512899
6624 0.03429708594901982
6629 0.02332128147460062
6746 0.039527639556241605
6823 0.13028681890072782
6866 0.03677281267053253
6880 0.05653891961733583
7020 0.020069656205109445
7025 0.021435664229468434
7039 0.03092751175457246
7099 0.022003834985775978
7201 0.008949073346293909
7401 0.021767482969683012
7418 0.018505933212578055
7463 0.04066092317775693
7466 0.017372649591062737
7486 0.042708934416922556
7491 0.014367046005101063
7497 0.026881520380867503
7502 0.03851388281203809
7562 0.07125267895781456
7580 0.011029526665026896
7651 0.029697525913165896
7652 0.03851388281203809
7714 0.0251752497457314
7732 0.029697525913165896
7862 0.03281424494218534
7864 0.060668872777216956
7865 0.013687578610931441
7933 0.04861505071426211
7957 0.050098256166729284
8044 0.03429708594901982
8088 0.041945734181108765
8104 0.026738972738262787
8115 0.01655327905184723
8173 0.03312937728223658
8176 0.041945734181108765
8186 0.11702224833997207
8207 0.07702776562407618
8264 0.05025502050288771
8349 0.08021691821478837
8401 0.02202407923980215
8412 0.02202407923980215
8570 0.05399955624406362
8612 0.12797635655470385
8658 0.02296480073015417
8689 0.026881520380867503
8706 0.01584373483700861
8744 0.039515147946577706
8839 0.039527639556241605
8875 0.025296280145178998
8892 0.05185251587834478
8931 0.019386973509359865
8939 0.03716912276809579
8976 0.026738972738262787
8981 0.02185225699727008
9009 0.04518319934519143
9102 0.025668783047017345
9125 0.050098256166729284
9131 0.08853228964175829
9174 0.030292878047007397
9383 0.05101668394523495
9457 0.023222595585000574
9492 0.03527641764795542
9497 0.0078554672650813
9500 0.023222595585000574
9584 0.027627769415866484
9645 0.015573947352911628
9652 0.014289136349559795
9654 0.020804500960133417
9732 0.10869244834483636
9757 0.029891912118153913
9758 0.047043485362597
9773 0.04426614482087914
9779 0.03598946898508128
9783 0.04417699060407397
9813 0.029506989194081804
9863 0.05185251587834478
9867 0.028607101114802084
9902 0.0532842681625769
9905 0.030796404024867583
9917 0.0375968282877258
10003 0.04530167183754918
10025 0.03527641764795542
10033 0.03429708594901982
10035 0.056767572699882626
10190 0.045675345321856915
10209 0.026056290042513204
10234 0.02425819522141912
10243 0.04426614482087914
10268 0.03092751175457246
10324 0.02810498076262178
10362 0.01951968995678158
10422 0.033991606644603586
10453 0.041945734181108765
10516 0.0115405382452126
10529 0.040077605804569476
10548 0.03160697914874208
10561 0.030711282657369422
10575 0.16955280265110392
10598 0.024591932372543944
10628 0.03864259101533248
10657 0.01476634769631509
10715 0.03851388281203809
10760 0.05399955624406362
10821 0.030090306567269257
10827 0.029891912118153913
10913 0.04426614482087914
10930 0.015573947352911628
10980 0.03716912276809579
10992 0.028607101114802084
11000 0.019506500386671656
11047 0.02747381749328676
11118 0.026738972738262787
11150 0.028780471388853618
11218 0.05434622417241818
11255 0.011988144061261228
11310 0.027943266201550413
11311 0.12575071729627882
11369 0.03340828927141613
11393 0.04619695608939496
11509 0.03900741611332403
11796 0.03340828927141613
11842 0.02168344933607026
11866 0.029506989194081804
11876 0.041916905765426275
11910 0.021937784581648738
11941 0.03900741611332403
11952 0.04342893963357594
12056 0.060668872777216956
12064 0.043854607961736576
12078 0.02111490819801896
12151 0.0412818992678571
12318 0.03184456627888474
12333 0.0235217426812985
12401 0.03312937728223658
12424 0.039527639556241605
12452 0.050098256166729284
12565 0.03092751175457246
12572 0.03160697914874208
12611 0.01786618289234868
12636 0.04619695608939496
12637 0.08685787926715188
12678 0.11710495017057958
12764 0.018688054546703955
12768 0.022558760671748907
12794 0.039527639556241605
12818 0.0375968282877258
12823 0.04342893963357594
12834 0.03987745574254237
12877 0.013190401382357678
12927 0.05399955624406362
12948 0.021937784581648738
13076 0.060668872777216956
13088 0.036419709556731884
13112 0.017372649591062737
13145 0.04426614482087914
13264 0.060668872777216956
13336 0.020569856895094725
13428 0.03461258273470375
13464 0.02372646933853215
13504 0.04342893963357594
13608 0.09574258768850571
13616 0.019722261436519718
13666 0.027627769415866484
13723 0.17213608120684634
13726 0.13513105838619063
13744 0.026323579171545576
13822 0.03159648331171612
13832 0.021767482969683012
13842 0.028269459808667914
13861 0.0412818992678571
13918 0.041609001920266835
13929 0.05399955624406362
13971 0.03049980623494245
13973 0.04176233802858742
13987 0.033991606644603586
13989 0.09436844845808803
14005 0.12797635655470385
14040 0.02237721208025769
14108 0.060668872777216956
14163 0.023328825395136824
14189 0.04787129384425286
