336 0.08596419893322704
371 0.18250435273999935
396 0.18250435273999935
604 0.11127738439783327
670 0.10237837696072367
703 0.08376941487625726
1008 0.08419609032110507
1111 0.08172009087907316
1244 0.1194965077786199
1593 0.09142261048750133
1808 0.08376941487625726
1901 0.08211923808564102
1919 0.08093692298952289
2179 0.11691722450336073
2638 0.0864224810828924
2903 0.14526128490312526
2940 0.06591847701339983
2995 0.043081290990825485
3249 0.07025369994731417
3332 0.05743870998220939
3397 0.13485302793196846
3442 0.08832668089258533
3590 0.09367331046807503
3841 0.3260566823237603
4489 0.04015369988889449
4808 0.05450688411069869
4814 0.12087155545656232
5344 0.11232607734529532
5474 0.08334854471984043
5571 0.06891437910219442
5697 0.08132602848871033
6171 0.15629448190316925
6183 0.0898359304266325
6230 0.12637455895341262
6315 0.040675356084554436
6606 0.040675356084554436
6624 0.2205261621836768
6629 0.0749765258255991
6976 0.12381983093192446
7020 0.06452274496202626
7030 0.13271883836903406
7418 0.05949546901832212
7463 0.1307224373604882
7865 0.0440047470088688
8104 0.08596419893322704
8264 0.05385562891279468
8349 0.08596419893322704
8412 0.07080609818574925
8744 0.036296810995762575
9827 0.037669743281721936
9902 0.02141321710998522
10190 0.22026525719740758
10569 0.08462873344790708
10575 0.27255106244093946
10715 0.12381983093192446
10792 0.12707899826350663
10821 0.09673853685519623
11218 0.3494397239384024
11311 0.2021405194483105
11356 0.05450688411069869
11371 0.06568143769784122
11930 0.08293332399806877
12028 0.11691722450336073
12822 0.1194965077786199
13666 0.08882162712063761
13971 0.09805505380741913
14163 0.025000259693052484
14189 0.07695167401344383
