79 0.11691011219331911
1655 0.14344404743536893
2182 0.11095712216567406
3147 0.1544029970615956
3321 0.09828276165342463
3666 0.14868613262187802
3756 0.14868613262187802
4150 0.1755217538545133
4452 0.11196770367622699
4682 0.3288583250191198
5689 0.07240075687950369
5925 0.24398804252319803
6907 0.3032491500298881
7316 0.18778464713336945
7865 0.08984891930325876
8097 0.11691011219331911
8157 0.22118644072211982
8673 0.09828276165342463
8923 0.1962184894835353
8997 0.049891320542722085
9652 0.09379770485917176
10386 0.26821679916696145
10950 0.24615391526529246
10999 0.03863056932479518
11034 0.2753429947459435
11634 0.16447245243885047
12288 0.1793508047832036
12359 0.23624448023445208
12892 0.20595464595042468
13596 0.1866667418978515
