663 0.06722729815044315
673 0.08363599594879058
811 0.056702141826545524
928 0.07822151612839195
968 0.03425820041884059
1095 0.1161261209758707
1107 0.02824051386080821
1117 0.10233835571391972
1417 0.06984823068683961
1593 0.05024990497708279
1808 0.046043370617744855
1969 0.08163340088574389
2315 0.08590635098032288
2344 0.07822151612839195
2397 0.0916271887576383
2471 0.05352973154354622
2638 0.04750161299422514
2804 0.06568055898808318
2903 0.07984201855873402
2995 0.023679380484054255
3088 0.10031245371562364
3261 0.08363599594879058
3269 0.08590635098032288
3332 0.06314170429440606
3397 0.07412118078141862
3414 0.10720633634659912
3815 0.06359602445752101
3841 0.26882273241615273
4197 0.057143787608058265
4212 0.10031245371562364
4311 0.055442127951538876
4428 0.05352973154354622
5096 0.10031245371562364
5189 0.05504205286702365
5593 0.0916271887576383
5681 0.08163340088574389
5685 0.03559003026799902
5715 0.07538119465642529
5962 0.03425820041884059
5974 0.08897301592404243
6183 0.049377795529949996
6230 0.03473051986301518
6315 0.022356972386358392
6317 0.10720633634659912
6446 0.046043370617744855
6472 0.10720633634659912
6563 0.03521633595929916
6624 0.0606054598288105
6634 0.08852728351671936
6730 0.07082006127967132
6866 0.06498025005416022
6976 0.06805684835982975
7020 0.03546455068295852
7030 0.07294813592775853
7099 0.01944119304031328
7201 0.01581366726024706
7533 0.038023088996665774
7613 0.10720633634659912
7671 0.027677735079158543
7763 0.1908423322953897
7805 0.08163340088574389
7891 0.028654218129702137
8042 0.05627167816092547
8104 0.04724972088186279
8186 0.06892895780696254
8264 0.029601432522198032
8299 0.07538119465642529
8349 0.04724972088186279
8412 0.038918159158431796
8424 0.07984201855873402
8741 0.08363599594879058
8744 0.01995033059964477
8795 0.029164328588342052
8820 0.10031245371562364
9094 0.04773589769744726
9409 0.03485067871366647
9497 0.013881185313471996
9553 0.12590869611172825
9594 0.09819351523465684
9732 0.09603375373712035
9783 0.026021324701780393
9897 0.07822151612839195
9902 0.02353929994544414
9906 0.07490305142256107
9957 0.04828048535207778
9994 0.06295434805586413
10190 0.12106751475266189
10575 0.22470915426768318
10636 0.13969646137367922
10645 0.08312928003819488
10708 0.10495540154173782
10792 0.06984823068683961
10797 0.042110218590274646
10817 0.06359602445752101
10821 0.053171772920006556
10856 0.051486989102690985
10879 0.07294813592775853
10999 0.010399187439848431
11000 0.01378776526195097
11037 0.2748815662729148
11218 0.24008438434280088
11311 0.2592458360170138
11675 0.08363599594879058
11773 0.10720633634659912
11928 0.08590635098032288
11930 0.04558381813989343
11967 0.059034891080767045
12050 0.05954246329851221
12064 0.022141228683675778
12648 0.03876567018470583
12650 0.10720633634659912
12695 0.03787838679046862
12822 0.26272223595233274
12900 0.03986298036257804
12956 0.053171772920006556
13057 0.09603375373712035
13145 0.07822151612839195
13666 0.04882028962990625
13723 0.03041770478744867
13822 0.027916648704882453
13874 0.01812906180580452
13925 0.05247770077086891
13989 0.033351190364307205
14163 0.013741247020615618
14177 0.10720633634659912
14189 0.04229603909124479
14204 0.06984823068683961
