365 0.08260866465608752
387 0.09656115058124845
647 0.08463518446550601
703 0.04659344486113992
736 0.06370645557776465
916 0.06025380947081404
917 0.04017613144220222
1027 0.03862503384243637
1047 0.0672300524333945
1083 0.06247696607392121
1162 0.04612840216877633
1230 0.04397490368580846
1567 0.030970174890088818
1617 0.1300612224941984
1718 0.03235527561202587
1871 0.03235527561202587
2046 0.045675598873815226
2180 0.08693266313741159
2194 0.05875673242460268
2331 0.07270921834976361
2352 0.0370662660446805
2359 0.1017004682939045
2376 0.10848711669699088
2575 0.07177648224279645
2599 0.06247696607392121
2638 0.09613821734452505
2659 0.03215044542893708
2716 0.08835704365520773
2738 0.0650306112470992
2744 0.05085023414695225
2889 0.059241427354594554
2969 0.05085023414695225
2995 0.07188682501696742
3026 0.14541843669952723
3128 0.06803045405908871
3130 0.024410861775127603
3176 0.07166613946862549
3278 0.06886991479843141
3296 0.08958490761866797
3297 0.040503865773607914
3321 0.026773389795492344
3391 0.06370645557776465
3454 0.09613821734452505
3455 0.06886991479843141
3633 0.015034645681316954
3656 0.06975244322527513
3734 0.028331515511925094
3908 0.038477345964189426
4188 0.04224327826500275
4190 0.05530408631765208
4202 0.1721386651275369
4212 0.10151087373441041
4489 0.11166958755218868
4577 0.024153096172392714
4814 0.0672300524333945
4887 0.07939189178068932
4892 0.06573297538718313
5026 0.1413653970806902
5185 0.057826477109532703
5279 0.0418810431556983
5542 0.10848711669699088
5644 0.05828531849270211
5663 0.02899654639859952
5677 0.04832784335507162
5732 0.10151087373441041
5767 0.06886991479843141
5829 0.059740173352883064
6182 0.12050761894162808
6183 0.2998062343206511
6315 0.06787220480407379
6446 0.04659344486113992
6519 0.03363826970150625
6606 0.022624068268024596
6688 0.08463518446550601
6733 0.07270921834976361
6819 0.06370645557776465
6935 0.06646523620233584
7046 0.057826477109532703
7099 0.0196734544801008
7162 0.1993957086070075
7242 0.025551607137096023
7540 0.04206120744245809
7562 0.06370645557776465
7580 0.019722824764113484
7619 0.10848711669699088
7633 0.027928557230537374
7693 0.05522570106967008
7718 0.03627202354995344
7849 0.07381963795159337
8029 0.08260866465608752
8074 0.04117867901561437
8104 0.0956284144742813
8264 0.05991015407991175
8412 0.07876621882875846
8706 0.028331515511925094
8744 0.020188674640553267
8931 0.0346674787453975
8970 0.05416924438074518
9028 0.04523440720890374
9094 0.024153096172392714
9101 0.06573297538718313
9383 0.03040907520502913
9387 0.056104487943346285
9402 0.04438457856796803
9497 0.01404702205405571
9827 0.041904628535913827
9902 0.011910260471408599
9906 0.037898954285540555
9957 0.048857286118278755
10156 0.05617721969354922
10180 0.05491742887327049
10181 0.10848711669699088
10190 0.04083796427456019
10234 0.04337812020190966
10327 0.04612840216877633
10567 0.01724093347819721
10583 0.04545358892676988
10821 0.05380700927144071
10930 0.05569817161800318
10999 0.021046850396851707
11037 0.09272184702991625
11232 0.032772399851571106
11311 0.33729815927554607
11356 0.06063462429852067
11411 0.06247696607392121
11455 0.09656115058124845
11461 0.15001339404333833
11574 0.06435579800509277
11835 0.06646523620233584
11861 0.05178048946202222
11929 0.05055099995817879
11943 0.08958490761866797
11960 0.07381963795159337
12057 0.03298481652701415
12064 0.04481149420599327
12202 0.08079588091417382
12245 0.0424272964060004
12465 0.06189367183585094
12558 0.04781420723714065
12595 0.09656115058124845
12614 0.07939189178068932
12648 0.03922879867444191
12695 0.03833091501929387
12733 0.09675766713558433
12735 0.1619898114928044
12802 0.09656115058124845
12834 0.042784940580055414
12900 0.04033921827627168
13020 0.07270921834976361
13112 0.031065496641785637
13608 0.042801344445513485
13723 0.061562202410534
13770 0.0956284144742813
13822 0.0565003306529196
13901 0.07628176412083518
13925 0.053104645131356785
13940 0.08958490761866797
13948 0.09675766713558433
14039 0.09880707873716174
14040 0.040014575962517035
14062 0.02127392236387934
14163 0.04171623580908784
14196 0.08958490761866797
