11 0.03403259325643537
175 0.04706708223697912
599 0.059053228784806906
741 0.07202777886934611
787 0.10903456094554544
960 0.03752779623685772
1117 0.05204178252617931
1127 0.03336742070422301
1162 0.04636117384924085
1255 0.036325526936524584
1460 0.16836952779111572
1471 0.09714342757182869
1524 0.05481448442206758
1593 0.05110683298623336
1604 0.029661677390231705
1790 0.09003696813909005
1808 0.04682856322529388
1953 0.09704841439771765
2214 0.07103937533263467
2232 0.08302552188046249
2479 0.0831205350545735
2565 0.03369680883822061
2575 0.03606933922586278
2638 0.19324669393740945
2897 0.07103937533263467
2917 0.08302552188046249
2938 0.18637947414906944
3010 0.05067075323343929
3250 0.057231297431051376
3348 0.06837374717936975
3443 0.06039307020960362
3481 0.04399455638837331
3814 0.05954036956698664
3841 0.24302849253167202
3852 0.04209238194777893
4384 0.030378561566459003
4489 0.022446618216853696
4730 0.10202311468691784
4842 0.3572422174019198
4855 0.10202311468691784
4928 0.03131859485013815
4957 0.04590608563264941
5053 0.17041291208523707
5299 0.05481448442206758
5350 0.04780303816343998
5474 0.046593289471042174
5571 0.0385243392673339
5677 0.14571514135774302
5687 0.09930567588508132
5697 0.045462667640346996
5730 0.05372197247827704
6081 0.05110683298623336
6154 0.035816891615612204
6310 0.024599420690258778
6683 0.09704841439771765
6949 0.05303018606289075
7020 0.03606933922586278
7025 0.0385243392673339
7064 0.09820765641281304
7201 0.016083342882695965
7336 0.10903456094554544
7418 0.0332590043353958
7453 0.09365712645058775
7491 0.0516411293482584
7598 0.033586314186332934
7671 0.0281497325173626
7674 0.04883572432149306
7726 0.14571514135774302
8104 0.04805548577369056
8306 0.042641391683913066
8349 0.14416645732107167
8744 0.010145275045208433
8840 0.1483842885361587
8981 0.039273042967452744
9094 0.04854995352098652
9126 0.07317113447617311
9269 0.07202777886934611
9270 0.06339904689016956
9497 0.014117905691366218
9500 0.04173582593044927
9524 0.08302552188046249
9645 0.027989616982820348
9654 0.0373900078250866
9695 0.10161217762276824
9732 0.19534289728597223
9867 0.051412900342341784
9902 0.01197036165016949
10190 0.04104403951506296
10290 0.07307612130206209
10422 0.06108997475423431
10516 0.020740743367075844
10575 0.19045099393510892
10582 0.10221366597246671
10616 0.0428283378742398
10645 0.04227345537385023
10732 0.029314080677896984
10827 0.05372197247827704
10924 0.05932335478046341
10930 0.027989616982820348
11000 0.021034338775882774
11218 0.04883572432149306
11246 0.03347652109251922
11259 0.08528278336782613
11310 0.15065955351727134
11311 0.15066676557885147
11356 0.030470298408579052
11512 0.07202777886934611
12007 0.15423870102702536
12023 0.03449069565364868
12041 0.03752779623685772
12064 0.11259405136812556
12173 0.04831167348435236
12316 0.04910382820640652
12678 0.04209238194777893
13116 0.06339904689016956
13184 0.06535876665569623
13301 0.09318973707453472
13461 0.08302552188046249
13608 0.04301732723278347
13723 0.24749142257772097
13726 0.09714342757182869
13971 0.05481448442206758
13982 0.035080935689151334
13987 0.06108997475423431
13989 0.03391993908482163
