274 0.05277808689645179
320 0.09798283486964057
322 0.023839056336661595
326 0.02286860566674944
356 0.05277808689645179
359 0.05277808689645179
379 0.05277808689645179
383 0.05277808689645179
394 0.04948283275381626
410 0.05277808689645179
604 0.03523041974605024
667 0.03783259419701017
670 0.03241299400380123
703 0.026521396633663447
811 0.03266094495654686
855 0.035562435931762545
916 0.03429699573463885
938 0.04817508778461332
1002 0.02165369115094988
1095 0.03344484637646079
1107 0.016266790619197478
1244 0.11349778259103051
1365 0.050992513526862335
1390 0.04420414922931215
1417 0.04023321067401098
1460 0.023839056336661595
1519 0.03482883931892715
1593 0.02894439835357095
1625 0.03344484637646079
1763 0.050992513526862335
1808 0.053042793267326895
1831 0.0450562985874902
1901 0.025998950664042578
1903 0.04702157497156117
2091 0.0450562985874902
2093 0.0450562985874902
2095 0.02877407163421236
2179 0.037015993115639696
2287 0.04948283275381626
2352 0.02109844306274401
2542 0.03429699573463885
2560 0.03663188351184803
2565 0.01908421636144649
2575 0.020427900965506476
2608 0.0286066566257442
2638 0.02736135739100523
2644 0.04702157497156117
2653 0.050992513526862335
2667 0.03062742063421178
2693 0.020646353282974685
2770 0.023439264520539325
2776 0.01980034215095046
2797 0.037015993115639696
2989 0.03783259419701017
2995 0.013639536667956293
3010 0.05739484842894598
3015 0.03429699573463885
3044 0.022776646873665093
3051 0.10555617379290358
3089 0.039703701206422304
3151 0.025624629706251047
3176 0.040792993858157024
3177 0.03783259419701017
3181 0.03217116592684605
3208 0.02286860566674944
3261 0.04817508778461332
3297 0.023055154916747662
3316 0.06251896238149815
3332 0.09092547750359796
3397 0.08538893691253213
3421 0.025624629706251047
3633 0.025673555746896115
3668 0.03920135830135142
3734 0.03225309321360065
3786 0.13907682446952296
3789 0.021491810779253953
3815 0.07326376702369607
3823 0.03317651344027566
3841 0.3613034081005059
3984 0.02471766648483297
4135 0.04817508778461332
4197 0.03291533690887212
4262 0.02224232130590175
4385 0.09635017556922663
4399 0.03372073897300416
4400 0.04342024780939821
4402 0.03663188351184803
4489 0.07627596797486706
4589 0.03523041974605024
4672 0.05277808689645179
4702 0.02780999489196276
4754 0.05277808689645179
4808 0.034513758867729505
4841 0.03266094495654686
4850 0.11617058970289469
4928 0.01773731284544041
4985 0.020214215262824003
4997 0.05472271478201046
4998 0.03266094495654686
5059 0.01669999074937264
5062 0.03217116592684605
5119 0.05277808689645179
5165 0.05277808689645179
5189 0.03170471874738924
5223 0.015851943397331134
5299 0.06208845979891998
5344 0.07112487186352509
5474 0.052776298285450954
5528 0.04573721133349888
5571 0.021818292328194017
5687 0.05624185404645715
5697 0.025747820506754237
5798 0.016999816394789584
5903 0.02259527984770938
5948 0.050992513526862335
6044 0.049227216438101885
6062 0.026521396633663447
6081 0.0578887967071419
6102 0.07437774932698273
6109 0.012233273323768976
6182 0.03429699573463885
6183 0.02844205544850006
6230 0.020005092594706016
6307 0.045989722598901606
6310 0.04179570852596486
6315 0.09014472375976965
6412 0.025872580658996672
6563 0.02028492704660863
6567 0.03291533690887212
6624 0.0698185826415575
6629 0.047475135944835614
6811 0.03372073897300416
6976 0.03920135830135142
7006 0.023149779222982825
7020 0.020427900965506476
7030 0.04201878404360043
7064 0.02780999489196276
7166 0.04948283275381626
7170 0.02796422704811354
7344 0.03429699573463885
7380 0.06340943749477848
7418 0.037672530817401725
7438 0.04948283275381626
7453 0.026521396633663447
7463 0.04138672348706313
7486 0.02173564593470941
7491 0.029246997552889023
7545 0.05277808689645179
7549 0.050992513526862335
7598 0.019021637621319164
7671 0.015942624966577154
7714 0.025624629706251047
7717 0.038806504747222914
7726 0.05501726287417732
7729 0.05277808689645179
7751 0.029473907821159624
7805 0.04702157497156117
7862 0.01669999074937264
7948 0.03663188351184803
7992 0.04702157497156117
8020 0.03170471874738924
8029 0.04702157497156117
8104 0.027216265263056663
8264 0.03410138407822282
8349 0.027216265263056663
8412 0.02241721058742431
8513 0.050992513526862335
8703 0.09896566550763251
8706 0.016126546606800324
8737 0.02538280162929587
8744 0.022983140621854272
8875 0.025747820506754237
8880 0.05277808689645179
8996 0.010759302852851356
8997 0.0077361089688085805
9026 0.042694468456266066
9037 0.05277808689645179
9094 0.041244461238793266
9126 0.02072026713953847
9204 0.01790284139728946
9270 0.03590610415871588
9383 0.06923644707353342
9426 0.0291177398611657
9500 0.023637120532818447
9594 0.02828017507680414
9597 0.0450562985874902
9676 0.027073291344158812
9687 0.050992513526862335
9725 0.015282136118647897
9732 0.055316308057172255
9821 0.06482598800760246
9867 0.0291177398611657
9930 0.04138672348706313
10003 0.023055154916747662
10068 0.018836265408700863
10190 0.1394719602465329
10327 0.026256690262788342
10358 0.04948283275381626
10382 0.025146801305864525
10422 0.03459835918951295
10432 0.02844205544850006
10453 0.042694468456266066
10548 0.1286846637073842
10569 0.0267934568922562
10575 0.3451586639634644
10637 0.04817508778461332
10645 0.11970803712805109
10657 0.015029928030643831
10715 0.03920135830135142
10762 0.03193516560341471
10781 0.05277808689645179
10783 0.050992513526862335
10792 0.12069963202203292
10821 0.03062742063421178
10837 0.03626227211870981
10879 0.1260563521308013
10930 0.047555830191993394
10942 0.042694468456266066
11000 0.003970938555301171
11169 0.03291533690887212
11218 0.3595560023716196
11310 0.11376822179400024
11311 0.12799537635407032
11317 0.02109844306274401
11356 0.034513758867729505
11371 0.02079474308405879
11437 0.04201878404360043
11511 0.0482999769358548
11820 0.04138672348706313
11866 0.030033691005305674
11978 0.035562435931762545
12007 0.0582354797223314
12064 0.012753547361932306
12103 0.04138672348706313
12314 0.0387235299009649
12318 0.03241299400380123
12387 0.02286860566674944
12448 0.03241299400380123
12457 0.0387235299009649
12529 0.04138672348706313
12565 0.03147956999238983
12611 0.018185095500719593
12648 0.04465875112723103
12668 0.03170471874738924
12752 0.039703701206422304
12834 0.008117854220717884
12843 0.03741578493176197
12885 0.03170471874738924
12903 0.015851943397331134
13088 0.03706980390765351
13112 0.017682752595648703
13116 0.03590610415871588
13117 0.04817508778461332
13125 0.03170471874738924
13255 0.04201878404360043
13300 0.042694468456266066
13349 0.03459835918951295
13428 0.03523041974605024
13487 0.03241299400380123
13504 0.04420414922931215
13506 0.1241601704611894
13558 0.045989722598901606
13616 0.040148610352227526
13666 0.05624185404645715
13723 0.10512523334371669
13728 0.03104422989945999
13738 0.03344484637646079
13822 0.016080241369199257
13827 0.023439264520539325
13853 0.045989722598901606
13872 0.01779217875648923
13918 0.021175862750563355
13982 0.019868117781360425
13989 0.05763175909947717
14041 0.05960435334408126
14163 0.015830164368307167
14189 0.024362899885950594
