274 0.034975241842772405
320 0.04328783083441022
322 0.01579778293809792
326 0.015154679921816742
356 0.034975241842772405
359 0.034975241842772405
368 0.06095339049838643
379 0.034975241842772405
383 0.034975241842772405
394 0.03279152664297376
410 0.034975241842772405
604 0.023346667590623305
647 0.031924903783826196
667 0.025071089336299077
670 0.021479602062034843
703 0.017575329380361264
811 0.02164391541720511
855 0.023566689707260193
916 0.022728101582252906
928 0.029858129240822814
938 0.031924903783826196
1002 0.02869914880692987
1029 0.02164391541720511
1095 0.02216339506026557
1107 0.010779756701458271
1162 0.01739991246241114
1244 0.1002843573451963
1365 0.03379196931241466
1390 0.029293422718835477
1417 0.026661941653844754
1458 0.011231981536844139
1460 0.01579778293809792
1471 0.018229554988673718
1519 0.02308054630082532
1593 0.038362032121241806
1625 0.02216339506026557
1670 0.03379196931241466
1763 0.03379196931241466
1808 0.03515065876072253
1831 0.029858129240822814
1901 0.01722911231923281
1903 0.03116048824742395
1910 0.026661941653844754
1920 0.022927810596667823
2006 0.015865741997399454
2044 0.01990287386510563
2091 0.029858129240822814
2093 0.029858129240822814
2095 0.019068143113681005
2179 0.024529940120981048
2287 0.03279152664297376
2352 0.013981619873285804
2455 0.031924903783826196
2471 0.020432966807116395
2542 0.022728101582252906
2560 0.024275396482195833
2565 0.01264682223004674
2575 0.013537261742937975
2608 0.03791439942722953
2638 0.01813195870048242
2644 0.09348146474227184
2653 0.03379196931241466
2667 0.04059265906335421
2693 0.013682026797600812
2776 0.013121387985468835
2797 0.024529940120981048
2831 0.022927810596667823
2873 0.021162952390824667
2965 0.011435873619958022
2995 0.02711614544807637
3010 0.03803470005023253
3015 0.022728101582252906
3044 0.015093740217162331
3051 0.06995048368554481
3089 0.02631104371919081
3130 0.009207924793604574
3149 0.027426357190247014
3151 0.016981055468455655
3176 0.02703290152367554
3177 0.025071089336299077
3181 0.021319346244265732
3208 0.030309359843633484
3258 0.05658596009878914
3261 0.031924903783826196
3269 0.03279152664297376
3297 0.01527830329503746
3316 0.06214555957689777
3332 0.06025494201025497
3348 0.025661498984403855
3397 0.05658596009878914
3421 0.016981055468455655
3432 0.006359687858075992
3633 0.017013478017369334
3636 0.025978148655614028
3666 0.01527830329503746
3668 0.025978148655614028
3687 0.029293422718835477
3708 0.030476695249193216
3710 0.03642345037740538
3734 0.02137363822103605
3746 0.016820799650686547
3786 0.13166301873107195
3789 0.01424229872367815
3815 0.048550792964391666
3823 0.02198557487220401
3841 0.3762476410197132
3865 0.011682137396856728
3974 0.02198557487220401
3984 0.016380024626359523
4144 0.04328783083441022
4197 0.021812497125611622
4262 0.014739650725590482
4336 0.06995048368554481
4375 0.030476695249193216
4385 0.031924903783826196
4399 0.022346224921182406
4400 0.028773943075775018
4402 0.024275396482195833
4426 0.028773943075775018
4452 0.02301057275280242
4489 0.06739591078008272
4508 0.022728101582252906
4536 0.030476695249193216
4577 0.018221388096564078
4589 0.023346667590623305
4672 0.034975241842772405
4702 0.018429264003088638
4754 0.034975241842772405
4808 0.022871747239916043
4841 0.02164391541720511
4850 0.05132299796880771
4913 0.03588212335545834
4920 0.034975241842772405
4928 0.01175424959277746
4956 0.022728101582252906
4964 0.02003139352740186
4985 0.01339565545197246
4996 0.030476695249193216
4997 0.03626391740096484
4998 0.02164391541720511
5002 0.01690043293028413
5059 0.022133663782748354
5062 0.021319346244265732
5119 0.034975241842772405
5165 0.034975241842772405
5189 0.042020477472879667
5244 0.03642345037740538
5294 0.02703290152367554
5299 0.041145085485439784
5344 0.047133379414520386
5386 0.06758393862482932
5455 0.01628915499776301
5458 0.027845214184202497
5474 0.052461084835874486
5528 0.015154679921816742
5546 0.034975241842772405
5571 0.028917306240071158
5677 0.018229554988673718
5681 0.03116048824742395
5687 0.055905942104913356
5697 0.034125384306363186
5715 0.028773943075775018
5716 0.03642345037740538
5798 0.011265521822665108
5805 0.03642345037740538
5903 0.014973551025622464
5938 0.012772846206535723
5948 0.03379196931241466
6008 0.03379196931241466
6044 0.03262213356742313
6062 0.03515065876072253
6081 0.038362032121241806
6083 0.022927810596667823
6098 0.030476695249193216
6102 0.049289012228429435
6109 0.008106805649606084
6183 0.018848120997044124
6230 0.013257073015163365
6278 0.010504843706960303
6307 0.030476695249193216
6310 0.027697385404546027
6315 0.06827148375387733
6412 0.017145368823625926
6541 0.025359582647243622
6563 0.013442515084149986
6567 0.021812497125611622
6611 0.03279152664297376
6624 0.1156693031427515
6629 0.031461056260846644
6745 0.029293422718835477
6789 0.014295714917081865
6811 0.022346224921182406
6855 0.049589752250512584
6862 0.017575329380361264
6967 0.02071518652563259
6976 0.025978148655614028
7005 0.034975241842772405
7006 0.015341009395038253
7013 0.03642345037740538
7020 0.04061178522881393
7023 0.027845214184202497
7030 0.027845214184202497
7039 0.020861036053664437
7064 0.018429264003088638
7166 0.03279152664297376
7170 0.018531471325833944
7227 0.03642345037740538
7344 0.022728101582252906
7380 0.021010238736439833
7418 0.024965017749752936
7438 0.03279152664297376
7453 0.03515065876072253
7463 0.05485271438049403
7468 0.016762443629699666
7479 0.011165416534225387
7486 0.02880776920417108
7491 0.00969077199211664
7545 0.034975241842772405
7549 0.03379196931241466
7562 0.02403046058885404
7598 0.012605352243185272
7671 0.042259748058593914
7693 0.010415734331873084
7714 0.016981055468455655
7717 0.038574727744576445
7726 0.036459109977347436
7729 0.034975241842772405
7751 0.01953191399527485
7805 0.0623209764948479
7862 0.011066831891374177
7892 0.01628915499776301
7948 0.024275396482195833
7965 0.016511692142860645
7992 0.03116048824742395
8019 0.02631104371919081
8029 0.03116048824742395
8056 0.031924903783826196
8104 0.018035808336517165
8182 0.020572542742719892
8186 0.02631104371919081
8249 0.03642345037740538
8264 0.02259847268903746
8299 0.057547886151550036
8301 0.021479602062034843
8349 0.03607161667303433
8412 0.014855547213634109
8424 0.030476695249193216
8513 0.03379196931241466
8703 0.06558305328594752
8706 0.010686819110518025
8716 0.016664405797245478
8720 0.03116048824742395
8737 0.016820799650686547
8744 0.015230580508401129
8756 0.034975241842772405
8795 0.02226477663212846
8857 0.03279152664297376
8870 0.03607161667303433
8875 0.017062692153181593
8880 0.034975241842772405
8984 0.029858129240822814
8996 0.007130027658569907
8997 0.0051266026871525545
9026 0.05658596009878914
9037 0.034975241842772405
9094 0.06377485833797428
9126 0.01373100839509453
9204 0.011863942866506062
9270 0.023794433455815382
9275 0.030476695249193216
9281 0.031924903783826196
9383 0.057352435999672956
9426 0.0192958868622362
9492 0.047588866911630764
9497 0.0052986217299234905
9500 0.015663963127804572
9594 0.018740845317257337
9596 0.03379196931241466
9597 0.029858129240822814
9676 0.01794106167772917
9687 0.03379196931241466
9725 0.020254482041857074
9732 0.03665728270796733
9821 0.042959204124069686
9867 0.0192958868622362
9895 0.03642345037740538
9902 0.017970489317950096
9930 0.05485271438049403
10003 0.01527830329503746
10068 0.012482508874876468
10156 0.010595193623583146
10190 0.13863894544373798
10260 0.021479602062034843
10327 0.01739991246241114
10382 0.016664405797245478
10422 0.022927810596667823
10432 0.03769624199408825
10453 0.02829298004939457
10548 0.14923542370986012
10567 0.006503384448333324
10569 0.017755619608742553
10575 0.35739287292704663
10616 0.016073996149140703
10628 0.026064964125627702
10637 0.06384980756765239
10645 0.11106019398179617
10657 0.01992021305291278
10715 0.051956297311228056
10754 0.019068143113681005
10762 0.021162952390824667
10781 0.034975241842772405
10783 0.03379196931241466
10792 0.05332388330768951
10797 0.016073996149140703
10817 0.024275396482195833
10821 0.020296329531677103
10837 0.02403046058885404
10847 0.025661498984403855
10879 0.11138085673680999
10891 0.030476695249193216
10930 0.05252421853480151
10942 0.02829298004939457
10999 0.003969499671533903
11000 0.01578888638994432
11045 0.03116048824742395
11079 0.03279152664297376
11153 0.03642345037740538
11169 0.021812497125611622
11218 0.4032301097876406
11310 0.150784967976353
11311 0.19791474417948704
11317 0.013981619873285804
11318 0.04092199697098457
11352 0.02164391541720511
11356 0.022871747239916043
11371 0.013780362479795959
11437 0.027845214184202497
11511 0.016003832969980397
11528 0.02703290152367554
11562 0.034975241842772405
11603 0.03642345037740538
11633 0.021812497125611622
11675 0.031924903783826196
11866 0.01990287386510563
11876 0.014136767441391931
11927 0.03642345037740538
11978 0.023566689707260193
12007 0.0385917737244724
12064 0.038032125320379896
12133 0.029858129240822814
12181 0.018035808336517165
12314 0.05132299796880771
12318 0.021479602062034843
12333 0.015865741997399454
12387 0.030309359843633484
12430 0.03279152664297376
12448 0.021479602062034843
12529 0.027426357190247014
12565 0.020861036053664437
12610 0.017575329380361264
12611 0.024101976804101994
12648 0.02959468053731402
12668 0.021010238736439833
12752 0.02631104371919081
12819 0.02703290152367554
12834 0.010759159011239819
12843 0.024794876125256292
12885 0.042020477472879667
12903 0.021009687413920605
12935 0.022728101582252906
12956 0.020296329531677103
13088 0.036848399581384646
13112 0.03515428001542264
13116 0.023794433455815382
13117 0.031924903783826196
13125 0.021010238736439833
13255 0.027845214184202497
13300 0.02829298004939457
13349 0.022927810596667823
13391 0.029293422718835477
13402 0.03642345037740538
13408 0.028773943075775018
13428 0.023346667590623305
13487 0.021479602062034843
13504 0.029293422718835477
13506 0.10970542876098806
13558 0.030476695249193216
13600 0.04232590478164933
13608 0.032289852308370046
13616 0.03990881744563946
13666 0.09317657017485559
13723 0.08127572361081203
13728 0.020572542742719892
13738 0.02216339506026557
13752 0.03642345037740538
13822 0.03196839998471266
13827 0.015532846933822671
13853 0.030476695249193216
13872 0.011790608404183821
13918 0.014032924732254756
13982 0.013166301873107196
13989 0.0509222629026145
14041 0.09216411311175036
14163 0.010490411073039555
14189 0.032289852308370046
