852 0.1136141464964648
995 0.05334322835412311
1027 0.04898537454640427
1131 0.07451697147200396
1185 0.20471877227101845
1603 0.07777983597763576
1714 0.06337047599515137
1942 0.04308749120282501
1959 0.05200685883785067
2137 0.0560284671195298
2352 0.04700850056577739
2565 0.0425206918328787
2575 0.045514495607040475
2934 0.06265498406448287
3043 0.13758646960777277
3130 0.03095855428717735
3137 0.046837358128855464
3147 0.05334322835412311
3204 0.06734883243145166
3343 0.08000079023083775
3396 0.05736757121176287
3523 0.13053822399439438
3679 0.07923507837271004
3786 0.044267267645698195
3840 0.059091141699468525
3841 0.03833352472321965
4104 0.09362017982145714
4287 0.08247368434460454
4383 0.03927726310732344
4489 0.1416225703257896
4492 0.05682202907569382
4696 0.24492323538923977
4721 0.13215474575067582
4808 0.038449283874545694
4922 0.03562277976104637
5070 0.06411022645955715
5210 0.06964785671014918
5247 0.023912622530019544
5260 0.03798988693070039
5551 0.17361932872650943
5689 0.02501305143509631
6230 0.04457245512192594
6775 0.03521868397459911
7006 0.05157899123006079
7284 0.10273632606206755
7401 0.049364871917822815
7406 0.05736757121176287
7468 0.028179043200713436
7533 0.04879807254787651
7571 0.05655428892090888
7627 0.04183228935180901
7810 0.07063987066449556
7822 0.09512564214399065
7851 0.04861236462823681
7862 0.07441701003773125
8097 0.040390166838189794
8268 0.2740532015930473
8293 0.040390166838189794
8411 0.03624331111788089
8517 0.21543745601412506
8519 0.23518500586553023
8658 0.02604009035498727
8662 0.06823959075700615
8744 0.012801927797619957
8762 0.12246161769461988
8982 0.0582123431159779
9105 0.19282830205465615
9126 0.04616590364774401
9201 0.08526307867220487
9368 0.10246765101961222
9639 0.11025049405714353
9645 0.03531900851385363
9690 0.09512564214399065
9719 0.03572498392377086
9725 0.0680988926285554
9827 0.026572325249388046
9867 0.06487593831768487
9890 0.046667547553187604
9902 0.030209867130067607
9905 0.034920448596065905
10040 0.04633184018010844
10324 0.0637372165413897
10472 0.1287389984096177
10510 0.10476667529830974
10567 0.021865445798813533
10624 0.06411022645955715
10645 0.05334322835412311
10785 0.06265498406448287
10860 0.10038793058535775
10884 0.10488656872548366
10930 0.07063801702770726
10999 0.06673054669140492
11052 0.06607737287533791
11203 0.09088905134649912
11232 0.08312579287632654
11246 0.04224271929860999
11338 0.16578826578420622
11714 0.04700850056577739
12021 0.06734883243145166
12041 0.04735486575644399
12064 0.02841561041239651
12117 0.045514495607040475
12231 0.11103003750268535
12354 0.03688200692469778
12378 0.06077928738777519
12523 0.0423812629313274
12770 0.06869898770085146
12834 0.018087029151519017
12865 0.027048924045798853
13079 0.03129043215009412
13332 0.06337047599515137
13464 0.0538075128663278
13709 0.05244328436274183
13723 0.03903747444317243
13771 0.214673531562934
13874 0.046532951244553644
13917 0.24492323538923977
13919 0.04879807254787651
14041 0.08853453529139639
14107 0.08000079023083775
14110 0.07013822675905199
14212 0.13949714480753697
