108 0.027014886984290866
245 0.05344761009677279
421 0.05927727677418682
435 0.05464679200470314
637 0.028439456479163065
658 0.07176575152269503
960 0.04940104268909226
968 0.045866048270218555
1099 0.07606931606253531
1249 0.05765062762138402
1397 0.02154059987380104
1400 0.308234883685634
1604 0.039046198762552574
1655 0.025849229993689323
1787 0.0638765574230772
1959 0.05425404575715947
2017 0.025165145088732275
2137 0.058449425455284844
2341 0.043018662770468376
2352 0.024519855627340426
2384 0.025453304814352973
2424 0.10898595173634268
2558 0.01741911892970474
2565 0.022178993423922183
2575 0.02374057559386008
2659 0.021267971241612536
2763 0.058180032933582634
2873 0.037113906827260255
2927 0.036740463365078066
2951 0.034044676682605905
2965 0.020055327828619022
2988 0.06133680419639062
3041 0.1175671089292821
3142 0.05872204431139942
3147 0.08347223856518175
3157 0.025748950039226805
3220 0.023657192794522632
3297 0.10717550453243685
3321 0.017710973413093366
3332 0.04226813466007954
3421 0.029780027797919304
3432 0.011153115985717771
3443 0.23850166586279037
3590 0.06893253873818521
3617 0.05344761009677279
3666 0.026793876133109212
3691 0.08345757907289456
3738 0.031969547200105454
3756 0.026793876133109212
3758 0.230297316821816
3786 0.023090015606231824
3789 0.024977013512810762
3890 0.03286620761242859
3897 0.0391890363097607
3928 0.027014886984290866
3984 0.028725987593040483
3985 0.024342012927748027
3993 0.04447362400891031
4164 0.04675759790508531
4267 0.04809816922384155
4384 0.019994947309268356
4489 0.0886452008338922
4492 0.08891591516128022
4570 0.05236281810852814
4577 0.01597761237634377
4621 0.0391890363097607
4630 0.036328650578780895
4789 0.042142715195898274
4817 0.02526039000608364
4819 0.05344761009677279
4903 0.03607849322971437
4985 0.14095342629513333
5059 0.03881626344984735
5094 0.047408157892713555
5350 0.09439083156158198
5412 0.03738817795908421
5498 0.047408157892713555
5551 0.01811213216015229
5672 0.057507177735682945
5925 0.04396768732933219
5962 0.022933024135109278
5974 0.029780027797919304
6096 0.05344761009677279
6102 0.021609789759848556
6158 0.03855655686795872
6528 0.02470052134454613
6681 0.021609789759848556
6755 0.035129468670850546
6775 0.018370231682539033
6807 0.055987363323459376
7078 0.03286620761242859
7099 0.013014266475118948
7153 0.06227679386594957
7284 0.32152651359731055
7453 0.030822218234727104
7468 0.014698321849922973
7486 0.02526039000608364
7497 0.031798390573197916
7536 0.03036383274841384
7580 0.026093851222912714
7649 0.027127022878579734
7851 0.025356438687511768
7862 0.019408131724923675
7865 0.016191159000869797
7901 0.04172878953644728
7911 0.04172878953644728
7941 0.0330543391883501
8011 0.031969547200105454
8013 0.05236281810852814
8074 0.05448054914246543
8086 0.047408157892713555
8268 0.28589488523971235
8449 0.07176575152269503
8688 0.02055026237954524
8697 0.04809816922384155
8744 0.03338772962031047
8751 0.0391890363097607
8795 0.07809239752510515
8995 0.024342012927748027
8997 0.017981258092689748
9094 0.03195522475268754
9102 0.03036383274841384
9105 0.10058015189464421
9108 0.067150868813508
9126 0.024080353100487624
9138 0.03583371602785468
9201 0.04447362400891031
9261 0.05344761009677279
9269 0.047408157892713555
9375 0.06649126557425919
9383 0.020116030378928843
9385 0.03286620761242859
9500 0.0549404314988704
9813 0.034904081083908696
9827 0.013860250187857755
9899 0.03268113522244249
9902 0.0315152183811479
9905 0.018214670702363395
9908 0.030514585961663513
9966 0.05425404575715947
10040 0.024166906378467294
10046 0.03583371602785468
10047 0.050461458431962695
10067 0.07176575152269503
10068 0.021890833698301478
10110 0.031798390573197916
10227 0.057507177735682945
10242 0.024519855627340426
10371 0.035594092415036686
10385 0.09481631578542711
10489 0.03268113522244249
10495 0.027127022878579734
10499 0.0223258561222804
10516 0.013651405774183212
10556 0.1669151581457891
10567 0.011405119664775226
10569 0.031138396932974786
10583 0.06013637504708001
10628 0.04571066608049632
10754 0.03344019651987905
10785 0.03268113522244249
10837 0.042142715195898274
10884 0.1641279869455105
10924 0.019523099381276287
10925 0.03766922189753713
10936 0.11134172048178076
10999 0.006961393582495729
11000 0.05076370980105737
11138 0.02963863838709341
11232 0.021679402828257633
11239 0.057507177735682945
11326 0.027704898315418863
11331 0.07118818483007337
11338 0.08647594143207603
11339 0.030822218234727104
11365 0.035225709383220075
11553 0.04172878953644728
11714 0.024519855627340426
11913 0.049617983636065115
12023 0.02270152392653601
12047 0.057507177735682945
12064 0.014821716423389848
12164 0.04257226433234487
12181 0.03162976969347791
12215 0.041483111956649464
12217 0.04172878953644728
12231 0.05791379127387012
12262 0.034253521096280444
12325 0.04675759790508531
12347 0.043483286514654516
12354 0.05771348633688571
12379 0.04555841599715496
12421 0.1277531148461544
12433 0.057507177735682945
12543 0.14885395090819534
12611 0.02113406733003977
12648 0.025950401337211635
12764 0.022106266651207258
12807 0.054798865450110736
12834 0.028302839157920905
12948 0.025950401337211635
12961 0.043018662770468376
12994 0.03129984221014287
13079 0.0326424740037743
13119 0.07176575152269503
13185 0.055987363323459376
13189 0.057507177735682945
13221 0.07176575152269503
13300 0.049617983636065115
13616 0.023329639219049816
13709 0.027354664490918418
13723 0.18325917723261356
13728 0.03607849322971437
13786 0.04620046760867961
13853 0.05344761009677279
13872 0.12406460129050209
13912 0.043781667396602955
14041 0.04618003121246365
14093 0.067150868813508
14107 0.04172878953644728
14163 0.009198625313575109
14212 0.048508245812845255
14247 0.045003100926878085
