274 0.03468680678846955
320 0.04293084322890619
322 0.01566750122624875
326 0.0150297017745364
356 0.03468680678846955
359 0.03468680678846955
368 0.060450717934251524
379 0.03468680678846955
383 0.03468680678846955
394 0.032521100327969045
410 0.03468680678846955
604 0.023154131471371745
647 0.03166162436469034
667 0.02486433219515749
670 0.021302463324438175
703 0.017430388536006168
811 0.021465421614453094
855 0.023372339101880264
916 0.02254066667491051
938 0.03166162436469034
960 0.013968484707965226
1002 0.028462471657368343
1029 0.021465421614453094
1095 0.02198061719452611
1107 0.010690857824831942
1162 0.017256418252463383
1244 0.09945732878062996
1365 0.03351329251162391
1390 0.02905184469028012
1417 0.0264420650158699
1458 0.011139353236543257
1460 0.01566750122624875
1471 0.03615843770713344
1519 0.022890204839984392
1593 0.03804566676577695
1625 0.02198061719452611
1670 0.03351329251162391
1763 0.03351329251162391
1808 0.034860777072012336
1831 0.029611894170664517
1901 0.01708702666991185
1903 0.0309035128372137
1910 0.0264420650158699
1920 0.022738728722002756
2006 0.01573489983839032
2044 0.019738738145047674
2091 0.029611894170664517
2093 0.029611894170664517
2095 0.018910891280536475
2179 0.024327645748217386
2287 0.032521100327969045
2352 0.01386631575886332
2455 0.03166162436469034
2542 0.02254066667491051
2560 0.024075201288863316
2565 0.012542525971765516
2575 0.013425622176770312
2608 0.037601725624806265
2638 0.053947282277630286
2644 0.09271053851164109
2653 0.03351329251162391
2667 0.040257898095185075
2693 0.013569193377889815
2776 0.013013178061628104
2797 0.024327645748217386
2831 0.022738728722002756
2873 0.020988425010871246
2965 0.011341563855256427
2995 0.026892523066279567
3010 0.03772103414840121
3015 0.02254066667491051
3044 0.014969264629581225
3051 0.0693736135769391
3089 0.02609406087864248
3130 0.009131988555628029
3149 0.02720017654334655
3151 0.016841015503094386
3176 0.02680996564080168
3177 0.02486433219515749
3181 0.021143529109982302
3204 0.019866197926873597
3208 0.0300594035490728
3258 0.05611930501325051
3261 0.03166162436469034
3297 0.015152305646175732
3316 0.0616330553908846
3332 0.05975802943567232
3348 0.02544987283221504
3397 0.05611930501325051
3421 0.016841015503094386
3432 0.006307240560615134
3443 0.011239664492493988
3633 0.016873170668591574
3636 0.025763911145781967
3666 0.015152305646175732
3668 0.025763911145781967
3687 0.02905184469028012
3708 0.030225358967125762
3710 0.036123072186034125
3721 0.012181505634658349
3734 0.021197373349769465
3746 0.016682081288638514
3786 0.1566926586220624
3789 0.014124844833745707
3815 0.04815040257772663
3823 0.021804263460244354
3841 0.38445220658403867
3865 0.011585796735380158
3974 0.021804263460244354
3984 0.024367411894922367
4144 0.04293084322890619
4197 0.02163261305729869
4262 0.014618095255679716
4336 0.0693736135769391
4375 0.030225358967125762
4385 0.03166162436469034
4399 0.022161939287716884
4400 0.0285366491102071
4402 0.024075201288863316
4426 0.0285366491102071
4452 0.022820808352277885
4489 0.0668401078131431
4508 0.02254066667491051
4536 0.030225358967125762
4577 0.01807111931247011
4589 0.023154131471371745
4672 0.03468680678846955
4702 0.018277280900658967
4754 0.03468680678846955
4808 0.022683127710512854
4841 0.021465421614453094
4850 0.05089974566443008
4913 0.035586209398806974
4920 0.03468680678846955
4928 0.011657314233907807
4964 0.019866197926873597
4981 0.025763911145781967
4985 0.013285183689544592
4996 0.030225358967125762
4997 0.035964854851753526
4998 0.021465421614453094
5002 0.01676105784570568
5049 0.01708702666991185
5059 0.021951131105953793
5062 0.021143529109982302
5119 0.03468680678846955
5165 0.03468680678846955
5189 0.041673941521642874
5244 0.036123072186034125
5294 0.02680996564080168
5299 0.04080576874762741
5344 0.04674467820376053
5386 0.06702658502324782
5455 0.016154821021533528
5458 0.02761557929271554
5474 0.05202844691670169
5528 0.0150297017745364
5546 0.03468680678846955
5571 0.02867882998211868
5677 0.01807921885356672
5687 0.05544489501567885
5697 0.050765936830614124
5715 0.0285366491102071
5716 0.036123072186034125
5798 0.011172616921155704
5805 0.036123072186034125
5903 0.014850066618492495
5938 0.012667510649293669
5948 0.03351329251162391
6008 0.03351329251162391
6044 0.03235310420919042
6062 0.034860777072012336
6081 0.03804566676577695
6083 0.022738728722002756
6098 0.030225358967125762
6102 0.04888253386917889
6109 0.00803995015970616
6183 0.01869268365002796
6230 0.013147744119248505
6278 0.010418211992484074
6307 0.030225358967125762
6310 0.02746896963263741
6315 0.06770846008094866
6412 0.017003973793109303
6446 0.017430388536006168
6541 0.025150446349320725
6563 0.013331656878059695
6567 0.02163261305729869
6611 0.032521100327969045
6624 0.1147153974661837
6629 0.031201602115774087
6745 0.02905184469028012
6789 0.014177820512607324
6811 0.022161939287716884
6855 0.04918079373787266
6862 0.017430388536006168
6949 0.019738738145047674
6967 0.020544351796961534
6976 0.025763911145781967
7005 0.03468680678846955
7006 0.015214494619306034
7013 0.036123072186034125
7020 0.026851244353540624
7023 0.02761557929271554
7030 0.02761557929271554
7039 0.020688998527976937
7064 0.018277280900658967
7166 0.032521100327969045
7170 0.018378645336461028
7227 0.036123072186034125
7344 0.02254066667491051
7380 0.020836970760821437
7418 0.024759135363501196
7438 0.032521100327969045
7453 0.034860777072012336
7463 0.0544003530866931
7468 0.016624206520137547
7479 0.011073337184528801
7486 0.028570196280098034
7491 0.009610853792884505
7545 0.03468680678846955
7549 0.03351329251162391
7562 0.02383228534145968
7598 0.012501397981049952
7671 0.04191123888227711
7693 0.010329837487724777
7714 0.016841015503094386
7717 0.03825660832336581
7726 0.03615843770713344
7729 0.03468680678846955
7751 0.019370837520115897
7805 0.0618070256744274
7862 0.010975565552976897
7892 0.016154821021533528
7948 0.024075201288863316
7965 0.016375522939477645
7992 0.0309035128372137
8019 0.02609406087864248
8029 0.0309035128372137
8056 0.03166162436469034
8104 0.017887069998114104
8109 0.032521100327969045
8182 0.020402884373813705
8186 0.02609406087864248
8249 0.036123072186034125
8264 0.02241210680980992
8299 0.0570732982204142
8301 0.021302463324438175
8349 0.053661209994342304
8412 0.014733035964490347
8513 0.03351329251162391
8706 0.010598686674884733
8716 0.016526977189527454
8720 0.0309035128372137
8737 0.016682081288638514
8744 0.015104976421494366
8756 0.03468680678846955
8795 0.02208116268927717
8857 0.032521100327969045
8870 0.03577413999622821
8875 0.016921978943538044
8880 0.03468680678846955
8984 0.029611894170664517
8996 0.007071227495754008
8997 0.005084324439839631
9026 0.05611930501325051
9037 0.03468680678846955
9094 0.0632489175936454
9126 0.013617771032222926
9174 0.020264459497944007
9204 0.011766102885289356
9270 0.02359820468528146
9275 0.030225358967125762
9281 0.03166162436469034
9383 0.05687945991372246
9426 0.019136756863937676
9492 0.04719640937056292
9497 0.005254924869919745
9500 0.015534785005872591
9594 0.018586292655089497
9596 0.03351329251162391
9597 0.029611894170664517
9676 0.017793104699403487
9687 0.03351329251162391
9725 0.020087446667123088
9732 0.036354976139909886
9821 0.04260492664887635
9867 0.019136756863937676
9895 0.036123072186034125
9902 0.01782228965472624
9930 0.0544003530866931
10003 0.015152305646175732
10068 0.012379567681750598
10156 0.010507816808237435
10190 0.13749561291333495
10260 0.021302463324438175
10327 0.017256418252463383
10382 0.016526977189527454
10422 0.022738728722002756
10432 0.01869268365002796
10453 0.028059652506625257
10548 0.1480047037698761
10567 0.0064497521087789654
10569 0.017609191940592295
10575 0.35444551281518316
10616 0.015941436552469913
10628 0.025850010662924746
10637 0.06332324872938068
10645 0.11014429886873224
10657 0.019755934339431097
10715 0.051527822291563934
10754 0.018910891280536475
10762 0.020988425010871246
10781 0.03468680678846955
10783 0.03351329251162391
10792 0.0528841300317398
10797 0.015941436552469913
10817 0.024075201288863316
10821 0.020128949047592538
10837 0.02383228534145968
10847 0.02544987283221504
10879 0.11046231717086216
10891 0.030225358967125762
10930 0.0416728479699363
10942 0.028059652506625257
10999 0.003936763862058703
11000 0.015658678046461306
11045 0.0309035128372137
11079 0.032521100327969045
11153 0.036123072186034125
11169 0.02163261305729869
11218 0.41808222560896374
11310 0.14954146920022368
11311 0.16824220620658992
11317 0.01386631575886332
11352 0.021465421614453094
11356 0.022683127710512854
11371 0.013666718101923147
11437 0.02761557929271554
11511 0.01587185199748273
11562 0.03468680678846955
11603 0.036123072186034125
11866 0.019738738145047674
11876 0.01402018385054916
11978 0.023372339101880264
12007 0.03827351372787535
12064 0.03352753835726335
12133 0.029611894170664517
12181 0.017887069998114104
12314 0.05089974566443008
12318 0.021302463324438175
12333 0.01573489983839032
12387 0.0300594035490728
12430 0.032521100327969045
12448 0.021302463324438175
12529 0.02720017654334655
12565 0.020688998527976937
12610 0.017430388536006168
12611 0.023903211774268927
12648 0.02935061808518777
12668 0.020836970760821437
12752 0.02609406087864248
12819 0.02680996564080168
12834 0.01067043000036948
12843 0.02459039686893633
12885 0.041673941521642874
12903 0.010418211992484074
12935 0.02254066667491051
12956 0.020128949047592538
13088 0.03654451690397505
13112 0.023242912308547903
13116 0.02359820468528146
13117 0.03166162436469034
13125 0.020836970760821437
13255 0.02761557929271554
13300 0.028059652506625257
13349 0.022738728722002756
13391 0.02905184469028012
13402 0.036123072186034125
13408 0.0285366491102071
13487 0.021302463324438175
13504 0.02905184469028012
13506 0.1088007061733862
13558 0.030225358967125762
13600 0.04197685002174249
13608 0.032023563218908875
13616 0.03957969600657
13666 0.09240815835946475
13723 0.09212052127468393
13728 0.04080576874762741
13738 0.02198061719452611
13752 0.036123072186034125
13822 0.03170476185957783
13827 0.015404750105529805
13853 0.030225358967125762
13872 0.011693373200189735
13918 0.013917197515117238
13971 0.020402884373813705
13982 0.013057721551838531
13989 0.05050231539427225
14041 0.09140405086286972
14163 0.010403898382116254
14189 0.032023563218908875
