274 0.03450243169183572
320 0.04270264758042312
322 0.015584221809085435
326 0.014949812532094545
356 0.03450243169183572
359 0.03450243169183572
368 0.06012939671755143
379 0.03450243169183572
383 0.03450243169183572
394 0.032348236880140775
410 0.03450243169183572
604 0.023031057437675292
647 0.031493329396305864
667 0.024732167718929554
670 0.0211892316926557
703 0.017337738624750583
811 0.02135132379021156
855 0.02324810520203624
916 0.022420853466917003
938 0.031493329396305864
960 0.013894236284535387
1002 0.028311181543110565
1029 0.02135132379021156
1095 0.021863780887165035
1107 0.01063403137907196
1244 0.09892867087571822
1365 0.03333515514132546
1390 0.02889742180826545
1417 0.02630151422022504
1458 0.011080142847361257
1460 0.015584221809085435
1471 0.035966240267713986
1519 0.022768533688324988
1593 0.03784343790310832
1625 0.021863780887165035
1670 0.03333515514132546
1763 0.03333515514132546
1808 0.034675477249501166
1831 0.029454494388017418
1901 0.016996201872672312
1903 0.03073924755328505
1910 0.02630151422022504
1920 0.022617862730185852
2006 0.01565126216900441
2044 0.019633818376124674
2091 0.029454494388017418
2093 0.029454494388017418
2095 0.01881037186897623
2179 0.024198333988185553
2287 0.032348236880140775
2352 0.013792610406751017
2455 0.031493329396305864
2542 0.022420853466917003
2560 0.023947231378251978
2565 0.012475857124091553
2575 0.013354259298045073
2608 0.03740185649767817
2638 0.05366052958102932
2644 0.09221774265985515
2653 0.03333515514132546
2667 0.04004391028429088
2693 0.01349706735730947
2776 0.012944007498386074
2797 0.024198333988185553
2831 0.022617862730185852
2873 0.020876862625980354
2965 0.011281278630832519
2995 0.026749577894955207
3010 0.03752053084584436
3015 0.022420853466917003
3044 0.014889696636209928
3051 0.06900486338367144
3089 0.025955359872654578
3130 0.009083448161504387
3149 0.027055596063245858
3151 0.016751498359595694
3176 0.02666745929722509
3177 0.024732167718929554
3181 0.021031142280989755
3204 0.019760600655125544
3208 0.02989962506418909
3258 0.05582100709416154
3261 0.031493329396305864
3297 0.015071764712131964
3316 0.06130544954890465
3332 0.05944039015226869
3348 0.02531459595904036
3397 0.05582100709416154
3421 0.016751498359595694
3432 0.00627371490070219
3443 0.011179920906421824
3633 0.016783482606743956
3636 0.025626965025715705
3666 0.015071764712131964
3668 0.025626965025715705
3687 0.02889742180826545
3708 0.030064698358775715
3710 0.035931062729365866
3721 0.012116755763266833
3734 0.021084700315794874
3746 0.016593408947929753
3786 0.15585977065254025
3789 0.014049765289899502
3815 0.047894462756503955
3823 0.021688364547812655
3841 0.3824086799725437
3865 0.011524213309563753
3974 0.021688364547812655
3984 0.024237888760946943
4144 0.04270264758042312
4197 0.02151762653959457
4262 0.014540393876541397
4336 0.06900486338367144
4375 0.030064698358775715
4385 0.031493329396305864
4399 0.022044139176490615
4400 0.028384964711311984
4402 0.023947231378251978
4426 0.028384964711311984
4452 0.02269950607239745
4489 0.07479542731280091
4536 0.030064698358775715
4577 0.01797506364525817
4589 0.023031057437675292
4672 0.03450243169183572
4702 0.018180129397125846
4754 0.03450243169183572
4808 0.022562557261665037
4841 0.02135132379021156
4850 0.05062919191808072
4913 0.03539705359565827
4920 0.03450243169183572
4928 0.011595350662239913
4964 0.019760600655125544
4981 0.025626965025715705
4985 0.013214567300970816
4996 0.030064698358775715
4997 0.03577368638735288
4998 0.02135132379021156
5002 0.01667196571108421
5049 0.016996201872672312
5059 0.021834451529665226
5062 0.021031142280989755
5119 0.03450243169183572
5165 0.03450243169183572
5189 0.04145242683907141
5244 0.035931062729365866
5294 0.02666745929722509
5299 0.040588868771739096
5344 0.04649621040407248
5386 0.06667031028265091
5455 0.016068951292875264
5458 0.0274687907707353
5474 0.05175189364425795
5528 0.014949812532094545
5546 0.03450243169183572
5571 0.028526389831558148
5687 0.05515018187189744
5697 0.050496094334995224
5715 0.028384964711311984
5716 0.035931062729365866
5798 0.011113229721375305
5805 0.035931062729365866
5903 0.014771132213129085
5938 0.012600177455024255
5948 0.03333515514132546
6008 0.03333515514132546
6044 0.03218113373201878
6062 0.034675477249501166
6081 0.03784343790310832
6083 0.022617862730185852
6098 0.030064698358775715
6102 0.04862270245947898
6109 0.00799721441303836
6183 0.01859332410461529
6230 0.013077858280310193
6278 0.010362834775014046
6307 0.030064698358775715
6310 0.027322960403210948
6315 0.067348560885082
6412 0.01691359045715156
6446 0.017337738624750583
6541 0.02501676105495741
6563 0.01326079346476913
6567 0.02151762653959457
6611 0.032348236880140775
6624 0.11410563645179574
6629 0.031035752360842522
6745 0.02889742180826545
6789 0.014102459380548953
6811 0.022044139176490615
6855 0.04891937695041089
6862 0.017337738624750583
6949 0.019633818376124674
6967 0.020435149849634883
6976 0.025626965025715705
7005 0.03450243169183572
7006 0.015133623124481611
7013 0.035931062729365866
7020 0.026708518596090147
7023 0.0274687907707353
7030 0.0274687907707353
7039 0.020579027721897406
7064 0.018180129397125846
7166 0.032348236880140775
7170 0.018280955037939937
7227 0.035931062729365866
7344 0.022420853466917003
7380 0.020726213419535705
7418 0.024627530053071375
7438 0.032348236880140775
7453 0.034675477249501166
7463 0.054111192126491715
7468 0.0165358418083812
7479 0.01101447769867566
7486 0.028418333563759973
7491 0.009559768026829334
7545 0.03450243169183572
7549 0.03333515514132546
7562 0.023705606632184628
7598 0.012434947746098367
7671 0.04168846286354217
7693 0.010274930018247242
7714 0.016751498359595694
7717 0.025368838811206915
7726 0.035966240267713986
7729 0.03450243169183572
7751 0.019267873299124622
7805 0.0614784951065701
7862 0.010917225764832613
7892 0.016068951292875264
7948 0.023947231378251978
7965 0.016288480086475696
7992 0.03073924755328505
8029 0.03073924755328505
8056 0.031493329396305864
8104 0.01779199263110508
8109 0.032348236880140775
8182 0.020294434385869548
8186 0.025955359872654578
8249 0.035931062729365866
8264 0.022292976952050854
8299 0.05676992942262397
8301 0.0211892316926557
8349 0.053375977893315246
8412 0.014654723626712239
8513 0.03333515514132546
8706 0.010542350157897437
8716 0.016439129292920344
8720 0.03073924755328505
8737 0.016593408947929753
8744 0.015024687062362855
8756 0.03450243169183572
8795 0.021963791939947307
8857 0.032348236880140775
8870 0.03558398526221016
8875 0.016832031444998407
8880 0.03450243169183572
8984 0.029454494388017418
8996 0.007033640921100419
8997 0.005057299098025095
9026 0.05582100709416154
9037 0.03450243169183572
9094 0.0629127227584036
9126 0.013545386800796987
9174 0.02015674529695253
9204 0.011703561055777394
9270 0.02347277021402076
9275 0.030064698358775715
9281 0.031493329396305864
9383 0.05657712144878314
9426 0.019035036880960757
9492 0.04694554042804152
9497 0.005226992714428941
9500 0.015452211031735667
9594 0.01848749862295951
9596 0.03333515514132546
9597 0.029454494388017418
9676 0.017698526797829135
9687 0.03333515514132546
9725 0.019980673364438768
9732 0.03616173401532364
9821 0.0423784633853114
9867 0.019035036880960757
9895 0.035931062729365866
9902 0.01772755662273038
9930 0.054111192126491715
10003 0.015071764712131964
10068 0.012313765026535688
10156 0.01045196330314992
10190 0.13676476538758198
10260 0.0211892316926557
10327 0.017164693067085134
10382 0.016439129292920344
10422 0.022617862730185852
10432 0.01859332410461529
10453 0.02791050354708077
10548 0.14721799596692828
10567 0.006415468939516014
10569 0.017515591613370195
10575 0.3525614845137239
10616 0.015856701052809542
10628 0.025712606887390507
10637 0.06298665879261173
10645 0.10955883518303089
10657 0.009825461582719068
10715 0.05125393005143141
10762 0.020876862625980354
10781 0.03450243169183572
10783 0.03333515514132546
10792 0.05260302844045008
10797 0.015856701052809542
10817 0.023947231378251978
10821 0.02002195514214544
10837 0.023705606632184628
10847 0.02531459595904036
10879 0.1098751630829412
10891 0.030064698358775715
10930 0.031088504325042135
10942 0.02791050354708077
10999 0.003915838291656156
11000 0.015575445528242474
11045 0.03073924755328505
11079 0.032348236880140775
11153 0.035931062729365866
11169 0.02151762653959457
11218 0.4339408081838837
11310 0.14874659283692232
11311 0.15340226686663053
11317 0.013792610406751017
11352 0.02135132379021156
11356 0.022562557261665037
11371 0.01359407369605218
11437 0.0274687907707353
11511 0.01578748636925873
11562 0.03450243169183572
11603 0.035931062729365866
11866 0.019633818376124674
11876 0.01394566062423914
11978 0.02324810520203624
12007 0.038070073761921515
12064 0.033349325264250426
12133 0.029454494388017418
12181 0.01779199263110508
12314 0.05062919191808072
12318 0.0211892316926557
12333 0.01565126216900441
12387 0.02989962506418909
12430 0.032348236880140775
12448 0.0211892316926557
12529 0.027055596063245858
12565 0.020579027721897406
12610 0.017337738624750583
12611 0.02377615606090748
12648 0.02919460709580151
12668 0.020726213419535705
12752 0.025955359872654578
12819 0.02666745929722509
12834 0.010613712137164598
12843 0.024459688475205445
12885 0.04145242683907141
12903 0.010362834775014046
12935 0.022420853466917003
12956 0.02002195514214544
13088 0.03635026728980051
13112 0.023119366367029735
13116 0.02347277021402076
13117 0.031493329396305864
13125 0.020726213419535705
13255 0.0274687907707353
13300 0.02791050354708077
13349 0.022617862730185852
13391 0.02889742180826545
13402 0.035931062729365866
13408 0.028384964711311984
13487 0.0211892316926557
13504 0.02889742180826545
13506 0.10822238425298343
13558 0.030064698358775715
13600 0.04175372525196071
13608 0.03185334439193376
13616 0.03936931312755634
13666 0.09191696978649573
13723 0.09163086161487273
13728 0.040588868771739096
13738 0.021863780887165035
13752 0.035931062729365866
13822 0.03153623759710362
13827 0.01532286732206554
13853 0.030064698358775715
13872 0.011631217959815256
13918 0.013843221704879933
13971 0.020294434385869548
13982 0.01298831422104502
13989 0.050233874158449224
14041 0.10390651376836016
14163 0.010348597247558981
14189 0.03185334439193376
