49 0.02898035378869117
249 0.028825200524554756
281 0.0608721769893266
288 0.042385702903989436
472 0.035823890307793066
482 0.026995557241358492
483 0.0238041360014093
583 0.038591703354902786
592 0.043600929095757336
604 0.03711526073914648
608 0.04574324775068407
626 0.0608721769893266
654 0.04079525362951653
663 0.04079525362951653
686 0.044978638923291125
687 0.06505556228310119
693 0.04297543470357436
807 0.05213018331907241
834 0.06505556228310119
960 0.02239099111568597
1095 0.03523415850820815
1107 0.05141121050267676
1318 0.022066003692811295
1378 0.03782709452750983
1390 0.04656908819776403
1471 0.02898035378869117
1623 0.03440831806112819
1660 0.06027424749367413
1670 0.053720632593545314
1831 0.04746682787402833
1838 0.0308614560196295
1901 0.02738990451421826
1919 0.053991114482716984
1963 0.013601939221848765
2049 0.034147101637139785
2179 0.07799272594016961
2320 0.1112034696489673
2475 0.06505556228310119
2565 0.020105229269565615
2574 0.03270510812729223
2575 0.0215208015162305
2618 0.06410651991852467
2632 0.06505556228310119
2638 0.05765040104910951
2642 0.10744126518709063
2710 0.06505556228310119
2763 0.05274012569835104
2793 0.017855992583912895
2801 0.0608721769893266
2830 0.06505556228310119
2860 0.0608721769893266
2875 0.05075247349153862
2934 0.029625407423953608
3204 0.03184481857430352
3213 0.05790401788731991
3316 0.03293187544537189
3402 0.03364370923373525
3432 0.01011028542535447
3481 0.02624938898658588
3522 0.04426680513492777
3636 0.08259729206584215
3699 0.030137123746837066
3730 0.16116189778063594
3734 0.01698932304661217
3746 0.026740791269367938
3761 0.049386548357044466
3786 0.10465534858322789
3815 0.11577511006470835
3841 0.14500315400323818
3958 0.053720632593545314
3984 0.052080142278219076
3991 0.02389922881865227
4155 0.03820231761021484
4366 0.06505556228310119
4402 0.038591703354902786
4403 0.06505556228310119
4428 0.03248321790579806
4489 0.0401783807846253
4628 0.05075247349153862
4658 0.04079525362951653
4678 0.03226599940620145
4799 0.038591703354902786
4899 0.023161951126803318
5044 0.035524811464673574
5063 0.029297840304194758
5310 0.06505556228310119
5321 0.05075247349153862
5344 0.037465039918365896
5472 0.04746682787402833
5503 0.049537247299770736
5507 0.053720632593545314
5551 0.03283724943511324
5668 0.07971330504614703
5676 0.05075247349153862
5687 0.17775244454372166
5697 0.18987737157915788
5780 0.04182786447642987
5822 0.05790401788731991
5933 0.1112034696489673
6062 0.027940301543954722
6095 0.0608721769893266
6101 0.1826165309679798
6102 0.058767740620759956
6158 0.0349514696568348
6207 0.02511445501042017
6227 0.13011112456620239
6230 0.02107537273513537
6231 0.05790401788731991
6296 0.039856652523073514
6323 0.04426680513492777
6427 0.0608721769893266
6434 0.03941754380198274
6446 0.027940301543954722
6516 0.04845019042870236
6596 0.05790401788731991
6608 0.044978638923291125
6624 0.11033085545920468
6629 0.02500753697969418
6634 0.10744126518709063
6866 0.01971584352487768
6921 0.030492934786873992
6949 0.03164050501401848
6951 0.06505556228310119
6995 0.03144015895912149
7006 0.024388301306316716
7020 0.0645624045486915
7068 0.05790401788731991
7099 0.01179741597178473
7201 0.009596140027089696
7242 0.015322318632391032
7406 0.02712533879702255
7442 0.045797022687528575
7448 0.03364370923373525
7482 0.06505556228310119
7501 0.0349514696568348
7513 0.04845019042870236
7566 0.0217509411166198
7588 0.06935264016129716
7652 0.04129864603292108
7716 0.02946032393996065
7717 0.020441333830965507
7751 0.03105077321443356
7948 0.038591703354902786
7965 0.02624938898658588
7994 0.13011112456620239
8044 0.03677695181973489
8068 0.06505556228310119
8076 0.039856652523073514
8078 0.02837326706889229
8104 0.028672345912011787
8230 0.07971330504614703
8245 0.0608721769893266
8279 0.0349514696568348
8298 0.13011112456620239
8349 0.08601703773603536
8424 0.1453505712861071
8433 0.014755725433296842
8658 0.012312640369186084
8691 0.023161951126803318
8744 0.024212747475999767
8875 0.1085013551880902
8931 0.04157751429634686
8947 0.06505556228310119
8996 0.011334929689555878
9024 0.06505556228310119
9031 0.04845019042870236
9045 0.04297543470357436
9079 0.04079525362951653
9104 0.06680186676473435
9105 0.018235155898720212
9500 0.22411544007132952
9594 0.02979317530958379
9645 0.016700028459924823
9654 0.022308779544179366
9676 0.028521722833517633
9732 0.11655150358514092
9758 0.05044498524406207
9827 0.01256429912909639
9917 0.040315283478247047
10003 0.024288614563340204
10190 0.07346688185471158
10209 0.027940301543954722
10364 0.13011112456620239
10422 0.0728987693999521
10531 0.026995557241358492
10548 0.10167700699544767
10555 0.06505556228310119
10575 0.1363592944150451
10614 0.018860650290903183
10657 0.01583403495527449
10670 0.038996362970084804
10708 0.03184481857430352
10732 0.034980541669997756
10930 0.016700028459924823
10956 0.13011112456620239
11000 0.012550155881323776
11039 0.13011112456620239
11042 0.09690038085740472
11052 0.031243629252570033
11150 0.0308614560196295
11218 0.02913787589628523
11232 0.019652351031371057
11259 0.025442022130179015
11310 0.029963716343365195
11311 0.022473863028172322
11332 0.02946032393996065
11359 0.017337416222455906
11371 0.02190726982907813
11407 0.06505556228310119
11576 0.021673656128773467
11925 0.06505556228310119
12028 0.038996362970084804
12064 0.03358966761531699
12067 0.1112034696489673
12168 0.06505556228310119
12175 0.037721300581806366
12378 0.014369257120449211
12520 0.049537247299770736
12523 0.020039302542796674
12572 0.06778467133029845
12648 0.11762002867973631
13004 0.053720632593545314
13020 0.043600929095757336
13088 0.019526526330073617
13247 0.05075247349153862
13272 0.06505556228310119
13332 0.05992743268673039
13447 0.053720632593545314
13492 0.05213018331907241
13584 0.23161607154927963
13601 0.0608721769893266
13616 0.042296576432484356
13628 0.029625407423953608
13657 0.06505556228310119
13666 0.08887622227186083
13723 0.036916491240055825
13726 0.02898035378869117
13822 0.03388108092201491
13824 0.03067555013172855
13872 0.018744067156299924
13874 0.022002361980334957
13918 0.0669263386325381
13973 0.02239099111568597
13989 0.040476720236873945
14008 0.053720632593545314
14039 0.029625407423953608
14040 0.023995206232940797
14041 0.14651748801651904
14062 0.025514310334465728
14163 0.008338542122239929
14198 0.026130110228810014
