5 0.0775052143951296
8 0.0775052143951296
79 0.022752590056079925
259 0.06400112458464231
277 0.0511996232686415
285 0.05772208040136895
300 0.03923403283673194
337 0.02582133342690748
339 0.03434146548324506
343 0.0590171668304926
429 0.06400112458464231
443 0.06624221245770653
459 0.0590171668304926
482 0.03216168423235622
609 0.0775052143951296
611 0.0775052143951296
645 0.0775052143951296
876 0.06400112458464231
878 0.0775052143951296
1047 0.04803040016447018
1054 0.03156195786336466
1095 0.04197690271781744
1107 0.040833166322076335
1127 0.04743723591980854
1162 0.032954988653458576
1318 0.02628876435826779
1471 0.06905262070796576
1545 0.025913408406238046
1603 0.04381493965395061
1620 0.027384318774270347
1656 0.033979911410349416
1689 0.01786429000076657
1808 0.09986167141274385
1846 0.07739903183302643
1919 0.03216168423235622
1928 0.04267949121230391
2010 0.06624221245770653
2276 0.05049703477415502
2404 0.060464950282454445
2425 0.022896357218543262
2479 0.177254115598999
2485 0.030578076721448404
2565 0.04790551492645206
2575 0.02563922709962876
2617 0.03362868888020566
2638 0.10302439644973517
2659 0.022968876321309766
2667 0.03844072841562958
2761 0.06898508233879203
2763 0.03141648927488084
2764 0.102399246537283
2776 0.02485157285204138
2793 0.021273085419377013
2934 0.03529480759761304
2965 0.021659251803838063
2969 0.036328353260690824
2995 0.017119095043291187
3010 0.05402756097053186
3014 0.044217990590881655
3105 0.08464635558553292
3169 0.05772208040136895
3188 0.0434246861697793
3210 0.0511996232686415
3236 0.027384318774270347
3241 0.0813636325773876
3249 0.08374956313150315
3258 0.053586179730189525
3297 0.02893671521737574
3321 0.019127407745380392
3323 0.04551307702000531
3332 0.045648526900407056
3339 0.049832443071178116
3432 0.012045085954035323
3443 0.021464652189103324
3454 0.03434146548324506
3495 0.0511996232686415
3606 0.027808221204353247
3633 0.02148206113984779
3641 0.060464950282454445
3699 0.03590445083060793
3721 0.023263308416559807
3738 0.03452631035398288
3758 0.022610484978977167
3786 0.024936638605142288
3790 0.024111365499530104
3841 0.08637616942026093
3858 0.0590171668304926
3866 0.04860222197603982
3867 0.08464635558553292
3940 0.029667145065249464
3974 0.08328023166995258
4079 0.03279217895850296
4154 0.04267949121230391
4218 0.0775052143951296
4241 0.0376955334581542
4383 0.022125669091338035
4384 0.02159404235506523
4489 0.09573459693454803
4491 0.0775052143951296
4492 0.06401797441903603
4542 0.02824726617070952
4577 0.017255421234726256
4663 0.03951026810813261
4694 0.0775052143951296
4758 0.041312311014840536
4763 0.040378295873425
4872 0.05194481822611688
4928 0.02226224774387307
5026 0.05049703477415502
5051 0.030179383860175636
5189 0.07958570833751016
5223 0.019895904989010546
5571 0.027384318774270347
5576 0.14504251328195977
5613 0.02759444273312688
5641 0.049201948345031374
5668 0.18993600488334686
5677 0.24168417247788024
5687 0.07058961519522608
5689 0.028180705845279173
5697 0.03231630202279977
5754 0.05049703477415502
5870 0.044634706845802036
5903 0.02835952222273379
5938 0.02419144364766691
6018 0.06400112458464231
6048 0.07252125664097989
6062 0.03328722380424795
6088 0.053586179730189525
6102 0.046676063521499694
6183 0.03569785853454408
6196 0.056550532220807755
6207 0.02992059635929201
6278 0.019895904989010546
6310 0.017486046241307732
6315 0.11314138678333518
6403 0.06400112458464231
6413 0.07252125664097989
6427 0.07252125664097989
6446 0.03328722380424795
6541 0.04803040016447018
6688 0.060464950282454445
6789 0.027075717990148327
6923 0.03979285416875508
7020 0.05127845419925752
7039 0.03951026810813261
7100 0.029175401401816622
7127 0.0775052143951296
7153 0.03362868888020566
7162 0.047484001220836715
7244 0.0511996232686415
7344 0.04304644241032046
7418 0.02364155217601864
7451 0.07252125664097989
7466 0.022193768724056786
7468 0.031747639007630016
7469 0.04232317779276646
7562 0.04551307702000531
7580 0.028180705845279173
7627 0.02356496655589664
7649 0.02929650535939867
7671 0.020009720174994427
7679 0.0775052143951296
7716 0.03509813216555252
7718 0.025913408406238046
7792 0.04099302157590118
7862 0.08384118487902582
7865 0.017486046241307732
7891 0.020715672180861962
7892 0.030851242457993457
8072 0.07252125664097989
8088 0.053586179730189525
8104 0.03415935915596634
8173 0.04232317779276646
8202 0.026578000109214947
8345 0.037222707770391564
8349 0.03415935915596634
8463 0.02537102841057741
8517 0.024272046902165386
8561 0.07252125664097989
8612 0.05449711138638847
8649 0.060464950282454445
8658 0.01466890451935702
8691 0.02759444273312688
8744 0.028846329481498668
8795 0.02108445840945076
8826 0.10099406954831004
8893 0.03362868888020566
8944 0.053586179730189525
8945 0.0775052143951296
8995 0.05257752871653558
8996 0.027008179620974584
9097 0.102399246537283
9103 0.04381493965395061
9105 0.02172480903798207
9131 0.056550532220807755
9134 0.02759444273312688
9174 0.038699515916513216
9383 0.04344961807596414
9409 0.025195426106025917
9414 0.053586179730189525
9500 0.11866858026099786
9652 0.018254543484937887
9725 0.05754220551221545
9732 0.03471397739262782
9783 0.037624424424624964
9856 0.06400112458464231
9902 0.03403564660738985
9905 0.019671388203562786
9906 0.027075717990148327
10070 0.04506604767385195
10190 0.14587700700908313
10230 0.0590171668304926
10243 0.056550532220807755
10385 0.0511996232686415
10461 0.0434246861697793
10516 0.029486352720444465
10519 0.0406818162886938
10561 0.07846806567346389
10575 0.16245430794088997
10583 0.032472889519563605
10598 0.03141648927488084
10628 0.024683187311099742
10645 0.03004930907741746
10648 0.052738122647219235
10708 0.03793894640760829
10736 0.06624221245770653
10821 0.03844072841562958
10891 0.05772208040136895
10930 0.019895904989010546
10992 0.036545915617514385
11000 0.009967915508299431
11218 0.10414193217788346
11262 0.02582133342690748
11310 0.03569785853454408
11311 0.13387337770637733
11477 0.0590171668304926
11698 0.0775052143951296
11906 0.049201948345031374
11950 0.04696086047196715
11970 0.060464950282454445
12064 0.024010623829432674
12244 0.0775052143951296
12328 0.02992059635929201
12363 0.0775052143951296
12383 0.03844072841562958
12523 0.04774842874002082
12529 0.05194481822611688
12572 0.040378295873425
12601 0.07252125664097989
12648 0.028025783561176805
12652 0.0775052143951296
12678 0.02992059635929201
12763 0.02858715747388929
12766 0.06624221245770653
12806 0.23251564318538884
12834 0.020377571663198566
12877 0.016850896354239836
13020 0.05194481822611688
13022 0.02728058860370142
13201 0.062106311786527105
13349 0.0434246861697793
13396 0.062106311786527105
13406 0.0775052143951296
13608 0.06115615344289681
13616 0.050390852212051834
13668 0.06898508233879203
13723 0.131943548000953
13726 0.03452631035398288
13744 0.03362868888020566
13761 0.058837628702541424
13770 0.03415935915596634
13822 0.04036488731543282
13872 0.02233111040165588
13912 0.02364155217601864
13948 0.06912547742108126
13953 0.07252125664097989
13958 0.0775052143951296
13971 0.03896386916449914
13982 0.024936638605142288
13989 0.07233409649859031
13997 0.0312727221124175
14041 0.024936638605142288
14060 0.030310849843463324
14163 0.03973713989986693
14191 0.06898508233879203
