11 0.06278458137700227
175 0.043415543338397866
406 0.04771161530554872
553 0.10057548675484536
577 0.10057548675484536
688 0.062327172607307184
741 0.06643974953292835
960 0.03461633027754967
968 0.03213928672397209
971 0.03448923170932616
1054 0.040956718845529635
1230 0.040767949945159754
1240 0.04319552900998222
1460 0.038826788188591206
1461 0.027360477408421423
1471 0.04480344318509357
1524 0.050561889772901096
1593 0.18856753526640407
1620 0.03553555991898737
1756 0.06843620003087326
1918 0.09410799961864187
1963 0.042057023566841684
2017 0.03526747317284287
2565 0.09324767087423592
2575 0.033271022674897954
2638 0.40107219500346564
2648 0.028536330679859934
2667 0.04988303047460134
2693 0.033626817037722675
2763 0.040767949945159754
2886 0.06843620003087326
2889 0.054921133251994915
2940 0.03399072907853379
3010 0.02336981791137306
3145 0.05319504153009891
3150 0.03985622832264952
3225 0.04860628638029226
3227 0.04409440263669761
3232 0.04606006010207355
3284 0.06843620003087326
3297 0.03755004409428212
3439 0.052397336017898664
3443 0.027853840013094433
3481 0.04058138891882161
3734 0.02626538569619257
3749 0.15316854039285652
3786 0.032359301052387726
3841 0.08406523371936804
3956 0.030091506219005484
3991 0.03694805620219437
4286 0.0630692034175499
4383 0.05742323161105394
4428 0.05021884889753672
4450 0.04234461869222535
4452 0.028276962592536987
4461 0.09410799961864187
4488 0.08951924446883522
4489 0.041410347940736524
4492 0.04153681135200103
4799 0.05966252866630239
4922 0.026040194390055695
4964 0.049231887579308145
5179 0.06740675989681495
5350 0.04409440263669761
5391 0.04153681135200103
5520 0.040034451248475315
5528 0.03724621041420132
5668 0.06161813205891122
5687 0.0458006920147506
5697 0.1258068053133696
5903 0.03680104330974589
6032 0.055859685471103704
6081 0.04714188381660102
6098 0.07490368716707675
6144 0.09410799961864187
6245 0.019772719729319748
6310 0.0226909586130733
6315 0.02097416493044781
6443 0.053609370952804505
6446 0.2159776450499111
6484 0.10402592226307955
6620 0.06384744488106661
6688 0.07846300218282508
6789 0.07027020149155831
6821 0.03303816035068748
6949 0.04891602011071474
7020 0.033271022674897954
7046 0.053609370952804505
7064 0.045294275324794686
7412 0.08305175733263173
7418 0.12271487209214485
7486 0.03540095333183639
7496 0.21215631285693756
7497 0.04456357722260729
7726 0.08960688637018714
7743 0.08951924446883522
7854 0.06552802791041812
7865 0.0226909586130733
7948 0.05966252866630239
8085 0.04409440263669761
8104 0.08865452992181617
8154 0.1018249412173193
8264 0.027770545902581073
8349 0.04432726496090809
8383 0.05737995774486313
8517 0.12598754552313696
8691 0.07161645913174433
8744 0.018716377029173708
8972 0.06384744488106661
8981 0.036226177998443965
8995 0.06822780356523626
9094 0.022391685558017682
9126 0.03374720089908344
9196 0.08305175733263173
9497 0.039067848521276656
9654 0.03448923170932616
9695 0.046864471851882306
9725 0.02489009018513249
9732 0.27028182818726354
9795 0.07846300218282508
9906 0.035135100745779156
10004 0.05792071413789244
10005 0.05021884889753672
10044 0.1348135197936299
10331 0.07449242082840264
10514 0.06953669055375337
10516 0.019131643597324968
10575 0.07027020149155831
10582 0.04714188381660102
10583 0.04213879924408877
10827 0.0991082732773431
10999 0.009755984340666343
11000 0.03880492281722088
11231 0.09410799961864187
11310 0.046323715458853006
11311 0.1042333491862214
11325 0.032582392603908675
11359 0.026803535538694474
11571 0.06643974953292835
11617 0.04891602011071474
11842 0.03594633247114262
11910 0.03636796369572298
12007 0.09484841196346624
12064 0.01038588262643152
12378 0.04442956077777565
12382 0.07071877095231252
12450 0.08305175733263173
12610 0.04319552900998222
12695 0.03553555991898737
12735 0.025029399244580756
12787 0.06643974953292835
12877 0.021866749434985372
12903 0.025818138099668767
13088 0.0301878858833351
13116 0.05848044826774325
13122 0.046323715458853006
13145 0.07338341489331732
13524 0.062327172607307184
13616 0.03269511947532311
13723 0.028536330679859934
13726 0.26882065911056147
13786 0.04316482834271328
13862 0.04988303047460134
13872 0.057956417924930365
13874 0.01700775604934947
13971 0.050561889772901096
13987 0.05635051761080482
14041 0.032359301052387726
