11 0.014911795816531884
69 0.04252294642704865
196 0.04470267203308862
210 0.024354439497939015
277 0.03155984980412563
318 0.023385864463659735
322 0.018443290533496522
337 0.01591647267441058
348 0.07890159146634039
390 0.023385864463659735
429 0.039450795733170195
443 0.04083221989523183
459 0.03637864503929175
472 0.026307973504207202
482 0.019824714695558143
483 0.017481032178110194
486 0.02863774076357816
513 0.02507659099547657
521 0.032019193827211814
617 0.08684112940000008
636 0.019824714695558143
637 0.01893228960771966
644 0.04252294642704865
663 0.029958791252474967
667 0.029269511198657054
874 0.03828281824627184
879 0.04470267203308862
968 0.015266629825532122
1010 0.021397968240249823
1027 0.017009431173284052
1044 0.03485819209777585
1064 0.023538937465658178
1107 0.012584942172229812
1127 0.014620342349950207
1162 0.020313713769781284
1318 0.016204600770786032
1319 0.008817178907747575
1461 0.012996625719532477
1471 0.04256457760812112
1538 0.027513183773120894
1593 0.02239308220146287
1604 0.012996625719532477
1620 0.033759818230287585
1628 0.04470267203308862
1682 0.03071710919525974
1808 0.04103701225090109
1809 0.04470267203308862
1842 0.02863774076357816
1846 0.023854685480968637
1928 0.026307973504207202
2044 0.023235822810328755
2057 0.08166443979046366
2095 0.022261307473202475
2352 0.016322991552823966
2365 0.022004440301598115
2371 0.03753151719764043
2404 0.03727107012713023
2479 0.3277824859832779
2542 0.026534165103978984
2558 0.011595995321855285
2565 0.04429400333480934
2575 0.04741266271311109
2590 0.04083221989523183
2592 0.04252294642704865
2617 0.020728987879467278
2638 0.042336697948658006
2648 0.013555173168900826
2667 0.07108550050024481
2760 0.04505437869303316
2763 0.01936537067247196
2779 0.026767317527293392
2831 0.026767317527293392
2897 0.031126768739373326
2903 0.0355803435953134
2941 0.03828281824627184
2995 0.09497110144006751
3010 0.055505021347737084
3015 0.026534165103978984
3026 0.032019193827211814
3090 0.024354439497939015
3121 0.03250819290143495
3142 0.019545780526349175
3151 0.039649429391116285
3153 0.02566729436040856
3208 0.01769249304382866
3210 0.03155984980412563
3225 0.023088694772066654
3247 0.027256316601516534
3249 0.017207962772974966
3250 0.02507659099547657
3258 0.03303094194635341
3281 0.01603041250414214
3288 0.03727107012713023
3316 0.02418416590763808
3366 0.03485819209777585
3421 0.05947414408667443
3432 0.0074246855605276515
3481 0.019276751464664482
3544 0.0355286242416426
3597 0.04252294642704865
3603 0.04252294642704865
3633 0.01986256674681082
3641 0.07454214025426047
3699 0.022131785415062215
3702 0.02960631579785743
3721 0.014339685972325314
3761 0.018133988163741316
3776 0.024528627764582905
3786 0.030742279679236133
3815 0.028340571071985073
3823 0.02566729436040856
3841 0.0665536863244061
3858 0.03637864503929175
3974 0.02566729436040856
3984 0.009561517407649295
3985 0.016204600770786032
4021 0.03485819209777585
4030 0.017983946510410333
4046 0.028340571071985073
4144 0.02526842037810662
4154 0.052615947008414404
4219 0.012584942172229812
4276 0.03303094194635341
4311 0.024706914952556544
4388 0.029269511198657054
4402 0.028340571071985073
4404 0.01626356492745655
4421 0.04083083612098029
4444 0.025465232895341316
4489 0.04917629771837528
4492 0.05919177315509402
4542 0.034823673332407525
4702 0.021515441227374973
4799 0.11336228428794029
4808 0.013350932881131795
4817 0.01681596902351197
4820 0.025874892439454913
4864 0.021755996539302963
4872 0.032019193827211814
4899 0.017009431173284052
4903 0.02401763489873864
4928 0.013722624313315793
4957 0.04022862263432439
4964 0.023385864463659735
4965 0.03250819290143495
4985 0.03127780225306618
4990 0.01681596902351197
4997 0.021168348974329003
5026 0.031126768739373326
5051 0.018602809181050214
5062 0.024889498628251357
5125 0.032019193827211814
5127 0.03250819290143495
5189 0.14717176658749742
5223 0.012263992058607724
5280 0.024528627764582905
5434 0.04588873868749416
5488 0.04252294642704865
5510 0.04252294642704865
5528 0.01769249304382866
5571 0.033759818230287585
5663 0.01276930299250724
5668 0.029269511198657054
5675 0.04252294642704865
5677 0.3617989096690295
5679 0.04083221989523183
5681 0.03637864503929175
5697 0.05976006694695647
5754 0.031126768739373326
5814 0.02960631579785743
5903 0.03496206435622039
6018 0.039450795733170195
6054 0.022663712966122185
6102 0.014385746028414515
6155 0.024706914952556544
6183 0.022004440301598115
6205 0.03637864503929175
6207 0.018443290533496522
6230 0.01547711157954886
6245 0.01878466036561829
6304 0.020836462814699752
6315 0.029889102515828672
6430 0.03359244737190349
6443 0.025465232895341316
6456 0.04252294642704865
6481 0.02805461804549488
6563 0.03138721580988353
6606 0.009963034171942891
6611 0.03828281824627184
6624 0.027007872839221382
6734 0.020518506125450545
6746 0.031126768739373326
6789 0.016689685168666212
6825 0.04252294642704865
6923 0.024528627764582905
6932 0.04252294642704865
6949 0.023235822810328755
6987 0.03359244737190349
7006 0.017910025378779927
7020 0.03160844180874073
7039 0.024354439497939015
7099 0.008663662827716592
7146 0.04252294642704865
7162 0.029269511198657054
7201 0.007047112845821195
7206 0.034018862346568104
7246 0.039450795733170195
7327 0.026307973504207202
7338 0.023854685480968637
7409 0.04252294642704865
7453 0.020518506125450545
7466 0.027360826615602477
7469 0.02608833911461817
7491 0.011313595334536063
7533 0.03388878676861949
7562 0.05610923609098976
7580 0.02605621253846154
7671 0.012334148632929238
7717 0.01501149272720694
7792 0.02526842037810662
7862 0.012920091170878804
7948 0.028340571071985073
7951 0.03303094194635341
8019 0.06143421839051948
8088 0.03303094194635341
8104 0.021056097204288787
8109 0.03828281824627184
8124 0.012229155878191776
8181 0.03727107012713023
8264 0.0131914142335781
8350 0.03828281824627184
8451 0.02526842037810662
8612 0.23514713160332446
8644 0.027513183773120894
8649 0.07454214025426047
8658 0.05425216755907401
8694 0.04083221989523183
8706 0.012476441188394884
8739 0.043511993078605926
8744 0.008890551997420731
8795 0.038989877158597426
8826 0.031126768739373326
8892 0.04083221989523183
8926 0.04252294642704865
9140 0.04083221989523183
9168 0.023088694772066654
9174 0.09541874192387455
9250 0.027256316601516534
9367 0.021879200162697697
9383 0.040174028625047965
9414 0.03303094194635341
9500 0.1462964893259181
9531 0.01734326736661169
9594 0.021879200162697697
9654 0.01638288795875967
9676 0.06283645261458055
9684 0.030328467295394988
9708 0.013513882298901795
9732 0.10698984120124912
9757 0.023538937465658178
9758 0.018522630063606074
9813 0.04647164562065751
9897 0.03485819209777585
9902 0.04195967963590146
9905 0.024251196298287248
9906 0.05006905550599863
9911 0.025874892439454913
9929 0.03250819290143495
9994 0.02805461804549488
10032 0.029269511198657054
10132 0.06143421839051948
10156 0.012369472034404434
10190 0.161855518593693
10209 0.020518506125450545
10228 0.05610923609098976
10234 0.019102563198020592
10243 0.03485819209777585
10316 0.014203162352719704
10385 0.09467954941237688
10415 0.027779065646434994
10422 0.026767317527293392
10433 0.0355803435953134
10440 0.023854685480968637
10457 0.03727107012713023
10461 0.026767317527293392
10489 0.021755996539302963
10522 0.022663712966122185
10537 0.031126768739373326
10548 0.024889498628251357
10561 0.02418416590763808
10575 0.15020716651799593
10708 0.023385864463659735
10736 0.04083221989523183
10792 0.031126768739373326
10821 0.02369516683341494
10879 0.0650163858028699
10930 0.03679197617582317
11000 0.039937959020419876
11092 0.039450795733170195
11108 0.018210138110182107
11118 0.06316829161286636
11133 0.03303094194635341
11218 0.06419390472074947
11246 0.014668146015733737
11255 0.009440285127024425
11310 0.06601332090479434
11311 0.0825206011969227
11314 0.020728987879467278
11320 0.022802741745576453
11328 0.02239308220146287
11359 0.012732070210491915
11509 0.03071710919525974
11511 0.01868384584542451
11538 0.04083221989523183
11606 0.047709370961937274
11675 0.03727107012713023
11706 0.03485819209777585
11796 0.026307973504207202
11820 0.032019193827211814
11906 0.030328467295394988
11952 0.06839783886650357
11953 0.04252294642704865
12007 0.02252718934651658
12014 0.03637864503929175
12028 0.02863774076357816
12041 0.016443261631924493
12044 0.04470267203308862
12064 0.049334456869228
12078 0.016627323862779275
12138 0.04083221989523183
12262 0.022802741745576453
12264 0.02526842037810662
12314 0.029958791252474967
12318 0.02507659099547657
12336 0.02566729436040856
12378 0.031657033813355835
12415 0.0711606871906268
12488 0.08166443979046366
12523 0.014716253198888399
12572 0.024889498628251357
12576 0.04252294642704865
12582 0.016752564001679692
12610 0.04103701225090109
12611 0.014069055207665994
12632 0.03419891943325178
12636 0.0727572900785835
12637 0.03419891943325178
12678 0.036886581066993045
12763 0.017621348334322856
12764 0.014716253198888399
12815 0.03485819209777585
12834 0.0062804475893208775
12847 0.02252718934651658
12877 0.020774049653229338
12903 0.02452798411721545
13079 0.0217302595710543
13088 0.028679371944650627
13116 0.05555813129286999
13148 0.04083221989523183
13191 0.04083221989523183
13209 0.03250819290143495
13338 0.02128228880406056
13344 0.02526842037810662
13501 0.03637864503929175
13554 0.04083221989523183
13581 0.02863774076357816
13608 0.056545699773869515
13616 0.031061316974343525
13666 0.021755996539302963
13723 0.31176898288471905
13726 0.1702583104324845
13744 0.020728987879467278
13761 0.018133988163741316
13786 0.010251961430421523
13812 0.0355803435953134
13822 0.012440616743910242
13855 0.032019193827211814
13872 0.0275301435925705
13874 0.008078932118138892
13912 0.014572838395639724
13919 0.016944393384309746
13925 0.023385864463659735
13948 0.02840632470543941
13971 0.02401763489873864
13973 0.04932978489577347
13982 0.030742279679236133
13989 0.04458730505173133
13997 0.038553502929328964
14006 0.04252294642704865
14040 0.017621348334322856
14041 0.07685569919809034
14043 0.024706914952556544
14060 0.01868384584542451
14072 0.011344458334004515
14076 0.02294436934374708
14163 0.02449428505176975
14189 0.018848566591289837
