11 0.014677362563037498
69 0.04185442918058739
196 0.08799977320488753
210 0.02397155533302816
277 0.03106368701056237
318 0.023018207585880038
322 0.018153337488396724
337 0.01566624456512546
348 0.07766115355926871
390 0.023018207585880038
429 0.038830576779634356
443 0.04019028311744783
459 0.035806724378681334
472 0.02589437718775296
482 0.01951304382621019
483 0.017206207113552176
486 0.028187517408689446
513 0.0246823536490196
521 0.031515809534968575
617 0.08547587140204663
636 0.01951304382621019
637 0.018634648847113543
644 0.04185442918058739
663 0.029487799227739055
667 0.028809355572673744
876 0.038830576779634356
879 0.043999886602443763
968 0.015026618109711409
1010 0.021061563733747
1027 0.016742020303453002
1044 0.034310174978646975
1064 0.023168874076796773
1107 0.012387090151267743
1127 0.014390491132399288
1162 0.01999435518492701
1318 0.015949842904797725
1319 0.00867856113404565
1461 0.012792301485928033
1471 0.041895405864150255
1538 0.027080639949071825
1593 0.022041033180617495
1604 0.012792301485928033
1620 0.03322906900849827
1628 0.043999886602443763
1682 0.03023419540437993
1808 0.04039185586504164
1809 0.043999886602443763
1842 0.028187517408689446
1846 0.02347965811356136
1928 0.02589437718775296
2044 0.02287052478679993
2057 0.08038056623489566
2095 0.021911330126262413
2352 0.016066372426357153
2365 0.02165850124806657
2371 0.036941471854109856
2404 0.036685119357777976
2479 0.32262930956019775
2542 0.026117012754884535
2558 0.011413690860055026
2565 0.043597642719372366
2575 0.04666727262640243
2590 0.04019028311744783
2592 0.04185442918058739
2617 0.020403100633556784
2638 0.041671108775869735
2648 0.01334206782687742
2667 0.0699679419336184
2760 0.04434606396614653
2763 0.01906092130180399
2779 0.02634649971215916
2831 0.02634649971215916
2897 0.030637414555871923
2903 0.03502097329463842
2941 0.03768096145150149
2995 0.09347802947392263
3010 0.06555889035068709
3015 0.026117012754884535
3026 0.031515809534968575
3090 0.02397155533302816
3121 0.03199712089368539
3142 0.01923849487294724
3151 0.03902608765242038
3153 0.02526377037179294
3208 0.017414343533352316
3210 0.03106368701056237
3225 0.02272570979688656
3247 0.02682781107087598
3249 0.016937430722475295
3250 0.0246823536490196
3258 0.03251165162869208
3281 0.015778393109265716
3288 0.036685119357777976
3316 0.023803958669922954
3366 0.034310174978646975
3421 0.058539131478630574
3432 0.007307959633379589
3481 0.018973695305750753
3544 0.03497006703796135
3597 0.04185442918058739
3603 0.04185442918058739
3633 0.019550300792897882
3641 0.07337023871555595
3699 0.021783844327058547
3702 0.02914086515583756
3721 0.014114247046126155
3761 0.017848897763070627
3776 0.024143005128560165
3786 0.030258970174887392
3815 0.02789501961969597
3823 0.02526377037179294
3841 0.06550737390107089
3858 0.035806724378681334
3974 0.02526377037179294
3984 0.009411197643229414
3985 0.015949842904797725
4021 0.034310174978646975
4030 0.017701214963990523
4046 0.02789501961969597
4144 0.02487116721874294
4154 0.05178875437550592
4219 0.012387090151267743
4276 0.03251165162869208
4311 0.02431848940492964
4388 0.028809355572673744
4402 0.02789501961969597
4404 0.016007880066540345
4421 0.04018892109796707
4444 0.025064885581570523
4489 0.048403180944864586
4492 0.05826119979346937
4542 0.034276198894158366
4702 0.021177189889349753
4799 0.11158007847878389
4808 0.013141038467942545
4817 0.016551599635857655
4820 0.025468104733062515
4864 0.021413963351987794
4872 0.031515809534968575
4899 0.016742020303453002
4903 0.02364004574986434
4928 0.013506886416698054
4957 0.03959617520788451
4964 0.023018207585880038
4965 0.03199712089368539
4985 0.030786073621950457
4990 0.016551599635857655
4997 0.020835554387934867
5026 0.09191224366761577
5051 0.01831034829075195
5062 0.024498202622521704
5125 0.031515809534968575
5127 0.03199712089368539
5189 0.16900103589992116
5223 0.012071185800092483
5280 0.024143005128560165
5434 0.045167306712323455
5488 0.04185442918058739
5510 0.04185442918058739
5528 0.017414343533352316
5571 0.03322906900849827
5663 0.012568552574367106
5668 0.028809355572673744
5675 0.04185442918058739
5677 0.35611094984527714
5679 0.04019028311744783
5681 0.035806724378681334
5697 0.05882055925145239
5754 0.030637414555871923
5814 0.02914086515583756
5903 0.03441241422710435
6018 0.038830576779634356
6054 0.022307409269888594
6102 0.01415958297690289
6155 0.02431848940492964
6183 0.02165850124806657
6205 0.035806724378681334
6207 0.018153337488396724
6230 0.015233790810747376
6245 0.01848934053295154
6304 0.020508885919933703
6315 0.02941920609067479
6430 0.033064329442505376
6443 0.025064885581570523
6456 0.04185442918058739
6481 0.0276135621549189
6563 0.030893767052203803
6606 0.009806402030224929
6611 0.03768096145150149
6624 0.026583273174797202
6734 0.02019592793252082
6746 0.030637414555871923
6789 0.01642730113108774
6825 0.04185442918058739
6923 0.024143005128560165
6932 0.04185442918058739
6949 0.02287052478679993
6987 0.033064329442505376
7006 0.017628455970817705
7020 0.03111151508426829
7039 0.02397155533302816
7099 0.00852745853087206
7146 0.04185442918058739
7162 0.028809355572673744
7201 0.006936322863681259
7206 0.033484040606906004
7246 0.038830576779634356
7327 0.02589437718775296
7338 0.02347965811356136
7409 0.04185442918058739
7453 0.02019592793252082
7466 0.026930678048608266
7469 0.02567819574274311
7491 0.01113573057594986
7533 0.03335600998996101
7562 0.0552271243098378
7580 0.034195432318762264
7671 0.012140239419801786
7717 0.014775492105742898
7792 0.02487116721874294
7862 0.012716970162121748
7948 0.02789501961969597
7951 0.03251165162869208
8019 0.06046839080875986
8088 0.03251165162869208
8104 0.02072506736494355
8109 0.03768096145150149
8124 0.012036897290742766
8173 0.02567819574274311
8181 0.036685119357777976
8264 0.012984027665587317
8350 0.03768096145150149
8451 0.02487116721874294
8612 0.23145030609753767
8644 0.027080639949071825
8649 0.07337023871555595
8658 0.053399251363970536
8694 0.04019028311744783
8706 0.012280294947136396
8739 0.04282792670397559
8744 0.013126171051814002
8795 0.038376904457784106
8826 0.030637414555871923
8892 0.04019028311744783
8926 0.04185442918058739
9131 0.034310174978646975
9140 0.04019028311744783
9168 0.02272570979688656
9174 0.09391863245424543
9250 0.02682781107087598
9367 0.021535230050639856
9383 0.039542439489009415
9414 0.03251165162869208
9500 0.14399651403189895
9531 0.017070608148030506
9594 0.021535230050639856
9654 0.016125327181167205
9676 0.06184858004673393
9684 0.02985166347182901
9708 0.013301426104245518
9732 0.105307818668735
9757 0.023168874076796773
9758 0.018231429695621554
9813 0.04574104957359986
9897 0.034310174978646975
9902 0.041300017692185664
9905 0.035804902880584626
9906 0.049281903393263216
9911 0.025468104733062515
9929 0.03199712089368539
9994 0.0276135621549189
10032 0.028809355572673744
10132 0.06046839080875986
10156 0.012175007490448005
10190 0.17701214963990525
10209 0.02019592793252082
10228 0.0552271243098378
10234 0.018802245510218748
10243 0.034310174978646975
10316 0.013979869759310827
10385 0.09319106103168712
10415 0.02734234180588267
10422 0.02634649971215916
10433 0.03502097329463842
10440 0.02347965811356136
10457 0.036685119357777976
10461 0.02634649971215916
10489 0.021413963351987794
10522 0.022307409269888594
10537 0.030637414555871923
10548 0.024498202622521704
10561 0.023803958669922954
10575 0.14784571017978967
10708 0.023018207585880038
10736 0.04019028311744783
10792 0.030637414555871923
10821 0.023322647311206132
10879 0.06399424178737077
10930 0.03621355740027745
11000 0.039310081212389374
11092 0.038830576779634356
11108 0.017923850531122096
11118 0.06217520209483066
11133 0.03251165162869208
11218 0.063184691201241
11246 0.014437543261008053
11255 0.009291871295218235
11310 0.06497550374419972
11311 0.08122326764589191
11314 0.020403100633556784
11320 0.022444252332109484
11328 0.022041033180617495
11359 0.012531905141181115
11509 0.03023419540437993
11511 0.018390110951034763
11538 0.04019028311744783
11606 0.04695931622712272
11675 0.036685119357777976
11706 0.034310174978646975
11796 0.02589437718775296
11820 0.031515809534968575
11906 0.02985166347182901
11952 0.0673225339136499
11953 0.04185442918058739
12007 0.022173031983073264
12014 0.035806724378681334
12028 0.028187517408689446
12041 0.01618475169993107
12044 0.043999886602443763
12064 0.04855885362361426
12078 0.016365920227830445
12138 0.04019028311744783
12262 0.022444252332109484
12264 0.02487116721874294
12314 0.029487799227739055
12318 0.0246823536490196
12336 0.02526377037179294
12378 0.031159343157974213
12415 0.07004194658927684
12488 0.08038056623489566
12523 0.014484894135291393
12572 0.024498202622521704
12576 0.04185442918058739
12582 0.016489191425257163
12610 0.04039185586504164
12611 0.013847870956855057
12632 0.03366126695682495
12636 0.07161344875736267
12637 0.03366126695682495
12678 0.03630667497679345
12763 0.017344317313257415
12815 0.034310174978646975
12834 0.006181710604193094
12847 0.022173031983073264
12877 0.02044745397633164
12903 0.024142371600184967
13079 0.02138863100309389
13088 0.02822849409225231
13116 0.05468468361176534
13148 0.04019028311744783
13191 0.04019028311744783
13209 0.03199712089368539
13338 0.020947702932075127
13344 0.02487116721874294
13501 0.035806724378681334
13554 0.04019028311744783
13581 0.028187517408689446
13608 0.055656726203402
13616 0.030572991779597845
13666 0.021413963351987794
13723 0.3068675600181807
13726 0.16758162345660102
13744 0.020403100633556784
13761 0.017848897763070627
13786 0.010090786968109737
13812 0.03502097329463842
13822 0.012245033710542908
13855 0.031515809534968575
13872 0.02709733313761385
13874 0.007951920565370993
13912 0.014343734003400782
13919 0.016678004994980504
13925 0.023018207585880038
13948 0.027959739518621653
13971 0.02364004574986434
13973 0.0485542550997932
13982 0.030258970174887392
13989 0.043886333343398545
13997 0.03794739061150151
14006 0.04185442918058739
14040 0.017344317313257415
14041 0.07564742543721847
14043 0.02431848940492964
14060 0.018390110951034763
14072 0.011166108368038396
14076 0.022583653356161727
14163 0.024109202328846523
14189 0.018552242067800664
