960 0.11430863680181676
1107 0.0874867539140966
1471 0.14794810638368497
1593 0.1556700098519725
1919 0.13781548713148892
2575 0.10986621679642493
2638 0.44146809229796663
3481 0.1340062106422452
3749 0.25289345971757327
3841 0.09253226431802739
3956 0.09936694697643123
4489 0.20511534807306472
5697 0.2769560744010941
6315 0.06926003369025144
6624 0.18775065411441028
6949 0.16152849050704907
7006 0.12450513967128714
7020 0.10986621679642493
7418 0.10130601389353366
8104 0.14637569003438022
8349 0.14637569003438022
8744 0.03090222919240539
8972 0.2108344336073995
9174 0.16583063869588724
9654 0.11388893708331384
9795 0.25909733201019086
10281 0.15755135398413533
10575 0.11602169952570726
11000 0.021356672765286445
11311 0.3441951229154992
13874 0.05616231973381226
13971 0.16696341431120526
