175 0.03749669498652261
309 0.06337904155377783
315 0.050507798883891696
421 0.03587409084896156
997 0.03442262198768425
1099 0.030690991036822955
1107 0.02288189733559179
1133 0.02558030640625082
1426 0.10894193653908506
1550 0.028634253451793996
1620 0.030690991036822955
1655 0.03128745703693078
1689 0.02002141330635826
1692 0.10101559776778339
1721 0.05584973927039996
1756 0.059106281328621516
1808 0.03730667524863833
1940 0.02675703950428844
1959 0.16417037626664452
1975 0.08127824014518527
2011 0.06776612785067175
2038 0.1322870474262214
2138 0.05821718494180906
2204 0.02002141330635826
2295 0.0646920548518334
2352 0.029678405495229446
2365 0.08001679102179227
2425 0.05132221107727238
2564 0.04252009603526964
2648 0.024645967901336913
2706 0.06776612785067175
2736 0.035210048447498886
2776 0.027852414585882914
2940 0.05871353449123226
3099 0.034889656970372086
3102 0.05263141141859718
3332 0.07674091921875245
3432 0.013499537019719425
3633 0.012038016196974363
3634 0.14867201525927645
3746 0.03570505544503617
3832 0.07350370690534914
3839 0.0696056847016171
3847 0.10372964325584445
3852 0.033533525600871784
3865 0.024797356376233603
3984 0.0173847171246509
4065 0.08127824014518527
4134 0.05738200726406264
4175 0.08686401366839715
4219 0.02288189733559179
4258 0.09911467683951763
4435 0.05738200726406264
4436 0.11476401452812528
4437 0.08686401366839715
4454 0.07172929723632258
4489 0.01788243410795089
4492 0.03587409084896156
4566 0.08449458166397612
4881 0.02487367907882155
5059 0.02349126405927328
5087 0.04824432512170325
5089 0.06218035432745988
5247 0.015097024992474213
5299 0.04366877880530546
5350 0.03808300528209358
5358 0.03116607992946269
5442 0.06107766897104258
5520 0.034576547751948156
5800 0.03955667594121466
5816 0.03587409084896156
5974 0.0360452261252453
6023 0.0696056847016171
6054 0.08241416547442815
6066 0.06218035432745988
6122 0.0696056847016171
6278 0.022298346974434596
6563 0.028534062373230886
6606 0.05434426045511121
6737 0.03675185345267457
6744 0.07731507075953445
7025 0.030690991036822955
7046 0.13890238908461178
7153 0.037689372429166805
7201 0.025626071291170664
7284 0.03243084024445449
7406 0.0362185141029289
7536 0.03675185345267457
7580 0.03158354230529339
7716 0.039336251837467945
7851 0.06138198207364591
7855 0.08686401366839715
7862 0.02349126405927328
7892 0.034576547751948156
7941 0.04000839551089613
8011 0.03869538221284055
8085 0.1904150264104679
8268 0.2595316361802513
8507 0.046300796361537264
8662 0.043082468509734476
8744 0.008082385094729335
8754 0.1355322557013435
8758 0.0804798678913713
8878 0.04000839551089613
8948 0.08127824014518527
8951 0.046668183802486364
8997 0.03264630166057217
9105 0.14608855344348368
9109 0.07172929723632258
9134 0.030926487584721267
9185 0.07424099776069609
9201 0.05383009864491512
9357 0.08686401366839715
9478 0.07424099776069609
9497 0.011247240712570399
9614 0.05738200726406264
9720 0.059106281328621516
9722 0.10103334136150864
9731 0.2151878917089677
9758 0.033677780453836216
9827 0.016776205031236155
9902 0.0095363676340686
9905 0.022046719657845375
9957 0.03911929912408365
9971 0.06107766897104258
9974 0.04783306435519994
9988 0.1737280273367943
9989 0.04197978315331719
10001 0.12675808310755565
10040 0.08775360564509103
10209 0.07461335049727666
10242 0.029678405495229446
10342 0.08686401366839715
10343 0.0696056847016171
10451 0.03116607992946269
10516 0.0165234233962768
10561 0.043971564896546946
10567 0.08282734725943297
10574 0.03869538221284055
10762 0.044922025360679824
10924 0.047260837809755714
10925 0.045594169034108
11000 0.005585773523211875
11331 0.043082468509734476
11338 0.17444828485186042
11339 0.03730667524863833
11361 0.08686401366839715
11576 0.028939274308646734
11600 0.043082468509734476
11602 0.07731507075953445
11714 0.029678405495229446
11722 0.045942952538968004
11849 0.033677780453836216
11976 0.08291972874434686
12017 0.15313648578534897
12057 0.0264104498385254
12064 0.07175978795865014
12074 0.20611490424871956
12086 0.08127824014518527
12170 0.05584973927039996
12175 0.02518326991832703
12231 0.10514676395211887
12349 0.0696056847016171
12378 0.01918623562861185
12457 0.05447096826954253
12472 0.04866824203294636
12515 0.05821718494180906
12544 0.05152872606217989
12588 0.11643436988361812
12611 0.20464245125000655
12770 0.04337250475038487
12797 0.05206903894413234
12807 0.02210919691948867
12904 0.05383009864491512
13122 0.12002518653268839
13212 0.0696056847016171
13364 0.08686401366839715
13446 0.043971564896546946
13487 0.091188338068216
13616 0.028237788318310298
13709 0.03310960868962867
13774 0.06776612785067175
13787 0.023984582692009083
13842 0.040475430493583965
14163 0.02226771121364678
14211 0.07350370690534914
14212 0.05871353449123226
