986 0.1445690767739133
1012 0.05171948533799385
1458 0.04805275437222413
1653 0.21185151578724423
1689 0.040352789570388264
1963 0.07320910796101936
2176 0.0618571268703736
2204 0.040352789570388264
2318 0.24620183258048087
2940 0.0591680234058706
3092 0.11038419230743031
3203 0.1277392903217422
3232 0.08017723620751624
3489 0.17507281884476167
3722 0.08356159263221671
3908 0.0620934321485438
3940 0.06701369390671691
4029 0.09120859975522555
4184 0.08862387875423045
4747 0.05895525836021836
4779 0.10978523277265859
4784 0.07557389776752978
4817 0.06162281575334131
4822 0.14963136289592707
4827 0.04418461404342644
5270 0.14963136289592707
5528 0.06483487437047075
5685 0.058120136683382125
5689 0.03182802375215484
6044 0.04652142533862334
6109 0.034682601582457145
6230 0.05671651713480963
6315 0.03650995183586858
6813 0.03786464502360181
6821 0.11501975379227168
6832 0.1365813819092264
6995 0.25382843806411554
7153 0.07596223560257725
7242 0.04123431448546747
7297 0.17507281884476167
7491 0.04145913921660962
7744 0.14028897484350691
7862 0.04734620982152343
8139 0.11406533470306503
8235 0.23825524165015752
8433 0.03970953989245073
8683 0.311959319132505
8744 0.048869694656003146
8968 0.07972575142100274
8997 0.08773069253421951
9099 0.21223140224547357
9126 0.05874411131535862
9496 0.060035772234042634
9652 0.04123431448546747
9859 0.11113992596039182
10048 0.06673180618004555
10567 0.027822832013994613
10992 0.08255181944020404
10999 0.01698234564142962
11098 0.0693781602864628
11317 0.0598162793709134
11849 0.06787694590070764
11875 0.06817076560117317
11912 0.08255181944020404
12023 0.05538045239634396
12182 0.07264848902485656
12335 0.0591680234058706
12374 0.12310091629024043
12413 0.33913001579672014
12523 0.053928320050224784
12614 0.06405996725991461
12667 0.09331439843196022
12695 0.0618571268703736
12724 0.12104325637573926
12885 0.08988617351196254
12900 0.06509805835605639
13480 0.08475419457114737
13557 0.0874164840689408
14163 0.022440080804213353
14170 0.1260878906425404
