12 0.01929127627202893
69 0.03749323107448256
206 0.042123902940677284
210 0.02147373840503434
212 0.03941513354580891
277 0.0278268756237777
318 0.020619728732033223
322 0.016261774214835278
348 0.06956892335922836
390 0.020619728732033223
429 0.03478446167961418
437 0.01782247264834482
443 0.03600248770254998
459 0.03207569228474581
472 0.02319620375758297
482 0.01747980023777107
483 0.01541333406890734
486 0.02525040059822795
513 0.0221104721039658
521 0.028231887342093104
617 0.05104623589444946
621 0.042123902940677284
622 0.042123902940677284
636 0.01747980023777107
637 0.01669293331422906
644 0.03749323107448256
663 0.026415194089813476
667 0.02580744372197001
694 0.042123902940677284
938 0.03286255920828783
968 0.013460856499190401
1010 0.018866965607204477
1027 0.014997515153836644
1044 0.03073508213742379
1054 0.01715385035742402
1064 0.02075469589488113
1107 0.011096365246747602
1127 0.012891013445061791
1162 0.017910959337164852
1319 0.015548523984826708
1322 0.042123902940677284
1381 0.03941513354580891
1450 0.02610441027122906
1461 0.03437806165151112
1471 0.037529938020331936
1538 0.0242588588862261
1593 0.019744375119671177
1604 0.022918707767674077
1614 0.027445020418551087
1620 0.02976662654626289
1625 0.022814348552356364
1682 0.054167632761468555
1695 0.027083816380734278
1790 0.03478446167961418
1808 0.036183056730770255
1842 0.02525040059822795
1846 0.0210330964831295
1928 0.02319620375758297
1942 0.013191800782150095
2044 0.0204874343627146
2057 0.07200497540509997
2095 0.01962818702003137
2352 0.02878453849226047
2365 0.01940170270909743
2371 0.033092199979161116
2404 0.03286255920828783
2479 0.41746118999773746
2480 0.03941513354580891
2542 0.023395640876360698
2558 0.010224393384565253
2565 0.0650913385903698
2575 0.027869720050387032
2590 0.03600248770254998
2617 0.018277113836369614
2638 0.03732901250958252
2648 0.02390367002193167
2656 0.03941513354580891
2667 0.04178489216206001
2695 0.026741143970160527
2730 0.0136936552220664
2760 0.039725239504584786
2763 0.03414957703891134
2779 0.02360121547589837
2831 0.04720243095179674
2897 0.027445020418551087
2903 0.03137181583635525
2926 0.02227961145046341
2940 0.014236293741009754
2941 0.03375463535087657
2965 0.011771752750740045
2995 0.055825128953992754
3007 0.042123902940677284
3010 0.05872770631513077
3015 0.023395640876360698
3090 0.02147373840503434
3121 0.028663046441486886
3142 0.017233859066251776
3151 0.03495960047554214
3153 0.022631305668400596
3184 0.01566310698549145
3208 0.015599782839930163
3210 0.0278268756237777
3225 0.020357708979137055
3236 0.014883313273131445
3247 0.024032374575292156
3249 0.015172563963202854
3250 0.0221104721039658
3258 0.029123963484681843
3288 0.03286255920828783
3316 0.021323605180423786
3321 0.010395701420365257
3358 0.026741143970160527
3421 0.052439400713313225
3432 0.0065464760738960445
3443 0.011665988314793985
3481 0.016996651402554245
3544 0.0313262139709829
3597 0.03749323107448256
3603 0.03749323107448256
3633 0.017513175058274034
3641 0.09858767762486349
3699 0.019513985139326173
3702 0.05220882054245812
3721 0.012643553772038666
3761 0.015989056865838496
3776 0.02162732326874897
3786 0.02710600963993381
3815 0.02498838084533178
3823 0.022631305668400596
3841 0.05868155783843639
3858 0.03207569228474581
3908 0.014940170189400316
3974 0.022631305668400596
3984 0.025291675086723094
3985 0.014287882007685876
4021 0.03073508213742379
4030 0.015856762496519874
4109 0.02473625102368272
4144 0.02227961145046341
4154 0.04639240751516594
4219 0.011096365246747602
4241 0.0204874343627146
4311 0.021784522223618746
4348 0.042123902940677284
4384 0.011736311567687278
4388 0.02580744372197001
4402 0.02498838084533178
4404 0.01433987174350892
4421 0.036001267604411746
4428 0.0210330964831295
4444 0.022453144514539548
4489 0.05203152975974707
4492 0.06958723905047848
4542 0.03070464633381407
4577 0.009378281125531426
4685 0.016996651402554245
4702 0.018970543609703648
4799 0.07496514253599536
4808 0.03531525825222014
4817 0.014826936167782261
4820 0.022814348552356364
4864 0.01918264546656306
4872 0.028231887342093104
4899 0.014997515153836644
4903 0.021176771855775288
4922 0.010906381429868942
4928 0.012099479635310191
4938 0.03137181583635525
4956 0.023395640876360698
4957 0.03547028536285671
4964 0.020619728732033223
4965 0.028663046441486886
4985 0.02757818932862631
4990 0.014826936167782261
5026 0.05489004083710217
5051 0.016402424616934773
5059 0.034175616071491666
5062 0.021945509467411885
5125 0.028231887342093104
5127 0.028663046441486886
5189 0.2379005559562387
5223 0.010813377876762348
5403 0.03941513354580891
5434 0.04046090941224978
5488 0.03749323107448256
5510 0.03749323107448256
5528 0.015599782839930163
5571 0.02976662654626289
5663 0.011258919430230661
5668 0.02580744372197001
5675 0.03749323107448256
5677 0.3565344111931533
5679 0.03600248770254998
5681 0.03207569228474581
5687 0.01918264546656306
5697 0.0702553385825134
5754 0.05489004083710217
5802 0.03207569228474581
5903 0.03082666813781468
6018 0.03478446167961418
6050 0.02498838084533178
6155 0.021784522223618746
6182 0.023395640876360698
6183 0.01940170270909743
6205 0.03207569228474581
6207 0.016261774214835278
6230 0.013646441970174889
6245 0.016562766010395743
6256 0.0278268756237777
6304 0.018371876380359815
6310 0.009503625277776514
6315 0.02635374830286993
6430 0.029619052711526508
6456 0.03749323107448256
6481 0.02473625102368272
6499 0.03137181583635525
6563 0.01383733059471219
6606 0.00878458276762331
6624 0.023813317332757784
6720 0.01449831349390592
6734 0.018091528365385127
6746 0.027445020418551087
6789 0.014715589467975573
6825 0.03749323107448256
6921 0.019744375119671177
6932 0.03749323107448256
6949 0.0204874343627146
6987 0.029619052711526508
7006 0.01579158493234847
7020 0.027869720050387032
7028 0.0278268756237777
7039 0.02147373840503434
7099 0.007638904159857584
7146 0.03749323107448256
7162 0.02580744372197001
7201 0.006213563558903809
7206 0.02999503030767329
7246 0.03478446167961418
7327 0.02319620375758297
7357 0.03375463535087657
7409 0.03749323107448256
7422 0.01156187222302407
7453 0.018091528365385127
7466 0.01206226144803433
7491 0.009975396340154062
7533 0.02988034037880063
7562 0.04947250204736544
7580 0.022974221678320642
7717 0.013235897624348791
7772 0.03941513354580891
7792 0.02227961145046341
7862 0.011391872023830553
7918 0.05220882054245812
7948 0.02498838084533178
7951 0.029123963484681843
8019 0.027083816380734278
8028 0.042123902940677284
8088 0.029123963484681843
8104 0.018565531891388248
8109 0.03375463535087657
8124 0.02156532440542523
8173 0.023002548246554542
8181 0.03286255920828783
8200 0.029619052711526508
8264 0.011631102348640551
8350 0.03375463535087657
8451 0.02227961145046341
8463 0.02757818932862631
8498 0.02227961145046341
8612 0.17771431626915907
8619 0.042123902940677284
8644 0.0485177177724522
8649 0.06572511841657566
8658 0.015945030667724642
8694 0.03600248770254998
8706 0.011000698017626716
8739 0.05754793639968919
8744 0.015677912676670246
8758 0.039027970278652346
8795 0.03437806165151112
8826 0.027445020418551087
8868 0.029123963484681843
8892 0.03600248770254998
8926 0.03749323107448256
8931 0.013460856499190401
9131 0.03073508213742379
9140 0.03600248770254998
9168 0.020357708979137055
9174 0.0630992894493885
9204 0.012212394672644882
9250 0.04806474915058431
9367 0.01929127627202893
9383 0.035422148862988445
9409 0.0136936552220664
9414 0.029123963484681843
9500 0.09674414417211845
9531 0.015291864407337503
9588 0.02525040059822795
9594 0.01929127627202893
9652 0.009921301734173606
9654 0.014445080962555649
9676 0.05540400738272075
9684 0.026741143970160527
9708 0.01191542812338583
9732 0.05660089682161345
9757 0.02075469589488113
9813 0.0409748687254292
9867 0.019862619752292393
9897 0.03073508213742379
9902 0.0369965888205575
9905 0.0320740605852966
9906 0.04414676840392672
9911 0.022814348552356364
9929 0.028663046441486886
9939 0.03478446167961418
9968 0.0278268756237777
9994 0.02473625102368272
10132 0.054167632761468555
10190 0.1902811499582385
10209 0.018091528365385127
10228 0.04947250204736544
10243 0.03073508213742379
10316 0.012523178491229293
10385 0.1669612537426662
10422 0.02360121547589837
10433 0.03137181583635525
10440 0.0210330964831295
10457 0.03286255920828783
10461 0.02360121547589837
10489 0.01918264546656306
10493 0.01782247264834482
10516 0.016025763811687875
10537 0.027445020418551087
10548 0.021945509467411885
10561 0.021323605180423786
10564 0.026415194089813476
10567 0.013388786255066861
10575 0.11772471574380458
10628 0.026830509267636072
10708 0.020619728732033223
10736 0.03600248770254998
10792 0.027445020418551087
10821 0.020892446081030004
10879 0.05732609288297377
10930 0.010813377876762348
11000 0.029796463343552078
11092 0.03478446167961418
11108 0.016056199615297594
11133 0.029123963484681843
11218 0.05660089682161345
11246 0.03879948833830088
11255 0.008323665724428346
11310 0.0582051081272923
11311 0.07275986800184167
11314 0.018277113836369614
11320 0.02010557915748799
11328 0.019744375119671177
11359 0.011226090630325147
11364 0.0221104721039658
11509 0.027083816380734278
11511 0.016473876071694687
11538 0.03600248770254998
11606 0.042066192966259
11675 0.03286255920828783
11699 0.03207569228474581
11733 0.011064323711286055
11748 0.042123902940677284
11796 0.02319620375758297
11820 0.028231887342093104
11906 0.026741143970160527
11953 0.03749323107448256
11955 0.017735142681428354
12007 0.019862619752292393
12014 0.03207569228474581
12028 0.02525040059822795
12041 0.01449831349390592
12064 0.052198871811633483
12078 0.014660604405834204
12088 0.042123902940677284
12138 0.03600248770254998
12175 0.012212394672644882
12262 0.02010557915748799
12264 0.02227961145046341
12318 0.0221104721039658
12336 0.022631305668400596
12378 0.037216752635995165
12415 0.03137181583635525
12488 0.07200497540509997
12523 0.012975579730419242
12529 0.028231887342093104
12572 0.021945509467411885
12576 0.03749323107448256
12582 0.014771030842902702
12610 0.036183056730770255
12611 0.01240493385860808
12614 0.01541333406890734
12636 0.06415138456949163
12637 0.030153789813419457
12678 0.048785322644505844
12695 0.014883313273131445
12763 0.015537053296063669
12807 0.010721651300712308
12810 0.01756383464562835
12815 0.06147016427484758
12834 0.005537581294409093
12847 0.019862619752292393
12877 0.02747526839435528
12903 0.021626755753524695
13079 0.019159952728199803
13088 0.05057421508815466
13116 0.04898658323697423
13122 0.01940170270909743
13139 0.042123902940677284
13148 0.03600248770254998
13192 0.042123902940677284
13209 0.05732609288297377
13234 0.042123902940677284
13338 0.018764969010165968
13378 0.03600248770254998
13501 0.03207569228474581
13554 0.03600248770254998
13574 0.028231887342093104
13608 0.04985733976659322
13616 0.041080965666199204
13666 0.01918264546656306
13723 0.2629403702412484
13726 0.13135478307116177
13744 0.018277113836369614
13754 0.017210451516308126
13761 0.015989056865838496
13786 0.00903933502201943
13812 0.03137181583635525
13822 0.010969110973735437
13855 0.028231887342093104
13872 0.0364107189867736
13873 0.03749323107448256
13874 0.007123336790880597
13912 0.012849128371576344
13919 0.014940170189400316
13925 0.020619728732033223
13948 0.025046356982458585
13971 0.021176771855775288
13973 0.043494940481717766
13982 0.02710600963993381
13989 0.03931341244570088
13997 0.050989954207662745
14006 0.03749323107448256
14040 0.015537053296063669
14041 0.08131802891980144
14060 0.016473876071694687
14065 0.013646441970174889
14072 0.010002608790559104
14076 0.02023045470612489
14163 0.016197782020334252
14189 0.016619113255531073
