47 0.04190875867446971
556 0.02300920214517968
762 0.028804645478743587
917 0.044145067080983834
960 0.04102807252619904
968 0.019046111706222883
1001 0.10563555776458373
1025 0.17880657764054259
1107 0.01570053228301746
1129 0.04921742853663193
1255 0.01985683284328287
1319 0.04400001213885705
1341 0.05576948513449499
1451 0.0261308511744693
1461 0.03242826846357455
1566 0.02172239649122857
1604 0.03242826846357455
1623 0.03152399466425412
1653 0.024041072201864997
1657 0.02669535438059935
1660 0.11044335576106419
1749 0.334322105635698
1854 0.059602192546847524
1871 0.017775800718536156
1963 0.012461738428809736
2046 0.025093909043351115
2274 0.059602192546847524
2352 0.020363991532360463
2384 0.02113923065403853
2424 0.030171316830409047
2456 0.03282090466931313
2485 0.02351481033485884
2488 0.028274453089091635
2489 0.04921742853663193
2558 0.014466756891919052
2659 0.07065307281691534
2744 0.05587364728558583
2776 0.019111078419421255
2793 0.016359190063874193
2940 0.06042989334820888
2965 0.01665615541493338
3130 0.02682237168896925
3220 0.019647541203705366
3225 0.08641393643623076
3281 0.03999796035404053
3341 0.06176988397921588
3391 0.03499995711406381
3443 0.11554554617998826
3448 0.046498079351121394
3728 0.045436658725061606
3756 0.02225258888088052
3762 0.05576948513449499
3790 0.05562555733646416
3852 0.04601840429035936
4143 0.03499995711406381
4184 0.030171316830409047
4276 0.04120824420723665
4278 0.03282090466931313
4439 0.03535670207660665
4447 0.22307794053797997
4509 0.046498079351121394
4577 0.01326957091771807
4630 0.030171316830409047
4692 0.03254689651122936
4738 0.059602192546847524
4747 0.12042518137155184
4808 0.01665615541493338
4817 0.02097901292756533
4881 0.03413440726936584
4887 0.02180872238400256
4928 0.05135959381228388
4985 0.019510544319374178
5051 0.023208212012796443
5223 0.015300126182520546
5414 0.10188168970168048
5520 0.02372487719234479
5528 0.022072533540491917
5613 0.042440739035130966
5685 0.019786552820193457
5739 0.03651561518468489
5962 0.038092223412445766
6044 0.01583786089058784
6062 0.02559816830408595
6068 0.048542847198315996
6072 0.09180316607073874
6175 0.06999991422812762
6245 0.01171754158500248
6505 0.02956125874304274
6563 0.03915758915321248
6636 0.024732618459387977
6655 0.03432448271329161
6681 0.03589430397746413
6706 0.03369407452213141
6737 0.025217474457282382
6752 0.022343919248964932
6775 0.015256665786139503
7046 0.03176953105514544
7064 0.08052572867259662
7093 0.04190875867446971
7099 0.021616963519450454
7153 0.05172151591034113
7181 0.04921742853663193
7206 0.021220369517565483
7242 0.014037904728542229
7453 0.07679450491225785
7536 0.07565242337184715
7566 0.019927639313397638
7580 0.032506816522049675
7614 0.03883266452641634
7851 0.06317634702720895
8020 0.030601055356912907
8074 0.0452466547224875
8087 0.023309310511915822
8127 0.2384087701873901
8156 0.02449920858659513
8250 0.012823448002580855
8401 0.04327370367793179
8433 0.013518806964062243
8463 0.039021088638748355
8474 0.14839571075632788
8744 0.011091540726930292
8811 0.04921742853663193
8951 0.032021615849181485
8996 0.010384764010215592
9022 0.04538472112427941
9028 0.024851520902134643
9103 0.03369407452213141
9122 0.059602192546847524
9336 0.039372961267176196
9366 0.023411501988958767
9375 0.027610838940266048
9441 0.059602192546847524
9497 0.015434704850974524
9531 0.021636851838965895
9639 0.047760300805099715
9645 0.015300126182520546
9680 0.03535670207660665
9755 0.2936488981865929
9902 0.00654342800797924
9908 0.05068535309350857
9922 0.043487857382961986
9965 0.07475107358976825
9979 0.26256723735450505
10015 0.2980109627342376
10018 0.04190875867446971
10028 0.046498079351121394
10030 0.13128361867725252
10048 0.045436658725061606
10068 0.03636112372304983
10209 0.02559816830408595
10319 0.03883266452641634
10327 0.025342676546754286
10329 0.038321587653008506
10335 0.02252927066917908
10393 0.05305013594898446
10489 0.027142017924268354
10645 0.023108183359138154
10648 0.04055608084062464
10949 0.02021629134669732
10950 0.12893917027969592
10999 0.0346890525267129
11000 0.026828951886467695
11141 0.059602192546847524
11245 0.09753851990766711
11255 0.011777368490798178
11324 0.04266537193876887
11325 0.019308701357307504
11356 0.01665615541493338
11359 0.01588408406123448
11364 0.03128467505725104
11448 0.059602192546847524
11617 0.028988197256960606
11861 0.0568958010324015
11905 0.020821465621213387
11956 0.03693580078509892
11957 0.016808211555311134
11987 0.02699077278466853
12041 0.04102807252619904
12042 0.038321587653008506
12276 0.037375536794884125
12291 0.03535670207660665
12333 0.023108183359138154
12379 0.03783673165511411
12413 0.019242366912721114
12523 0.036718962276052806
12587 0.03572744055696988
12614 0.04361744476800512
12672 0.15134692662045643
12695 0.021058782342402983
12834 0.00783526604877998
12865 0.04687016634000992
12875 0.059602192546847524
12877 0.012958487721511114
12883 0.059602192546847524
12919 0.08008606314179806
12966 0.059927117173643664
13024 0.17069240983841744
13129 0.03693580078509892
13178 0.05576948513449499
13271 0.03693580078509892
13315 0.10188168970168048
13338 0.02655103677488333
13617 0.03105126518445819
13754 0.012175755016549375
13761 0.02262332736124375
13884 0.029175383959106814
14014 0.17652232120097666
14072 0.01415294817161849
14110 0.060767488374471726
