336 0.04091898783823026
555 0.10056701379873155
583 0.0550751391281976
637 0.0367917245390728
702 0.08917705508515789
817 0.041358553215915056
887 0.09284234258474981
917 0.034382388182599186
1027 0.03305497218036489
1107 0.02445672104825832
1162 0.07895258068296396
1164 0.07666599442204768
1318 0.031490919491391434
1319 0.034269412132096
1481 0.0550751391281976
1534 0.0724300638647903
1567 0.02650400964278735
1758 0.07935056022445686
1820 0.055652638504184115
1909 0.10593614540354987
1944 0.0706957856193253
1968 0.07666599442204768
2054 0.09284234258474981
2479 0.07077668882638535
2498 0.08687213378202743
2542 0.05156469257589482
2565 0.0573853032110314
2608 0.04300940717792633
2694 0.059693541751432044
2695 0.05893828150449733
2770 0.03524035978422459
2816 0.09673711911451696
2965 0.025945295317158137
2995 0.04101341823654148
3120 0.055652638504184115
3215 0.05201778514483077
3232 0.04251855017012743
3249 0.066881569988636
3321 0.022912437008449797
3373 0.09284234258474981
3374 0.09284234258474981
3421 0.0385260027845378
3474 0.18568468516949962
3481 0.037461128294113806
3548 0.0575349013786172
3721 0.027866770855622093
3725 0.08263620322477006
3756 0.03466286040823808
3840 0.03987426988297488
3841 0.15520309133506874
3928 0.03494877903550788
3990 0.08263620322477006
3991 0.034107158736663624
4000 0.0706957856193253
4190 0.04732876201863745
4237 0.09284234258474981
4444 0.04948740239145228
4489 0.057339524283470535
4577 0.020670012233645185
4758 0.04948740239145228
4808 0.025945295317158137
4835 0.03947629034148198
4854 0.06528127848817736
4953 0.08687213378202743
4956 0.05156469257589482
5002 0.03834308929392101
5189 0.09533453530818715
5208 0.04604757634210839
5350 0.04070403005500692
5365 0.0631742120617547
5474 0.07934787109165031
5571 0.06560653563589312
5613 0.03305497218036489
5677 0.12407565964774517
5697 0.038711217134076575
5737 0.08263620322477006
5761 0.1587011204489137
5847 0.09209515268421678
5974 0.0385260027845378
6183 0.042761933341795184
6230 0.09023149936335276
6315 0.09680741643578811
6408 0.18568468516949962
6519 0.1151493690558034
6780 0.09284234258474981
6866 0.028136949933941245
7087 0.06914442086447709
7153 0.040283305814430674
7206 0.03305497218036489
7344 0.05156469257589482
7533 0.03292858216277308
7571 0.03816242019727873
7598 0.0285985660033417
7627 0.028228122650264028
7668 0.05451943745662315
7717 0.08751694329371955
7862 0.05021605365521707
7865 0.06283882348786661
7891 0.024814995332879387
7948 0.1101502782563952
7974 0.18568468516949962
7979 0.07666599442204768
8027 0.039088785171151934
8074 0.03524035978422459
8110 0.09284234258474981
8349 0.04091898783823026
8433 0.02105824725337145
8644 0.10693450180064884
8660 0.0575349013786172
8744 0.043193235850886226
8974 0.06914442086447709
8996 0.016176348162702144
8997 0.011631050246985658
9084 0.0631742120617547
9131 0.06774104073859696
9174 0.09271514807423532
9497 0.03606396243751448
9645 0.023833008416778552
9654 0.0318373906919005
9722 0.03599562003115931
9781 0.033571668937365504
9902 0.02038539720893499
9928 0.06419008701730479
9943 0.09284234258474981
9945 0.09284234258474981
9952 0.06914442086447709
9965 0.0582198782145824
9966 0.03509384766354728
9974 0.05112512719821002
10025 0.05398394765732502
10068 0.02831986342455804
10190 0.06989755807101576
10268 0.04732876201863745
10385 0.1839937996745693
10516 0.017660631495642332
10567 0.014754642774168837
10569 0.040283305814430674
10575 0.22703519672725045
10595 0.03524035978422459
10602 0.050283506899365775
10608 0.04377780829734527
10859 0.09284234258474981
10924 0.025256758866370504
10927 0.05201778514483077
10930 0.023833008416778552
10999 0.018011713781021548
11000 0.005970208802722381
11218 0.2910834973753324
11311 0.19243791158558435
11314 0.040283305814430674
11356 0.025945295317158137
11430 0.048732142144517564
11511 0.03630891582152144
11594 0.0706957856193253
11636 0.03798394108303674
11706 0.06774104073859696
11726 0.05451943745662315
11956 0.0575349013786172
11967 0.05112512719821002
11998 0.08687213378202743
12064 0.019174645909465656
12314 0.0582198782145824
12409 0.10056701379873155
12529 0.06222392450481054
12822 0.05688037821770906
12865 0.0182524159531677
12928 0.03928126303147252
12966 0.0466742388577293
12984 0.0466742388577293
13270 0.06914442086447709
13291 0.09284234258474981
13723 0.10536880802970115
13726 0.08271710643183011
13744 0.08056661162886135
13822 0.04835249764523885
13912 0.02831986342455804
13948 0.05520292026928625
13971 0.0466742388577293
13989 0.028882645811172173
14041 0.029871228179406246
14062 0.018206040019897042
14072 0.08818419635826716
14163 0.035700396270564434
14189 0.07325804584146467
