175 0.03189052435245318
599 0.04001179468000404
617 0.04476243327984071
627 0.07387688286232996
637 0.02927605926783947
741 0.09760552500453541
817 0.03290999458031211
1002 0.05181085508025057
1008 0.03189052435245318
1047 0.04578190350769964
1054 0.030084415379981296
1091 0.03402669786767615
1240 0.03172891466710296
1397 0.044348518336295085
1458 0.02027720653265379
1461 0.020097409913474723
1462 0.07387688286232996
1471 0.06581998916062422
1593 0.34627676593976997
1604 0.040194819826949446
1625 0.08002358936000808
1726 0.06314114745016539
1790 0.18301492180482729
1808 0.06345782933420592
1963 0.015446317506567414
1973 0.06314114745016539
2093 0.0539031738352505
2214 0.14439919502266468
2232 0.05625433533510576
2565 0.09132572930224665
2575 0.02443895151961514
2638 0.3928056365176693
2667 0.036641162952289856
2695 0.04689860679506367
2763 0.209620297337866
2897 0.0481330650075549
2917 0.05625433533510576
2940 0.024967605840784623
2948 0.07387688286232996
2969 0.034627676593977
3010 0.017166104346686768
3121 0.05026923852277786
3135 0.04382461158050005
3168 0.04139180155212653
3171 0.061004973934942426
3208 0.027358892436114227
3281 0.024788724252761254
3297 0.02758207092539833
3313 0.04382461158050005
3316 0.03739732959539033
3332 0.02175576766658947
3343 0.04295632430736882
3396 0.030803445648323765
3421 0.030656066139961958
3432 0.011481206923141956
3443 0.040919610579251246
3481 0.02980871992053278
3633 0.02047639925720499
3721 0.08869703667259017
3734 0.057879058357668475
3841 0.10291569090153978
3847 0.029406971427844302
3880 0.07387688286232996
3908 0.026202064053275846
3984 0.014785509630207664
4070 0.11526868441445648
4489 0.060835249677948684
4555 0.037929990248083634
4660 0.029406971427844302
4698 0.09760552500453541
4730 0.06912624426249328
4798 0.04632695603508302
4835 0.06282446556612487
4842 0.08068371844551024
4985 0.024183308292388322
5350 0.0647783495478591
5613 0.02630263562724356
5687 0.03364251536992309
5697 0.0924103369449713
5699 0.049513071879677385
5945 0.03937831519381367
5986 0.13825248852498656
6068 0.030084415379981296
6083 0.04139180155212653
6278 0.0758579898802547
6307 0.05501987712261453
6310 0.016667453925210397
6446 0.03172891466710296
6624 0.041763785697473944
6813 0.015978048240102547
6866 0.02238924715277984
6949 0.10779256072464055
7020 0.02443895151961514
7064 0.03327053122457567
7099 0.04019132049153541
7170 0.033455047107695486
7201 0.010897345097514798
7242 0.017399974714821374
7338 0.03688783556700643
7418 0.06760438743723331
7422 0.02027720653265379
7497 0.06546760608627822
7580 0.013430726699856033
7715 0.05763434220722824
7726 0.06581998916062422
7891 0.059237664164805026
7948 0.04382461158050005
8027 0.03110388560784023
8076 0.04526108370131708
8104 0.032560221847166
8306 0.02889187677008642
8349 0.097680665541498
8517 0.02313577453871196
8703 0.11839772992494109
8744 0.0068739791275474775
8795 0.020097409913474723
8981 0.026609636153831755
8996 0.02574381785477506
9031 0.05501987712261453
9094 0.03289525080981233
9102 0.031257044866262816
9111 0.06314114745016539
9126 0.07436617275828376
9174 0.1106635067010193
9269 0.048802762502267706
9270 0.04295632430736882
9385 0.03383303202983338
9497 0.03826261530207388
9500 0.05655661281501884
9531 0.026818865221450952
9653 0.07387688286232996
9695 0.03442390595479442
9725 0.03656561526810159
9732 0.1654443808416774
9758 0.05728515956329821
9781 0.026713783652267117
9949 0.0342236187455252
9979 0.04068149217471686
10031 0.03364251536992309
10068 0.0225347958124111
10070 0.04295632430736882
10156 0.019127607061506628
10190 0.1112383329893173
10234 0.02953936285259793
10242 0.02524115561458897
10453 0.05107759463491968
10464 0.051945881908050905
10489 0.03364251536992309
10516 0.014052988840596687
10531 0.030656066139961958
10561 0.03739732959539033
10564 0.04632695603508302
10575 0.1548491668837211
10595 0.028041601055348243
10608 0.034835053979817975
10616 0.029018543046215366
10628 0.023527667807672747
10675 0.047499585521364525
10715 0.04689860679506367
10732 0.01986189411575158
10778 0.06912624426249328
10827 0.03639957673506027
10924 0.020097409913474723
10926 0.11250867067021152
10930 0.09482248735031838
10970 0.04382461158050005
10999 0.014332353451074104
11000 0.042755747398530046
11161 0.049513071879677385
11218 0.09926662850500645
11259 0.02889187677008642
11277 0.047499585521364525
11310 0.0680533957353523
11311 0.12760622521186116
11600 0.036641162952289856
11842 0.02640407796160165
11849 0.028642579781649104
11905 0.05161638896124037
11957 0.020833768409123054
12007 0.06967010795963595
12064 0.022886589733889347
12069 0.02746995029536759
12202 0.05501987712261453
12398 0.035480162763665085
12472 0.04139180155212653
12733 0.04392629010486089
12735 0.018385135938875283
12770 0.03688783556700643
12898 0.04034185922275512
13088 0.06652277750444263
13129 0.04578190350769964
13300 0.05107759463491968
13336 0.012524024584353857
13338 0.03290999458031211
13349 0.04139180155212653
13428 0.08429593639045399
13616 0.0240159266396189
13723 0.0838444924097834
13726 0.06581998916062422
13754 0.030183682468091392
13786 0.015853181874327747
13872 0.08514280440117379
13971 0.11141944012129869
13973 0.02542713597073453
13987 0.04139180155212653
13989 0.045965230560578746
14010 0.03907397298066338
14041 0.047538508049804654
14130 0.1315112250695582
