898 0.3963803249924488
1012 0.05980441192226507
1319 0.037361845725229714
1653 0.1633124696130633
1910 0.13189632916980878
2176 0.071526796361333
2716 0.08243863035143215
3092 0.12763974086978316
3602 0.12545357363226686
3915 0.05999382905323857
3991 0.07436990152811282
4384 0.11280563032299895
4452 0.05691652388999585
4735 0.10177214040457759
4779 0.1269471503981618
4827 0.1021833392815378
4899 0.1441512642579455
5798 0.05573041130624602
6154 0.06649997278624643
6210 0.07235360884876295
6486 0.11342362431301185
6606 0.04221728396145399
6752 0.07589180305153467
6813 0.04378374636721904
6935 0.12402640042794238
7020 0.13393736690942976
7034 0.14491423676477513
7099 0.036711337874762974
7475 0.0932414451855957
7641 0.09845929590647819
7792 0.21414441824641223
8261 0.17302213285065648
8433 0.13775112022782499
8744 0.056509134432084704
9138 0.1010816598017184
9240 0.1801864043831063
9496 0.06942072275646581
9652 0.09536034292319476
9765 0.11885779515269182
10405 0.20244066440647113
10445 0.07019440141203452
10549 0.20244066440647113
10567 0.03217217061877012
10999 0.019637070777273412
11000 0.013017907594966337
11071 0.1087623946515363
11219 0.1477078336556317
11733 0.05317335021105259
11875 0.15765479955670716
12341 0.1801864043831063
12413 0.13071457193466604
12558 0.1784458869561594
12614 0.07407399058018839
12667 0.05395077585974855
12877 0.044013898683070526
12900 0.07527435881898234
12903 0.051967345118348836
13480 0.1470047912643046
13816 0.08481794909984128
13874 0.0342336044874037
13924 0.2954156673112634
14074 0.12265997674141033
14170 0.04859942760526374
14171 0.0686652500047444
