960 0.06650794691565391
968 0.061748832363411964
1001 0.08561947510117776
1111 0.0809607777816024
1195 0.1651537981958479
1252 0.19323449598715803
1480 0.12424127971024557
1959 0.2921659138156886
1963 0.040401831568899454
2425 0.22833901339908608
2456 0.1064076789898685
2471 0.09648488184227706
2575 0.06392322329229476
2659 0.05726555656903733
2776 0.0619594590122716
2848 0.05256736241179196
2879 0.12424127971024557
2965 0.0540004261447033
2969 0.18114629027628745
2995 0.042680995443507876
3332 0.056905010566041886
3544 0.07185119071698512
3786 0.062171543296593704
3832 0.08175682401267181
3840 0.08299106021219885
3847 0.07691771880735028
3991 0.07098786442206563
4452 0.054328194582198897
4489 0.07956121288764798
5049 0.08135621625879287
5247 0.06716857515847537
5360 0.10067038344212266
5366 0.19323449598715803
5459 0.09458864470696403
6720 0.13301589383130782
6788 0.13148566362374606
7025 0.06827405197953135
7468 0.03957629864196033
7865 0.04359587104709135
8250 0.04157451942138834
8268 0.19244818343862716
8433 0.043828922031600985
8970 0.09648488184227706
8975 0.1276499068386554
9105 0.054163872168264335
9375 0.26854883948495467
9497 0.10008079519035601
9719 0.10034851947780761
9902 0.04242850670824858
10040 0.19521344964116358
10156 0.05003071822695022
10277 0.13360002308039706
10567 0.06141822536057805
10598 0.07832698119855841
10613 0.09398177226655356
10628 0.06153964345032114
10732 0.051951340529075914
10745 0.10551932528908696
10786 0.12589822684295435
10999 0.03748811520092287
11000 0.01242590672331496
11339 0.08299106021219885
11636 0.07905668369027279
11714 0.06602149135620279
11943 0.15956636141505617
11956 0.11974846131676695
12041 0.06650794691565391
12064 0.01995427374457713
12074 0.11462891235370425
12183 0.09648488184227706
12215 0.05584814525621638
12245 0.07557042243098577
12513 0.06554263697661945
12584 0.08299106021219885
12695 0.06827405197953135
12764 0.05952272781750058
12834 0.02540248304911346
12865 0.0379890931127546
12903 0.04960408409632665
13079 0.043946115508164914
13122 0.08900120792617232
13202 0.18080858926384308
13336 0.03275819829591641
13650 0.1651537981958479
13754 0.03947465325267589
13786 0.08293207538241976
14041 0.062171543296593704
14212 0.19591796014082175
