287 0.06098191284453192
320 0.0458709242633362
322 0.03348095253163255
326 0.032117995359386954
337 0.08668171199414586
339 0.03842787629980354
365 0.06603982545921146
437 0.03669423476505924
965 0.04775807280691475
1054 0.03531762536880477
1108 0.06949655855351035
1112 0.04245343403320258
1162 0.03687641775376179
1249 0.03483495779040908
1255 0.028893903998048615
1318 0.05883391233417678
1319 0.03201245980884542
1329 0.04191396824102207
1436 0.06603982545921146
1602 0.05729204510866967
1625 0.04697188085570161
1714 0.03994567129357463
1773 0.05901361589708448
1838 0.041142479246377005
1942 0.02716026246330431
1996 0.20579176217110803
2246 0.07412460447828022
2391 0.10626857645456601
2479 0.03305770022730825
2485 0.13686667510575748
2558 0.02105074299095074
2573 0.0458709242633362
2695 0.055056659874770354
2740 0.041651967661141875
2763 0.03515484696534698
2787 0.13531977143267623
2793 0.023804444088439274
2827 0.05650585315745652
2843 0.05144794054277701
2857 0.09718388222565655
2859 0.0632796773896997
2897 0.11301170631491304
2927 0.022200148434252897
2929 0.0370610462246576
2995 0.13409309131154984
3010 0.02015216299537981
3044 0.031988843100059124
3105 0.04735936041018766
3130 0.01951476951781918
3144 0.0632796773896997
3159 0.08035369345575195
3249 0.031238405300924855
3297 0.03237999593926715
3353 0.03633695196158127
3432 0.013478372764493698
3536 0.04421173278618985
3629 0.07161684173865225
3633 0.02403828655913498
3692 0.06765988571633812
3693 0.041142479246377005
3841 0.02416359280992317
3852 0.03348095253163255
3908 0.030759935682140478
4025 0.03782538810843273
4241 0.042181056527473955
4266 0.05729204510866967
4414 0.04994594637160481
4489 0.017854398450212035
4532 0.048591941112828274
4535 0.030759935682140478
4544 0.06765988571633812
4766 0.06098191284453192
4835 0.03687641775376179
4933 0.05729204510866967
5070 0.04041197406984987
5189 0.044527944748284115
5208 0.043014924833387466
5247 0.015073356233343943
5551 0.021888239046999946
5571 0.030642874426121045
5647 0.191032291227659
5677 0.0772694330134981
5689 0.015767013186899225
5798 0.047751055052049525
5957 0.13656806271904628
6037 0.1265593547793994
6102 0.026115105600852666
6183 0.03994567129357463
6186 0.05576217936856909
6219 0.05144794054277701
6315 0.07234541440986857
6487 0.0525488971351424
6629 0.0333384163901942
6775 0.022200148434252897
6819 0.05092883687801573
6855 0.0525488971351424
6866 0.05256775199013016
6923 0.13358383424485235
6937 0.04659501852641251
6989 0.06765988571633812
7006 0.03251289179976839
7025 0.030642874426121045
7078 0.03971831711629459
7204 0.05438556997231462
7245 0.027999787612628727
7269 0.06603982545921146
7367 0.08115081404040718
7442 0.03052680104057712
7468 0.05328810204057468
7479 0.047326739763815885
7497 0.03842787629980354
7533 0.030759935682140478
7571 0.035649077902607594
7792 0.0458709242633362
7965 0.03499397244652919
8097 0.05092000028954853
8115 0.023663369881907943
8175 0.12196382568906385
8289 0.05198740633495751
8433 0.019671370236663932
8460 0.07161684173865225
8601 0.05650585315745652
8658 0.032828817314072
8715 0.039057968811073346
8744 0.01613942744463304
8826 0.05650585315745652
8875 0.03616173157214646
8882 0.05650585315745652
8996 0.015110988581195722
8997 0.010865039853355572
9094 0.01930870402233068
9174 0.043304506362071615
9204 0.025143788182679996
9250 0.04947964359532955
9251 0.05144794054277701
9287 0.04816868880850398
9290 0.06098191284453192
9652 0.04085343063130642
9792 0.07412460447828022
9832 0.07412460447828022
9902 0.1237784176483344
9905 0.0220121553315987
9932 0.030642874426121045
10040 0.02920534253841886
10113 0.03743790855394668
10156 0.0224548707983042
10190 0.03264708422571903
10279 0.07412460447828022
10316 0.0515673061340997
10385 0.11458409021733934
10495 0.06556519753164139
10496 0.0448515976705597
10516 0.032995036726852715
10546 0.06459063217652528
10554 0.06765988571633812
10575 0.0302975521577965
10602 0.04697188085570161
10624 0.04041197406984987
10706 0.055056659874770354
10708 0.04245343403320258
10732 0.023316887718607817
10882 0.05729204510866967
10949 0.02941695616708839
10950 0.026802979659826347
10999 0.008412739344357606
11000 0.04461613023552639
11001 0.05313428822728301
11057 0.05198740633495751
11097 0.024018806056590788
11200 0.0333384163901942
11246 0.026627759270391536
11255 0.017137383247796203
11262 0.028893903998048615
11311 0.029960687617408135
11325 0.0561926232393864
11364 0.045522687573015426
11561 0.06208286943689732
11634 0.035817848296820005
11815 0.03319734218366287
11876 0.0898820628522244
12023 0.027434449905815568
12064 0.017911821164586415
12175 0.025143788182679996
12256 0.03724818672451842
12342 0.06949655855351035
12348 0.09633737761700796
12354 0.023248626464065773
12401 0.04735936041018766
12415 0.06459063217652528
12441 0.053745705087944774
12771 0.05729204510866967
12807 0.04414906928573431
12834 0.011401185012704668
12957 0.11174456017355526
13043 0.07063525073760954
13079 0.019723969209213352
13186 0.06098191284453192
13210 0.06098191284453192
13227 0.08115081404040718
13266 0.06949655855351035
13305 0.06459063217652528
13323 0.06098191284453192
13336 0.014702589456806832
13472 0.05996258625175541
13624 0.4907356997789469
13628 0.039494659919163067
13632 0.0632796773896997
13676 0.13401489829913177
13695 0.035988715271260505
13744 0.03763028392144812
13754 0.017717080026231093
13763 0.07161684173865225
13787 0.047893960459755254
13812 0.06459063217652528
13872 0.02498836715546595
13874 0.043998169783601465
13948 0.07735095920114954
13973 0.029850208191634815
14041 0.027903936252191754
14163 0.04446560084411926
14194 0.07161684173865225
14234 0.06765988571633812
