194 0.08505853950858806
1012 0.09073199453308098
1194 0.13908428774806103
1458 0.08429941285199262
1489 0.13986365863471256
1492 0.1325800215194699
1519 0.08661323449831292
1779 0.16771516531922007
2204 0.07079128995132133
3078 0.2879186342162201
3092 0.12909870580400498
3304 0.19259729818742743
3432 0.04773137763796453
3790 0.19109347935196735
3865 0.08767796850278899
4405 0.16000813079015253
4458 0.1803558625482323
4549 0.23960604239820266
4827 0.07751349677274194
5247 0.05337974184395786
5844 0.2391852699778435
6154 0.10089013457960982
6862 0.13190815374694018
7034 0.21985598244821256
7201 0.04530406059072724
7321 0.2058430919088264
7468 0.06290360037153943
8097 0.09016228463232455
8202 0.10532133725868476
8433 0.06966283080520605
8517 0.09618347607934766
8997 0.03847670110877293
9050 0.26249975055875774
9496 0.10532133725868476
9652 0.07233775765596002
9765 0.09016228463232455
10123 0.2058430919088264
10445 0.10649512035078615
10460 0.09554673967598368
10999 0.029792293597422168
11003 0.07253456455495731
11098 0.12171077919064864
11246 0.18859541216073678
12064 0.03171584267363432
12254 0.15440314501897623
12667 0.08185117691191209
12999 0.13326128634831058
13051 0.13536418735127848
13088 0.09218612165795745
13336 0.05206673401016923
13480 0.07434255260111709
13676 0.18983643891138677
13874 0.05193735905698925
13982 0.09881707103009361
14171 0.1041751751717107
