287 0.06035576161648327
320 0.045399929927155906
322 0.033137176179497345
326 0.03178821360445887
337 0.08579167988654592
339 0.03803330583105215
365 0.06536174050118752
437 0.03631746501336215
965 0.04726770157153675
1054 0.03495499039287646
1108 0.06878298048661083
1112 0.042017529867281425
1162 0.036497777380157574
1249 0.0344772787576917
1255 0.028597226628848636
1318 0.058229816386040995
1319 0.031683761673821864
1329 0.04148360321207626
1436 0.06536174050118752
1442 0.07640124547543523
1602 0.056703780773740255
1625 0.0464895820967805
1714 0.03953551638092922
1773 0.058407674785336226
1838 0.04072003572659497
1942 0.026881385811158644
1996 0.20367872965711908
2246 0.0733635064746636
2391 0.10517742997282728
2479 0.032718269753118895
2485 0.13546135289300748
2552 0.045399929927155906
2558 0.02083459777739005
2573 0.045399929927155906
2695 0.05449134807025657
2740 0.04122429280666238
2763 0.0347938833685616
2787 0.13393033254646342
2793 0.023560024371120942
2827 0.055925661298984006
2843 0.05091968241427977
2857 0.09618601573764941
2859 0.06262993313177363
2897 0.11185132259796801
2927 0.021972201333931393
2929 0.03668051011937834
2995 0.11375678378955739
3010 0.019945244238345036
3044 0.031660387457120825
3105 0.04687308308143218
3130 0.019314395401483726
3144 0.06262993313177363
3159 0.07952863629554391
3249 0.030917655017290394
3297 0.0640950480197455
3353 0.0359638507249524
3432 0.013339979275917815
3523 0.04072003572659497
3536 0.04375777472736662
3629 0.07088149298831137
3633 0.02379146578971175
3692 0.06696516627323171
3693 0.04072003572659497
3841 0.023915485418628746
3852 0.033137176179497345
3908 0.030444098237828548
3978 0.048971595583132715
4025 0.03743700387922868
4241 0.04174794908441289
4266 0.056703780773740255
4414 0.04943311044701906
4489 0.01767107272305468
4532 0.04809300786882471
4535 0.030444098237828548
4544 0.06696516627323171
4766 0.06035576161648327
4835 0.036497777380157574
4933 0.056703780773740255
5070 0.03999703124481556
5189 0.04407073988234785
5208 0.04257325538170085
5247 0.01491858574360242
5551 0.021663494575732835
5571 0.030328238945568447
5647 0.189070806286147
5677 0.0764760444804855
5689 0.015605120353284685
5798 0.0472607558737065
5957 0.1351658066041592
6037 0.12525986626354726
6102 0.02584696042993482
6183 0.03953551638092922
6186 0.05518962341776917
6219 0.05091968241427977
6315 0.07160258480739425
6487 0.05200933458390436
6629 0.03299610357332444
6775 0.021972201333931393
6819 0.050405908811860155
6855 0.05200933458390436
6866 0.052027995840658564
6916 0.05091968241427977
6923 0.13221221964704358
6937 0.046116589321581844
6989 0.06696516627323171
7006 0.032179055319765885
7025 0.030328238945568447
7078 0.03931049663513329
7204 0.053827148797283474
7245 0.02771229086841466
7269 0.06536174050118752
7367 0.08031757219051487
7442 0.030213357380508853
7468 0.05274094946734937
7479 0.023420398688972416
7497 0.03803330583105215
7533 0.030444098237828548
7571 0.03528303963213833
7792 0.045399929927155906
7965 0.03463466068014435
8097 0.050397162955881696
8115 0.023420398688972416
8175 0.12071152323296654
8289 0.051453609069484936
8433 0.019469388172531434
8460 0.07088149298831137
8601 0.055925661298984006
8658 0.03249173696815048
8715 0.0386569286666212
8744 0.015973710728920582
8826 0.055925661298984006
8875 0.03579042946671741
8882 0.055925661298984006
8997 0.01075347959344178
9094 0.0191104457491533
9174 0.04285986353973543
9204 0.024885616322959596
9250 0.048971595583132715
9251 0.05091968241427977
9287 0.047674101442446264
9290 0.06035576161648327
9652 0.04043395501031355
9792 0.0733635064746636
9832 0.0733635064746636
9902 0.13193113585173427
9905 0.043572277020762586
9932 0.030328238945568447
10040 0.028905467374734938
10113 0.037053502894577
10156 0.02222430825491732
10190 0.03231186988220939
10279 0.0733635064746636
10316 0.05103782238134591
10385 0.11340756154748051
10495 0.06489198596715091
10496 0.04439106959507997
10516 0.032656249670128215
10546 0.06392742727246009
10554 0.06696516627323171
10575 0.02998646238370501
10602 0.0464895820967805
10624 0.03999703124481556
10706 0.05449134807025657
10708 0.042017529867281425
10732 0.023077474141724782
10882 0.056703780773740255
10949 0.029114908193020497
10950 0.026527771522748895
10999 0.00832635886158803
11000 0.0496777723841147
11001 0.05258871498641364
11057 0.051453609069484936
11097 0.023772185309436818
11200 0.03299610357332444
11246 0.02635435026451391
11255 0.016961419702777456
11262 0.028597226628848636
11311 0.029653056707360285
11325 0.05561564756893935
11356 0.023987705135328413
11364 0.04505526886805307
11561 0.061445413786107864
11570 0.051453609069484936
11634 0.03545007712253279
11815 0.03285647789117593
11876 0.08895917012208086
11957 0.0242066919164032
12023 0.027152757946706976
12064 0.017727905831405797
12175 0.024885616322959596
12256 0.036865729094506014
12342 0.06878298048661083
12348 0.09534820288489253
12354 0.02300991378137195
12401 0.04687308308143218
12415 0.06392742727246009
12441 0.053193853929570115
12771 0.056703780773740255
12807 0.043695754644375924
12834 0.011284119711471582
12957 0.11059718728351807
13043 0.06990998078575292
13079 0.03904289413672867
13088 0.02576420403726761
13186 0.06035576161648327
13210 0.06035576161648327
13227 0.08031757219051487
13266 0.06878298048661083
13305 0.06392742727246009
13323 0.06035576161648327
13336 0.014551625933124906
13472 0.05934690128440733
13624 0.4856969145600038
13628 0.039089135909563796
13632 0.06262993313177363
13676 0.13263885761374447
13695 0.03561918966584956
13744 0.03724390298667318
13754 0.017535164259762058
13763 0.07088149298831137
13787 0.047402193954587675
13812 0.06392742727246009
13874 0.043546404550980286
13948 0.07655673357201886
13973 0.029543711664306287
14041 0.027617423692373487
14163 0.04400903611409107
14194 0.07088149298831137
14234 0.06696516627323171
