79 0.04419921872673705
213 0.06032391152386867
920 0.02931326027028769
962 0.0418110447824209
1001 0.033355893560896736
1002 0.05279549599166138
1024 0.03810804823996974
1029 0.07963311088703696
1068 0.06032391152386867
1111 0.03154094419639108
1250 0.21971031311865633
1255 0.025080282313769325
1307 0.03733751100577425
1354 0.05732342249704071
1403 0.03709133355621027
1519 0.021229704370471433
1604 0.04095870345649192
1616 0.05492757827966408
1625 0.04077220000278589
1672 0.041454624783133
1967 0.042178433255890026
2182 0.020974311032139124
2395 0.12064782304773734
2401 0.07528087824439966
2693 0.050339429633265945
2848 0.12287611036947577
2926 0.03981655544351848
2940 0.025442103436563293
2965 0.021037649023160285
2995 0.01662779104175078
3110 0.04720737802662549
3147 0.0291869185272204
3151 0.06247734049189292
3333 0.0411085372667977
3648 0.04668422505548273
3852 0.02906189975864685
3853 0.06216434474715647
3862 0.07043995599428388
3882 0.0375888715174151
3928 0.028338091285889815
3938 0.034874022509392345
3991 0.027655666505542704
4052 0.03169500031200568
4150 0.033179013536005594
4184 0.03810804823996974
4236 0.04077220000278589
4241 0.07322740506603445
4357 0.06700526699727224
4508 0.0418110447824209
4747 0.025350614994199133
4758 0.040126681537163957
4817 0.02649765806260201
4827 0.018999274542031524
4843 0.04377268902961385
4928 0.021623339473769442
5056 0.05732342249704071
5260 0.020786288511519438
5374 0.0337177146836907
5390 0.01932490881715394
5548 0.03154094419639108
5551 0.03799854908406305
5613 0.02680250483566332
5689 0.013685971338420139
5833 0.07528087824439966
6210 0.026905875033833026
6417 0.06308188839278216
6518 0.05606550398732869
6601 0.03733751100577425
6723 0.02957002679664918
6724 0.10409660055348254
6813 0.01628170352541548
6821 0.07418731363960022
6866 0.022814744255426934
6870 0.06216434474715647
7206 0.02680250483566332
7224 0.05606550398732869
7242 0.017730653043430113
7316 0.2129824666949187
7323 0.225842634733199
7466 0.021556825745714915
7536 0.03185107029003655
7571 0.03094386061791226
7598 0.023189043978470568
7671 0.019435457600552375
7707 0.06032391152386867
7862 0.020358752891665974
7891 0.02012114936225974
8097 0.06629882809010558
8115 0.02054011106195546
8250 0.08098363386522255
8293 0.022099609363368525
8474 0.03123867024594646
8658 0.014247918978336929
8662 0.5227251540808395
8669 0.055091254341543425
8886 0.038376355785409266
8923 0.03709133355621027
8951 0.08089015725508479
8996 0.01311653349724318
8997 0.009430995094706348
9099 0.022814744255426934
9827 0.02907826601659905
9902 0.016529425718105874
9932 0.026598411262264934
10046 0.0375888715174151
10113 0.03249658875565848
10154 0.07528087824439966
10361 0.050701229988398266
10386 0.025350614994199133
10387 0.03709133355621027
10567 0.04785499526610458
10614 0.04365026658230889
10799 0.0643411152344561
10949 0.05106859672076032
10950 0.20938799654337306
10999 0.021907099622421374
11000 0.038727378000926196
11248 0.10244916347442583
11482 0.02066256529753525
11520 0.03733751100577425
11600 0.03733751100577425
11623 0.0418110447824209
11815 0.057631444618165745
11905 0.05259733413560217
11955 0.03169500031200568
12017 0.13271605414402238
12288 0.30512539807886363
12328 0.02906189975864685
12390 0.043353727329918136
12413 0.02430417772889868
12735 0.018734536792793372
12807 0.019160981528338294
12877 0.04910186830599525
12894 0.040126681537163957
12963 0.07418266711242054
13135 0.06216434474715647
13576 0.3764043912219983
13596 0.03528575928704819
13695 0.03123867024594646
13880 0.051224581737212914
