10 0.051223184638685984
11 0.04105990998298657
79 0.07723551460497777
328 0.05891970763101582
482 0.05458772443326849
483 0.0481343505821844
548 0.05924317170845735
898 0.06439341723601452
924 0.102626591942262
1012 0.07772354391279654
1033 0.0685337021624637
1107 0.03465287475033491
1318 0.04461967271715604
1319 0.1456696068174315
1402 0.05924317170845735
1451 0.05767378433710646
1653 0.15918420767990843
1655 0.047382448843996026
1689 0.030320891552587586
1703 0.06659155526260281
1718 0.039233230108550315
1967 0.07370431178639222
2064 0.05259926671511104
2157 0.07803629498413957
2176 0.046479146932820174
2204 0.09096267465776277
2256 0.10862850735692914
2565 0.040654790165002064
2648 0.1119732720927857
2730 0.1282918799262548
2926 0.06957707032087182
2965 0.036762044560751106
3010 0.03056682385115811
3092 0.1658842999310079
3236 0.046479146932820174
3257 0.05828744666761019
3345 0.08951192000380541
3602 0.0815215468709808
3807 0.11708773202019687
3915 0.03898485794808223
3984 0.052655635697960765
4071 0.07011899728531046
4702 0.05924317170845735
4827 0.13280042395748368
4899 0.09367157670742314
4997 0.05828744666761019
5218 0.10541245939971167
5247 0.022863283952993686
5528 0.048716612049424894
5798 0.03621442742443047
5970 0.04993227715807963
6044 0.03495597473140508
6304 0.11474718378143633
6310 0.029678901973908434
6528 0.04527682988289077
6681 0.03961142200659395
6695 0.04012658435533361
6723 0.0516718689224393
6752 0.09863118284256939
6813 0.0284513117348484
6821 0.08642528851834316
6851 0.17393507792856602
6923 0.06754003745835864
6935 0.08059414907830906
6992 0.1649841893170181
7201 0.019404357640719305
7342 0.05259926671511104
7374 0.12557555574904788
7604 0.0535698145026393
8244 0.04445856755308093
8250 0.08490845969245014
8433 0.05967511369105897
8658 0.02489739380113067
8688 0.03766927510673304
8744 0.01224015099202375
8906 0.07183473196865305
8931 0.04203695209432634
8981 0.09476489768799205
8997 0.01648010486067792
9099 0.07973482626664269
9150 0.053322912034333154
9240 0.11708773202019687
9409 0.042763959975418264
9497 0.017033081565894965
9533 0.12048957754426234
9652 0.061966530248338474
9657 0.08351000458913826
9680 0.07803629498413957
9765 0.038617757302488884
10048 0.05014195746651047
10156 0.0681191473540225
10330 0.07306232220771308
10445 0.0912266748425222
10456 0.07306232220771308
10531 0.10917544886653698
10567 0.0209059418484727
10887 0.05891970763101582
10892 0.102626591942262
10999 0.012760452647372987
11000 0.059214572642874067
11003 0.03106756024925314
11097 0.036431752463259734
11223 0.11243228474500802
11255 0.025994002486247832
11360 0.0788545573139494
11365 0.032284914739266424
11376 0.08690063946539177
11600 0.130490174246249
11875 0.4097854771094879
11912 0.062029039165907025
12023 0.08322520991089083
12175 0.03813812663717616
12335 0.04445856755308093
12341 0.11708773202019687
12413 0.2123505491746174
12558 0.17393507792856602
12587 0.0788545573139494
12666 0.049315591421284694
12763 0.048520713754946126
12903 0.033769132581618906
12968 0.06398027472418917
13480 0.06368389322220384
13816 0.05511593024293695
13822 0.034255471971490016
13824 0.062029039165907025
13874 0.022245491395589127
14163 0.016861368538326527
14170 0.12632244425459202
14171 0.22309836358578022
