277 0.0419631767789597
288 0.04138733572164753
293 0.03891785544880591
350 0.06352322156530377
370 0.03848908964305171
703 0.05456437246224743
763 0.03730248730003139
995 0.024628393499793136
1008 0.054842293442447204
1064 0.03129826663278882
1101 0.05173631885380045
1107 0.01673341782055087
1111 0.02661475839935866
1112 0.09328420484013772
1127 0.0388795266395514
1131 0.03440424122143557
1319 0.011723656465220531
1350 0.1007935586987119
1397 0.019066591924426526
1399 0.040842636809088735
1481 0.037682701321186785
1600 0.15567142179522364
1601 0.04257393806466786
1656 0.0278499125269778
1719 0.03730248730003139
1868 0.04466579582139875
1963 0.013281554544825401
2053 0.048370430221859516
2182 0.017698462583667935
2391 0.03891785544880591
2730 0.04130030856519759
2740 0.03050770624160382
2843 0.037682701321186785
2927 0.016260350830533152
2995 0.07015399389055912
3010 0.029520635077680827
3127 0.03891785544880591
3159 0.08828179122242069
3227 0.0278499125269778
3250 0.03334278925558424
3276 0.040842636809088735
3321 0.03135362103471733
3326 0.049557032564879824
3353 0.02661475839935866
3384 0.04257393806466786
3432 0.0493607217141893
3728 0.04842578462378801
3786 0.02043805222101163
3802 0.06352322156530377
3940 0.07294551639773056
3992 0.051497866939328216
4025 0.02770495353964472
4030 0.04782427871383923
4046 0.037682701321186785
4219 0.050200253461652605
4222 0.03150599514283974
4246 0.12704644313060753
4367 0.0419631767789597
4400 0.0893315916427975
4404 0.021624654564031953
4420 0.025868159426900225
4450 0.053489506878373554
4452 0.035719315270885274
4576 0.034980082278747736
4577 0.014142531632878668
4589 0.036241035334180056
4625 0.054292072756220146
4663 0.0323825891551263
4700 0.031094734946712575
4763 0.033094024127467585
4784 0.027421146721223602
4808 0.05325572461200892
5136 0.11308025413018359
5260 0.017539806142415806
5297 0.029599481196094152
5301 0.048370430221859516
5335 0.11887674628737524
5390 0.016306670341119264
5434 0.03050770624160382
5676 0.09911406512975965
5945 0.033859542308876764
5957 0.06668557851116848
5962 0.020299091730911743
5974 0.026359694755372264
5979 0.04634877815555024
6060 0.04257393806466786
6102 0.01912783512704365
6109 0.0880893687281057
6129 0.05943837314368762
6214 0.06352322156530377
6219 0.037682701321186785
6420 0.035590843564455896
6485 0.04466579582139875
6488 0.02441850099536046
6528 0.02186358613762895
6556 0.09269755631110048
6563 0.02086681802676583
6579 0.029257940833968092
6669 0.05090229134915228
6737 0.026876447808664793
6775 0.016260350830533152
6821 0.02086681802676583
6866 0.038502899755982624
7027 0.06352322156530377
7078 0.02909141678137857
7102 0.04466579582139875
7242 0.01496141155684681
7408 0.034688048039856686
7442 0.022359152062596248
7468 0.02602034356779602
7479 0.017332077632364887
7497 0.08443872600550437
7551 0.036241035334180056
7580 0.011548443774054064
7598 0.0195672900327985
7602 0.0839263535579194
7616 0.04863034426515372
7671 0.016399953190965873
7688 0.048370430221859516
7718 0.021238612092725276
7862 0.01717904467761407
7865 0.02866310346617243
7913 0.10858414551244029
7916 0.06352322156530377
7966 0.034980082278747736
8097 0.05594402249951259
8264 0.017539806142415806
8276 0.06352322156530377
8293 0.018648007499837527
8344 0.03978670661690564
8517 0.0994667665422641
8658 0.01202262427341865
8700 0.03591069505748272
8706 0.016589150785263497
8744 0.011821216116229093
8773 0.054292072756220146
8791 0.05943837314368762
8872 0.13852476769822356
8997 0.015916052122489473
9094 0.014142531632878668
9117 0.09461795651201635
9228 0.06352322156530377
9251 0.037682701321186785
9286 0.17029575225867144
9383 0.017805638868994205
9437 0.11304810396356033
9497 0.02467515373548239
9515 0.0647651783102526
9534 0.04634877815555024
9645 0.016306670341119264
9708 0.017968571948170003
9722 0.04925678699958627
9725 0.01572051763929835
9783 0.015418476470550002
9827 0.012268355377779339
9899 0.02892760055727075
9902 0.09066067743514647
9944 0.02050825791143325
9961 0.024111640446500607
10048 0.024212892311894003
10056 0.049557032564879824
10068 0.019376600255160296
10110 0.02814624200183479
10156 0.01644692052920536
10264 0.056540127065091796
10331 0.023524611741391848
10415 0.03693610234872834
10440 0.06343619440885383
10441 0.05943837314368762
10467 0.04466579582139875
10495 0.0720341882371905
10496 0.032851253927112196
10499 0.01976165893897481
10514 0.04391919684894031
10516 0.02416699484842912
10554 0.049557032564879824
10557 0.03658257569630613
10567 0.02019040915958941
10583 0.02661475839935866
10589 0.03936568365533827
10602 0.03440424122143557
10679 0.03591069505748272
10684 0.06719570579914126
10732 0.017078299080006677
10737 0.049557032564879824
10930 0.016306670341119264
10999 0.08010411356810099
11138 0.02623454437820328
11262 0.04232629500324564
11360 0.07615565889384909
11576 0.04232629500324564
11976 0.030319392799819423
12064 0.026238788178602156
12113 0.04257393806466786
12117 0.021013893278323793
12119 0.12704644313060753
12205 0.06352322156530377
12264 0.03359785289957063
12328 0.04904580128525556
12348 0.03528083523372212
12472 0.07118168712891179
12733 0.018885064926688257
12735 0.031617009773673356
12834 0.016701444023172213
12865 0.012488399478252794
12957 0.13641093115561856
12999 0.02756205077760819
13043 0.1293407971345011
13079 0.014446689852649889
13311 0.04138733572164753
13336 0.032306441111373006
13465 0.054292072756220146
13624 0.569107149121811
13626 0.06386952189718789
13676 0.11778998339488014
13700 0.0588545274816138
13786 0.01363139788389034
13787 0.14031844913932645
13811 0.05943837314368762
13822 0.049624551723539634
13823 0.056540127065091796
13895 0.06352322156530377
14041 0.02043805222101163
14044 0.0323825891551263
14065 0.020578956277396223
14085 0.1905696646959113
14090 0.024011396079063503
14163 0.024426399842227983
