13 0.030525582740500923
242 0.05400318236947789
284 0.03812596086569482
291 0.18499064340858393
315 0.03355857446390946
318 0.0847540681168305
319 0.030763342627716486
445 0.05400318236947789
467 0.05400318236947789
472 0.031781417671576564
527 0.027052022774951674
636 0.023949299548238313
676 0.033891456275711745
702 0.02771800667991123
733 0.047658639175359625
817 0.025710125843816836
971 0.09895695782130787
979 0.03233632944576965
1027 0.04109657753666387
1054 0.023502711417026385
1064 0.028436276287931005
1099 0.020391819299986926
1107 0.03040654602182189
1133 0.033992319456137204
1135 0.03355857446390946
1230 0.02339438777404523
1255 0.01922793733400948
1318 0.01957601125054889
1319 0.10651616533950338
1390 0.04131409598124137
1409 0.10800636473895578
1507 0.05400318236947789
1550 0.019025274272780678
1600 0.03535911119488715
1656 0.025303248148004075
1674 0.0641093380758702
1689 0.026605399726829723
1910 0.03760277612847655
1940 0.017778008990306727
1942 0.01807425623947996
1963 0.024134113176364616
1996 0.034236902593265735
2215 0.05543601335982246
2406 0.04932747232471137
2445 0.14297591752607886
2556 0.15410987708437332
2604 0.03262693293297011
2606 0.04624766085214598
2659 0.03420769231681405
2691 0.05400318236947789
2738 0.03459589923306177
2740 0.02771800667991123
2793 0.01584107011757064
2848 0.01570060842001229
2857 0.03233632944576965
2995 0.07648672853533064
3019 0.04502541583400618
3020 0.02921574623094522
3027 0.06711714892781892
3064 0.047658639175359625
3150 0.022871203036826954
3151 0.023949299548238313
3159 0.02673636249410519
3184 0.021460224713613314
3185 0.02984725461114465
3214 0.02862500959300484
3281 0.019365582649698575
3321 0.014243284473720124
3353 0.024181039546382656
3406 0.047658639175359625
3481 0.0698619933099411
3482 0.04624766085214598
3573 0.043947319322594824
3606 0.02070747958083341
3721 0.0173230959462855
3742 0.02862500959300484
3747 0.05400318236947789
3790 0.017954604326484932
3992 0.02339438777404523
3995 0.028251356038943503
4034 0.031781417671576564
4076 0.04932747232471137
4184 0.02921574623094522
4304 0.02789235939914747
4338 0.03576598889069991
4391 0.03292706608371003
4428 0.028817716521324435
4452 0.0486795800759063
4577 0.01284930381742062
4579 0.05400318236947789
4739 0.08262819196248274
4747 0.019435189380601688
4766 0.12174433736215198
4817 0.020314576301479845
4873 0.09531727835071925
4984 0.03868087263988791
5050 0.07854321855565659
5059 0.015608150654054796
5247 0.020061639928443904
5262 0.03576598889069991
5331 0.0429829291305931
5424 0.04932747232471137
5458 0.039271609277828294
5647 0.031781417671576564
5689 0.03147727716434658
5903 0.021118007622059603
5957 0.12117537096942631
5974 0.023949299548238313
6037 0.04211053208481818
6044 0.015336252216677046
6068 0.023502711417026385
6109 0.011433465796188464
6166 0.030763342627716486
6167 0.04131409598124137
6225 0.04932747232471137
6230 0.03739433197928176
6241 0.047658639175359625
6245 0.034039288704788576
6348 0.05400318236947789
6349 0.05400318236947789
6390 0.05400318236947789
6487 0.034969552787123104
6628 0.039271609277828294
6647 0.05400318236947789
6681 0.01737873892009012
6752 0.021636254004152502
6789 0.020162018753275387
6813 0.012482458178141599
6866 0.01749105003471041
6982 0.036638385936474845
7032 0.27932182360619406
7245 0.07453172982336483
7330 0.034969552787123104
7331 0.04058144578738399
7391 0.1479824169741341
7450 0.04211053208481818
7466 0.016526659842708694
7468 0.011820489733216987
7491 0.02733483813465062
7616 0.022091733093812745
7633 0.014857826693356955
7671 0.014900301205782366
7672 0.05400318236947789
7688 0.043947319322594824
7693 0.014689872604932052
7717 0.018134673891202657
8076 0.03535911119488715
8090 0.047658639175359625
8157 0.0641093380758702
8175 0.04058144578738399
8202 0.019791391564261573
8244 0.019505329501616132
8264 0.03187184640953663
8344 0.03614851247895992
8497 0.04131409598124137
8509 0.0429829291305931
8526 0.034969552787123104
8601 0.03760277612847655
8658 0.010923245991736748
8691 0.04109657753666387
8706 0.015072198107536752
8716 0.023502711417026385
8737 0.023723282114208384
8875 0.024064436173300195
8903 0.030525582740500923
8931 0.01844289294441441
8939 0.03535911119488715
8973 0.039271609277828294
8996 0.020111726093766148
8997 0.021690973858632497
9074 0.05136995902812444
9078 0.05136995902812444
9094 0.01284930381742062
9099 0.03498210006942082
9204 0.016732359308345122
9250 0.03292706608371003
9290 0.08116289157476798
9298 0.028817716521324435
9304 0.05136995902812444
9496 0.09895695782130787
9533 0.02643122620522329
9602 0.02862500959300484
9690 0.039903117658027724
9770 0.039903117658027724
9781 0.020869488075672932
9783 0.042025719379251356
9825 0.18010166333602473
9832 0.1973098892988455
9899 0.026282389738851848
9902 0.03168093942272075
9944 0.03726586491168241
9966 0.065447205205404
10009 0.04131409598124137
10048 0.021998805991052025
10108 0.09302233056114999
10116 0.043947319322594824
10141 0.033891456275711745
10316 0.017158168222908124
10325 0.04932747232471137
10362 0.05570743963836529
10386 0.05830556814180506
10387 0.05687255257586201
10488 0.043947319322594824
10514 0.039903117658027724
10516 0.12076408027383964
10530 0.05400318236947789
10554 0.04502541583400618
10567 0.01834414857425281
10602 0.031258232934358296
10616 0.04534004961330124
10657 0.014047276105868662
10664 0.031516087760496386
10706 0.07327677187294969
10797 0.02267002480665062
10903 0.033891456275711745
10924 0.01570060842001229
10927 0.0646726588915393
10930 0.014815548368755127
10999 0.00559839975005069
11000 0.02226791911658886
11057 0.03459589923306177
11097 0.01598372091653123
11213 0.09284573273060882
11255 0.011404361666730239
11259 0.022571069886087033
11262 0.01922793733400948
11277 0.037107885821834746
11311 0.01993784654473358
11317 0.019719033551062096
11325 0.03739433197928176
11360 0.1037876976991853
11365 0.01416437673501551
11369 0.031781417671576564
11533 0.04058144578738399
11569 0.04131409598124137
11572 0.04131409598124137
11574 0.06847380518653147
11600 0.02862500959300484
11634 0.07150677968648601
11672 0.039271609277828294
11710 0.05400318236947789
11722 0.030525582740500923
11876 0.01993784654473358
11878 0.03100744352038333
11919 0.02921574623094522
11929 0.026892831962450202
12064 0.011919724482849817
12172 0.05136995902812444
12175 0.033464718616690245
12406 0.043631470136936
12417 0.03100744352038333
12513 0.01957601125054889
12523 0.05333402697092018
12582 0.06071393908642051
12695 0.020391819299986926
12843 0.034969552787123104
12865 0.022692859136525717
12877 0.012548073089965809
12928 0.07325639830079467
13051 0.025436874477458304
13112 0.016526659842708694
13186 0.08116289157476798
13187 0.05400318236947789
13336 0.02935226081690893
13378 0.04932747232471137
13464 0.022571069886087033
13624 0.408210469046868
13626 0.23211654400615112
13676 0.08918248176132196
13787 0.12748738563814652
13818 0.05400318236947789
13820 0.043947319322594824
13874 0.019519551055182983
13912 0.017604756354120052
13972 0.04502541583400618
14014 0.024418799433598225
14016 0.036638385936474845
14020 0.04932747232471137
14049 0.05400318236947789
14062 0.022635200877819794
14131 0.047658639175359625
14163 0.029590386491473997
