150 0.04836787514948076
165 0.07387117759055097
338 0.03889810051022061
390 0.03864514733313589
421 0.03260480703407776
483 0.02888741038878995
484 0.04590491347247526
914 0.08483042170558516
1002 0.027683616530777826
1054 0.032149456620317526
1086 0.03889810051022061
1107 0.020796620333645183
1175 0.04590491347247526
1458 0.02166906564641302
1545 0.026395764263025624
1550 0.026024751743294522
1564 0.04175607148946622
1653 0.015922168815153334
1692 0.04590491347247526
1838 0.037451791788697925
1871 0.04709096124974001
1940 0.02431861237999217
1983 0.06011572073839323
2382 0.03498070238897469
2597 0.024081619378946168
2667 0.03915626958257218
2848 0.0429538550131797
2893 0.04590491347247526
2927 0.040417366773590514
2951 0.07490358357739585
3044 0.2038349801234128
3130 0.017764196474624277
3142 0.032299407591097236
3147 0.030608651175480617
3151 0.03276034638094086
3281 0.026490260986339845
3316 0.03996434068460417
3317 0.05760317184248697
3321 0.019483448024085196
3432 0.02453858978227358
3544 0.02935553057051787
3633 0.021881931270562822
3758 0.023031359750965544
3761 0.0299664203311412
3847 0.03142551185766087
3908 0.028000614637308494
3956 0.023620680589102536
3984 0.015800410094787883
3992 0.032001280258910365
4029 0.041129903195638924
4045 0.09464774867026118
4085 0.06519245058855627
4118 0.078947907440714
4132 0.055511528341623956
4277 0.05291172643472992
4383 0.022537519431680825
4476 0.078947907440714
4489 0.04875830714518806
4700 0.03864514733313589
4701 0.05076003122926967
4711 0.0431109874226756
4922 0.020440555872778564
4996 0.05879652738692495
5154 0.05291172643472992
5160 0.08483042170558516
5223 0.06079875055298276
5247 0.0686060015765556
5336 0.0431109874226756
5360 0.041129903195638924
5442 0.055511528341623956
5537 0.4175607148946623
5548 0.03307734448747153
5588 0.04892444484049228
5689 0.028705265497941702
5798 0.021733772541885563
5823 0.375804643405196
5962 0.025228109903952092
6044 0.02097852314184987
6102 0.04754489838329907
6230 0.025575931059229617
6245 0.031041656320222807
6278 0.020266250184327587
6309 0.31631183738232327
6489 0.05760317184248697
6493 0.078947907440714
6563 0.025933691295328326
6636 0.03276034638094086
6695 0.024081619378946168
6723 0.03101042114549137
6890 0.267078520363442
7025 0.05578810873024195
7064 0.035554272430740524
7089 0.04836787514948076
7201 0.023290711756513423
7242 0.018594336144587543
7401 0.028325847375117234
7418 0.024081619378946168
7436 0.04504107053476721
7466 0.02260688668061478
7468 0.04850789108957831
7486 0.027788393346455376
7552 0.0702691804387193
7627 0.024003608183236713
7651 0.03864514733313589
7671 0.04076436788462885
7692 0.08926103430114325
7851 0.027894054365120977
7854 0.05143699373639853
7891 0.021101276638873935
8011 0.03516898798833454
8024 0.078947907440714
8086 0.05215266031269942
8097 0.09270443996845634
8115 0.02154064650623122
8122 0.03657278136711568
8124 0.020208683386795257
8156 0.03245117619364423
8244 0.026681421285840213
8411 0.062389861000935534
8433 0.017906749320820353
8585 0.07314556273423135
8658 0.029883907174215685
8730 0.14774235518110193
8875 0.03291784224884975
8878 0.03636234353277252
8931 0.025228109903952092
8981 0.05687232624631969
8996 0.013755456852157736
8997 0.009890391094980274
9079 0.04950691062430692
9099 0.02392608003208306
9102 0.033402577225280276
9105 0.04425839542495539
9126 0.026490260986339845
9163 0.13389155145171489
9250 0.04504107053476721
9383 0.022129197712477695
9457 0.03021937350822592
9497 0.010222255238275852
9652 0.018594336144587543
9719 0.020499201209066578
9730 0.08106712799220694
9827 0.03049470606017673
9890 0.026778107143945743
9898 0.04241521085279258
9902 0.026001893217915392
9905 0.020037554211614683
10033 0.044630517150571626
10040 0.13292738161407522
10332 0.07387117759055097
10362 0.025400812730414443
10377 0.15035340115479076
10432 0.03636234353277252
10451 0.028325847375117234
10453 0.05458364047446996
10493 0.033402577225280276
10495 0.02984183466235956
10567 0.012546518534822254
10628 0.025142643658062874
10645 0.030608651175480617
10657 0.01921532736312628
10797 0.03101042114549137
10924 0.02147692750658985
10942 0.05458364047446996
10999 0.01531614856803814
11000 0.04569056865146736
11108 0.0300922581381715
11213 0.025400812730414443
11251 0.07387117759055097
11255 0.03120014743672026
11371 0.026585476322815046
11402 0.05143699373639853
11631 0.039689148147486066
11815 0.06043874701645184
11876 0.02727306314658224
11880 0.034795206308710025
11908 0.0702691804387193
12011 0.04892444484049228
12069 0.02935553057051787
12215 0.045634649029915875
12301 0.06326236747646466
12378 0.06975100921888255
12398 0.03791557652841333
12448 0.04143907338293556
12472 0.044232999432735225
12523 0.07295583713997651
12932 0.04208130422727497
13125 0.04053356399610347
13193 0.06519245058855627
13219 0.04590491347247526
13301 0.06747525438891964
13464 0.06175012059682779
13540 0.04732387433513059
13643 0.0431109874226756
13754 0.016127768778167066
13874 0.013350437504033238
13918 0.027072726770154487
13935 0.04783499658456688
13970 0.05076003122926967
13997 0.03185483699410878
14014 0.033402577225280276
14148 0.157895814881428
14163 0.020238406326958922
