13 0.030457725482070167
242 0.0538831352623258
284 0.038041208243562184
291 0.18457941594721944
318 0.1127542172144945
319 0.030694956837717686
445 0.0538831352623258
467 0.0538831352623258
472 0.03171076873784221
527 0.026991887113787732
636 0.023896061127779783
676 0.03381611680302596
702 0.027656390560787364
733 0.047552695756605826
817 0.025652973170647506
971 0.09873698010892523
979 0.032264446963375874
1027 0.041005221341886784
1054 0.023450465745715
1064 0.028373063481633997
1099 0.02034648902852657
1107 0.030338953377680427
1133 0.033916755768275623
1135 0.03348397497536492
1230 0.023342382902246123
1255 0.01918519432976101
1318 0.019532494490663764
1319 0.10627938378417845
1390 0.04122225625088586
1409 0.1077662705246516
1507 0.0538831352623258
1550 0.018982981781134604
1600 0.035280509178780506
1656 0.02524699994913059
1674 0.06396682535273496
1689 0.026546256892431945
1910 0.03751918652695591
1940 0.017738489123947584
1942 0.01803407782627775
1963 0.024080463921943247
1996 0.03416079520600012
2215 0.05531278112157473
2406 0.04921781915065966
2445 0.14265808726981746
2556 0.15376729644160733
2604 0.03255440444961054
2606 0.04614485398680486
2659 0.0341316498629289
2691 0.0538831352623258
2738 0.0345189938093436
2740 0.027656390560787364
2793 0.0158058559957658
2848 0.01566570653944431
2857 0.032264446963375874
2995 0.07631670132409385
3019 0.04492532597481582
3020 0.029150800691359814
3027 0.06696794995072984
3064 0.047552695756605826
3150 0.022820361185639848
3151 0.023896061127779783
3159 0.02667692853424654
3184 0.02141251941583888
3185 0.02978090525143497
3214 0.028561377239445924
3281 0.01932253366492754
3321 0.01421162217119662
3353 0.024127285976350193
3406 0.047552695756605826
3481 0.06970669264378114
3482 0.04614485398680486
3573 0.043849626032675885
3606 0.020661447608067766
3721 0.017284587335051414
3742 0.028561377239445924
3747 0.0538831352623258
3790 0.01791469189512657
3992 0.023342382902246123
3995 0.028188554303623624
4034 0.03171076873784221
4076 0.04921781915065966
4184 0.029150800691359814
4304 0.027830355700280147
4338 0.035686482400297426
4391 0.03285387041528977
4428 0.02875365578728389
4452 0.04857136714272194
4577 0.012820740283115436
4579 0.0538831352623258
4739 0.08244451250177172
4747 0.019391985662603525
4766 0.12147370413516025
4817 0.02026941773839132
4873 0.09510539151321165
4984 0.03859488646909585
5050 0.07836861984201947
5059 0.015573454303732442
5247 0.020017043633698543
5262 0.035686482400297426
5331 0.04288737964493969
5424 0.04921781915065966
5458 0.039184309921009734
5647 0.03171076873784221
5689 0.03140730432388042
5903 0.021071063060413234
5957 0.12090600253399901
5974 0.023896061127779783
6037 0.0420169219060174
6044 0.01530216028667613
6068 0.023450465745715
6109 0.011408049618227615
6166 0.030694956837717686
6167 0.04122225625088586
6225 0.04921781915065966
6230 0.03731120574151146
6241 0.047552695756605826
6245 0.033963620605998265
6348 0.0538831352623258
6349 0.0538831352623258
6390 0.0538831352623258
6487 0.03489181674516589
6628 0.039184309921009734
6647 0.0538831352623258
6681 0.017340106616552255
6752 0.02158815739967768
6789 0.02011719932005908
6813 0.012454710128328893
6866 0.01745216806765607
6982 0.03655694013921972
7032 0.27870090136759423
7245 0.07436604850304707
7330 0.03489181674516589
7331 0.04049123471172008
7391 0.14765345745197897
7450 0.0420169219060174
7466 0.01648992167991988
7468 0.011794213215142827
7491 0.02727407378524461
7616 0.022042623975914034
7633 0.014824798285866051
7671 0.014867178378997625
7672 0.0538831352623258
7688 0.043849626032675885
7693 0.014657217553261402
7717 0.018094361171761594
8076 0.035280509178780506
8090 0.047552695756605826
8157 0.06396682535273496
8175 0.04049123471172008
8202 0.01974739602178505
8244 0.019461969864684056
8264 0.031800996456011976
8344 0.0360681556525555
8497 0.04122225625088586
8509 0.04288737964493969
8526 0.03489181674516589
8601 0.03751918652695591
8658 0.01089896401381465
8691 0.041005221341886784
8706 0.015038693160201358
8716 0.023450465745715
8737 0.023670546122272228
8875 0.024010941808318406
8903 0.030457725482070167
8931 0.018401895065246015
8939 0.035280509178780506
8973 0.039184309921009734
8996 0.02006701845929984
8997 0.02164275561391453
9074 0.05125576548053578
9078 0.05125576548053578
9094 0.012820740283115436
9099 0.03490433613531214
9204 0.016695163883137524
9250 0.03285387041528977
9290 0.08098246942344016
9298 0.02875365578728389
9304 0.05125576548053578
9496 0.09873698010892523
9533 0.02637247055221916
9602 0.028561377239445924
9690 0.039814414481084894
9770 0.039814414481084894
9781 0.020823095963924985
9783 0.04193229773600546
9825 0.17970130389926328
9832 0.19687127660263865
9899 0.026223964943890572
9902 0.03161051384847334
9944 0.03718302425152353
9966 0.06530171845237628
10009 0.04122225625088586
10048 0.021949903446717555
10108 0.09281554530897708
10116 0.043849626032675885
10141 0.03381611680302596
10316 0.017120026239995034
10325 0.04921781915065966
10362 0.05558360402938801
10386 0.05817595698781057
10387 0.056746126963267994
10488 0.043849626032675885
10514 0.039814414481084894
10516 0.12049562612264593
10530 0.0538831352623258
10554 0.04492532597481582
10567 0.01830337020022217
10602 0.031188747021235946
10616 0.04523926033468115
10657 0.0140160495228066
10664 0.0314460286454888
10706 0.07311388027843944
10797 0.022619630167340574
10903 0.03381611680302596
10924 0.01566570653944431
10927 0.06452889392675175
10930 0.014782613944439678
10999 0.005585954711347667
11000 0.02221841834357971
11057 0.0345189938093436
11097 0.015948189687196856
11213 0.09263934004898002
11255 0.011379010186188955
11259 0.02252089521996062
11262 0.01918519432976101
11277 0.037025396343437655
11311 0.019893525438170603
11317 0.01967519885781302
11325 0.03731120574151146
11360 0.10355698142803078
11365 0.014132889841520654
11369 0.03171076873784221
11533 0.04049123471172008
11569 0.04122225625088586
11572 0.04122225625088586
11574 0.06832159041200024
11600 0.028561377239445924
11634 0.07134782272012812
11672 0.039184309921009734
11710 0.0538831352623258
11722 0.030457725482070167
11876 0.019893525438170603
11878 0.030938515102992364
11919 0.029150800691359814
11929 0.026833050176663365
12064 0.011893227369542198
12172 0.05125576548053578
12175 0.03339032776627505
12406 0.04353447896825086
12417 0.030938515102992364
12513 0.019532494490663764
12523 0.053215467371842747
12582 0.0605789742115495
12695 0.02034648902852657
12843 0.03489181674516589
12865 0.022642413737332178
12877 0.01252017918059437
12928 0.07309355199599316
13051 0.02538032923212225
13112 0.01648992167991988
13186 0.08098246942344016
13187 0.0538831352623258
13336 0.029287011810371952
13378 0.04921781915065966
13464 0.02252089521996062
13624 0.40730303204467433
13626 0.23160055738448437
13676 0.08898423235315113
13787 0.1272039858240479
13818 0.0538831352623258
13820 0.043849626032675885
13874 0.019476159804255395
13912 0.017565621622059813
13972 0.04492532597481582
14014 0.02436451733199772
14016 0.03655694013921972
14020 0.04921781915065966
14049 0.0538831352623258
14062 0.022584883650834952
14131 0.047552695756605826
14163 0.029524608140237024
