126 0.18329827378294133
421 0.10949077039241566
960 0.1824968526412717
968 0.08471895527678523
1426 0.1662500188496256
1458 0.07276726676621166
1612 0.17045814497926584
1901 0.11162014540053236
1940 0.0816647558004845
1942 0.08302559206024163
2061 0.18329827378294133
2095 0.12353444956600106
2311 0.09857931850615612
2425 0.07831987231051157
2597 0.08086890547586775
2927 0.06786313166411323
2951 0.12576751431882444
3544 0.09857931850615612
3786 0.17059782329272866
3832 0.11216977636658304
3847 0.10553055872022298
4262 0.09549197466818372
4307 0.16242500398256443
4414 0.15267863387234246
4489 0.054578706822554376
4492 0.2189815407848313
4681 0.17045814497926584
5247 0.09215480353322479
5459 0.1297749423577639
5764 0.1897797194987043
6310 0.059813222503612505
6412 0.11107760664503565
6429 0.09818077362485012
6695 0.08086890547586775
7284 0.09898167727201
7406 0.11054197939940405
8108 0.20682797443202006
8268 0.17602501857720668
8377 0.15415408947659992
9105 0.07431244427157209
9375 0.12281569411202452
9497 0.06865506672172138
9719 0.06883872462315047
10040 0.08927715108977581
10242 0.18116202556170077
10924 0.07212204433232276
11255 0.052386879266498945
11262 0.08832512165929618
11331 0.13149135088602146
11714 0.09058101278085039
11752 0.15568320963207283
11869 0.1242657057396087
11976 0.1265390253257314
12057 0.08060693472080288
12183 0.13237656611180193
12212 0.18039738776791764
12215 0.07662325487236736
12270 0.13811904429764596
12584 0.11386313958312665
12764 0.163329511600969
12807 0.0674791457061416
13079 0.060293755393028156
13709 0.10105333618297957
14014 0.11216977636658304
