287 0.06219424619056356
337 0.02946832093054423
437 0.03742372392566013
965 0.04870751341160088
995 0.0685869059505427
1002 0.031016290010328
1010 0.07923391171701623
1107 0.023300207427230237
1162 0.03760952875077255
1185 0.04387007065155011
1319 0.06529774858301711
1399 0.05687074330732678
1452 0.15119643463639518
1567 0.025250683487442985
1600 0.10838121826689537
1602 0.05843102310243421
1604 0.024062412919735134
1625 0.047905691797847184
1942 0.0554004284696536
1980 0.05762920148868051
2017 0.031016290010328
2246 0.07559821731819759
2391 0.054190609133447684
2479 0.03371489431091884
2485 0.1395876136013112
2575 0.02926049402993422
2597 0.02698066886403093
2617 0.03837838193757489
2659 0.02621298473087409
2827 0.05762920148868051
2843 0.052470736499730226
2857 0.09911591839217275
2859 0.06453769078165804
2927 0.02264149208810501
2929 0.03779782767478229
2955 0.04752133736561562
2995 0.23444381206921067
3130 0.01990272726992986
3144 0.06453769078165804
3150 0.07010382231325014
3232 0.040507925674673234
3240 0.08276410941488344
3254 0.08276410941488344
3353 0.037059338264360635
3417 0.09018134279998274
3421 0.03670417855486426
3432 0.041238977011112586
3523 0.04196040044960259
3546 0.12907538156331608
3604 0.06587470762736426
3629 0.07304059972405011
3693 0.04196040044960259
3840 0.03798868856742504
4030 0.03329611517623129
4120 0.04870751341160088
4155 0.051941312944144245
4188 0.03444189943153741
4219 0.023300207427230237
4241 0.04301962486706462
4278 0.04870751341160088
4358 0.0514311454783506
4399 0.04830087452796182
4420 0.07203949448596202
4421 0.07559565534956458
4452 0.024868423889712592
4489 0.09104673836879108
4563 0.07087816486001726
4577 0.019692565148737202
4798 0.055466766624647675
4805 0.05687074330732678
4814 0.0548141810908247
4835 0.03760952875077255
4933 0.05843102310243421
4956 0.04912629254628845
5063 0.03983444950525304
5189 0.04541316972287983
5211 0.04446709944261436
5231 0.04509067139999137
5296 0.059281468886919715
5455 0.03520865087899789
5520 0.03520865087899789
5550 0.08276410941488344
5571 0.0312520612612365
5628 0.1684535938095928
5677 0.03940278285545511
5687 0.04027982212508219
5689 0.01608046474920968
5802 0.1347054223590277
5957 0.04642768824569759
6154 0.029055701207244763
6183 0.04073979970116133
6192 0.07087816486001726
6219 0.052470736499730226
6245 0.017389292575963704
6278 0.02270598902567975
6279 0.06115465516918393
6304 0.038577364837128494
6315 0.01844591414357858
6505 0.04387007065155011
6539 0.07087816486001726
6563 0.029055701207244763
6648 0.06587470762736426
6750 0.07087816486001726
6777 0.05762920148868051
6936 0.039616955858508114
6937 0.04752133736561562
6989 0.06900497857775303
7028 0.05843102310243421
7099 0.0160402120409278
7204 0.055466766624647675
7242 0.04166560548683104
7268 0.12663418006643357
7269 0.06735271117951384
7442 0.031133680312198448
7468 0.12681078852850847
7469 0.04830087452796182
7475 0.04073979970116133
7479 0.04826760537622968
7540 0.03429345297527135
7577 0.08276410941488344
7693 0.04502676213587186
7810 0.04541316972287983
7865 0.039911526947576895
7870 0.07559821731819759
7966 0.04870751341160088
8097 0.07789845102363951
8289 0.05302092698614215
8293 0.02596615034121317
8304 0.08276410941488344
8305 0.08276410941488344
8344 0.0277002142348268
8454 0.07304059972405011
8460 0.07304059972405011
8658 0.03348146115687988
8744 0.01646028268128115
8875 0.03688063445646438
8878 0.04073979970116133
8893 0.03837838193757489
9018 0.07872848826858636
9094 0.07877026059494881
9114 0.07872848826858636
9174 0.04416540912237074
9286 0.059281468886919715
9295 0.05359358034238344
9497 0.03435856359418913
9500 0.06771462475789634
9641 0.06331709003321678
9645 0.02270598902567975
9708 0.025020080060947695
9781 0.03198412609668394
9867 0.08341527157503455
9881 0.08276410941488344
9890 0.03000177148751024
9902 0.1262391588129593
9906 0.030899873913063036
9932 0.0312520612612365
9949 0.040975570952069836
9964 0.049557959196086375
9965 0.055466766624647675
10026 0.06900497857775303
10108 0.04752133736561562
10113 0.03818218210701385
10156 0.022901278386715178
10453 0.06115465516918393
10483 0.05687074330732678
10496 0.045743256933814334
10516 0.01682549252339967
10519 0.04642768824569759
10616 0.034743589751781025
10737 0.06900497857775303
10821 0.04387007065155011
10884 0.03371489431091884
10924 0.024062412919735134
10949 0.03000177148751024
10950 0.027335828573527305
10992 0.04170763578751727
11000 0.07394255107897141
11001 0.054190609133447684
11200 0.03400119117059114
11232 0.026720078227287412
11246 0.027157124765631053
11255 0.017478078057222637
11311 0.0611126248684977
11365 0.021708017462189925
11561 0.12663418006643357
11745 0.04752133736561562
11798 0.04830087452796182
11876 0.15278156217124428
11931 0.16552821882976687
11957 0.024944047033560186
12011 0.0548141810908247
12057 0.026893266343211923
12064 0.07307164785543618
12219 0.04870751341160088
12245 0.03459193358054592
12318 0.04642768824569759
12342 0.07087816486001726
12348 0.0982525850925769
12378 0.01953698433910089
12401 0.04830087452796182
12523 0.10898476842980563
12733 0.02629623755214768
12735 0.022012325690290536
12807 0.04502676213587186
12834 0.011627842986035484
12957 0.11396606570227512
13043 0.10805924172894303
13113 0.08276410941488344
13261 0.04170763578751727
13323 0.12438849238112712
13336 0.08996928029922448
13397 0.08276410941488344
13472 0.06115465516918393
13608 0.0348969034003278
13624 0.2919534505126209
13626 0.04446709944261436
13676 0.08200748572058192
13695 0.03670417855486426
13723 0.02509652743930365
13744 0.03837838193757489
13754 0.03613859866083676
13786 0.018980844297551654
13872 0.050970282376329105
13874 0.014957620906556463
13948 0.02629623755214768
13973 0.0304436366540867
14072 0.10501765868863029
14076 0.042480017601985304
14163 0.056686983010866214
14194 0.07304059972405011
14234 0.06900497857775303
