287 0.05545638520876617
337 0.02627584796144307
432 0.0788694834614271
437 0.03336939632018268
965 0.04343074788684736
995 0.06115649130976705
1002 0.055312233266379913
1010 0.03532502280285623
1107 0.020775961727544593
1162 0.06707014367639239
1185 0.039117373168794496
1319 0.05822366730822097
1399 0.05070960806079347
1452 0.13481645385164512
1567 0.022515131479746625
1600 0.09663965652366485
1602 0.05210085375715275
1604 0.02145559310809185
1625 0.04271579222768888
1910 0.051385898097994265
1942 0.04939858089975456
1963 0.016490179822480792
1980 0.051385898097994265
2017 0.027656116633189957
2246 0.06740822692582256
2391 0.09663965652366485
2425 0.02329938548093742
2428 0.045859313201359324
2479 0.060124731167264675
2485 0.12446528327601518
2575 0.026090536146236572
2597 0.024057697574295576
2617 0.034220630730021254
2659 0.023373181085799843
2827 0.051385898097994265
2843 0.04678627933846078
2857 0.13256717994061656
2859 0.05754595094706517
2927 0.020188608815869716
2929 0.03370297125500535
2955 0.042373077125310736
2995 0.22646559358710536
3026 0.05285916585051092
3130 0.017746550168071813
3144 0.05754595094706517
3150 0.06250907138416865
3232 0.03611946872608913
3240 0.07379779665001608
3254 0.07379779665001608
3353 0.03304448665674436
3417 0.08041147841290877
3421 0.03272780344460097
3432 0.04902842807969596
3523 0.03741458854115523
3546 0.11509190189413034
3604 0.058738121055517165
3629 0.06512769077971067
3693 0.03741458854115523
3761 0.029936652779301815
3840 0.03387315508762636
3984 0.015784714542186586
4030 0.029688955205130946
4120 0.04343074788684736
4155 0.04631421128658325
4188 0.030710610051363912
4219 0.020775961727544593
4241 0.038359061075436345
4278 0.04343074788684736
4358 0.045859313201359324
4399 0.08613632507212035
4420 0.06423504103928582
4421 0.1348118850200214
4452 0.02217428426638011
4489 0.08118312069433054
4563 0.1263990498839402
4577 0.017559156120181257
4798 0.0494577322602537
4805 0.10141921612158694
4814 0.04887584507675977
4835 0.03353507183819619
4856 0.07379779665001608
4885 0.03964972239152704
4933 0.05210085375715275
4956 0.04380415826534875
5063 0.03551895410990012
5189 0.04049329942815857
5211 0.03964972239152704
5231 0.040205739206454386
5296 0.05285916585051092
5455 0.031394294897377835
5520 0.031394294897377835
5550 0.07379779665001608
5571 0.05573269085248755
5628 0.20027206074084708
5653 0.05285916585051092
5677 0.07026810479008672
5687 0.03591607694809652
5689 0.014338375365717684
5802 0.12011200793659933
5957 0.04139790931490637
6154 0.025907929709810623
6183 0.03632622250349535
6192 0.0631995249419701
6219 0.04678627933846078
6245 0.015505410334033388
6278 0.02024611842863954
6279 0.05452941907166472
6304 0.06879611333150956
6315 0.01644756200018593
6505 0.039117373168794496
6539 0.0631995249419701
6563 0.025907929709810623
6648 0.058738121055517165
6700 0.0788694834614271
6750 0.0631995249419701
6777 0.051385898097994265
6870 0.06512769077971067
6936 0.03532502280285623
6937 0.042373077125310736
6977 0.0788694834614271
6989 0.06152927172081631
7028 0.1042017075143055
7099 0.014302483465213957
7204 0.0494577322602537
7242 0.03715173041497147
7268 0.11291516981881058
7269 0.060056003968299666
7442 0.027760789367390376
7468 0.11307264526877336
7469 0.043068162536060176
7475 0.03632622250349535
7479 0.0430384976231939
7540 0.030578245654883526
7577 0.07379779665001608
7693 0.04014875360108888
7810 0.04049329942815857
7865 0.03558768130886514
7870 0.06740822692582256
7935 0.07379779665001608
7966 0.04343074788684736
8097 0.06945926306264334
8289 0.04727686451991261
8293 0.023153087687547782
8304 0.07379779665001608
8305 0.07379779665001608
8344 0.02469929044987728
8454 0.06512769077971067
8460 0.06512769077971067
8658 0.029854221587944735
8744 0.01467704543313219
8875 0.03288514286184406
8878 0.03632622250349535
8893 0.034220630730021254
9018 0.0701993775911217
9094 0.07023662448072503
9114 0.1403987551822434
9174 0.03938071592166931
9286 0.05285916585051092
9295 0.0477874790390999
9336 0.05210085375715275
9497 0.030636302465361167
9500 0.0603787093638047
9641 0.05645758490940529
9645 0.02024611842863954
9708 0.02230951065091625
9781 0.028519101460748538
9867 0.07437841466210787
9881 0.07379779665001608
9890 0.026751506746442156
9902 0.12122163145441456
9906 0.027552312562397846
9932 0.027866345426243774
9949 0.036536451296549165
9964 0.04418905998020552
9965 0.0494577322602537
10026 0.06152927172081631
10108 0.042373077125310736
10113 0.03404568635738348
10156 0.020420250968160497
10453 0.05452941907166472
10483 0.05070960806079347
10496 0.0407876263899483
10516 0.01500268998913342
10519 0.04139790931490637
10604 0.04727686451991261
10616 0.06195923304244329
10737 0.06152927172081631
10821 0.039117373168794496
10884 0.030062365583632338
10924 0.02145559310809185
10949 0.026751506746442156
10950 0.024374380786438964
10992 0.037189207331053936
11000 0.06593192854834326
11001 0.048319828261832426
11108 0.030062365583632338
11200 0.060635292510363835
11232 0.0238253382224551
11246 0.024215036991538662
11255 0.015584577172627345
11311 0.054491942155582264
11365 0.019356262873791066
11561 0.11291516981881058
11733 0.02071596967612614
11745 0.042373077125310736
11798 0.043068162536060176
11876 0.1634758264667468
11931 0.14759559330003216
11955 0.033205886557302784
11957 0.022241714719400802
12057 0.023979763872070056
12064 0.06515537528815996
12219 0.04343074788684736
12245 0.030844390136685506
12318 0.04139790931490637
12342 0.0631995249419701
12348 0.0876083165306975
12378 0.034840860551862356
12401 0.043068162536060176
12523 0.09717782062046267
12733 0.023447414649337518
12735 0.019627603638466263
12807 0.04014875360108888
12834 0.010368131769052165
12957 0.13549262035050544
13043 0.09635256155892874
13113 0.07379779665001608
13261 0.037189207331053936
13323 0.11091277041753234
13336 0.08022238986451874
13397 0.07379779665001608
13472 0.05452941907166472
13608 0.031116320819003795
13624 0.2603244513173775
13626 0.03964972239152704
13676 0.0731231423593169
13695 0.03272780344460097
13723 0.022377676044372713
13744 0.06844126146004251
13754 0.03222349607871668
13775 0.03387315508762636
13786 0.01692454008892457
13872 0.04544837805414488
13874 0.013337175665078565
13948 0.023447414649337518
13973 0.027145502114002667
14072 0.11236858887778678
14076 0.03787791257398176
14163 0.050545755575864715
14194 0.06512769077971067
14234 0.06152927172081631
