337 0.05154034555478817
482 0.0641959224782819
670 0.08120242416027731
789 0.08311522583259248
976 0.051909302817929735
994 0.05117685452663399
1027 0.1101590758574165
1319 0.028551580304241535
1483 0.06818335620862942
1566 0.056382597883164826
1600 0.09477983924314383
1604 0.08417073233919363
2161 0.11074213245903307
2215 0.07429791441257291
2340 0.0696707931654654
2391 0.09477983924314383
2424 0.07831259433743555
2558 0.037549877926219666
2574 0.07777333756114843
2659 0.04584673467605964
2926 0.08182360153233477
2995 0.06834070568927715
3105 0.08447864300233282
3208 0.22916565092230995
3220 0.15299132609913682
3341 0.05344325200791719
3353 0.06481709985033934
3442 0.07005718218467914
3780 0.09373563077703766
4079 0.06545441349107413
4384 0.04310251475026513
4420 0.0629988462551023
4438 0.17184461236384116
4835 0.06577938772067522
4922 0.04005453193209481
4985 0.050641519930139316
5279 0.059722627413046826
5296 0.10368379652945625
5793 0.11504795113583761
6062 0.06644254148558836
6175 0.0908458009541959
6245 0.0304140215667839
6278 0.03971296916797726
6420 0.17335458969492165
7453 0.06644254148558836
7489 0.10526726177184957
7770 0.10877826896674879
8156 0.06359008439752713
8306 0.06050158793749402
8433 0.07017876293922116
8474 0.1283918449565638
8517 0.09689582361815742
8997 0.0969041616090215
9094 0.03444246501245597
9282 0.09946741685506497
9286 0.10368379652945625
9386 0.08667729484746083
9755 0.4850327644090211
9783 0.07509975585243933
9902 0.08492052667860717
9944 0.14983631797693636
10113 0.2671238533704946
10281 0.07338909956516024
10499 0.09625437146081682
10526 0.10696001537151174
10564 0.09701184961909315
10567 0.024585678120374155
10616 0.060766835879153006
10949 0.10494671029046046
10950 0.09562119633668786
10999 0.015006469631097146
11000 0.049740828762092945
11245 0.12658536889089866
11255 0.03056930813350479
11326 0.059722627413046826
11359 0.041228688774215407
11849 0.11995908560778124
11987 0.07005718218467914
12064 0.015975367198574137
12417 0.08311522583259248
12735 0.03849974605666012
12919 0.06929039491557443
12999 0.06712411852573505
13024 0.189878053336348
13079 0.035183206423871065
13261 0.1458940240150418
13464 0.06050158793749402
13695 0.0641959224782819
13761 0.058721051791098385
13872 0.08914746017911698
14044 0.07886397025234376
14163 0.03965840740943081
