670 0.055585371941877904
931 0.05085903838261191
968 0.06768075431818019
976 0.03553339612968941
1002 0.037134134427660205
1099 0.03741641065484593
1240 0.045481811897023904
1255 0.03528083437535186
1319 0.01954436985288939
1566 0.03859549399903471
1604 0.028808631713134504
1627 0.07446182305808784
1689 0.02440877263501508
2038 0.08063777551005014
2215 0.05085903838261191
2391 0.06487949924404761
2488 0.05023692873696852
2558 0.025703960842120545
2574 0.05323806450611382
2659 0.03138339557769015
2741 0.07886824141774552
2793 0.058132722344358116
2955 0.17068421748661947
2995 0.023390579676604992
3010 0.04921350365067364
3105 0.05782803704432848
3147 0.2463462314187144
3165 0.044585864008423876
3214 0.1050465481450652
3220 0.0349089732769402
3236 0.03741641065484593
3303 0.09425738106261791
3443 0.05865621471113823
3762 0.19817802604853563
3790 0.03294442927049007
3852 0.0408818393345988
3897 0.05782803704432848
3928 0.0398636463761887
3940 0.040535537577850035
3984 0.021194288391464262
4028 0.04480541014339099
4079 0.04480541014339099
4182 0.05117895358222023
4219 0.027896084106352616
4438 0.05881626560555702
4601 0.09050967615567933
4660 0.042153422421634036
4692 0.11565607408865695
4817 0.1118240385509681
4887 0.03874887442728836
4896 0.10589881580055172
4899 0.03770351234971756
4922 0.027418467840427486
5140 0.09908901302426781
5260 0.029240404596664993
5279 0.0408818393345988
5528 0.0392176036446781
5573 0.10589881580055172
5689 0.07700909934199944
5793 0.03937679953011078
5798 0.029153157438562914
6062 0.045481811897023904
6177 0.08063777551005014
6420 0.0593330768488165
6508 0.053607201127243924
6558 0.07205843864146162
6681 0.03188778904577006
6693 0.04123543218769182
6768 0.16127555102010027
6775 0.027107439689354553
7153 0.045948370791975356
7453 0.045481811897023904
7489 0.07205843864146162
7604 0.04312450443704937
7664 0.10589881580055172
7963 0.06899634077211632
8020 0.21748297410348263
8097 0.09326362215000916
8115 0.05778820567983246
8474 0.0439439372039441
8673 0.02613462649420618
8744 0.019707010400033254
8968 0.09644972554854092
8996 0.0184512375142177
8997 0.026533463361249048
9282 0.06808827961925859
9443 0.07321717668920087
9652 0.0997679731936114
9755 0.5691749841033796
9902 0.023252207602145185
9944 0.06837815127875407
9989 0.05117895358222023
10031 0.04822486277427046
10113 0.04571347129624871
10156 0.027418467840427486
10281 0.05023692873696852
10356 0.08063777551005014
10361 0.0356611156818048
10451 0.03799560736710709
10499 0.06588885854098014
10526 0.07321717668920087
10557 0.06098638182558517
10567 0.01682959686113415
10582 0.0992740842100818
10645 0.04105770523645239
10672 0.05117895358222023
10950 0.09818314820400757
10999 0.03081706751756344
11000 0.02042940832885169
11245 0.129976935140117
11493 0.08261594632468411
11814 0.06722680667981172
11866 0.05150508111412251
11910 0.03829287247539946
12064 0.010935593817840856
12069 0.03937679953011078
12264 0.05601058554387013
12288 0.04769164211088269
12591 0.05437074352587066
12670 0.06282038832015403
12672 0.13445361335962344
12919 0.1422937460258449
13022 0.037274679516989366
13024 0.08665129009341133
13088 0.031785691222750816
13464 0.041415059997986566
13695 0.0439439372039441
13824 0.049934307213333265
13872 0.0915359630511007
14062 0.020766366130460397
14214 0.09425738106261791
