1107 0.07591702306228382
1113 0.19315161269314624
1184 0.12769530565032947
1452 0.2463150435693518
1633 0.16442017672486564
2333 0.21027749966430637
2386 0.19315161269314624
2558 0.06995133010797497
2793 0.0791018410696032
2848 0.07840045039371046
3523 0.2734317879859162
3852 0.11125674584866008
4383 0.08227208820528996
4840 0.20264205960983764
5208 0.1429380049855485
5421 0.12377521337894597
5422 0.3915266851517351
5689 0.05239356847060958
6245 0.11331601485945797
6821 0.09466964384460164
7870 0.2463150435693518
8293 0.08460323112784152
8433 0.06536769337275183
8744 0.053631095938920466
8919 0.21463378443246336
9437 0.1709608004729492
9538 0.2610177901011568
9542 0.14016707204704798
9725 0.21396493764255325
9902 0.031639537184702554
10927 0.16147035355625777
11000 0.018532348570709248
11118 0.12701816148086878
11325 0.09336365798445043
11866 0.14016707204704798
12348 0.16006389195670867
12865 0.056658007429728985
12957 0.12377521337894597
13822 0.07504639873042251
