11 0.015822577398675527
151 0.033027927260336716
177 0.04512015986134876
327 0.05069280988057733
349 0.04512015986134876
405 0.03628771855122846
438 0.040621053439420185
440 0.03564420443335279
451 0.05168391637045945
482 0.04207113436054045
499 0.031057232278403173
555 0.027455277241108154
556 0.01956976849354276
636 0.04207113436054045
764 0.03775351723795593
917 0.03754622769863204
931 0.09738305547417836
968 0.01619908393351315
1001 0.0224612678559592
1010 0.022704911790731384
1083 0.02919363201389623
1095 0.027455277241108154
1112 0.04962844919066903
1255 0.033777235673461255
1397 0.030431048541890274
1399 0.032593246560332946
1461 0.013790432681551194
1481 0.03007155441412423
1600 0.031057232278403173
1602 0.03348746001891614
1603 0.028657457735466386
1625 0.027455277241108154
1683 0.030715068531999894
1709 0.03449372594706419
1793 0.06357722425859975
1881 0.03397485982289163
1882 0.025841958185229726
1919 0.021035567180270224
1980 0.06605585452067343
2017 0.017775775889378485
2053 0.07720115455913058
2272 0.05069280988057733
2292 0.04743301858968559
2365 0.023348425908607053
2391 0.031057232278403173
2396 0.03348746001891614
2485 0.0799991918918683
2558 0.012304254682143792
2753 0.05069280988057733
2776 0.03250867874254963
2787 0.0395475098421202
2824 0.04743301858968559
2848 0.027580865363102388
2857 0.02840220980366307
2861 0.05069280988057733
2879 0.032593246560332946
2885 0.035048403420191616
2901 0.05069280988057733
2926 0.026811763123232486
2927 0.01297608737296671
2956 0.04743301858968559
2965 0.014166380190240599
2969 0.023760805250212638
2995 0.07837801959401315
3034 0.05069280988057733
3130 0.05703235612961589
3165 0.0640285552899034
3177 0.031057232278403173
3200 0.036987258223686856
3204 0.024814224595334514
3220 0.016710611276210936
3227 0.022224790968282865
3249 0.018258989473760638
3281 0.01700951687510941
3316 0.02566128463694388
3321 0.025020820906361655
3353 0.021239113104003914
3432 0.08665986962699691
3490 0.024814224595334514
3590 0.02434576386854459
3601 0.09486603717937118
3633 0.007025243718786964
3674 0.10138561976115466
3699 0.046967097995329686
3756 0.01892625437566709
3882 0.025311680228697734
3940 0.0582119908794177
3992 0.020548167376294734
4030 0.03816473737913454
4188 0.03947806041893833
4219 0.0534144174257541
4275 0.03860057727956529
4400 0.03564420443335279
4418 0.05069280988057733
4420 0.06192993627252821
4421 0.10831174741217424
4422 0.07128840886670558
4444 0.027020596541104377
4566 0.04931003741759168
4593 0.02465501870879584
4598 0.035048403420191616
4636 0.0395475098421202
4645 0.03860057727956529
4658 0.03178861212929988
4660 0.020178463871211933
4689 0.06466329991332832
4761 0.043326167257184495
4763 0.05281939523650578
4770 0.08372073714091405
4808 0.014166380190240599
4815 0.025311680228697734
4820 0.027455277241108154
4830 0.06436173443745472
4885 0.025484582259174608
4887 0.01854873739219528
4948 0.031057232278403173
4974 0.037245671861975686
4990 0.03568610711706085
5002 0.02093569465932467
5208 0.02514241851277133
5247 0.017620890064495257
5260 0.04199135542294258
5296 0.03397485982289163
5325 0.15207842964173202
5336 0.027681760796798776
5374 0.06811473537219415
5391 0.06280708397797401
5628 0.09654260165618209
5663 0.054196902214042025
5689 0.06451123465723148
5746 0.019403996959805898
5800 0.04616961543247564
5802 0.03860057727956529
5816 0.04187138931864934
5829 0.027914809999687578
5871 0.18973207435874237
5957 0.10643286879799516
5963 0.02723499950166341
6009 0.09486603717937118
6081 0.023760805250212638
6109 0.010042441424001307
6154 0.0166521409490543
6177 0.03860057727956529
6200 0.03628771855122846
6211 0.05069280988057733
6219 0.03007155441412423
6278 0.026026102550161336
6484 0.02621596211007131
6495 0.031057232278403173
6529 0.04512015986134876
6537 0.027914809999687578
6563 0.0166521409490543
6566 0.02840220980366307
6571 0.032593246560332946
6579 0.023348425908607053
6606 0.010571555649685588
6618 0.07808035653052788
6655 0.05838726402779246
6658 0.04743301858968559
6681 0.015264397579795759
6682 0.04512015986134876
6755 0.024814224595334514
6775 0.01297608737296671
6777 0.06605585452067343
6811 0.05536352159359755
7006 0.01900393260842652
7099 0.03677128558737352
7107 0.043326167257184495
7153 0.02199507149604731
7162 0.062114464556806345
7206 0.05414499592631727
7242 0.011939507677780686
7244 0.03348746001891614
7351 0.030386874614563086
7468 0.031147137149370722
7475 0.07004527772582116
7479 0.041494040821731984
7497 0.0224612678559592
7533 0.035958643626224356
7553 0.03860057727956529
7580 0.03686356266127513
7627 0.015412825818017456
7633 0.013050185911759276
7674 0.022704911790731384
7716 0.022956170819179566
7733 0.02723499950166341
7865 0.022873733711761688
7925 0.07128840886670558
7966 0.055829619999375156
7978 0.0395475098421202
8021 0.05069280988057733
8042 0.02660821719949879
8097 0.014881485471718827
8139 0.033027927260336716
8287 0.05069280988057733
8289 0.030386874614563086
8294 0.027455277241108154
8344 0.015875296502647247
8412 0.055207674574629315
8433 0.022996010111634036
8463 0.016594092794006213
8517 0.015875296502647247
8658 0.009594296251670456
8666 0.024976646979034463
8706 0.0397154290721734
8715 0.022829559784434503
8732 0.03564420443335279
8744 0.014150352730170587
8779 0.036987258223686856
8795 0.013790432681551194
8872 0.022109110777570207
8875 0.0422733919845282
8931 0.01619908393351315
8976 0.022342159980459013
8987 0.10138561976115466
8996 0.00883244131012031
9011 0.025841958185229726
9028 0.0211366959922641
9045 0.03348746001891614
9094 0.022572050019804155
9263 0.04743301858968559
9276 0.03178861212929988
9289 0.0790950196842404
9367 0.0232155363615965
9368 0.03775351723795593
9387 0.02621596211007131
9412 0.28459811153811354
9497 0.03281878254555337
9600 0.027681760796798776
9646 0.036987258223686856
9652 0.023879015355561372
9673 0.03860057727956529
9680 0.03007155441412423
9725 0.037635868849659596
9781 0.03666090672501183
9827 0.009790394620867534
9830 0.05069280988057733
9859 0.03218086721872736
9890 0.017194344200055653
9902 0.033391867426522816
9918 0.023483548997664843
9954 0.03564420443335279
9957 0.022829559784434503
9961 0.057724723728317835
9966 0.01916157755242125
9989 0.02449890439489566
9994 0.02976813596944498
10003 0.03785250875133418
10048 0.019322375603446237
10159 0.027681760796798776
10294 0.043326167257184495
10330 0.028154816913566548
10331 0.01877311384931602
10335 0.01916157755242125
10391 0.05069280988057733
10440 0.05062336045739547
10460 0.01577020174407257
10495 0.0383231551048425
10496 0.02621596211007131
10567 0.008056176526610318
10616 0.019911932239946042
10619 0.03860057727956529
10627 0.03449372594706419
10628 0.016144205668914155
10670 0.030386874614563086
10706 0.03218086721872736
10732 0.013628826545838888
10924 0.013790432681551194
10999 0.04425555846687627
11000 0.0032597912908917414
11007 0.04743301858968559
11150 0.07214389674319634
11320 0.07258645785064922
11359 0.013509718670338702
11365 0.024882205659162396
11505 0.04839097190043282
11581 0.02621596211007131
11606 0.05062336045739547
11636 0.02073959629012759
11722 0.026811763123232486
11794 0.036987258223686856
11798 0.027681760796798776
11808 0.0395475098421202
11849 0.019653953917711537
11876 0.052536473091027755
11921 0.04591234163835913
11930 0.021554433304442778
12023 0.048106680916314516
12057 0.03082565163603491
12064 0.015704310973120493
12148 0.05069280988057733
12182 0.021035567180270224
12217 0.029475753400963048
12262 0.04839097190043282
12264 0.05362352624646497
12285 0.02660821719949879
12298 0.05069280988057733
12304 0.043326167257184495
12316 0.022829559784434503
12318 0.02660821719949879
12325 0.033027927260336716
12378 0.01119685994200188
12472 0.05680441960732614
12559 0.09486603717937118
12591 0.02602678551017596
12626 0.035048403420191616
12648 0.018330453362505914
12695 0.03582179795687255
12733 0.030141324143228346
12735 0.10092404169404404
12865 0.019931988487484162
12892 0.02621596211007131
12898 0.027681760796798776
12957 0.13063040371645032
12959 0.02621596211007131
12968 0.04931003741759168
13006 0.02660821719949879
13068 0.027681760796798776
13079 0.011528749393655608
13082 0.05069280988057733
13112 0.014515984598486742
13252 0.03449372594706419
13300 0.035048403420191616
13323 0.03564420443335279
13336 0.025781190513036092
13338 0.1129108344716899
13449 0.04512015986134876
13450 0.02640969761825289
13458 0.05069280988057733
13465 0.043326167257184495
13624 0.4541589642529552
13626 0.17839207581422226
13676 0.06266585233910141
13754 0.010355713570793285
13786 0.010878129986278708
13827 0.0384831491522119
13910 0.15207842964173202
13912 0.015462917161041659
13918 0.052150562399852995
13989 0.01577020174407257
14039 0.02308480771623782
14044 0.025841958185229726
14062 0.04970336269597856
14072 0.048149417345652215
14076 0.02434576386854459
14163 0.058478276735197225
14195 0.03775351723795593
14198 0.06108357211132774
