175 0.04252141695244795
287 0.0692623451142766
300 0.04986394789433396
302 0.08418961782853049
326 0.036479139062625586
482 0.04087544488301488
690 0.07051279515592511
811 0.05209951014717835
956 0.09850417335940227
971 0.03377893927184387
995 0.038190751084203105
1031 0.09850417335940227
1053 0.0789331524424193
1083 0.05672785934853527
1100 0.06702678286143222
1319 0.05453891004263512
1503 0.0921698816286829
1601 0.06601854365026558
1620 0.03480371875520376
1681 0.0921698816286829
1940 0.030342600423421566
1942 0.0308482201423171
1962 0.06417850342520574
1963 0.020595437686057514
2244 0.05209951014717835
2428 0.057276065969661484
2458 0.15369417377328895
2462 0.03974563085107166
2485 0.03886278096091473
2597 0.03004690164663598
2727 0.0921698816286829
2776 0.03158476058128457
2843 0.05843380187789771
2857 0.11038000082777337
2927 0.025214596766773397
2934 0.08971488882173836
2995 0.08702910218677652
3145 0.05209951014717835
3157 0.03534247164797664
3159 0.09126452398316533
3208 0.036479139062625586
3238 0.04918461105508165
3321 0.024309712619610818
3432 0.045925602975420796
3442 0.044607482508222766
3453 0.09850417335940227
3454 0.043645807521178505
3527 0.034282927675995875
3738 0.043880733536593795
3746 0.08097937967249381
3753 0.08767563012302339
3840 0.04230593373434896
3924 0.07187211174007097
3984 0.019714345643618483
4053 0.07500704666158466
4079 0.041676763378696004
4129 0.08134133839230402
4398 0.057276065969661484
4420 0.08022646200512645
4436 0.06507144849220972
4576 0.05424290525583082
4577 0.021930537422031788
4640 0.08134133839230402
4700 0.048217975824900894
4735 0.0495205871358002
4747 0.03317099152389104
4773 0.05968425191954621
4805 0.0633338498514538
4835 0.04188368409418153
4881 0.028206861421576152
4928 0.02829389387858061
4949 0.07051279515592511
5087 0.0547092767729727
5223 0.02528642349388619
5260 0.05439724442081902
5358 0.03534247164797664
5360 0.15395469921787744
5369 0.09850417335940227
5390 0.02528642349388619
5412 0.05131823307262581
5689 0.05372381372603761
5747 0.05619823962505331
5801 0.06507144849220972
5814 0.06104356850369206
5957 0.20681595247757512
6065 0.07336107459215159
6096 0.07336107459215159
6109 0.01951405718704266
6219 0.05843380187789771
6245 0.019365508185422268
6419 0.09022294182474956
6438 0.08418961782853049
6563 0.03235775216870194
6566 0.055190000413886685
6662 0.06601854365026558
6775 0.025214596766773397
6777 0.06417850342520574
6811 0.10758010735033721
6815 0.06507144849220972
6866 0.08955850047302769
6877 0.08418961782853049
6911 0.04644752273328259
6948 0.09850417335940227
7020 0.032585818783073026
7374 0.047015668458107486
7418 0.03004690164663598
7442 0.06934376867769569
7468 0.06052382980226603
7497 0.08729161504235701
7551 0.05619823962505331
7553 0.07500704666158466
7580 0.017907937908679204
7633 0.025358581985349682
7674 0.044119246347025916
7693 0.05014385300012494
7717 0.03095133791358962
7966 0.10848581051166165
8052 0.08134133839230402
8144 0.06810460920604039
8264 0.05439724442081902
8289 0.05904651906127979
8420 0.09850417335940227
8658 0.018643240007062845
8706 0.025724460198495374
8744 0.018330920456150236
8758 0.045632261991582664
8826 0.06417850342520574
8875 0.041071954211492484
8903 0.05209951014717835
9094 0.021930537422031788
9129 0.06507144849220972
9285 0.07187211174007097
9383 0.05522168727299903
9386 0.055190000413886685
9409 0.06404355217596679
9497 0.025508840823205887
9526 0.07187211174007097
9531 0.03575909062107025
9649 0.09850417335940227
9725 0.12188744184274754
9827 0.038048580509260646
9902 0.010814282819480726
9906 0.06882301376872149
9949 0.045632261991582664
9989 0.09521051728303763
9991 0.07684708688664448
10033 0.055685987647248074
10037 0.03938648203093426
10051 0.07684708688664448
10068 0.03004690164663598
10234 0.03938648203093426
10264 0.08767563012302339
10440 0.04918461105508165
10496 0.050941774238942125
10508 0.17182819790898446
10516 0.018737634769343106
10531 0.04087544488301488
10554 0.07684708688664448
10571 0.14672214918430318
10608 0.04644752273328259
10627 0.13405356572286445
10657 0.02397517551882486
10670 0.05904651906127979
10708 0.048217975824900894
10732 0.07944891766224073
10888 0.06177031747532104
10924 0.02679699891887734
11000 0.006334291730719363
11001 0.1206982607443582
11259 0.03852315268014981
11310 0.04536969638867442
11810 0.07684708688664448
11876 0.06805780234898055
11878 0.052921925588168515
11880 0.04341436201945193
11905 0.06882301376872149
12033 0.08418961782853049
12127 0.06810460920604039
12231 0.03974563085107166
12262 0.047015668458107486
12276 0.06177031747532104
12382 0.0692623451142766
12513 0.033411339120352296
12523 0.06068520084684313
12771 0.06507144849220972
12807 0.05014385300012494
12834 0.01294929552431179
12903 0.02528642349388619
12999 0.04273991401942812
13043 0.08022646200512645
13079 0.02240218941433874
13338 0.043880733536593795
13624 0.23223761366641296
13626 0.24760293567900102
13627 0.08767563012302339
13659 0.055190000413886685
13676 0.09132727102326163
13786 0.02113793266774634
13787 0.05439724442081902
13811 0.0921698816286829
13968 0.07336107459215159
14163 0.012625841203238076
14189 0.03886278096091473
14200 0.06177031747532104
