36 0.06250757657091505
284 0.04129224590684729
293 0.03829561488693062
320 0.033060671530634904
322 0.024130814714492473
336 0.027549356191305892
386 0.06250757657091505
556 0.024130814714492473
560 0.05563613171314435
636 0.025938241129875864
817 0.027845300538880645
965 0.034420801049076584
968 0.019974538435296164
974 0.042533038135618886
979 0.03502179713983225
994 0.020677911333535186
995 0.024234620892524063
1027 0.022254783185027202
1111 0.026189226672864198
1112 0.06119514967092176
1127 0.019128949450118064
1133 0.01840765690957159
1140 0.05008843688557576
1255 0.02082477919636556
1307 0.062004519144526336
1318 0.02120175995774585
1319 0.034608636155402675
1374 0.04321699202780506
1383 0.04474514928780457
1397 0.01876174452892426
1436 0.0475970565780062
1443 0.04474514928780457
1455 0.1607584870410046
1545 0.041798074434282316
1600 0.07659122977386124
1602 0.04129224590684729
1604 0.01700451264822042
1689 0.014407462566520146
1709 0.042533038135618886
1714 0.028790148420077488
1716 0.08949029857560914
1719 0.03670607415266641
1742 0.04474514928780457
1755 0.053424020560958664
1963 0.013069201580684796
2053 0.0475970565780062
2091 0.04560772782199112
2318 0.04395165395597468
2340 0.056300704564123095
2365 0.028790148420077488
2384 0.022169689105295126
2391 0.07659122977386124
2604 0.035336534667291274
2608 0.028956764097047775
2695 0.039681130845417266
2859 0.04560772782199112
2874 0.06250757657091505
2969 0.029298639334911367
2995 0.2761293295152898
3010 0.014524321280235992
3064 0.05161659414557527
3144 0.04560772782199112
3145 0.033060671530634904
3159 0.05791352819409555
3171 0.05161659414557527
3219 0.03746901969323158
3220 0.020605285371935185
3249 0.022514537768321997
3301 0.035336534667291274
3308 0.031210970426794993
3321 0.015426160853541359
3353 0.026189226672864198
3442 0.028306472034896203
3481 0.025221297525314927
3590 0.03001993187545784
3606 0.022427194477140665
3629 0.05161659414557527
3633 0.01732517730683801
3745 0.030797852342465768
3756 0.04667463876532516
3778 0.05563613171314435
3865 0.01784424397381512
4184 0.06328411142055822
4188 0.02433952556902429
4190 0.031864838106449724
4219 0.06586349809956753
4241 0.03040126348150751
4266 0.04129224590684729
4384 0.017415489609556425
4420 0.05090912948938916
4466 0.058488039003345975
4489 0.01286824741421955
4500 0.03873628296422042
4532 0.03502179713983225
4535 0.022169689105295126
4569 0.034716745396651344
4577 0.013916412882806288
4586 0.031210970426794993
4591 0.03708020909820398
4630 0.03164205571027911
4722 0.028306472034896203
4739 0.04474514928780457
4808 0.034936161422507175
4873 0.05161659414557527
4913 0.027404632461590837
4933 0.04129224590684729
4985 0.020461610401747172
5172 0.03059757483546088
5223 0.01604595012418129
5247 0.032591578693770246
5296 0.04189324199760295
5358 0.022427194477140665
5458 0.042533038135618886
5487 0.029126228042797905
5551 0.0315511358507888
5613 0.022254783185027202
5649 0.06250757657091505
5658 0.10684804112191733
5663 0.03341417671491723
5689 0.011363800759687426
5827 0.042533038135618886
5957 0.19685811592587937
6102 0.018822008540772314
6109 0.02476598467311245
6154 0.02053318760382014
6206 0.07067306933458255
6207 0.024130814714492473
6263 0.04321699202780506
6315 0.06517712529677647
6419 0.05725257369540112
6563 0.02053318760382014
6758 0.034716745396651344
6916 0.03708020909820398
6937 0.03358254988763843
6982 0.039681130845417266
6989 0.04876468685537364
7023 0.042533038135618886
7078 0.02862628684770056
7099 0.0113353548307863
7204 0.07839490892047196
7242 0.01472220009397918
7245 0.020180360349280058
7268 0.04474514928780457
7269 0.0951941131560124
7440 0.058488039003345975
7450 0.04560772782199112
7468 0.051208631359902564
7479 0.01705496262692437
7486 0.0220016613637373
7501 0.03358254988763843
7533 0.022169689105295126
7571 0.025693453398543013
7572 0.03142417002915992
7627 0.019005030343820627
7633 0.016091739579354312
7640 0.04129224590684729
7646 0.04876468685537364
7651 0.03059757483546088
7693 0.03181967447744528
7726 0.027845300538880645
7788 0.0475970565780062
7792 0.033060671530634904
7865 0.014102410823339243
8131 0.03331817690248044
8293 0.036699705335088456
8344 0.03915057437387809
8433 0.014177798254474372
8460 0.05161659414557527
8474 0.025938241129875864
8644 0.03599767290056861
8658 0.02366079958906015
8688 0.035798331989475414
8691 0.022254783185027202
8701 0.0475970565780062
8715 0.056300704564123095
8744 0.017448317796356513
8826 0.04072561172023549
8875 0.02606293962211026
8903 0.033060671530634904
8995 0.02120175995774585
8996 0.010890982425339778
8997 0.02349236599399542
9028 0.02606293962211026
9079 0.03919745446023598
9094 0.013916412882806288
9104 0.032092742383085626
9134 0.022254783185027202
9174 0.031210970426794993
9274 0.04395165395597468
9286 0.04189324199760295
9290 0.04395165395597468
9295 0.03787370443003387
9497 0.008093544499755096
9500 0.023926407484695073
9531 0.022691567462298657
9552 0.033060671530634904
9557 0.2736463669319467
9574 0.05563613171314435
9594 0.02862628684770056
9647 0.041947711362219885
9719 0.0324607815648707
9725 0.015469169161432834
9808 0.058488039003345975
9825 0.04876468685537364
9890 0.02120175995774585
9902 0.06176156090754407
9906 0.021836434215296498
9916 0.16046371191542816
9932 0.044170638478554146
9939 0.05161659414557527
9957 0.056300704564123095
9966 0.0236274883735811
9990 0.0338541668624648
10025 0.03634554717003436
10041 0.046552575703187965
10048 0.07147728891393469
10113 0.16189633202816456
10118 0.06250757657091505
10242 0.021356659975184312
10316 0.018583119886923884
10319 0.04072561172023549
10425 0.06250757657091505
10432 0.028790148420077488
10440 0.031210970426794993
10495 0.0472549767471622
10496 0.03232600960246528
10497 0.04395165395597468
10516 0.011890299671153562
10564 0.03919745446023598
10567 0.00993379677102578
10601 0.04189324199760295
10609 0.06250757657091505
10657 0.015213874381506372
10706 0.039681130845417266
10708 0.03059757483546088
10732 0.033610483257592964
10737 0.04876468685537364
10884 0.023825762971311566
10887 0.027996653088247597
10950 0.019317781815093502
10999 0.012126671376402175
11000 0.06833213864867432
11001 0.03829561488693062
11150 0.029652726954264044
11181 0.046552575703187965
11213 0.02011127714692339
11215 0.04876468685537364
11246 0.019191494764339557
11317 0.021356659975184312
11327 0.03829561488693062
11328 0.029298639334911367
11365 0.015340699984449507
11473 0.06250757657091505
11570 0.07493803938646316
11576 0.02082477919636556
11579 0.04876468685537364
11581 0.03232600960246528
11613 0.05563613171314435
11634 0.02581509172732664
11815 0.023926407484695073
11849 0.024234620892524063
11876 0.04318728990349976
11905 0.021836434215296498
11921 0.028306472034896203
11929 0.05825245608559581
12007 0.02947410231226366
12057 0.019005030343820627
12064 0.04518371843205124
12206 0.04018962176025115
12262 0.05966925858979143
12264 0.033060671530634904
12318 0.03280968598764657
12348 0.06943349079330269
12449 0.04474514928780457
12515 0.04189324199760295
12523 0.09627218597163464
12610 0.026845983293066866
12611 0.01840765690957159
12725 0.028150352282061548
12735 0.07777874809684986
12807 0.047729511716167926
12834 0.016434411942569057
12877 0.027180331087952946
12896 0.06250757657091505
12903 0.01604595012418129
12914 0.04474514928780457
12957 0.08053794987920058
12983 0.05008843688557576
12985 0.03873628296422042
13043 0.07636369423408375
13051 0.027549356191305892
13068 0.03413343601784868
13122 0.028790148420077488
13129 0.03873628296422042
13196 0.058488039003345975
13266 0.05008843688557576
13277 0.058488039003345975
13305 0.046552575703187965
13323 0.04395165395597468
13336 0.06357981512089733
13338 0.027845300538880645
13396 0.05008843688557576
13478 0.06250757657091505
13479 0.05008843688557576
13524 0.03873628296422042
13624 0.41263743237169126
13626 0.06284834005831984
13676 0.13522447270565455
13695 0.025938241129875864
13786 0.013413451427678866
13787 0.10355621914033063
13872 0.03601986277281437
13911 0.06250757657091505
13948 0.07433247954769553
14062 0.012257504592347365
14072 0.014842851474738687
14076 0.03001993187545784
14131 0.05161659414557527
14163 0.02403585682316538
14194 0.05161659414557527
14202 0.05563613171314435
14203 0.04189324199760295
14234 0.04876468685537364
14246 0.03599767290056861
