144 0.06290189313888014
287 0.04422891419057436
313 0.0294834639520597
320 0.033269228176848686
321 0.030992134445573694
437 0.026613565974064397
527 0.0294834639520597
558 0.04907230914715916
690 0.04502741512929398
807 0.050404409790157166
967 0.04589543506796075
979 0.035242725155438186
981 0.029660033802575696
1002 0.02205697332794276
1027 0.02239517304186914
1052 0.04422891419057436
1095 0.0340677291155683
1107 0.033139492414264816
1112 0.030790593527898688
1133 0.03704755587666805
1159 0.05598710114301966
1222 0.05194220712515447
1307 0.031197831137572997
1312 0.05885699912101496
1318 0.04267101405556202
1319 0.02321797188494707
1397 0.01888009924874435
1455 0.04044314996578538
1524 0.06324480626471618
1567 0.035913621649100946
1590 0.06290189313888014
1600 0.03853719512821858
1601 0.04215751715129868
1604 0.0171117822215298
1620 0.02222464006664854
1653 0.012686017828934706
1661 0.04215751715129868
1744 0.06290189313888014
1846 0.0314078586028642
1901 0.02648315972337728
1902 0.053761035329249904
1916 0.11433786940030045
1940 0.019375899967466963
1942 0.019698773978203906
1963 0.02630329205951758
2010 0.053761035329249904
2055 0.05885699912101496
2182 0.017525351748980133
2204 0.04349504750357015
2365 0.02897176532380325
2391 0.07707439025643716
2457 0.053761035329249904
2597 0.019187075349947458
2609 0.024077342449713206
2621 0.04098252111142879
2622 0.06290189313888014
2659 0.018641143246408094
2716 0.025615139784710507
2738 0.037705385523759176
2759 0.04098252111142879
2763 0.025497079991194882
2843 0.07462824438942775
2857 0.07048545031087637
2873 0.032529931780570995
2897 0.08196504222285758
2919 0.03493574905423508
2927 0.04830391903021266
2965 0.01757827461114322
2995 0.2778712362648731
3130 0.014153656817110716
3137 0.021413141163717207
3145 0.033269228176848686
3159 0.0874182961875271
3165 0.02648315972337728
3184 0.02338907397094076
3195 0.05194220712515447
3249 0.022656566235095994
3276 0.04044314996578538
3282 0.03622475703359013
3308 0.0314078586028642
3321 0.031046947419303215
3349 0.05194220712515447
3396 0.026227352473586152
3402 0.032529931780570995
3431 0.06290189313888014
3432 0.04887791843699275
3481 0.025380401045646192
3482 0.050404409790157166
3490 0.030790593527898688
3544 0.04677814794188152
3588 0.046846243333389416
3633 0.026151704593694567
3713 0.04348961779429668
3728 0.023976063040509397
3738 0.028020957058374586
3756 0.023484538202992893
3758 0.018350279024003956
3763 0.030992134445573694
3777 0.05194220712515447
3780 0.038112623133433485
3840 0.027015335819216408
3888 0.04044314996578538
3984 0.025178012680809363
3991 0.023108043101842626
3993 0.038980643072100266
4025 0.027433967988805947
4071 0.033528357969924885
4109 0.0369376270935636
4114 0.03588655731966374
4155 0.0369376270935636
4176 0.05885699912101496
4202 0.033269228176848686
4219 0.016569746207132408
4235 0.05598710114301966
4262 0.022656566235095994
4283 0.06198426889114739
4289 0.038112623133433485
4307 0.03853719512821858
4330 0.04907230914715916
4383 0.017956810824550473
4384 0.017525351748980133
4414 0.03622475703359013
4420 0.12807569892355256
4421 0.026879606703420596
4452 0.017684970132169735
4498 0.04502741512929398
4532 0.035242725155438186
4564 0.04215751715129868
4577 0.014004201795244892
4586 0.0628157172057284
4784 0.02715293711970781
4805 0.04044314996578538
4815 0.0314078586028642
4872 0.04215751715129868
4887 0.02301609833926471
4913 0.027577509114492905
4928 0.03613531139923861
4944 0.05194220712515447
4983 0.05598710114301966
5038 0.030790593527898688
5039 0.04155272979668561
5166 0.03463793780082512
5195 0.04589543506796075
5210 0.06368332660359712
5231 0.03206585107623978
5247 0.02186478410764734
5260 0.03473649429170404
5358 0.02256867195619921
5360 0.03277032741580119
5390 0.03229434559434486
5412 0.03277032741580119
5455 0.025038335438968003
5551 0.03175016989252563
5595 0.04502741512929398
5689 0.022870974056286932
5703 0.05598710114301966
5706 0.046846243333389416
5743 0.06290189313888014
5759 0.03493574905423508
5767 0.03993145133752893
5797 0.05598710114301966
5798 0.017316423984524664
5814 0.038980643072100266
5892 0.06290189313888014
5957 0.19809995605001063
5970 0.023875801532038193
5974 0.05220373469161589
5987 0.04215751715129868
5988 0.053761035329249904
6044 0.01671467761031046
6054 0.029839785262470025
6072 0.03229519304150668
6183 0.02897176532380325
6187 0.05885699912101496
6219 0.11194236658414163
6304 0.027433967988805947
6315 0.026235312871975062
6407 0.06290189313888014
6412 0.0263544361809882
6429 0.023294514626740957
6495 0.03853719512821858
6579 0.02897176532380325
6606 0.013117656435987531
6629 0.02417966064020823
6681 0.037881486848160416
6734 0.027015335819216408
6770 0.037314122194713875
6788 0.04280134931552423
6809 0.04907230914715916
6811 0.03434875998466644
6813 0.013604383997084968
6859 0.03434875998466644
6877 0.053761035329249904
7020 0.041616707618208286
7023 0.08560269863104845
7099 0.04562744661511492
7162 0.03853719512821858
7182 0.04907230914715916
7270 0.06290189313888014
7351 0.037705385523759176
7462 0.06290189313888014
7465 0.047897313107289285
7468 0.012882917696923214
7473 0.053761035329249904
7475 0.02897176532380325
7479 0.017162550453852714
7486 0.02214045445210214
7491 0.029791698812430045
7558 0.03993145133752893
7571 0.0258555354199407
7589 0.04589543506796075
7598 0.019375899967466963
7627 0.05737475935090534
7633 0.016193251105982135
7693 0.016010201270749046
7733 0.03379439869928108
7774 0.050404409790157166
7777 0.06290189313888014
7788 0.09579462621457857
7851 0.02222464006664854
7865 0.014191373066653606
7891 0.016812481689006654
8037 0.05598710114301966
8052 0.05194220712515447
8074 0.023875801532038193
8078 0.027433967988805947
8207 0.03993145133752893
8213 0.04907230914715916
8244 0.021258472389223147
8250 0.0406001417798341
8264 0.01736824714585202
8279 0.03379439869928108
8289 0.07541077104751835
8306 0.024599762128030223
8433 0.014267236064347922
8463 0.020590688386069637
8478 0.06290189313888014
8492 0.04502741512929398
8507 0.033528357969924885
8517 0.019698773978203906
8658 0.0357150885295408
8660 0.038980643072100266
8689 0.027870940154387396
8702 0.05598710114301966
8715 0.028327933159577694
8744 0.01170559135056195
8795 0.0342235644430596
8802 0.05194220712515447
8826 0.08196504222285758
8875 0.052454704947172304
8893 0.027292462976223557
8915 0.06290189313888014
8995 0.02133550702778101
8996 0.010959686013725677
8997 0.00788018763164009
9028 0.052454704947172304
9056 0.05885699912101496
9094 0.04201260538573468
9104 0.03229519304150668
9113 0.06603331868333687
9134 0.02239517304186914
9204 0.05470880125355638
9254 0.05885699912101496
9267 0.05885699912101496
9274 0.08845782838114873
9290 0.04422891419057436
9383 0.01763147972990573
9403 0.04907230914715916
9409 0.020448172589138523
9497 0.016289202018919785
9531 0.022834712685555408
9552 0.033269228176848686
9557 0.0917908701359215
9572 0.04907230914715916
9618 0.03622475703359013
9645 0.01614717279717243
9652 0.01481507215417443
9654 0.02157024576684532
9662 0.04502741512929398
9725 0.04670025998060209
9813 0.030593043782959937
9821 0.03301665934166843
9825 0.04907230914715916
9827 0.01214835708811695
9855 0.04589543506796075
9898 0.03379439869928108
9902 0.055245485675225955
9944 0.020307664123794485
9990 0.0340677291155683
10003 0.046969076405985785
10026 0.04907230914715916
10030 0.03463793780082512
10032 0.03853719512821858
10033 0.0355594481417559
10079 0.04298276840211138
10141 0.0369376270935636
10162 0.02648315972337728
10284 0.05885699912101496
10306 0.05194220712515447
10372 0.05194220712515447
10396 0.026613565974064397
10440 0.0314078586028642
10496 0.06505986356114199
10497 0.04422891419057436
10516 0.02393061450576772
10522 0.029839785262470025
10524 0.036574825798436184
10590 0.050404409790157166
10595 0.023875801532038193
10601 0.04215751715129868
10628 0.020032448431848017
10670 0.037705385523759176
10706 0.03993145133752893
10708 0.061581187055797376
10732 0.016911254140661715
10765 0.04348961779429668
10813 0.04907230914715916
10821 0.031197831137572997
10924 0.0171117822215298
11000 0.020224470089325933
11001 0.11561158538465574
11097 0.017420340925436508
11102 0.027723145804964634
11138 0.025977941079837932
11246 0.019312560477725664
11259 0.024599762128030223
11289 0.047897313107289285
11310 0.02897176532380325
11312 0.050404409790157166
11356 0.01757827461114322
11365 0.015437473727728255
11384 0.06290189313888014
11425 0.036574825798436184
11505 0.030022835097703114
11604 0.03993145133752893
11634 0.051955882159675865
11641 0.05885699912101496
11661 0.050404409790157166
11796 0.03463793780082512
11797 0.03379439869928108
11798 0.03434875998466644
11862 0.06290189313888014
11878 0.03379439869928108
11920 0.053761035329249904
11921 0.02848503776270581
11929 0.029309965037729632
12028 0.037705385523759176
12064 0.012991071685552129
12117 0.041616707618208286
12215 0.03635949209756671
12333 0.02438750016029465
12348 0.03493574905423508
12354 0.016861745671201633
12378 0.013893561813243653
12558 0.027723145804964634
12668 0.03229519304150668
12733 0.01870034778885002
12735 0.01565387996033872
12763 0.023200843176816248
12764 0.019375899967466963
12768 0.02338907397094076
12771 0.04155272979668561
12807 0.04803060381224714
12810 0.052454704947172304
12834 0.024807127724085144
12903 0.01614717279717243
12957 0.054030671638432816
12976 0.04907230914715916
13041 0.08845782838114873
13043 0.07684541935413153
13051 0.027723145804964634
13186 0.04422891419057436
13270 0.046846243333389416
13331 0.06290189313888014
13336 0.01066348261528273
13338 0.028020957058374586
13386 0.05885699912101496
13624 0.3559204056309084
13626 0.18973441879414857
13631 0.038112623133433485
13632 0.04589543506796075
13643 0.03434875998466644
13676 0.09719822092563855
13754 0.038549489953789366
13786 0.013498067508187576
13787 0.10420948287511213
13806 0.04584998653321907
13812 0.046846243333389416
13822 0.01637972263088047
13912 0.019187075349947458
13918 0.04314049153369064
13948 0.01870034778885002
13973 0.021649735718268445
13989 0.019568367727516793
14003 0.04155272979668561
14062 0.01233482861301528
14072 0.014936484640082964
14084 0.0369376270935636
14163 0.04837496445497021
14198 0.025265071019864443
