14 0.04280373486512345
100 0.0682041480074316
126 0.05039625487412534
152 0.05039625487412534
176 0.0682041480074316
339 0.032297156766142074
421 0.060207056587938734
483 0.026671311842745894
680 0.055503941436277536
896 0.03885303572350176
960 0.05017591115084009
968 0.02329273470329778
981 0.03437037846963566
1010 0.032647493461600216
1079 0.0682041480074316
1091 0.06714561053710673
1099 0.025754161155939207
1131 0.03947806503178783
1133 0.021465560783438448
1185 0.03615239519845221
1255 0.04856843712779445
1260 0.06019120980518675
1378 0.084766633343761
1400 0.0521782716029419
1426 0.09141797301043224
1458 0.04001344526338645
1603 0.04120668570166622
1612 0.04686597392574661
1653 0.029401398323097457
1655 0.026254682024502398
1689 0.016800848960626894
1718 0.021739188379341082
1787 0.06487847817409599
1867 0.04686597392574661
1901 0.030688981301337667
1920 0.04083966356736144
1940 0.04490601861780809
1942 0.022827159319012066
1959 0.13776258714909256
2061 0.05039625487412534
2095 0.03396471487470367
2114 0.02656573826691976
2137 0.08904933030217928
2138 0.0488526017696063
2311 0.027103520170827573
2340 0.03282672536511659
2341 0.043693421909808586
2357 0.03885303572350176
2371 0.028631455766185317
2425 0.0861334515641647
2478 0.04627301183970744
2515 0.055503941436277536
2593 0.04627301183970744
2597 0.04446839446594579
2609 0.08370328011572961
2692 0.036395777371214605
2780 0.03916132669232447
2793 0.020006722631693227
2927 0.0373167472810021
2940 0.049269110518710746
2951 0.034578676469164606
3010 0.016937120395642484
3039 0.04083966356736144
3137 0.024813787162871748
3143 0.06019120980518675
3159 0.03376709935818406
3193 0.04120668570166622
3195 0.06019120980518675
3219 0.043693421909808586
3241 0.03826007363746259
3297 0.054428290378508444
3345 0.09919736334608611
3365 0.1063682856071063
3432 0.011328055569117626
3443 0.0807475425905065
3544 0.16262112102496545
3557 0.0451712046013083
3633 0.01010162913158172
3758 0.04252901660709918
3786 0.04690437725459626
3793 0.05686553997185114
3832 0.030840097521256916
3847 0.05802940556408187
3893 0.04083966356736144
3940 0.027901093371909873
3984 0.014588281165032822
4103 0.04048393623239908
4109 0.04280373486512345
4148 0.0682041480074316
4200 0.0682041480074316
4222 0.07230479039690442
4258 0.04158574347079821
4262 0.026254682024502398
4278 0.04013882922542972
4307 0.04465733217067501
4346 0.05125295979598876
4383 0.020808552959027768
4384 0.020308573362907957
4414 0.04197765307694852
4458 0.04280373486512345
4489 0.07502968694039049
4492 0.0903105848819081
4566 0.03545156085652049
4585 0.04686597392574661
4630 0.036898475101888976
4681 0.04686597392574661
4720 0.03545156085652049
4735 0.03664439396843017
4817 0.025656605925459087
4819 0.054285950041952295
4841 0.03855275322483469
4881 0.020872598697399276
4976 0.06229888824419714
4997 0.032297156766142074
5111 0.05318414280355315
5130 0.03916132669232447
5223 0.01871152419945073
5247 0.03800573407664761
5358 0.026152829152347682
5399 0.06019120980518675
5459 0.10704145112269124
5689 0.039754710303914226
5764 0.0521782716029419
5798 0.020066465535757545
6207 0.028139456996207367
6278 0.01871152419945073
6310 0.016445121625664527
6412 0.030539815022589838
6429 0.0269939437465517
6695 0.04446839446594579
6720 0.025087955575420044
6787 0.04749100323403267
6866 0.022090590091724517
7025 0.051508322311878414
7045 0.0682041480074316
7078 0.03338172279894813
7100 0.05487724530855128
7170 0.03300877993406204
7245 0.02353274802095624
7257 0.04749100323403267
7284 0.08164243556776267
7401 0.026152829152347682
7406 0.060785098005883526
7418 0.022234197232972895
7423 0.03338172279894813
7468 0.044786606783768966
7497 0.032297156766142074
7598 0.022453009308904044
7642 0.06019120980518675
7649 0.027552517429818516
7748 0.04749100323403267
7785 0.04570898650521612
7810 0.03742403043013847
7862 0.039425106840855824
7911 0.0423833166718805
7941 0.033572805268553364
8004 0.07710550644966938
8077 0.04959868167304306
8108 0.11373107994370228
8244 0.024634555259355373
8268 0.2661809538380838
8273 0.06229888824419714
8377 0.0423833166718805
8401 0.02646112012117039
8583 0.05039625487412534
8688 0.020872598697399276
8697 0.0488526017696063
8715 0.03282672536511659
8739 0.03319374749942137
8744 0.013564570007157902
8776 0.05318414280355315
8858 0.0682041480074316
8865 0.055503941436277536
8897 0.04570898650521612
8929 0.054285950041952295
8996 0.025400413142308162
8997 0.00913164944834592
9105 0.2043155565264204
9194 0.048151767427674574
9204 0.021132389994573758
9269 0.048151767427674574
9314 0.06487847817409599
9347 0.043693421909808586
9375 0.23636969550728842
9383 0.02043155565264204
9402 0.029821557578328637
9409 0.02369557080006052
9478 0.06229888824419714
9497 0.09438054624030927
9535 0.0423833166718805
9614 0.048151767427674574
9652 0.017167871094931668
9719 0.22711925255288787
9720 0.04959868167304306
9721 0.04959868167304306
9827 0.02815530377895933
9989 0.03522708339149907
9999 0.055503941436277536
10001 0.1063682856071063
10040 0.2209137364531676
10110 0.1291886270645683
10190 0.02743862265427564
10209 0.031305672905542634
10242 0.12452228034252712
10316 0.021670171898481576
10335 0.027552517429818516
10362 0.02345218862729813
10459 0.032647493461600216
10516 0.027731063391531356
10567 0.02316802398548629
10568 0.04197765307694852
10583 0.030539815022589838
10613 0.03545156085652049
10628 0.023213825003000635
10745 0.07960745348396331
10752 0.03376709935818406
10786 0.09498200646806534
10794 0.03437037846963566
10806 0.03146512682954298
10924 0.07931729749989533
10936 0.03769604830297127
10999 0.0070705848878460644
11000 0.03281087858236463
11054 0.05318414280355315
11108 0.02778372966124499
11135 0.05726291153237063
11246 0.022379610800696916
11255 0.014403313599673492
11262 0.024284218563897224
11331 0.07230479039690442
11339 0.031305672905542634
11352 0.03855275322483469
11365 0.05366735097156232
11505 0.0347907966628786
11511 0.028506479130512134
11531 0.04158574347079821
11532 0.06019120980518675
11553 0.0423833166718805
11576 0.04856843712779445
11714 0.024904456068505425
11716 0.05125295979598876
11734 0.04324002159374392
11743 0.0682041480074316
11752 0.04280373486512345
11869 0.03416576735459253
11876 0.02518080929717652
11976 0.0347907966628786
12004 0.12459777648839428
12017 0.032125891023184874
12023 0.02305760335253101
12057 0.02216217066845953
12064 0.030108397956027898
12069 0.027103520170827573
12074 0.04324002159374392
12117 0.02411295282094002
12164 0.04324002159374392
12170 0.04686597392574661
12173 0.032297156766142074
12183 0.036395777371214605
12212 0.09919736334608611
12215 0.06320067836108995
12231 0.02941109222789362
12232 0.06019120980518675
12248 0.0423833166718805
12270 0.037974621450267976
12354 0.019539579227573663
12543 0.05039625487412534
12584 0.0939170187166279
12588 0.0488526017696063
12611 0.042931121566876895
12640 0.04324002159374392
12645 0.054285950041952295
12648 0.026357440267390807
12666 0.02732583906498896
12764 0.06735902792671214
12797 0.043693421909808586
12807 0.037105600129349825
12809 0.06019120980518675
12877 0.03169556299036945
12948 0.052714880534781614
12961 0.043693421909808586
12999 0.031626810950561406
13022 0.051313211850918174
13064 0.06529498692320043
13079 0.03315447986928072
13230 0.0682041480074316
13336 0.012356962764480053
13363 0.0423833166718805
13709 0.02778372966124499
13723 0.020681516227794055
13754 0.04467157955187825
13842 0.03396471487470367
13872 0.021001764579796085
13919 0.025852546653680607
14014 0.030840097521256916
14061 0.04465733217067501
14211 0.030840097521256916
14212 0.049269110518710746
