499 0.17260043251683008
1107 0.074212597791036
1145 0.13790494463033043
1940 0.0867808023822367
2740 0.13530147619063573
2827 0.1835525612574522
2995 0.24890600057285697
3573 0.21452253935986754
3633 0.03904276123284731
3693 0.13364646351079
4367 0.18610641255287547
4383 0.08042498434637836
5260 0.07778892468585928
5390 0.07231997553125466
5520 0.11214172468672666
5759 0.1564702718243509
5957 0.14787505067954432
6304 0.1228712864225431
6606 0.05875137427427216
6918 0.19478134867658758
8293 0.08270379040497218
8463 0.09222159810620277
8517 0.2646806725847804
8773 0.24078498498679024
8791 0.2636087933003511
8872 0.1228712864225431
8931 0.09002633809211281
8976 0.12416645634804485
8996 0.04908625394048361
8997 0.07058758630510259
9654 0.09660884079562036
9902 0.09278757856942588
9966 0.1064903834187615
10495 0.1064903834187615
10785 0.1282937178906712
11733 0.07399830369283915
11995 0.17260043251683008
12023 0.08911755624447568
12117 0.09319647824562954
12648 0.10187141436934168
12764 0.1735616047644734
13624 0.265682784943514
13626 0.2832609088288296
13676 0.087066300055383
13884 0.13790494463033043
14163 0.07222061491617873
