293 0.10322861616554023
319 0.08981156993970878
339 0.07465718700589288
971 0.05777967528393326
1100 0.11465089883057349
1112 0.08247798912778706
1145 0.08247798912778706
1452 0.14400833434298063
1567 0.04810045790819405
1940 0.051901736334177495
2391 0.10322861616554023
2597 0.05139593657631569
2645 0.14997124089817523
2740 0.08092091050207657
2878 0.16849372045150823
2988 0.14400833434298063
2995 0.18608167444720747
3159 0.1561101288069602
3699 0.1561101288069602
4339 0.16849372045150823
4389 0.13913628493910107
4421 0.0720017270026043
4577 0.03751270342888938
4586 0.08413144157247082
5297 0.07851186679877754
5368 0.15765876449243407
5390 0.043253025999741894
5481 0.14997124089817523
5613 0.1199787744908891
5626 0.13501702586208053
5689 0.030631951733037413
5846 0.16849372045150823
5957 0.17688179136596333
6109 0.0333792567808445
6230 0.05458515517231431
6278 0.043253025999741894
6528 0.05799260301925946
6755 0.08247798912778706
7078 0.07716423893364414
7468 0.03450914789213948
7627 0.05122944202277953
7693 0.04288612381395168
8085 0.07387118065313308
8131 0.08981156993970878
8206 0.16849372045150823
8207 0.10696337523631466
8344 0.052766610833042814
8492 0.1206138053857681
8517 0.21106644333217126
8691 0.1199787744908891
8744 0.015677736696942692
8872 0.07348668064688696
8996 0.02935743551240714
8997 0.021108460582886616
9902 0.07399234709054932
9966 0.0636896139538042
10377 0.10696337523631466
10396 0.07128909038637579
10516 0.032051167854877535
10887 0.07546701532537096
10924 0.04583690102451599
11123 0.14400833434298063
11360 0.10100046868112005
11576 0.056134707452559884
11798 0.09200916020021994
12064 0.01739942863180647
12348 0.0935815130700711
12523 0.051901736334177495
12764 0.051901736334177495
12834 0.022150076547077548
12903 0.043253025999741894
12957 0.07236530117426772
13112 0.048248504211500384
13323 0.11847488098723155
13624 0.23834876160624466
13626 0.338824546448829
13676 0.20828994547263377
13700 0.1561101288069602
13787 0.09304777434487232
13884 0.08247798912778706
