931 0.1565308930008565
1184 0.1444145410433125
1319 0.0601524874142672
1329 0.15751550878345374
1602 0.21530735488090413
1633 0.18594782509078506
1656 0.1428941147957769
2391 0.1996822251674987
3249 0.1173960259802623
3332 0.19196359179377273
3557 0.20197997081000416
4536 0.24273593546250688
5223 0.08366730852039934
5422 0.29519303133052155
6936 0.14598104776251256
7426 0.20955801664033
7468 0.06675342260411911
7491 0.07718351959182859
7717 0.10241128560397476
8997 0.04083154977387251
9329 0.19537216595894652
9538 0.29519303133052155
9542 0.15851924450918237
9725 0.0806598386987
9902 0.0715642476922933
10657 0.07932867245734633
10927 0.18261177951820975
10999 0.03161563969483872
11259 0.12746478367127873
11919 0.16498902320168246
12348 0.362042337841803
12807 0.08295758434120545
12834 0.042846419305457566
13875 0.14519186043828236
13970 0.20955801664033
14163 0.041776178886519945
