31 0.04142035682503913
68 0.05188079045616506
79 0.014725059988130436
104 0.03361773593981266
312 0.03268075697928926
406 0.023795187412348085
421 0.020715630864781617
462 0.04019406865082453
483 0.01835376389831644
889 0.0892917661875938
917 0.03715156368233879
920 0.01953154505269836
961 0.02594039522808253
994 0.016593238666929147
1001 0.02222516812700042
1065 0.028617074469345083
1198 0.03735667431509496
1230 0.020332177042211453
1350 0.0795898005869319
1451 0.021991176946250496
1458 0.01376755165723402
1519 0.014145438738099826
1604 0.013645475707652026
1674 0.02785886992229226
1689 0.023122883263688367
1768 0.026328527161110723
1848 0.053897442187587755
1948 0.03659846976804214
1963 0.02097507601387273
1976 0.056207324725641085
1992 0.05015995667078901
2129 0.04142035682503913
2172 0.02271486895932477
2173 0.04142035682503913
2182 0.013975269113574891
2225 0.08836569213159448
2352 0.01713790867852129
2384 0.03558066736645483
2462 0.04047826713024511
2471 0.025045618629690482
2550 0.05015995667078901
2558 0.012174919543356281
2594 0.11902183919094023
2603 0.046934430402031255
2613 0.046934430402031255
2648 0.028463816713790314
2659 0.014865036501673213
2692 0.025045618629690482
2693 0.016770683791967424
2746 0.0446458830937969
2770 0.019039318382408788
2793 0.01376755165723402
2919 0.02785886992229226
2940 0.016952177442041003
3044 0.01850108526790188
3090 0.0255703226140579
3130 0.011286573062467456
3137 0.017075515208836302
3147 0.019447363033229973
3170 0.05305986705795459
3196 0.05015995667078901
3208 0.018575781841169394
3260 0.10031991334157803
3325 0.04019406865082453
3358 0.03184260073810284
3391 0.029455230710531497
3432 0.007795359244736283
3442 0.02271486895932477
3512 0.08355547275004152
3513 0.042870747892087085
3515 0.10979540930412642
3527 0.052372303876958744
3633 0.020854195379950806
3648 0.0466588347652529
3679 0.02888676560501831
3692 0.07826361903360955
3696 0.032250645388924026
3721 0.015055587566598205
3728 0.05735781022962713
3734 0.013099321225995561
3801 0.04142035682503913
3814 0.027390786295130476
3867 0.027390786295130476
3882 0.025045618629690482
3904 0.04019406865082453
3914 0.02246625101903312
3942 0.03361773593981266
3956 0.04502256057034822
3991 0.018427083556547257
4010 0.20063982668315605
4029 0.0261320943017554
4052 0.0633555245132566
4072 0.03526953337472717
4119 0.046934430402031255
4219 0.0396397172002761
4241 0.02439585955215563
4383 0.014319328210302615
4450 0.021118508171085532
4452 0.014102553854703022
4505 0.05015995667078901
4577 0.011167392906721273
4630 0.02539154820058732
4660 0.03993271928888961
4663 0.0255703226140579
4666 0.10031991334157803
4685 0.10119566782561279
4713 0.05015995667078901
4722 0.04542973791864954
4762 0.024878136094062777
4814 0.031084396191050016
4817 0.0176554978009489
4826 0.03467999507383241
4827 0.025318588465740234
4887 0.01835376389831644
4899 0.03571723690206814
4922 0.03896103507272929
4928 0.014407719415291561
4981 0.03184260073810284
5087 0.02785886992229226
5156 0.05015995667078901
5161 0.043305219650610044
5223 0.012876265680488413
5260 0.027699977880157083
5410 0.05015995667078901
5423 0.04142035682503913
5435 0.03467999507383241
5551 0.025318588465740234
5653 0.03361773593981266
5689 0.05471411163170515
5746 0.019200033476875808
5962 0.048086425873355446
6022 0.03006746553639303
6072 0.025753207142114674
6106 0.04019406865082453
6109 0.029810643435441698
6122 0.04019406865082453
6151 0.023941157133539375
6166 0.026736571811931904
6245 0.0098612375329971
6263 0.06935999014766482
6264 0.04142035682503913
6310 0.0339499475739477
6419 0.022971508202645038
6484 0.02594039522808253
6519 0.03110588984350193
6528 0.05179254954209691
6606 0.01046043363112593
6645 0.02716668340229714
6656 0.04142035682503913
6681 0.030207894295542326
6720 0.034528366361397944
6752 0.01880417436829628
6813 0.04339426225661648
6866 0.0152015572877895
6884 0.03145446880507465
7071 0.08574149578417417
7099 0.00909619182748515
7110 0.23467215201015632
7201 0.007398936402563022
7233 0.023795187412348085
7242 0.011814006546468664
7296 0.1339376492813907
7309 0.05015995667078901
7312 0.10031991334157803
7316 0.26017032711832994
7422 0.01376755165723402
7424 0.0892917661875938
7497 0.02222516812700042
7536 0.06366749470481937
7580 0.027357055815852575
7616 0.019200033476875808
7633 0.01291300997955514
7661 0.04019406865082453
7693 0.025534080516727693
7822 0.03467999507383241
7865 0.0226332983826318
7891 0.026813608016123414
8011 0.02234479634530014
8087 0.01961662743169514
8115 0.013685959899883688
8124 0.03851907096397296
8166 0.03361773593981266
8250 0.03237583562084544
8293 0.014725059988130436
8346 0.07095554375954452
8384 0.03006746553639303
8419 0.03361773593981266
8421 0.046934430402031255
8484 0.02246625101903312
8517 0.03141684931589534
8658 0.009493446613123957
8669 0.03670752779663288
8673 0.02475781665067131
8744 0.018668816649247303
8874 0.06368520147620568
8878 0.023103000892352964
8886 0.0255703226140579
8893 0.2611664658112437
8923 0.04942821410773585
8996 0.008739599845749879
8997 0.012567821107960737
9028 0.02091451938910616
9094 0.03350217872016382
9099 0.0152015572877895
9204 0.043626526380220985
9323 0.1565272380672191
9347 0.03006746553639303
9367 0.022971508202645038
9409 0.0163060187839406
9497 0.025979048537275607
9533 0.022971508202645038
9554 0.05015995667078901
9555 0.07638966111256276
9589 0.029755459797735057
9602 0.024878136094062777
9676 0.021991176946250496
9707 0.04019406865082453
9708 0.014188556061024019
9784 0.021876712718138357
9821 0.026328527161110723
9902 0.011013623873003848
9906 0.017522909288303138
9908 0.021327865690643148
9932 0.017722630069426544
9961 0.019039318382408788
9987 0.05015995667078901
10003 0.01872731264375082
10031 0.0228421537004529
10046 0.050091237259380965
10048 0.019119270076542377
10068 0.09180228004275891
10079 0.01713790867852129
10113 0.021652609825305022
10156 0.012987011690909765
10234 0.020056249037065783
10277 0.03467999507383241
10316 0.014912248074098295
10319 0.03268075697928926
10322 0.02521670321500826
10327 0.021327865690643148
10330 0.02785886992229226
10333 0.02716668340229714
10361 0.01689121831919488
10386 0.05067365495758464
10387 0.024714107053867927
10455 0.15047987001236704
10459 0.02246625101903312
10493 0.02122249823493979
10495 0.037920324481427896
10499 0.04681330378228024
10516 0.009541513989606086
10522 0.023795187412348085
10567 0.01594298940851684
10583 0.021015859951985173
10587 0.10756496661783793
10614 0.05816870184029464
10664 0.027390786295130476
10665 0.03819483055628138
10731 0.042870747892087085
10732 0.04045670484375162
10752 0.023236703646418663
10754 0.023372692028026193
10797 0.01970262963801614
10841 0.11739542855041434
10949 0.034027214592729595
10950 0.17051965012492362
10999 0.04379036988420343
11000 0.0032255262687577607
11003 0.07107689109522039
11034 0.06935999014766482
11071 0.026948721093793877
11102 0.08842924897568506
11200 0.09640812617113069
11232 0.030305205016074973
11245 0.020521593767108194
11252 0.03184260073810284
11255 0.009911586603630717
11262 0.016711094550008302
11320 0.023941157133539375
11328 0.02351104554317415
11356 0.014017471475706242
11386 0.02594039522808253
11482 0.04130265497170206
11623 0.05571773984458452
11636 0.04104318753421639
11722 0.026529933528977295
11726 0.058910461421062994
11733 0.013175084909185028
11842 0.08963747218153162
11886 0.08585122340803525
11908 0.0446458830937969
11919 0.02539154820058732
11955 0.021118508171085532
12007 0.07095554375954452
12041 0.017264183180698972
12064 0.005179745476147126
12069 0.0186511864493806
12175 0.01454217546007366
12285 0.026328527161110723
12288 0.31625424300159793
12330 0.042870747892087085
12359 0.029755459797735057
12378 0.033237495269811096
12387 0.018575781841169394
12390 0.11554706242007325
12403 0.0228421537004529
12406 0.07584064896285579
12407 0.03923325486339028
12582 0.017588927315360846
12695 0.03544526013885309
12711 0.0446458830937969
12712 0.028617074469345083
12735 0.02496579677837982
12834 0.03296997884784152
12865 0.0197224750659942
12877 0.010905591805520394
12898 0.027390786295130476
12963 0.12357053526933964
12994 0.08750685087255343
13022 0.0176554978009489
13079 0.0228151318270371
13112 0.014363401046603082
13174 0.056207324725641085
13235 0.034131148046337205
13311 0.03268075697928926
13363 0.029165921496840292
13614 0.0373023728987612
13628 0.0456843074009058
13695 0.020814453584118604
13700 0.06971011093925598
13754 0.030740581074306213
13786 0.021527570874701585
13787 0.013849988940078542
13794 0.07471334863018993
13853 0.03735667431509496
13862 0.024878136094062777
13876 0.03659846976804214
13912 0.015300380007126487
13918 0.017200795382332653
13971 0.02521670321500826
14014 0.04244499646987958
14044 0.0255703226140579
14060 0.01961662743169514
14072 0.03573247409452161
14074 0.030392209671054896
14107 0.029165921496840292
14110 0.0767109678421737
14113 0.024553391959400907
14116 0.05188079045616506
14163 0.006429287471668679
