299 0.07171360707900792
420 0.062489739398870245
437 0.03550070792994786
487 0.05899839827058371
547 0.07171360707900792
685 0.06545916154863007
729 0.03887004349224787
976 0.028154205345340747
1057 0.05801222657666287
1112 0.041072581888835044
1152 0.08390689690890543
1319 0.015485606840821405
1379 0.07171360707900792
1451 0.03678654327883639
1601 0.0562352938684924
1718 0.02502445320599786
1980 0.0546679281396413
2296 0.06723609425680055
2485 0.033103727938341154
2558 0.020366040698626155
2564 0.041072581888835044
2617 0.03640631089242408
2688 0.08390689690890543
2843 0.04977453059044604
2995 0.07413230989327868
3157 0.06021018245090694
3159 0.19435021746123934
3291 0.05394844329022321
3418 0.08390689690890543
3430 0.04544406045950363
3432 0.026079942963622243
3442 0.03799712548753642
3604 0.062489739398870245
3679 0.048321390697362826
3728 0.03198245632098404
3738 0.07475614605095686
3758 0.02447803863259308
3776 0.043079616494276225
3860 0.05801222657666287
4016 0.063891795819779
4025 0.03659506906662767
4154 0.0924093610274654
4214 0.08390689690890543
4228 0.08390689690890543
4420 0.06833774902378624
4421 0.03585558837849611
4489 0.017273661345009052
4532 0.04701142618835472
4577 0.01868066377160936
4663 0.04277368972997282
4864 0.03821004568047061
4922 0.021724497456324744
4957 0.0353267547580056
4964 0.041072581888835044
4990 0.029533877861627814
4991 0.03821004568047061
5158 0.03603664189466726
5273 0.05899839827058371
5455 0.03339945628996508
5502 0.05801222657666287
5663 0.044853440730240515
5689 0.0305083419049108
6026 0.063891795819779
6032 0.04660194070561611
6109 0.08311140172171122
6154 0.02756267559869871
6207 0.032391941803722665
6219 0.04977453059044604
6245 0.01649574473331381
6278 0.043078486056731424
6419 0.03842642814171102
6430 0.05899839827058371
6519 0.026016755850573087
6579 0.077292774668201
7020 0.027756945153457346
7078 0.03842642814171102
7099 0.015215986627374792
7362 0.14342721415801585
7406 0.03498552508325822
7466 0.02402690294946843
7468 0.03436989232406732
7487 0.23204890630665148
7571 0.03448954612885186
7602 0.05542854819387038
7627 0.15306814398735533
7693 0.02135653221993762
7865 0.01893033766520307
7882 0.20786223757282007
8097 0.024631881134000864
8289 0.05029644956897272
8412 0.03045997167400173
8583 0.05801222657666287
8658 0.015880509058363572
8744 0.0078072359804881915
8768 0.23553384061323313
8771 0.07851128020441105
8872 0.07319013813325534
8875 0.03498552508325822
8995 0.02846013210964416
8996 0.014619484384632064
9103 0.04743391336060828
9117 0.062489739398870245
9204 0.024325954369697457
9276 0.10523321974433697
9295 0.050839677163998016
9406 0.06122142509024817
9497 0.07605045161824511
9645 0.021539243028365712
9725 0.02076500247329558
9749 0.05029644956897272
9793 0.06122142509024817
9902 0.02763516151850348
9925 0.04701142618835472
10040 0.02825540148442488
10068 0.025594268678319525
10156 0.04344899491264949
10159 0.04581893674676535
10209 0.03603664189466726
10221 0.05899839827058371
10271 0.04701142618835472
10327 0.035676965184340666
10419 0.07851128020441105
10495 0.1585815144288363
10567 0.013334608495577388
10613 0.040809063809238315
10619 0.19167538745933696
10624 0.03909752301722515
10628 0.026721939539925917
10732 0.02255847617571507
10754 0.03909752301722515
10930 0.043078486056731424
10979 0.06122142509024817
10999 0.0162782085124286
11000 0.0377693169314607
11001 0.2570301383173423
11529 0.05801222657666287
11576 0.02795409288020945
11815 0.0321175562444203
11876 0.028986178000332923
11935 0.07171360707900792
12041 0.02887929205893753
12052 0.06928741252427337
12064 0.025993824468425904
12078 0.02920256046157334
12181 0.07396162566719006
12215 0.024250559107615803
12417 0.09015891211726758
12441 0.051997557410110494
12515 0.0562352938684924
12523 0.10338459209791971
12735 0.06264367063594736
12763 0.03094836513646242
12807 0.02135653221993762
12834 0.011030346913699262
12898 0.04581893674676535
12957 0.07207328378933452
12976 0.13091832309726015
13043 0.10250662353567937
13112 0.02402690294946843
13336 0.04267310688956296
13622 0.07468302922876775
13624 0.43520940338026265
13626 0.12654647994999232
13627 0.07468302922876775
13628 0.03821004568047061
13676 0.07779353557702887
13754 0.01714080937808944
13786 0.01800551465721918
13787 0.02316807412358498
13921 0.08390689690890543
13993 0.04277368972997282
14044 0.04277368972997282
14072 0.019924266414522787
14163 0.02150965020259597
14200 0.052616609872168485
