151 0.07980419156571118
965 0.13489910082312478
971 0.04200317546635141
1010 0.054861060936332855
1100 0.08334594816067753
1112 0.059957717526487875
1318 0.041546074858771716
1436 0.09326918518028919
1567 0.03496682810350663
1630 0.11461069513184513
1819 0.12248721146882308
1963 0.025609856365586197
2331 0.08209223062508908
2344 0.08937098042838063
2352 0.04184961040171481
2365 0.056415960931521535
2391 0.07504247222994542
2425 0.0361848034403948
2485 0.19329916723256277
2597 0.03736249003934347
2692 0.06115970166395554
2693 0.04095287214033323
2821 0.06688644201287372
2827 0.07980419156571118
2843 0.07266081429292245
2927 0.03135365275341484
2995 0.16232741740697038
3193 0.0692439833986759
3236 0.043277460372324224
3281 0.04109948324766867
3432 0.019035738458711846
3442 0.055468169080929414
3454 0.054272352868426535
3499 0.12248721146882308
3544 0.045544932061317774
3588 0.09122246449765549
3633 0.033949686948908965
3693 0.05810623345721304
3908 0.043442788004388555
4258 0.13976190909219904
4384 0.03412665912937347
4398 0.0712212017548853
4489 0.025216075054044797
4555 0.06288758481032766
4639 0.11461069513184513
4887 0.04481864636799284
5029 0.12248721146882308
5285 0.12248721146882308
5296 0.08209223062508908
5358 0.04394738467355904
5390 0.031442967299316144
5626 0.09815118898404132
5663 0.03273850590490727
5759 0.06802947047682469
5957 0.32146238634249735
6044 0.032548054580281406
6060 0.08209223062508908
6105 0.08209223062508908
6154 0.040235968663811475
6183 0.11283192186304307
6206 0.20773195019602772
6207 0.09457145411791025
6219 0.07266081429292245
6245 0.024080473094824768
6304 0.05342144839829572
6305 0.12248721146882308
6571 0.078753888239693
6995 0.11839164135668889
7025 0.043277460372324224
7078 0.056094864703377476
7153 0.05314589938800107
7344 0.06802947047682469
7374 0.05846268161415523
7418 0.03736249003934347
7466 0.035074450979965574
7468 0.0250865687109679
7633 0.03153269438499922
7733 0.06580694877976538
7798 0.08768070790268913
7865 0.05526897926618135
7891 0.03273850590490727
8156 0.050347807936871006
8289 0.07342271114106588
8344 0.038358907395958985
8462 0.12248721146882308
8463 0.04009570899662198
8666 0.060350172884681544
8706 0.03198765380993544
8744 0.011396995953351316
8795 0.06664265200887667
8826 0.07980419156571118
9028 0.10214367512299329
9251 0.07266081429292245
9252 0.08937098042838063
9301 0.0692439833986759
9392 0.06334468541790736
9902 0.1075780894488943
9905 0.031088146850239775
10018 0.08612580790750046
10040 0.041247209279073264
10496 0.06334468541790736
10616 0.04811248500078942
10887 0.054861060936332855
10999 0.011881456959134779
11001 0.07504247222994542
11135 0.04811248500078942
11169 0.06528889462511497
11262 0.040807359253848534
11312 0.09815118898404132
11360 0.07342271114106588
11505 0.05846268161415523
11576 0.040807359253848534
11876 0.042313996169519905
11921 0.055468169080929414
12192 0.07421571428811112
12262 0.05846268161415523
12316 0.05516224339593307
12695 0.043277460372324224
12771 0.0809145440261404
12793 0.09815118898404132
12900 0.045544932061317774
12928 0.05182390101053699
12957 0.052606256922723554
12999 0.05314589938800107
13043 0.09975938360665872
13079 0.027856502101155135
13122 0.056415960931521535
13338 0.05456447686224668
13453 0.12248721146882308
13490 0.10902221785424507
13547 0.12248721146882308
13624 0.17326862442092195
13626 0.2463099144614697
13676 0.15141724290715397
13754 0.025022137874079742
13787 0.16910366722188558
13912 0.03736249003934347
13973 0.04215796416989828
14090 0.04629942998363823
14198 0.049198012052711085
