278 0.05475245754903589
284 0.04231901525530629
287 0.09008910382132558
291 0.05133393154387926
293 0.0392478702724816
318 0.03135841143536648
320 0.0338827552759392
322 0.024730849427016446
326 0.02372409525625527
437 0.02710435415351138
482 0.026583219148392383
637 0.05077310935885567
672 0.05994239742782082
690 0.04585777822749907
706 0.05701957486222265
733 0.052900087827659946
807 0.05133393154387926
817 0.02853769932863043
916 0.035580008928791304
947 0.03689278786315842
979 0.03589264606174003
981 0.030207002743396633
1010 0.028692815397154268
1107 0.01687531351001929
1112 0.06271682287073296
1131 0.03469598159277549
1133 0.018865380084385958
1318 0.06518688315830293
1319 0.0709384229053505
1407 0.05133393154387926
1436 0.04878060079309724
1514 0.049977265262061775
1550 0.021117654582461596
1567 0.018287957372211297
1620 0.02263449084154299
1714 0.02950604171399055
1742 0.04585777822749907
1746 0.05994239742782082
1820 0.03840072103552736
1822 0.09171555645499814
1838 0.03039006905000637
1916 0.038815468627338194
1940 0.01973321633309219
1963 0.04018253758698743
1976 0.03589264606174003
2006 0.049674473680649214
2204 0.029531434522514815
2244 0.0338827552759392
2365 0.02950604171399055
2425 0.07569987656654759
2427 0.05994239742782082
2491 0.09995453052412355
2588 0.05994239742782082
2597 0.039081819096463015
2604 0.03621520982482533
2608 0.029676800441703868
2659 0.018984909758781175
2695 0.04066783834871413
2740 0.061532809712832294
2787 0.09995453052412355
2827 0.04173829119293636
2843 0.038002242310501914
2848 0.017427345361463103
2850 0.03220556067232072
2909 0.038002242310501914
2927 0.01639823501634863
2929 0.027375301014024397
2995 0.31129509080258144
3064 0.052900087827659946
3127 0.0392478702724816
3130 0.014414668342907621
3137 0.02180802686141828
3159 0.11870720176681547
3247 0.03654835131415142
3332 0.037730760168771915
3337 0.04878060079309724
3384 0.04293495566190091
3402 0.0331298253089948
3432 0.029867573843214038
3450 0.05133393154387926
3454 0.028384915921151527
3481 0.02584844808733035
3544 0.02382039839564715
3588 0.04771014794887501
3693 0.03039006905000637
3721 0.03845654483056557
3729 0.05133393154387926
3746 0.026332344546900463
3776 0.03289075768749122
3852 0.024730849427016446
3907 0.05701957486222265
3991 0.047068369916103796
4019 0.05994239742782082
4025 0.02793988543020986
4040 0.05475245754903589
4081 0.04771014794887501
4266 0.08463803051061258
4330 0.049977265262061775
4489 0.013188228120599983
4532 0.03589264606174003
4535 0.022720958641215618
4544 0.049977265262061775
4577 0.014262457179374716
4586 0.06397411933485682
4739 0.04585777822749907
4784 0.02765367199261461
4817 0.022548752736641142
4873 0.052900087827659946
4888 0.05475245754903589
4928 0.018400846368480914
5182 0.05994239742782082
5236 0.05133393154387926
5247 0.03340199801792485
5279 0.024730849427016446
5297 0.0597009565259951
5375 0.05994239742782082
5390 0.01644494730616018
5392 0.041188973353833126
5455 0.15300044612140215
5458 0.043590660914312296
5474 0.027375301014024397
5551 0.016167841807441637
5615 0.04585777822749907
5626 0.05133393154387926
5663 0.017122525344493274
5800 0.029172900224664455
5816 0.026457007523650065
5827 0.043590660914312296
5957 0.20175317249131955
5962 0.020471223548071234
5963 0.034417610614185266
6028 0.04878060079309724
6183 0.02950604171399055
6219 0.11400672693150575
6245 0.02518859669840473
6252 0.05994239742782082
6271 0.0890304013251116
6278 0.06577978922464071
6304 0.02793988543020986
6315 0.013359562790329647
6377 0.05475245754903589
6412 0.02684044567577833
6425 0.04674180556351489
6519 0.03972694662263361
6775 0.01639823501634863
6789 0.022379417064485378
6866 0.05824409377046757
6880 0.02985047826299755
6916 0.038002242310501914
6918 0.04429162194371838
6982 0.04066783834871413
7023 0.043590660914312296
7025 0.02263449084154299
7078 0.02933810557419274
7242 0.015088281024342703
7245 0.04136432682326656
7330 0.1164464058820146
7371 0.05994239742782082
7403 0.05994239742782082
7418 0.039081819096463015
7422 0.017583254893624077
7442 0.022548752736641142
7450 0.04674180556351489
7466 0.03668849015853392
7468 0.013120495168826076
7486 0.022548752736641142
7491 0.015170547912176875
7499 0.05994239742782082
7571 0.026332344546900463
7589 0.04674180556351489
7616 0.02452135942505323
7633 0.03298375071578205
7671 0.04961706352194812
7693 0.04891634954905387
7716 0.02901033827443208
7718 0.02141871083516798
7774 0.25666965771939626
7788 0.04878060079309724
7792 0.0338827552759392
7865 0.014453080128308681
7891 0.03424505068898655
7892 0.025500074353567024
7941 0.02950604171399055
7959 0.033625528748553256
7966 0.035276705655145416
8037 0.05701957486222265
8097 0.018806138487169475
8122 0.029676800441703868
8207 0.04066783834871413
8250 0.055131813730175804
8264 0.035377079653711146
8289 0.03840072103552736
8344 0.04012408910670101
8463 0.04194081400624818
8492 0.04585777822749907
8517 0.020062044553350505
8658 0.048498293893776336
8688 0.01834424507926696
8737 0.026332344546900463
8744 0.017882186129309065
8826 0.04173829119293636
8875 0.026711018382347494
8903 0.0338827552759392
8997 0.008025508365629748
9053 0.05701957486222265
9079 0.04017213490915567
9087 0.04771014794887501
9094 0.02852491435874943
9104 0.03289075768749122
9134 0.022808168662836675
9204 0.01857256716287139
9289 0.049977265262061775
9290 0.04504455191066279
9301 0.03621520982482533
9312 0.11520216310658209
9496 0.04393605734854242
9497 0.03317919145665452
9600 0.034982195030370734
9647 0.021495389728469556
9652 0.015088281024342703
9664 0.04066783834871413
9779 0.038002242310501914
9825 0.049977265262061775
9890 0.021728961052767642
9902 0.05626428305711878
9905 0.01625937310342468
9906 0.022379417064485378
9918 0.029676800441703868
10003 0.023917623110180166
10040 0.0431453034736498
10108 0.06883522122837053
10279 0.05475245754903589
10316 0.019045206108673045
10386 0.0215726517368249
10398 0.05994239742782082
10495 0.07264502225298021
10516 0.02437192563024382
10589 0.039699495963354016
10600 0.03589264606174003
10616 0.02516325107215985
10624 0.02985047826299755
10668 0.052900087827659946
10706 0.04066783834871413
10708 0.03135841143536648
10732 0.03444623857285588
10818 0.05475245754903589
10856 0.030766404856416147
10927 0.07178529212348006
10979 0.04674180556351489
10994 0.03289075768749122
11000 0.0370753833110644
11001 0.0392478702724816
11097 0.017741594282332487
11162 0.052900087827659946
11213 0.020611362392453734
11311 0.02213059062450358
11325 0.020753461284134023
11359 0.01707259942026096
11360 0.03840072103552736
11570 0.03840072103552736
11576 0.06402781896297195
11633 0.03414666375367226
11634 0.026457007523650065
11663 0.04585777822749907
11905 0.022379417064485378
11957 0.01806587410067675
11995 0.0784957405449632
12022 0.04771014794887501
12064 0.026461287310539563
12074 0.038002242310501914
12151 0.043590660914312296
12170 0.041188973353833126
12173 0.08515474776345458
12175 0.01857256716287139
12215 0.05554501142094085
12262 0.03057649455821277
12328 0.024730849427016446
12337 0.052900087827659946
12351 0.0392478702724816
12441 0.039699495963354016
12591 0.03289075768749122
12611 0.018865380084385958
12695 0.02263449084154299
12727 0.052900087827659946
12733 0.03809041221734609
12735 0.015942557518787797
12764 0.07893286533236876
12807 0.01630544984968462
12834 0.008421534290948298
12850 0.03654835131415142
12877 0.027856194805926437
12915 0.0331298253089948
12957 0.08254059944469633
12968 0.031157218620582707
12976 0.09995453052412355
13043 0.07826254712650176
13051 0.028234396054984547
13079 0.029138389187422505
13111 0.04231901525530629
13112 0.01834424507926696
13125 0.03289075768749122
13186 0.04504455191066279
13216 0.04771014794887501
13322 0.05994239742782082
13336 0.04344052346778314
13338 0.02853769932863043
13362 0.049977265262061775
13363 0.0372493123435575
13418 0.05994239742782082
13472 0.04429162194371838
13490 0.05701957486222265
13545 0.038815468627338194
13616 0.020825263032704825
13624 0.3020700274339663
13626 0.12882224268928288
13675 0.04674180556351489
13676 0.07919254430246982
13680 0.05475245754903589
13754 0.026173594553569105
13763 0.052900087827659946
13787 0.10613123896113343
13800 0.043590660914312296
13809 0.10580017565531989
13822 0.016681785656094395
13842 0.02985047826299755
13862 0.03177315902717732
13884 0.06271682287073296
13912 0.039081819096463015
13948 0.019045206108673045
13973 0.022048984522018835
14010 0.0338827552759392
14014 0.02710435415351138
14016 0.04066783834871413
14062 0.02512459724306337
14065 0.020753461284134023
14072 0.015211932511705582
14083 0.02933810557419274
14090 0.02421500741766007
14131 0.052900087827659946
14163 0.03284470709484048
14198 0.05146198245686967
