344 0.08873713503094421
345 0.1262010132357343
614 0.1262010132357343
618 0.1262010132357343
805 0.1262010132357343
1002 0.04425323696941914
1099 0.044589629266291377
1112 0.12355126077910082
1135 0.2935224899824245
1140 0.3033813738970837
1144 0.09845451109897921
1711 0.11232776216735674
2065 0.10421243052926617
2188 0.23617136319528742
2285 0.3786030397072029
2424 0.06388440746808365
2649 0.15827708385178618
2685 0.11808568159764371
2740 0.060609385738261336
2934 0.05747020397970748
2965 0.03526755644642196
2995 0.055749723602543724
3145 0.0667485523244761
3150 0.0500111563997061
3257 0.055917885961720065
3323 0.07410851618470746
3372 0.11808568159764371
3383 0.1667357321495641
3432 0.019612900419333487
3728 0.04810353549193663
3824 0.11808568159764371
3940 0.09661346778446613
4028 0.053395197253085155
4029 0.06574760023215574
4577 0.028096840459404
4662 0.11808568159764371
4808 0.03526755644642196
5208 0.12518535464826705
5390 0.0647926307526688
5730 0.0621799849606106
5798 0.034742201600221824
5957 0.06624181967588726
6109 0.025000908137764514
6230 0.04088402743981423
6636 0.05236856860750971
6681 0.03800109809540065
6758 0.14018423639680952
6775 0.03230429282104664
7536 0.10679039450617031
7580 0.022943189430077216
8121 0.1262010132357343
8264 0.03484617518737844
8658 0.04777047913094808
8715 0.056834757893846566
8864 0.10786157288101991
9115 0.1262010132357343
9368 0.09398832181264236
9902 0.02770996197809304
10043 0.10421243052926617
10094 0.07731775356437186
10223 0.09033917946088862
10327 0.053660298751459834
11000 0.03246132655236233
11019 0.08587299017455177
11220 0.1262010132357343
11328 0.059153116683372114
11359 0.03363278123155883
11537 0.07913854192589309
11576 0.16817853957337006
12064 0.013032091149585433
12285 0.06624181967588726
12592 0.1262010132357343
12810 0.05262033130464604
12957 0.05420127412956007
13261 0.05950737142722858
13336 0.04278861075608882
13608 0.04978999535919361
13624 0.23802948570891433
13676 0.07800410037544202
13732 0.1262010132357343
14084 0.07410851618470746
