79 0.04085116875944609
194 0.038538738964602456
326 0.05153407860096678
906 0.09961342348844818
1012 0.08221859141362511
1075 0.13896619696638882
1225 0.29884027046534456
1375 0.06948309848319441
1492 0.06007000438497233
1493 0.07044279761453791
1653 0.11226028966992949
1689 0.032074463777102595
1916 0.08431594080061654
1963 0.029095174168241717
2064 0.11128256384083869
2080 0.10363718775799471
2176 0.09833442477123634
2204 0.09622339133130779
2244 0.0736009763384835
2648 0.03948303711666652
2931 0.10153372998391423
2965 0.038888133107531156
3092 0.05849267283911238
3291 0.08947172768368872
3432 0.06487909787204786
3675 0.11491090617627979
4071 0.07417424499585709
4079 0.05887676230802547
4114 0.07939125134235049
4298 0.06337011030166145
4387 0.10596245244846722
4405 0.07249726623995285
4535 0.0493550399228393
4682 0.11491090617627979
4689 0.059169079196252826
4700 0.0681175329240654
4795 0.07196544285750468
4827 0.03512019411121728
4858 0.09066496976063558
4917 0.15733518597898616
4957 0.05858826666513911
5211 0.06995773188180808
5223 0.035722129670717966
5247 0.024185554428834886
5279 0.05372097542495328
5390 0.035722129670717966
5562 0.11491090617627979
5825 0.08947172768368872
5881 0.26041677772822286
6315 0.02901997953872957
6481 0.08171651603282301
6486 0.155933823681195
6487 0.08431594080061654
6488 0.05349227283520041
6606 0.02901997953872957
6720 0.04789536077796772
6789 0.04861313468807282
6813 0.15048379531778164
6821 0.04571179546616386
7201 0.02052658528149648
7342 0.11128256384083869
7466 0.03984783223887464
7475 0.12818753730903773
7558 0.08833970507016307
7604 0.05666796016967306
7718 0.04652626436491361
7891 0.11158194537060426
8124 0.07124132011119114
8250 0.029939679379718566
8265 0.09326439452842913
8293 0.12255350627833826
8433 0.031563175989708085
8585 0.0644646950734498
8623 0.11150886196098053
8661 0.08947172768368872
8758 0.1289293901468996
8969 0.09784691275412773
8981 0.05012275567429582
8997 0.03486642373163044
9126 0.04669282819260675
9150 0.056406778394644176
9204 0.08068759846517541
9489 0.07093876460825098
9588 0.08341501561189704
9600 0.07598920712705123
9652 0.03277514492599819
9661 0.07939125134235049
9765 0.04085116875944609
9784 0.12138344887843919
9898 0.07476280260598056
9932 0.14750163715685452
10050 0.07866759298949308
10156 0.03602936807686399
10180 0.07044279761453791
10445 0.048251329824308645
10460 0.04329078397730749
10493 0.05887676230802547
10543 0.09784691275412773
10567 0.02211501180240943
10999 0.026996876098299916
11000 0.044742268639062915
11003 0.03286431515806081
11009 0.11893467044582635
11098 0.11029062985341256
11107 0.11893467044582635
11232 0.042037283562824844
11482 0.07638958029473755
11733 0.036551132387847324
11820 0.09326439452842913
11849 0.053952072849759426
11886 0.07939125134235049
12104 0.10596245244846722
12335 0.047029775232366795
12552 0.07417424499585709
12591 0.07144613413510935
12763 0.051326850764695627
12877 0.06050992955248524
13344 0.0736009763384835
13472 0.09621137927314889
13480 0.03368348722196674
13600 0.14393088571500937
13787 0.03842349273712165
13822 0.03623659591313516
13968 0.10363718775799471
14170 0.10022111294415086
14171 0.23600098859732568
