14 0.042040837770944195
100 0.06698853571355587
126 0.04949803520889903
152 0.04949803520889903
176 0.06698853571355587
339 0.03172151991751703
421 0.05913397759927671
483 0.02619594523357276
680 0.05451468674225004
896 0.038160552505696076
960 0.04928161870333775
968 0.022877584958149885
981 0.03375779029379189
1010 0.032065612511898677
1079 0.06698853571355587
1091 0.03297443235405112
1099 0.02529514105475409
1131 0.03877444182714289
1133 0.021082977020637963
1185 0.03550804588334158
1255 0.04770279491992691
1260 0.0591184132560023
1378 0.08325582550269091
1400 0.051248290798448726
1426 0.08978861739029353
1458 0.03930027990023
1603 0.040472253043356915
1612 0.04603067496324965
1653 0.028877372991752505
1655 0.025786741068223522
1689 0.016501405024433133
1718 0.021351727712726965
1787 0.06372213976975458
1867 0.04603067496324965
1920 0.040111772397093855
1940 0.044105652219346925
1959 0.16236866980389447
2061 0.04949803520889903
2095 0.033359356899186184
2114 0.02609225331070223
2137 0.08746219134011886
2138 0.047981894854647426
2311 0.026620450250749154
2340 0.032241649939540276
2341 0.04291466779606649
2357 0.038160552505696076
2371 0.05624230646251061
2425 0.084598282726282
2471 0.07149418044159365
2478 0.04544828132535696
2515 0.05451468674225004
2593 0.04544828132535696
2597 0.04367582790539248
2609 0.08221142457146978
2692 0.03574709022079683
2780 0.038463348760447276
2793 0.019650139950115
2927 0.036651645552038384
2940 0.04839098010869022
2951 0.0339623757682558
3010 0.01663524767415415
3039 0.040111772397093855
3130 0.0161090908359258
3137 0.024371527481986704
3143 0.0591184132560023
3159 0.03316526351230766
3193 0.040472253043356915
3195 0.0591184132560023
3219 0.04291466779606649
3241 0.037578158867803385
3297 0.05345820716727115
3321 0.017668158222938466
3345 0.09742935453831653
3365 0.15670870263796025
3432 0.011126154013012469
3443 0.07930836757929488
3544 0.15972270150449494
3557 0.044366111755099844
3633 0.009921586349444981
3758 0.041771015855760686
3786 0.046068393824071484
3793 0.055852017312201
3832 0.030290430048142504
3847 0.08549270874204787
3893 0.040111772397093855
3940 0.027403808190489928
3984 0.014328272141405734
4103 0.03976238524134758
4109 0.042040837770944195
4148 0.06698853571355587
4222 0.07101609176668316
4258 0.040844554811604684
4262 0.025786741068223522
4278 0.03942342912596811
4346 0.050339470956296296
4383 0.020437679140737387
4414 0.04122947935673976
4458 0.042040837770944195
4489 0.07369242208898515
4492 0.08870096639891506
4566 0.03481970261221585
4585 0.04603067496324965
4630 0.03624082829785242
4681 0.04603067496324965
4720 0.03481970261221585
4735 0.03599127568880888
4817 0.025199324565112573
4819 0.05331840378291053
4841 0.03786562198499045
4881 0.020500583382745272
4976 0.06118852624046411
4997 0.03172151991751703
5111 0.052236234212653415
5130 0.038463348760447276
5223 0.018378026024947806
5247 0.02488556829159429
5299 0.03599127568880888
5358 0.02568670353439023
5399 0.0591184132560023
5459 0.07008909067702583
5689 0.039046156410980304
5764 0.051248290798448726
6207 0.02763792342578801
6278 0.018378026024947806
6310 0.016152017868686856
6412 0.029995499527436877
6429 0.026512826822769838
6695 0.04367582790539248
6720 0.04928161870333775
6787 0.04664456428469646
6866 0.02169686634208478
7025 0.05059028210950818
7045 0.06698853571355587
7078 0.03278675557465656
7100 0.05389916030932453
7170 0.03242045972384092
7245 0.023113320484087995
7257 0.04664456428469646
7284 0.08018731075090672
7401 0.02568670353439023
7406 0.05970171650227847
7418 0.02183791395269624
7423 0.03278675557465656
7468 0.04398836867952059
7497 0.03172151991751703
7598 0.022052826109673462
7642 0.0591184132560023
7649 0.027061444967315745
7748 0.04664456428469646
7785 0.04489430869514677
7810 0.036757016578249306
7862 0.038722427517629235
7892 0.028497569580682624
7911 0.041627912751345454
7941 0.03297443235405112
8004 0.0757312439699809
8077 0.04871467726915826
8108 0.111704034624402
8244 0.02419549005434511
8268 0.26143677259201237
8273 0.06118852624046411
8377 0.041627912751345454
8401 0.025989499789141435
8583 0.04949803520889903
8688 0.020500583382745272
8697 0.047981894854647426
8715 0.032241649939540276
8739 0.03260213058580335
8744 0.013322806734049607
8776 0.052236234212653415
8858 0.06698853571355587
8865 0.05451468674225004
8897 0.04489430869514677
8929 0.05331840378291053
8996 0.024947697942611684
8997 0.008968894752963414
9105 0.20067401111313388
9194 0.047293551583521685
9204 0.020755744382439125
9269 0.047293551583521685
9314 0.06372213976975458
9347 0.04291466779606649
9375 0.298487371610769
9383 0.020067401111313388
9402 0.029290043688428725
9409 0.023273241249490987
9478 0.06118852624046411
9497 0.09269838825337973
9535 0.041627912751345454
9614 0.047293551583521685
9652 0.0168618856706962
9719 0.22307127360080017
9720 0.04871467726915826
9721 0.04871467726915826
9827 0.027653487769062405
9902 0.007859758069211164
9989 0.034599226041189146
9999 0.05451468674225004
10001 0.10447246842530683
10040 0.19286787493590377
10110 0.0951645597525511
10190 0.026949580154662266
10209 0.03074770741570346
10242 0.09784232153094136
10316 0.021283941322486045
10335 0.027061444967315745
10362 0.023034196912035742
10459 0.032065612511898677
10516 0.027236808678792777
10567 0.022755096977315228
10568 0.04122947935673976
10583 0.029995499527436877
10613 0.03481970261221585
10628 0.022800081676737652
10745 0.07818859844410998
10752 0.03316526351230766
10786 0.09328912856939292
10794 0.03375779029379189
10806 0.030904319369589317
10924 0.07790361395168408
10936 0.037024186237593196
10999 0.006944564841182318
11000 0.032226085596265885
11054 0.052236234212653415
11108 0.027288536270041727
11135 0.05624230646251061
11246 0.02198073579358566
11262 0.023851397459963456
11331 0.07101609176668316
11339 0.03074770741570346
11352 0.03786562198499045
11365 0.052710830092309244
11505 0.034170715313390616
11511 0.027998404072051074
11531 0.040844554811604684
11532 0.0591184132560023
11553 0.041627912751345454
11574 0.042469348498742725
11576 0.04770279491992691
11714 0.02446058038273534
11716 0.050339470956296296
11733 0.01880452449104135
11734 0.042469348498742725
11743 0.06698853571355587
11752 0.08408167554188839
11869 0.0335568259919438
11876 0.024732008128249775
11976 0.034170715313390616
12004 0.12237705248092821
12017 0.03155330666841454
12023 0.022646644387108658
12057 0.02176717112795334
12064 0.02957177166901289
12069 0.026620450250749154
12074 0.042469348498742725
12117 0.023683184210860967
12164 0.042469348498742725
12170 0.04603067496324965
12173 0.03172151991751703
12183 0.03574709022079683
12212 0.09742935453831653
12215 0.062074243623005454
12231 0.028886894120695734
12232 0.0591184132560023
12248 0.041627912751345454
12270 0.03729779433580577
12354 0.01919132250976217
12543 0.04949803520889903
12584 0.06149541483140692
12588 0.047981894854647426
12611 0.042165954041275926
12640 0.042469348498742725
12645 0.05331840378291053
12648 0.025887667836238318
12666 0.02683880672343327
12764 0.06615847832902039
12797 0.04291466779606649
12807 0.03644426170629732
12809 0.0591184132560023
12877 0.031130648433732696
12948 0.051775335672476636
12961 0.04291466779606649
12999 0.03106312177137252
13022 0.05039864913022515
13064 0.06413122502379735
13079 0.01628178141412807
13230 0.06698853571355587
13336 0.012136722848136113
13363 0.041627912751345454
13709 0.027288536270041727
13723 0.020312906603350722
13754 0.029250261062967253
13842 0.033359356899186184
13872 0.02062744712312905
13919 0.025391773013684612
14014 0.030290430048142504
14061 0.04386139814636245
14211 0.06058086009628501
14212 0.04839098010869022
