79 0.0185454688714443
896 0.03367336096878426
954 0.05399354034340893
1005 0.040618057965563316
1112 0.030923756279328692
1200 0.06317393041393105
1201 0.18952179124179314
1220 0.056229233417152
1329 0.030530800819815622
1469 0.040618057965563316
1476 0.05911154309194447
1620 0.02232075689590469
1655 0.02275455105292966
1689 0.02912210287295533
1971 0.06317393041393105
2017 0.022152365034306128
2237 0.049284536420372935
2340 0.028450445430035776
2547 0.05216684609516541
2953 0.03604175902786424
3130 0.014214868364814557
3142 0.025845910217487063
3153 0.0678811045351324
3157 0.02266627665001863
3159 0.05853090778536749
3181 0.032912052094151295
3185 0.03267061679905907
3208 0.02339525843533668
3332 0.018603889328032048
3339 0.08123611593112663
3389 0.05216684609516541
3492 0.05911154309194447
3519 0.02339525843533668
3536 0.03220452904463906
3559 0.05399354034340893
3590 0.030339955432115734
3634 0.03604175902786424
3743 0.042986456024643294
3785 0.11822308618388894
3803 0.18952179124179314
3886 0.056229233417152
3982 0.06317393041393105
3992 0.025607349425331712
4096 0.06317393041393105
4184 0.03197937170587766
4234 0.06317393041393105
4266 0.04173243649263289
4287 0.03786845327610775
4345 0.06317393041393105
4381 0.049284536420372935
4452 0.01776145385696781
4548 0.05911154309194447
4598 0.0436777011178247
4599 0.06317393041393105
4742 0.04609392303819716
4770 0.05216684609516541
4771 0.05216684609516541
4834 0.049284536420372935
4922 0.01635648487958586
4964 0.030923756279328692
5051 0.049197987794685885
5070 0.029436724386658876
5125 0.042339839423593886
5247 0.010979672318307033
5260 0.05233008333381042
5274 0.049284536420372935
5279 0.0243880581080492
5358 0.02266627665001863
5383 0.03638142138343793
5493 0.06317393041393105
5689 0.022969886142228373
5717 0.06317393041393105
5798 0.017391313825820466
5800 0.028768538175733445
5974 0.026214752356292705
6167 0.09044429819677273
6315 0.013174387502952736
6426 0.05911154309194447
6541 0.0391492260414181
6545 0.06317393041393105
6555 0.06317393041393105
6563 0.041504157928384584
6618 0.03243486286500241
6734 0.08139651415820043
6737 0.02672866397200521
7099 0.011456193898109203
7150 0.1263478608278621
7201 0.009318586467296984
7202 0.0782984520828362
7206 0.02249202738987982
7242 0.014879144182175334
7245 0.06118647132258236
7265 0.06317393041393105
7316 0.0297883071242666
7387 0.37559192843369604
7401 0.02266627665001863
7426 0.040618057965563316
7442 0.022236207196526546
7448 0.16335308399529538
7497 0.027991476027544124
7501 0.10182165680269857
7580 0.011484943071114187
7603 0.06317393041393105
7617 0.03638142138343793
7622 0.06317393041393105
7626 0.056229233417152
7643 0.038703860279736976
7649 0.0238793661225239
7690 0.06317393041393105
7865 0.014252747729094364
7898 0.04704884334662987
7903 0.044420194813373726
8085 0.055393551921942695
8261 0.05399354034340893
8294 0.03421506477962073
8341 0.06317393041393105
8355 0.03508683871943153
8386 0.05062239811460376
8567 0.030339955432115734
8658 0.023913032447857908
8659 0.042339839423593886
8661 0.040618057965563316
8743 0.06317393041393105
8744 0.005878107768565955
8754 0.049284536420372935
8871 0.056229233417152
8899 0.05062239811460376
8959 0.05911154309194447
8971 0.06317393041393105
8973 0.042986456024643294
8994 0.04173243649263289
9184 0.048104458773178836
9204 0.01831513505108094
9253 0.06317393041393105
9375 0.05853090778536749
9383 0.01770773212011995
9409 0.020536606575356362
9498 0.056229233417152
9502 0.112458466834304
9730 0.12973945146000965
9758 0.02449297089826214
9900 0.0436777011178247
9902 0.006935551327574645
9906 0.04413843733136844
9949 0.029265453892683747
9989 0.030530800819815622
9996 0.06317393041393105
10002 0.03961531379583813
10005 0.031543690894122
10008 0.044420194813373726
10013 0.040104146349850815
10025 0.2203980247262739
10048 0.02407975440066589
10068 0.09635027679756826
10070 0.03673300412104565
10072 0.03449731104730258
10091 0.03112616881849742
10103 0.06317393041393105
10110 0.027991476027544124
10113 0.027270367782841674
10116 0.048104458773178836
10209 0.027132171386066814
10316 0.018781222805500965
10361 0.021273635814856248
10362 0.020325670786062615
10432 0.029097062031085186
10467 0.044420194813373726
10561 0.03197937170587766
10574 0.028142141722652475
10604 0.0757369065522155
10881 0.048104458773178836
10930 0.016217005876406156
10949 0.06428333563871033
10950 0.3319031805178498
10999 0.018383919255363614
11000 0.012187161965959738
11003 0.014919625368226944
11161 0.042339839423593886
11359 0.016835958180309148
11365 0.031008475019636137
11515 0.06317393041393105
11606 0.031543690894122
11623 0.03508683871943153
11634 0.05218058027129514
11809 0.06317393041393105
11886 0.03604175902786424
11887 0.05216684609516541
11905 0.02206921866568422
11906 0.040104146349850815
11913 0.0436777011178247
11921 0.08582468843121749
11926 0.04704884334662987
12064 0.019570882950695666
12078 0.02198675663707266
12288 0.028450445430035776
12404 0.037097374454413204
12433 0.10124479622920753
12523 0.07783878641296096
12558 0.02784304249907478
12610 0.027132171386066814
12614 0.023115638056784706
12648 0.022843610127487545
12680 0.05062239811460376
12725 0.028450445430035776
12733 0.018781222805500965
12768 0.023490226728536956
12807 0.016079441977337874
12834 0.016609608841191656
12865 0.012419730299878758
12884 0.06317393041393105
12897 0.049284536420372935
12904 0.0391492260414181
12932 0.03367336096878426
13164 0.06317393041393105
13219 0.03673300412104565
13311 0.04115976177639978
13337 0.0765549042032146
13367 0.18952179124179314
13659 0.03539514242681483
13695 0.026214752356292705
13754 0.012905402759268898
13786 0.027112887543847514
13865 0.040618057965563316
13965 0.02784304249907478
13969 0.056229233417152
13989 0.019652996745311763
14040 0.023301181876364915
14060 0.27176765939121544
14062 0.012388174116571048
14072 0.03000216350239249
14163 0.008097362643514556
14169 0.05399354034340893
