10 0.06200734137364967
79 0.046748059048474025
108 0.0599445330897876
194 0.04410182864974634
249 0.07055886175002217
322 0.06147562989190203
326 0.05897305322236668
437 0.06737565765048298
638 0.09351234328772194
1012 0.0470434467728387
1075 0.07951302470415174
1091 0.0733457419381141
1133 0.04689532105479667
1319 0.146948188621473
1402 0.07171579818974516
1461 0.04332067269267713
1492 0.06874114492456095
1653 0.06423256432626752
1718 0.09498621804527599
1916 0.09648699655290616
1963 0.03329507970878046
2064 0.1273462675237213
2114 0.17411268743271197
2126 0.16470739390408712
2144 0.08922148152024723
2182 0.044367677025855194
2204 0.1468177261149641
2209 0.07420193791595493
2558 0.03865205698190859
2597 0.04857454357495311
2609 0.12190976463704409
2730 0.051767173075806514
2927 0.04076252333024267
2965 0.044501658043147596
3010 0.03700214062472628
3092 0.06693612464034127
3130 0.03583179860757463
3145 0.08422532065502208
3185 0.08235369695204356
3220 0.052493996258706606
3236 0.05626452847374806
3301 0.0900233064059832
3432 0.024748144630361395
3606 0.05713548935263982
3722 0.07600665995721986
3763 0.07846056564902411
3953 0.1592442148422555
4144 0.08422532065502208
4387 0.12125819491606717
4535 0.11295893805335372
4795 0.08235369695204356
4824 0.08117881709236273
4827 0.12056944449542234
5223 0.04087864014411646
5247 0.027676753466149458
5320 0.12423284818125137
5390 0.08175728028823293
5827 0.10835710859911825
5844 0.06200734137364967
5903 0.05826820666074473
5962 0.050887106243137276
6054 0.07554324580807274
6151 0.07600665995721986
6235 0.052493996258706606
6310 0.03592728213351543
6315 0.033209030690176826
6488 0.06121391394851585
6681 0.04795092269221271
6693 0.06200734137364967
6695 0.04857454357495311
6813 0.03444124397409051
6821 0.052310320085269715
6851 0.07018470138763075
7085 0.08235369695204356
7167 0.08358591023595724
7188 0.12125819491606717
7201 0.11744804982856828
7342 0.1273462675237213
7649 0.060193356408192025
7851 0.05626452847374806
7891 0.04256295498459026
8250 0.03426148974530445
8265 0.10672716485074932
8433 0.03611933904787154
8688 0.04559989030976888
8903 0.08422532065502208
8981 0.05735800499936513
8997 0.03989941254834924
9126 0.0534329654640175
9150 0.06454913010334076
9204 0.04616745043135858
9311 0.12125819491606717
9497 0.08247641069188799
9528 0.07055886175002217
9533 0.07292828842499674
9645 0.04087864014411646
9695 0.07420193791595493
9719 0.04134852090769613
9850 0.09985938028254562
9920 0.08922148152024723
10228 0.09351234328772194
10445 0.05521643772487163
10546 0.1185972768969614
10715 0.10109159356645933
10732 0.042813010121676945
10743 0.14900404654441238
10771 0.12423284818125137
10797 0.06255048838311286
10925 0.08358591023595724
10999 0.015446945537829137
11000 0.07168117808490203
11003 0.037608298422096814
11098 0.31552786820135476
11108 0.12139696099335283
11135 0.06255048838311286
11255 0.031466590708906284
11482 0.04370823061801378
11875 0.186022024120949
11955 0.06704551749150012
11957 0.04490791928374485
12215 0.046024360175904916
12335 0.053818551007571096
12413 0.051411457863976565
12522 0.10672716485074932
12552 0.08488134098098503
12761 0.14173853151175345
12834 0.02093414246526983
12903 0.04087864014411646
12926 0.10835710859911825
12947 0.0986845004228648
13064 0.07132423433807317
13411 0.12760523191089085
13480 0.03854571845626609
13557 0.07951302470415174
13919 0.05647946902667686
13993 0.08117881709236273
14065 0.05158868920553928
14163 0.020411238433490533
14170 0.03822936322340917
