79 0.030464574271415162
87 0.09236755724732237
108 0.039064395777063804
194 0.028740090214489433
249 0.04598149587475186
322 0.040062174362830855
326 0.03843130595094844
437 0.043907079103545806
556 0.040062174362830855
638 0.06093972210544361
907 0.05406450828486773
971 0.03558660602231064
1012 0.03065707127451941
1075 0.05181670631785449
1091 0.04779763798211992
1133 0.030560541342996073
1284 0.09236755724732237
1319 0.09576256420970958
1402 0.04673544324310572
1461 0.056462059713121245
1492 0.13439080195083045
1620 0.03666622617972848
1653 0.020929400775035002
1689 0.023919386240997393
1718 0.03095010523753075
1844 0.10377558574837652
1916 0.06287823136493917
1963 0.021697594494972734
2064 0.08298846848681198
2114 0.18910834680820443
2126 0.10733580680727935
2143 0.10377558574837652
2144 0.058143471744159875
2204 0.07175815872299218
2209 0.048355600098381725
2224 0.18473511449464475
2357 0.05531510760459997
2359 0.19456735489730043
2372 0.05079834198062968
2425 0.03065707127451941
2485 0.04094250751503645
2558 0.02518860642850074
2597 0.03165484986028646
2609 0.07944563164312173
2736 0.042065099775573565
2848 0.056462059713121245
2935 0.0498393344520026
2965 0.02900064931574617
3010 0.07234018807675727
3092 0.04362064611991506
3130 0.02335071256812918
3145 0.1097751901942305
3165 0.043691934783160635
3185 0.05366790340363967
3220 0.03420906194562016
3236 0.03666622617972848
3238 0.05181670631785449
3301 0.05866600154071984
3302 0.07571831974656847
3348 0.06507593190469384
3432 0.016127764564291134
3439 0.10812901656973546
3606 0.03723381022327094
3633 0.014381699962178484
3722 0.04953169360438944
3763 0.05113084432261502
3942 0.06955150024521405
3952 0.07296889247844428
3956 0.06209790844045338
3984 0.020769351155792263
4144 0.1097751901942305
4298 0.04725797303966569
4387 0.07902101948677265
4535 0.1472251908631449
4795 0.05366790340363967
4824 0.1058045254889203
4827 0.10476290342907717
4908 0.10377558574837652
5223 0.02663961657731201
5247 0.018036267787864015
5320 0.0809595287462682
5390 0.05327923315462402
5638 0.10377558574837652
5827 0.07061369498422825
5844 0.04040867781680033
5903 0.0379719745719875
5962 0.06632378152829657
6054 0.04922969786269505
6151 0.04953169360438944
6235 0.03420906194562016
6237 0.06357869052844796
6294 0.04130826270373677
6310 0.023412936862076957
6315 0.021641518440231832
6446 0.0891398385304049
6471 0.08869499236555727
6636 0.04306287836134062
6681 0.031248451282759406
6693 0.08081735563360067
6695 0.12661939944114584
6696 0.04673544324310572
6813 0.02244452189898695
6821 0.03408936464606479
6851 0.045737664657338674
7085 0.05366790340363967
7099 0.03763809610810888
7167 0.05447090686239478
7188 0.07902101948677265
7201 0.07653804050613482
7209 0.06761299098571846
7342 0.08298846848681198
7495 0.05531510760459997
7633 0.026715636602281122
7851 0.03666622617972848
7891 0.11094897454411223
8200 0.07296889247844428
8250 0.02232738043547131
8265 0.06955150024521405
8433 0.023538095686867384
8585 0.04807425468078264
8688 0.029716340600790887
8691 0.03694757159732756
8903 0.05488759509711525
8976 0.045737664657338674
8981 0.03737881826390823
8997 0.026001477744875424
9126 0.03482096536313112
9150 0.042065099775573565
9204 0.030086205742351824
9311 0.07902101948677265
9497 0.02687393648319586
9528 0.04598149587475186
9533 0.0475255936702472
9567 0.09710231686810165
9645 0.02663961657731201
9695 0.048355600098381725
9719 0.05389165290903302
9783 0.02518860642850074
9827 0.020042367722006255
9850 0.06507593190469384
9906 0.03625302524370625
9920 0.058143471744159875
9949 0.04807425468078264
10048 0.03955572498391041
10228 0.06093972210544361
10445 0.035983210903538704
10451 0.03723381022327094
10499 0.03228390628210648
10531 0.04306287836134062
10715 0.06587893536344894
10743 0.09710231686810165
10771 0.24287858623880462
10797 0.040762633526339645
10925 0.05447090686239478
10999 0.010066399101527228
11000 0.06673268880274864
11003 0.024508414334667723
11098 0.3289949528147604
11108 0.11866717495173124
11255 0.020506012639491377
11386 0.10733580680727935
11482 0.028483591940232398
11705 0.06034117228391453
11875 0.04040867781680033
11955 0.043691934783160635
11957 0.029265399895549684
12069 0.11576193006246123
12181 0.045737664657338674
12215 0.059985914598907224
12335 0.0350722420935167
12371 0.08315722928602286
12413 0.06700719595116413
12522 0.06955150024521405
12552 0.05531510760459997
12761 0.09236755724732237
12782 0.08315722928602286
12797 0.06220637048168385
12834 0.01364227201989933
12877 0.022562503093421667
12903 0.02663961657731201
12947 0.06431029124551431
13006 0.05447090686239478
13064 0.046480270594570855
13480 0.025119308194985
13557 0.20726682527141796
13614 0.03858731002082041
13919 0.036806297715786224
13973 0.07143549719562084
13987 0.058143471744159875
13993 0.05290226274446015
14014 0.043907079103545806
14039 0.04725797303966569
14062 0.020350008569619413
14065 0.03361909533479138
14163 0.026603016334169442
14170 0.02491314717603174
