487 0.08872455635068216
898 0.24706749424286686
1010 0.05651643114606966
1071 0.11806894269761242
1111 0.10573561213622815
1127 0.03861532844967342
1312 0.11806894269761242
1318 0.04279968048503767
1319 0.20959183187049546
1455 0.1622603947579214
1604 0.0343267591746187
1620 0.04458330859018043
1689 0.029084132434105864
1822 0.09032637368737363
1835 0.09397499876532922
1925 0.12618312396994172
2017 0.044246963977641725
2558 0.09188221944526011
2776 0.04045984676657098
2886 0.08586081749299994
2969 0.05914473160151202
2995 0.08361273143848895
3054 0.21569256654089725
3130 0.05678533804501922
3159 0.05845459309529984
3353 0.05286780606811407
3432 0.019610120248401662
3497 0.07912732386690409
3544 0.046919198662291606
3624 0.08872455635068216
3633 0.017487040098489285
3770 0.12618312396994172
3956 0.03775313828637388
3984 0.050507864499480054
3999 0.10419765819249302
4046 0.07485327184556276
4188 0.049133841699356695
4628 0.0984405549597029
4887 0.046170998122990886
4928 0.03624427064472729
5059 0.034124615704700635
5260 0.06968247133379199
5299 0.06343550910094044
5528 0.09345901944400539
5689 0.02293993718349598
5870 0.07266797197118348
5957 0.1324648595101808
6109 0.049994728410237534
6207 0.048712520172015404
6412 0.05286780606811407
6419 0.05778746354059192
6425 0.09206764826693743
6429 0.046729509722002696
6521 0.14533594394236696
7020 0.08348438996923144
7025 0.04458330859018043
7442 0.04441442966926559
7466 0.03613278270531245
7468 0.025843527431778007
7651 0.061766873560716716
7865 0.02846832897413053
7891 0.03372635314047513
8250 0.027148375921908025
8344 0.07903268772720497
8401 0.04580713294682145
8517 0.039516343863602484
8658 0.04776370756250895
8744 0.011740887363026448
8872 0.055033379934620874
8940 0.1123118394648223
8997 0.03161579543032956
9094 0.02809285767167494
9126 0.04233961347924993
9134 0.04492540296094465
9497 0.01633831904857493
9523 0.07819636376181802
9647 0.08467922695849986
9708 0.03569294009070162
9902 0.09697111910928069
9903 0.12618312396994172
9990 0.06834090790992495
10382 0.05138475485666527
10386 0.042491796975884254
10495 0.09539292540511608
10516 0.02400277277975685
10519 0.0662324297550904
10732 0.03392449370334322
10924 0.0343267591746187
10999 0.02447993285894397
11000 0.032456725089317094
11801 0.12618312396994172
11894 0.12618312396994172
12050 0.07008218248948875
12217 0.07337022063411396
12285 0.0662324297550904
12318 0.0662324297550904
12406 0.04769646270255804
12472 0.07069798594946408
12611 0.037159265824063335
12834 0.01658795263938613
12865 0.049614148046019116
13094 0.11806894269761242
13112 0.03613278270531245
13186 0.08872455635068216
13464 0.09869575236404647
13487 0.0662324297550904
13600 0.19576811808535408
13624 0.3569936167739673
13626 0.3171775455047022
13676 0.07799304312598934
13754 0.0773314574026766
13787 0.13936494266758398
13827 0.047895589055597314
13925 0.061766873560716716
14029 0.11806894269761242
14062 0.02474404394455402
14163 0.016173610025233712
