10 0.04957175882250105
151 0.08294492825544693
482 0.05282782648838738
818 0.07713651346227088
981 0.06002923463687816
1112 0.062317385603736626
1318 0.04318114288043083
1319 0.023495541025865138
1436 0.09693984390347529
1455 0.08185328967965479
1550 0.041966316641205044
2046 0.053599527888012054
2090 0.0808176577844441
2365 0.05863624128156343
2733 0.11912126040635593
2787 0.09931792996515153
2827 0.08294492825544693
2995 0.14059658319687196
3159 0.05897558364595735
3238 0.1271333489410588
3321 0.06283622277026282
3402 0.06583764943005421
3432 0.019784900138324395
3633 0.017642897528467948
3693 0.06039303538754963
3780 0.07713651346227088
3914 0.057020147364502394
3956 0.03808962216665341
3984 0.02547901396483484
3995 0.062317385603736626
4258 0.07263115692959178
4276 0.08801906593293485
4330 0.09931792996515153
4421 0.054401900836893696
4540 0.07983256507808256
4586 0.1271333489410588
4593 0.061917562728607135
4603 0.09931792996515153
4766 0.0895153351932382
4841 0.06733391869035754
4899 0.04532581136664469
5059 0.03442875950907172
5189 0.06536255938331148
5358 0.04567695752874579
5391 0.05257701089771397
5689 0.023144394863764038
5759 0.07070680671340479
5816 0.05257701089771397
5957 0.3341137106820786
6060 0.08532301431712319
6109 0.025220159196112524
6183 0.05863624128156343
6206 0.07196911744159898
6207 0.09829336433242838
6271 0.05897558364595735
6315 0.02654895410178084
6563 0.04181947675467956
6579 0.05863624128156343
6785 0.11331284561317988
6995 0.123051007794363
7330 0.07713651346227088
7468 0.052147728110076216
7533 0.04515250218747689
7633 0.03277368045650957
7774 0.1020139815809632
7798 0.18226285822059846
7891 0.03402694733442802
7966 0.07010406358345943
8097 0.03737272808725478
8131 0.06785837403162644
8264 0.07030353303637167
8344 0.039868542735569744
8658 0.02409470651862506
8683 0.11342378213075285
8691 0.04532581136664469
8744 0.02369106166309473
9028 0.10616359414966597
9084 0.08662607257762013
9100 0.11912126040635593
9204 0.03690856062417203
9252 0.18577644643257085
9497 0.03296787645455515
9725 0.031505705428824415
9781 0.04603431898884981
9827 0.024587179601657273
9902 0.05590594138059339
10319 0.08294492825544693
10363 0.1020139815809632
10377 0.1616353155688882
10495 0.0962431376827829
10508 0.0740241502849065
10516 0.02421670323664063
10522 0.06039303538754963
10524 0.0740241502849065
10567 0.020231938224454477
10979 0.09288822321628543
11161 0.08532301431712319
11312 0.1020139815809632
11360 0.07631230125176498
11505 0.06076351175256628
11634 0.05257701089771397
11866 0.061917562728607135
11921 0.1153022971504038
12022 0.09481257343247244
12064 0.026292757978205367
12182 0.05282782648838738
12262 0.06076351175256628
12301 0.1020139815809632
12472 0.07132809866909483
12611 0.07498091334778698
12834 0.016735796737210658
12861 0.11331284561317988
12865 0.10011269202885564
12879 0.0895153351932382
12892 0.13167529886010843
12976 0.09931792996515153
13043 0.10368546756405171
13338 0.05671189106537643
13464 0.049787700938718336
13624 0.1800877039106345
13626 0.19200267977268062
13676 0.07868817478860168
13719 0.0733156426627014
13728 0.06400089325756023
13787 0.17575883259092917
13800 0.17325214515524026
13884 0.12463477120747325
13912 0.03883291084035904
13973 0.04381711342302917
14090 0.04812156884139145
14198 0.05113422615982073
