293 0.11446297896232571
560 0.166292600148331
917 0.06918924765507432
961 0.09662023623299205
995 0.07243562767097939
1133 0.11003846011126825
1319 0.06896190079668149
1458 0.05128002413902311
1618 0.1573202898751273
1620 0.06601151173379773
2499 0.1497109189764196
2597 0.05698935261952772
2843 0.11083021401948671
2927 0.14347205211373934
2995 0.12379975773404919
3159 0.08654979139109112
3238 0.0932874602458783
3321 0.0461077418514295
3666 0.06975365470489993
3823 0.10037594937800212
4184 0.09457594473372631
4304 0.09029193436219332
4384 0.05205370971801707
4722 0.08460611280415124
5053 0.09733425811357876
5247 0.03247133470667202
5689 0.0679312496289006
6109 0.03701191887099321
6219 0.11083021401948671
6681 0.056257698798991986
7245 0.06031771963792416
7376 0.1497109189764196
7892 0.07436873527164588
8289 0.11199234234907156
8344 0.11701839451204464
8658 0.035360257481055236
8995 0.06337061335019739
9079 0.11715851589028543
9295 0.11320191740490343
9327 0.166292600148331
9618 0.10759458721517126
9645 0.047960249676562886
9654 0.06406783314685786
9902 0.04102246442409397
9906 0.06526761138520588
9971 0.13136849367678008
10516 0.03553929412371115
10533 0.15968075090599468
10595 0.07091578303448477
10999 0.018122896508365897
11001 0.11446297896232571
11213 0.1202224693229517
11536 0.1457543204910376
11733 0.04907326218904655
11876 0.12908386169694855
11921 0.08460611280415124
12262 0.08917367054722183
12515 0.12521604083374424
12582 0.06551350884798032
12695 0.06601151173379773
12733 0.05554367691840527
12822 0.11446297896232571
12865 0.03673016897430889
13043 0.07608195657569865
13112 0.05349938541913952
13276 0.1497109189764196
13472 0.1291726393191262
13624 0.3523843200181578
13626 0.4696234965251618
13676 0.11547906255211828
13787 0.051587078433023265
14062 0.03663684456894015
