293 0.1423194147599672
1133 0.06840905848378373
1138 0.2322992264754698
1319 0.042872452958563144
1458 0.06375985572369967
1620 0.0820764914782357
2499 0.18614551678681898
2597 0.07085864255752192
2843 0.13780255712344228
2927 0.1783883197549799
2995 0.15392845117140233
3159 0.1076130970034563
3321 0.05732881404701964
3823 0.12480407640059114
3991 0.08533893449069925
4304 0.11226595159822168
4722 0.10519639248045232
5390 0.05963215991396602
5613 0.08270627662865784
5957 0.12193185360796308
6219 0.13780255712344228
6419 0.10638493213764993
6779 0.17688670769432374
7242 0.05471265855217569
7376 0.18614551678681898
7468 0.047577134270583625
7580 0.04223171447547452
7892 0.0924675818876182
8156 0.095485534352683
8289 0.13924750836655933
8517 0.0727483662144886
9079 0.14567095463363564
9327 0.2067626209502492
9618 0.133779487679099
9654 0.07965978695523172
9902 0.02550297564232642
9906 0.08115155082745837
9971 0.16333916264866286
10496 0.12013434910841504
10533 0.19854167018362484
10595 0.08817429731611813
10732 0.062453943109982236
10999 0.022533399429303835
11000 0.02987591325592546
11001 0.1423194147599672
11097 0.06433402112370691
11430 0.12193185360796308
11536 0.1812260154250286
11733 0.061016042203534356
11876 0.16049852815479254
12328 0.08967824222140412
12515 0.15568940989980803
13043 0.09459774358319446
13276 0.18614551678681898
13624 0.21907140042231438
13626 0.3503484277042399
13676 0.1435827788900767
13787 0.06414163669618354
