482 0.10643068646932494
1010 0.1148768334794179
1319 0.047335783555295545
2017 0.08993758115568548
2303 0.23999014081956585
2425 0.07576950879844868
2852 0.11186234329303783
2935 0.12317882084869948
2995 0.11330233976727386
3238 0.12806593135073877
3321 0.0632971557711975
3440 0.18359984129333515
3758 0.07482348935246041
3956 0.07673805462061302
4540 0.16083634835393268
5273 0.1803439438539522
6060 0.34379559368771856
6109 0.0508103216530772
6206 0.1449940889690892
6419 0.11746036845803506
6485 0.1803439438539522
6566 0.1437026470807439
6866 0.07773022582618601
7533 0.09096743370044257
8264 0.0708192422408737
9497 0.03320971120461963
9902 0.08447405630286078
10234 0.10255375402423944
10377 0.1628209859955557
10732 0.06895584761819376
10979 0.18713920331358555
11000 0.016493105313639476
11537 0.32167269670786536
11815 0.09817566120193896
11921 0.11614809327717782
11941 0.16490744347192057
11955 0.10798541084795232
12022 0.19101613575867105
12219 0.141236619172983
12328 0.09901439200398907
12892 0.13264119859081733
12963 0.1263708109650543
13079 0.05833038403882095
13464 0.10030583389233437
13624 0.24187830828268284
13626 0.1289407393194468
13787 0.1416384844817474
13912 0.07823553670620959
14062 0.0502954160088293
14072 0.06090370059052
14090 0.19389825197127894
