326 0.0742834038709344
855 0.11551639087442624
965 0.22091243059954496
1064 0.09883018713770644
1255 0.13365326920802073
1307 0.09948612913484765
1600 0.1228904776782195
1689 0.04623349075757941
1940 0.06178741329059155
2857 0.11238480939321559
2995 0.08860979332827265
3432 0.06234631996079838
3454 0.08887707414922241
3546 0.14635501935171905
3699 0.09292214219326068
3984 0.040144826252122214
4624 0.08984114973906097
4887 0.07339556783493037
5336 0.10953406204384798
5358 0.07196877894285307
5434 0.09633384341614648
5481 0.17853612802885174
7046 0.10691789874643305
7374 0.09573920816332389
7580 0.03646639198042214
7657 0.2005865675740638
7693 0.05105460517665176
8306 0.07844568107839749
9355 0.16073359712849114
9523 0.12430457980650698
9641 0.1435870082252718
9654 0.06878491797611914
9902 0.06606420208066514
9906 0.07007303158416224
10040 0.06754693842797038
10209 0.08614865488822318
10567 0.09563254440129113
10691 0.6017597027221915
11000 0.012898680258367918
11359 0.05345665595098047
11636 0.08206458554001746
12182 0.08323571385378443
12771 0.13250665484498456
12807 0.05105460517665176
13624 0.283746835478565
13626 0.20168007626601492
13676 0.12398137185940017
13700 0.18584428438652137
