405 0.02783817791809867
437 0.016453824464355355
456 0.03888906541841795
482 0.0484124010948042
556 0.015012977362303817
636 0.016137467031601394
690 0.02783817791809867
703 0.016702218479409357
721 0.017323943330669837
854 0.02141488851728639
917 0.028803645105227458
965 0.02141488851728639
976 0.013048876478738218
1001 0.034462390902725674
1010 0.017418107262731707
1027 0.01384580504690267
1055 0.02837483083098911
1107 0.010244237686026931
1133 0.011452316871443274
1147 0.03323773443932787
1230 0.01576355753819631
1307 0.038576088428470864
1318 0.013190667039330115
1319 0.06459525017560491
1336 0.023825602499351277
1403 0.019160872332558494
1455 0.025003958168218588
1460 0.015012977362303817
1481 0.04613887648364357
1482 0.0273445050937534
1604 0.010579351193286533
1716 0.02783817791809867
1719 0.022836670325186593
1768 0.020412533883533018
1909 0.044373693878017186
1996 0.023069438241821786
2000 0.03888906541841795
2006 0.015077560337196896
2017 0.027273426470290716
2046 0.032746401724187156
2053 0.02961249097357425
2086 0.05825368078330076
2090 0.02468760073546463
2110 0.036388311621961905
2137 0.015836547949203136
2244 0.020568684445365745
2296 0.031162502301454034
2352 0.053148152109311106
2365 0.03582356017415395
2384 0.013792863796978088
2425 0.022976981372529393
2462 0.015691420835786153
2485 0.015342875124857868
2513 0.021788798010691477
2558 0.009439227503585279
2617 0.05062065663597944
2618 0.03832174466511699
2623 0.03888906541841795
2693 0.013002328199323055
2720 0.023563111066167052
2730 0.01264207294604593
2733 0.036388311621961905
2743 0.04178674174053128
2744 0.018228137519830934
2770 0.014761202904442937
2885 0.02688743544952241
2886 0.02646191379094021
2995 0.1632040712683392
3130 0.0175009831470473
3146 0.03888906541841795
3165 0.016373200862093578
3184 0.014460283822044678
3188 0.043577596021382954
3198 0.025689955369218007
3216 0.04113736889073149
3232 0.01780983367102129
3238 0.038835787188867175
3249 0.02801482252777404
3271 0.03323773443932787
3307 0.020568684445365745
3321 0.019194760427411844
3353 0.0651744703737365
3391 0.022836670325186593
3432 0.03626249970090134
3434 0.02961249097357425
3442 0.017610861004678714
3454 0.017231195451362837
3490 0.019036269756374555
3527 0.04060430045726902
3548 0.024099763979057495
3590 0.018676889404545347
3601 0.07277662324392381
3626 0.02783817791809867
3633 0.021557705181768826
3693 0.05534529899990226
3728 0.014823189534213795
3734 0.010155917068231369
3756 0.029038609075917095
3766 0.036388311621961905
3780 0.023563111066167052
3852 0.015012977362303817
3865 0.011101789723884474
3940 0.029771610961253758
3956 0.0698120739942583
3966 0.02961249097357425
3971 0.0777781308368359
3984 0.031132588651597584
3985 0.013190667039330115
3986 0.021062357269711014
3991 0.08571921972794012
3992 0.01576355753819631
4021 0.02837483083098911
4028 0.016453824464355355
4079 0.016453824464355355
4129 0.09633973431009085
4188 0.01514282674250197
4219 0.05122118843013465
4262 0.01400741126388702
4384 0.010835040356291055
4421 0.033236608036668044
4452 0.010933724345533432
4555 0.07986595075087109
4558 0.03888906541841795
4562 0.03211324477003029
4577 0.008658091077570079
4586 0.019417893594433588
4635 0.03461399856648633
4638 0.07277662324392381
4645 0.02961249097357425
4663 0.039649394254251756
4689 0.016535515959918517
4763 0.020260239287907003
4775 0.02896266758739625
4815 0.09708946797216793
4843 0.022612368597590794
4879 0.03211324477003029
4887 0.014229691815732545
4892 0.023563111066167052
4903 0.019550535647419664
4922 0.010068843371463064
4923 0.02533742412164263
4928 0.011170319515004284
4957 0.016373200862093578
5002 0.016060849676798935
5003 0.02688743544952241
5034 0.03211324477003029
5185 0.02072889131628697
5223 0.019965963753914347
5239 0.0777781308368359
5247 0.01351789234140403
5360 0.020260239287907003
5368 0.07277662324392381
5374 0.017418107262731707
5455 0.04643981681303914
5551 0.049073818464817974
5588 0.024099763979057495
5615 0.05567635583619734
5628 0.02468760073546463
5689 0.03534992199257506
5725 0.0777781308368359
5726 0.03211324477003029
5746 0.014885805480626879
5814 0.024099763979057495
5827 0.02646191379094021
5903 0.014229691815732545
5938 0.04855325628977078
5957 0.2245378727188632
5962 0.02485430325495547
5963 0.02089337087026564
5979 0.02837483083098911
5989 0.031162502301454034
6082 0.036388311621961905
6133 0.026063864862623097
6151 0.018561603473254973
6187 0.18194155810980955
6206 0.04396922369170542
6207 0.04503893208691146
6230 0.012598485360061529
6271 0.018015439968276824
6278 0.009982981876957174
6296 0.023825602499351277
6304 0.033922075237001435
6315 0.008109984832239221
6397 0.0777781308368359
6419 0.03561966734204258
6432 0.03461399856648633
6457 0.11666719625525386
6486 0.021788798010691477
6566 0.021788798010691477
6579 0.017911780087076976
6606 0.024329954496717664
6618 0.019966487687717773
6641 0.03323773443932787
6645 0.021062357269711014
6666 0.036388311621961905
6734 0.016702218479409357
6737 0.016453824464355355
6775 0.009954624963800928
6777 0.02533742412164263
6779 0.02961249097357425
6785 0.03461399856648633
6811 0.042472208940864675
6836 0.02533742412164263
6838 0.03888906541841795
6866 0.011785782824867315
7006 0.1166311640893224
7020 0.02572950962684631
7025 0.013740373116345204
7046 0.16583113053029577
7099 0.021156860323419277
7201 0.005736402917460119
7232 0.036388311621961905
7242 0.17402881451109925
7244 0.025689955369218007
7374 0.018561603473254973
7442 0.013688325400322474
7466 0.011135959438689317
7491 0.009209351787587729
7495 0.02072889131628697
7547 0.06783710579277238
7553 0.02961249097357425
7566 0.05200931279729222
7580 0.049489890789605084
7598 0.011979140909350375
7627 0.03547191759136723
7633 0.010011469769391736
7640 0.07706986610765404
7668 0.022836670325186593
7671 0.020080179713392158
7714 0.016137467031601394
7717 0.012219468108396197
7718 0.013002328199323055
7862 0.010517051494418542
7865 0.008773809626806602
7966 0.02141488851728639
8006 0.03888906541841795
8042 0.061237601650599056
8052 0.03211324477003029
8074 0.044283608713328815
8078 0.016961037618500718
8085 0.01704978185096362
8097 0.011416353983854537
8115 0.02122147725739052
8122 0.0720617598731073
8131 0.04145778263257394
8241 0.03033893171455471
8264 0.0322137315311166
8266 0.03888906541841795
8344 0.03653627283727121
8355 0.021599010182601457
8370 0.022836670325186593
8399 0.03211324477003029
8463 0.012730183269494783
8484 0.08709053631365853
8517 0.04871503044969494
8580 0.03033893171455471
8658 0.029441115255112397
8711 0.0273445050937534
8744 0.02532941693437899
8758 0.018015439968276824
8784 0.03211324477003029
8795 0.0317380535798596
8872 0.016961037618500718
8875 0.032430096303945874
8878 0.017911780087076976
8893 0.016873552211993145
8970 0.019417893594433588
8988 0.0777781308368359
9008 0.07938574137282065
9028 0.04864514445591881
9084 0.02646191379094021
9094 0.025974273232710236
9103 0.04396922369170542
9204 0.022549126846525283
9281 0.03033893171455471
9286 0.026063864862623097
9301 0.02198461184585271
9367 0.01780983367102129
9387 0.020111614801134752
9391 0.02837483083098911
9409 0.01264207294604593
9497 0.06546014394095052
9518 0.02896266758739625
9531 0.014117550221877983
9557 0.05674966166197822
9708 0.011000401943556424
9725 0.038496551265591865
9757 0.019160872332558494
9781 0.014062234893727557
9784 0.016961037618500718
9825 0.03033893171455471
9843 0.02239593875076591
9902 0.0683109903147943
9906 0.01358552939162866
9908 0.016535515959918517
9939 0.03211324477003029
9944 0.06277601827196476
9974 0.02141488851728639
9990 0.021062357269711014
10003 0.04355791361387565
10013 0.02468760073546463
10048 0.014823189534213795
10156 0.010068843371463064
10281 0.01844843299996742
10327 0.016535515959918517
10331 0.028803645105227458
10349 0.023563111066167052
10354 0.02533742412164263
10376 0.03888906541841795
10377 0.02468760073546463
10386 0.013095778740863425
10495 0.029399666134573798
10496 0.08044645920453901
10508 0.04522473719518159
10509 0.02961249097357425
10516 0.02219263649894443
10522 0.07379373199986967
10556 0.022612368597590794
10567 0.03708184770626138
10569 0.016873552211993145
10571 0.02896266758739625
10627 0.02646191379094021
10628 0.024770103368341675
10707 0.022186846939008593
10732 0.041821499211900724
10785 0.017709544993921092
10856 0.018676889404545347
10924 0.010579351193286533
10999 0.007544604067789042
11000 0.01000301518582416
11057 0.023311336608306175
11065 0.036388311621961905
11108 0.014823189534213795
11126 0.031162502301454034
11255 0.007684463173657018
11262 0.01295612859943122
11311 0.040303434425968426
11356 0.010867759890570351
11359 0.031092003050901346
11465 0.047651204998702554
11489 0.03888906541841795
11511 0.01520879119746505
11525 0.016373200862093578
11576 0.01295612859943122
11633 0.06218667394886092
11634 0.016060849676798935
11636 0.015910412517641335
11794 0.02837483083098911
11798 0.06370831341129701
11815 0.029771610961253758
11861 0.018561603473254973
11869 0.018228137519830934
11875 0.03028565348500394
11890 0.02468760073546463
11905 0.01358552939162866
11921 0.07044344401871486
11950 0.023563111066167052
11955 0.016373200862093578
11991 0.023563111066167052
12010 0.019824697127125878
12028 0.023311336608306175
12041 0.026769877554568954
12064 0.024095171612053722
12080 0.02688743544952241
12175 0.011274563423262642
12182 0.03227493406320279
12217 0.022612368597590794
12245 0.01520879119746505
12246 0.02533742412164263
12262 0.037123206946509946
12328 0.015012977362303817
12347 0.023563111066167052
12407 0.01520879119746505
12523 0.0479165636374015
12553 0.02896266758739625
12591 0.019966487687717773
12611 0.022904633742886548
12614 0.02845938363146509
12695 0.013740373116345204
12733 0.02312296219454304
12735 0.08710203434370926
12763 0.028687820446789365
12764 0.011979140909350375
12770 0.019417893594433588
12834 0.010224663252185353
12843 0.023563111066167052
12865 0.061163419903927166
12877 0.016910232835126333
12928 0.016453824464355355
12957 0.033404436958818715
12985 0.024099763979057495
12999 0.016873552211993145
13068 0.021236104470432338
13079 0.008844297453990591
13112 0.011135959438689317
13186 0.0273445050937534
13261 0.018337301745659177
13270 0.02896266758739625
13336 0.03296346519319366
13338 0.06929577332267935
13524 0.024099763979057495
13574 0.026063864862623097
13600 0.020111614801134752
13624 0.4584325436414794
13626 0.25415696341645555
13675 0.02837483083098911
13676 0.10816695667352257
13686 0.03211324477003029
13687 0.036388311621961905
13754 0.039722006282322884
13761 0.014761202904442937
13775 0.016702218479409357
13786 0.0250355213883221
13787 0.23623403122818837
13822 0.01012675570068211
13824 0.018337301745659177
13864 0.03888906541841795
13874 0.0065763115741697435
13916 0.04662267321661235
13918 0.013335794152747096
13948 0.01156148109727152
14010 0.020568684445365745
14043 0.060334844403404274
14062 0.038130009521130354
14072 0.0369378980061472
14076 0.018676889404545347
14081 0.026063864862623097
14116 0.020111614801134752
14161 0.023069438241821786
14163 0.014953899345679311
14198 0.031240236204756498
14200 0.024386681653066376
