15 0.04210729944037626
101 0.06572825742860763
126 0.048566811705401024
152 0.048566811705401024
324 0.037153243058873915
339 0.031124732089693085
421 0.05802146980854583
483 0.025703111936354047
680 0.053489083253829395
960 0.024177233358871442
968 0.02244718111027207
981 0.03312269341337906
1091 0.06470814611016172
1093 0.05028413913658567
1099 0.02481925489533236
1107 0.01850418064960823
1133 0.041372671494101336
1147 0.06003736552188107
1255 0.04680534588736421
1260 0.05800619828259665
1313 0.10056827827317134
1403 0.03461031009943814
1426 0.04404969667663377
1458 0.05784136539446536
1461 0.019109496639583123
1566 0.0768041124155171
1603 0.03971083467362905
1653 0.014167046537484896
1655 0.02530160626923599
1689 0.016190958435298025
1796 0.05028413913658567
1867 0.04516468409660715
1901 0.029574935280714292
1942 0.021998506658574207
1959 0.18586630108848926
2044 0.03416462761135042
2061 0.048566811705401024
2095 0.0327317558828025
2100 0.06252331331136392
2103 0.047079195019341956
2137 0.05721115676922361
2269 0.05028413913658567
2297 0.05628887085141201
2311 0.026119630595128958
2341 0.04210729944037626
2359 0.03292550992182891
2365 0.03235407305508086
2371 0.05518420067209306
2372 0.034385240294365266
2425 0.16601341246890297
2435 0.04167035808764118
2470 0.06003736552188107
2478 0.0445932472298591
2593 0.0445932472298591
2597 0.04285413958365231
2609 0.026888250953427163
2648 0.019930752928491332
2730 0.0456707875683594
2736 0.028473735704623845
2778 0.04516468409660715
2779 0.039357135873330965
2780 0.0754794491912263
2793 0.019280455131488454
2873 0.036327637530622785
2927 0.017981052790343073
2940 0.023740292006136365
2951 0.0666468599023667
2989 0.04303621862806849
2992 0.053489083253829395
2995 0.015515565202084735
3010 0.01632228305737078
3130 0.015806024988097935
3137 0.023913017581309006
3143 0.05800619828259665
3159 0.03254131404134334
3185 0.07265527506124557
3200 0.05125349603268815
3297 0.02622623979561921
3332 0.020686335747050668
3345 0.09559638269420564
3422 0.0445932472298591
3432 0.03275050159110877
3443 0.0389081560372103
3463 0.06252331331136392
3512 0.023402672943682104
3544 0.15671778357077373
3633 0.009734928144496129
3758 0.020492581708024257
3761 0.026663181148354288
3786 0.022600846669785467
3793 0.05480125416535293
3832 0.05944113160917038
3847 0.1957300452496391
3916 0.04084475255939004
4053 0.053489083253829395
4058 0.06572825742860763
4095 0.05125349603268815
4184 0.035559017172324583
4190 0.0358093777406662
4262 0.02530160626923599
4299 0.04640380178612866
4317 0.06252331331136392
4318 0.07024537245737489
4384 0.019571348327077284
4409 0.06252331331136392
4414 0.040453815028813477
4421 0.030017665449602174
4489 0.0578448170333391
4492 0.029010734904272913
4540 0.04404969667663377
4542 0.02560137080517237
4585 0.04516468409660715
4603 0.05480125416535293
4621 0.0383588047699072
4681 0.04516468409660715
4720 0.03416462761135042
4735 0.03531415948205752
4819 0.052315306375870084
4890 0.048566811705401024
4939 0.053489083253829395
4974 0.02580579078702919
4985 0.022994547582848086
4997 0.06224946417938617
5049 0.08872480584214287
5111 0.05125349603268815
5130 0.0754794491912263
5133 0.06003736552188107
5138 0.10463061275174017
5158 0.0603384805125661
5214 0.04640380178612866
5223 0.018032273921655177
5247 0.036626081347441046
5358 0.025203450775817926
5399 0.05800619828259665
5412 0.03659609814589533
5441 0.05800619828259665
5445 0.05628887085141201
5459 0.06877048058873053
5491 0.04576702410781841
5520 0.027961435035662733
5689 0.02554104512402655
5764 0.05028413913658567
5920 0.04516468409660715
5938 0.02192545343657218
5941 0.049392417233652154
5974 0.029149128937837138
6054 0.03332342995118335
6108 0.05028413913658567
6207 0.05423592339710546
6210 0.025106152546563683
6294 0.027961435035662733
6315 0.01464907677864892
6429 0.052028063847183524
6488 0.027002514277499435
6528 0.024177233358871442
6662 0.047079195019341956
6695 0.06428120937547847
6720 0.07253170007661433
6737 0.02972056580458519
6787 0.04576702410781841
6794 0.05628887085141201
6866 0.021288675758261932
7025 0.04963850979066472
7078 0.03216992710326957
7100 0.05288513693067887
7153 0.030478720613560054
7245 0.02267848166295444
7284 0.13113119897809605
7401 0.025203450775817926
7406 0.02928926382247693
7418 0.021427069791826157
7422 0.019280455131488454
7468 0.014386933473687639
7479 0.038332383614832356
7540 0.027234618015102338
7598 0.021637938732725813
7627 0.06407297362828387
7642 0.05800619828259665
7671 0.0181354281441567
7703 0.05028413913658567
7862 0.018996964607664153
7865 0.015848144419876975
8043 0.06252331331136392
8108 0.05480125416535293
8244 0.023740292006136365
8250 0.01511333463816872
8268 0.2565182729730098
8269 0.05480125416535293
8273 0.06003736552188107
8293 0.02062137593363954
8377 0.04084475255939004
8401 0.025500550420834912
8662 0.03484002084456371
8689 0.031124732089693085
8706 0.01834464699597159
8744 0.0065360801020613694
8929 0.052315306375870084
8995 0.023826320050883268
8996 0.02447834834955648
9105 0.09844933107715473
9147 0.04576702410781841
9171 0.05628887085141201
9194 0.04640380178612866
9198 0.043531436886677176
9204 0.040730518897288466
9347 0.04210729944037626
9375 0.22778919828940336
9383 0.019689866215430944
9402 0.02873900005637271
9409 0.0228353937841797
9457 0.053776501906854325
9497 0.07276353735974787
9719 0.16415591794903633
9721 0.09559638269420564
9774 0.05800619828259665
9821 0.03687118808384812
9827 0.040699849836752844
9856 0.05800619828259665
9902 0.0231356692393776
9929 0.04779819134710282
9932 0.02481925489533236
9968 0.04640380178612866
9990 0.03804496496180743
10001 0.05125349603268815
10003 0.02622623979561921
10033 0.03971083467362905
10040 0.18923938549279676
10110 0.06224946417938617
10159 0.0767176095398144
10190 0.026442568465339433
10209 0.03016924025628305
10242 0.07200118529792994
10319 0.04576702410781841
10478 0.05028413913658567
10516 0.01336219663039413
10567 0.011163498768903862
10579 0.06252331331136392
10600 0.039357135873330965
10745 0.0767176095398144
10786 0.04576702410781841
10789 0.09878483446730431
10790 0.047079195019341956
10794 0.03312269341337906
10924 0.057328489918749365
10936 0.036327637530622785
10999 0.006813914362342457
11000 0.02710269017260355
11054 0.05125349603268815
11086 0.06252331331136392
11188 0.048566811705401024
11255 0.027760912840701427
11259 0.027471660498850806
11272 0.03868174264011767
11331 0.06968004168912742
11338 0.028214640854035234
11339 0.03016924025628305
11365 0.0344794421182509
11419 0.06252331331136392
11477 0.053489083253829395
11505 0.03352784993304017
11511 0.027471660498850806
11532 0.05800619828259665
11553 0.04084475255939004
11576 0.023402672943682104
11634 0.029010734904272913
11714 0.024000395099309985
11716 0.049392417233652154
11734 0.04167035808764118
11741 0.04167035808764118
11752 0.041249909079051156
11797 0.03773972459561315
11869 0.03292550992182891
11876 0.024266716381607083
11921 0.03181052250185552
11955 0.029574935280714292
11976 0.03352784993304017
12004 0.06003736552188107
12064 0.05803085558377284
12069 0.026119630595128958
12074 0.04167035808764118
12078 0.02444786795725859
12164 0.04167035808764118
12173 0.031124732089693085
12175 0.020365259448644233
12183 0.03507456795895794
12212 0.04779819134710282
12215 0.040604279733130196
12270 0.03659609814589533
12316 0.03163507672731999
12333 0.027234618015102338
12354 0.01883026958091606
12378 0.03103113040416947
12391 0.04779819134710282
12401 0.0383588047699072
12431 0.04640380178612866
12445 0.04779819134710282
12465 0.04007613220109184
12543 0.048566811705401024
12584 0.0603384805125661
12611 0.08274534298820267
12648 0.05080126853473616
12666 0.026333879052643457
12725 0.03163507672731999
12764 0.06491381619817743
12807 0.05363793497748416
12834 0.018468823322785134
12865 0.013809946207537858
12877 0.015272488436837107
12898 0.0383588047699072
12910 0.041249909079051156
12926 0.04779819134710282
12948 0.02540063426736808
12984 0.03531415948205752
13022 0.02472524103415479
13064 0.03146235115214734
13079 0.031950933358514
13112 0.02011489888030262
13122 0.06470814611016172
13324 0.04210729944037626
13363 0.04084475255939004
13446 0.035559017172324583
13525 0.053489083253829395
13660 0.051818849607031627
13709 0.02677514768313168
13754 0.014349982937540435
13842 0.0981952676484075
13872 0.020239375889651752
13912 0.04285413958365231
13935 0.04256207999057469
13948 0.020883519238600823
13985 0.053489083253829395
13993 0.0716187554813324
14014 0.02972056580458519
14061 0.04303621862806849
14163 0.009003749665236628
14198 0.028214640854035234
14203 0.047079195019341956
14211 0.11888226321834076
14212 0.023740292006136365
