87 0.0697827632928243
249 0.03473855905798357
315 0.0455871505947182
321 0.03862884017570712
556 0.06053314202240253
907 0.0816903877642652
968 0.050106951888762664
976 0.05261378033537751
1012 0.09264443974729229
1099 0.02770096621143809
1131 0.04246228556686335
1194 0.03550397514785227
1249 0.06298116653876483
1284 0.0697827632928243
1319 0.028939062803910075
1402 0.03530815873463422
1412 0.051791649297318956
1458 0.04303813618828284
1489 0.03570292475631386
1492 0.16921817213657914
1519 0.02210971616487336
1567 0.044763020541557785
1653 0.04743585725345985
1656 0.03437282430155428
2049 0.04115222393232842
2061 0.05420580173426571
2095 0.03653217099281538
2114 0.11429556779707355
2126 0.04054556287128524
2204 0.10842513873323506
2357 0.041790009127916
2359 0.22049052842689829
2384 0.027806788852374753
2425 0.023161109936823073
2476 0.057204431309764284
2485 0.030931653880229604
2552 0.04146702771535523
2597 0.11957460826616688
2609 0.15005094518079803
2674 0.04803306316453476
2693 0.052426095138714816
2730 0.05097352634541888
2793 0.02151906809414142
2848 0.021328259972471394
2897 0.05108093670641087
2927 0.0200687948889655
3002 0.07840141443237184
3010 0.036434857804759385
3047 0.05969958784595839
3078 0.07349684280896608
3092 0.01647748037070846
3145 0.04146702771535523
3185 0.04054556287128524
3220 0.02584460327156674
3302 0.057204431309764284
3321 0.019348579748677687
3432 0.03655309322575877
3439 0.0816903877642652
3454 0.03473855905798357
3519 0.029034466279413154
3547 0.05969958784595839
3633 0.021730460220397665
3648 0.024309687674913007
3722 0.037420697843430384
3789 0.027286458319628424
3790 0.024390167472110647
3915 0.023234467584752082
3942 0.05254546101372927
3952 0.055127266578335714
3956 0.023457173572733272
3984 0.01569103653536549
3991 0.02880204670388286
4262 0.028239322385581658
4287 0.046996289130022614
4298 0.03570292475631386
4300 0.046996289130022614
4404 0.026689507595086703
4405 0.0408451938821326
4535 0.055613577704749506
4589 0.08945857469688594
4593 0.07626282086867696
4721 0.03765311741896067
4808 0.021909699756594878
4824 0.03996712903066924
4827 0.07914732303990028
4830 0.049770875071875935
4843 0.0455871505947182
4864 0.03570292475631386
4927 0.07335982670893887
5223 0.020125963197755267
5247 0.013626219456647942
5260 0.02164791987165374
5280 0.04025298266031956
5296 0.05254546101372927
5320 0.06116411215327679
5390 0.020125963197755267
5551 0.01978683075997507
5746 0.030010189036159603
5793 0.029152325789884387
5800 0.03570292475631386
5844 0.1221134035845696
5970 0.029758986850927562
6047 0.07840141443237184
6054 0.037192543088815914
6072 0.04025298266031956
6081 0.03674842140448304
6097 0.04472928734844297
6173 0.05969958784595839
6179 0.049770875071875935
6294 0.09362393477314448
6299 0.05254546101372927
6304 0.034193913513317346
6310 0.03537647805628247
6315 0.01634995017317912
6417 0.03284837657580771
6446 0.03367212708392886
6471 0.06700817735097099
6488 0.06027543846737789
6528 0.026984400909074235
6601 0.07777044430149756
6636 0.03253357279278089
6655 0.0451508221323629
6695 0.04782984330646674
6696 0.07061631746926844
6720 0.05396880181814847
6743 0.07840141443237184
6775 0.0200687948889655
6813 0.0339132224684446
6831 0.046996289130022614
6851 0.03455434701822392
6862 0.03367212708392886
6926 0.05838952621142346
7099 0.028435204196989555
7170 0.03550397514785227
7201 0.04625897769915127
7210 0.0697827632928243
7422 0.02151906809414142
7479 0.021391537896612082
7529 0.06700817735097099
7580 0.014253280990287373
7598 0.024150274141917536
7633 0.02018339556433534
7671 0.06072328331811358
7783 0.06474117556939135
7851 0.02770096621143809
7882 0.06474117556939135
8027 0.03300881861165817
8097 0.023015680381224517
8124 0.0200687948889655
8200 0.055127266578335714
8244 0.026496727217839824
8247 0.04146702771535523
8250 0.05060433609948576
8293 0.023015680381224517
8433 0.035565590530502664
8498 0.04146702771535523
8517 0.02455270684882096
8689 0.03473855905798357
8716 0.031926911731737714
8855 0.07840141443237184
8860 0.07840141443237184
8952 0.05838952621142346
8973 0.0533479384879905
8976 0.06910869403644784
8994 0.051791649297318956
8996 0.013660238862980482
8997 0.039287711417460486
9011 0.07993425806133848
9012 0.07840141443237184
9017 0.07335982670893887
9094 0.03490989456611154
9104 0.04025298266031956
9204 0.06818948025472259
9317 0.03914700203568992
9318 0.06700817735097099
9496 0.02688532400830475
9523 0.04858578017021676
9528 0.10421567717395072
9645 0.020125963197755267
9695 0.03653217099281538
9719 0.0407146033789815
9765 0.023015680381224517
9783 0.01902973958020455
9850 0.049164214010832756
9898 0.08424320877164346
9906 0.027388797047609215
9917 0.04858578017021676
9934 0.05969958784595839
9993 0.07335982670893887
10040 0.02640144640479885
10068 0.07174476495970011
10233 0.07335982670893887
10445 0.027184955019152114
10460 0.024390167472110647
10499 0.024390167472110647
10583 0.03284837657580771
10614 0.04545965350314839
10709 0.07840141443237184
10749 0.07777044430149756
10771 0.305820560766384
10795 0.06700817735097099
10825 0.1395655265856486
10930 0.020125963197755267
10970 0.046508615438788196
11000 0.020166350893731845
11003 0.01851586127387989
11048 0.049164214010832756
11098 0.37282858182554995
11135 0.03079576088543972
11245 0.0320758247122808
11246 0.04814265460727503
11255 0.0154920869269039
11317 0.026787030332332113
11327 0.04803306316453476
11360 0.046996289130022614
11371 0.02640144640479885
11376 0.051791649297318956
11426 0.07840141443237184
11438 0.04317299815777144
11505 0.07484139568686077
11905 0.027388797047609215
11939 0.06700817735097099
12021 0.03837763799047509
12041 0.026984400909074235
12064 0.03238434788888952
12069 0.029152325789884387
12215 0.022659378488005127
12238 0.046996289130022614
12413 0.025311632316180648
12540 0.07840141443237184
12639 0.050408660267463525
12667 0.06268232446573031
12797 0.046996289130022614
12834 0.010306599714355361
12940 0.03941441202498724
13006 0.08230444786465684
13008 0.04281256465286487
13051 0.03455434701822392
13064 0.035115378357387345
13336 0.03987314585114207
13540 0.046996289130022614
13557 0.03914700203568992
13558 0.11677905242284692
13660 0.028917713447351112
13674 0.041790009127916
13676 0.02422972543626019
13816 0.03284837657580771
13860 0.1633807755285304
13874 0.026516046277558526
13875 0.034925541307236276
13918 0.02688532400830475
13919 0.027806788852374753
13948 0.02330826059219019
13973 0.05396880181814847
13982 0.025224983287768298
13987 0.043926809874181745
14040 0.057835426894702224
14062 0.015374227416432672
14072 0.01861695195475875
14163 0.02009831208106676
14170 0.01882163287710756
14171 0.053185487594678164
