79 0.022091161549637625
150 0.046103618946555375
194 0.020840664642905335
326 0.027868178322864638
556 0.029050790534416213
906 0.05386813395117202
917 0.08360453496859391
979 0.042162310095441885
1002 0.026387657172309006
1012 0.08892299733197004
1033 0.0392044797994564
1075 0.07514900553275831
1101 0.18386662132018547
1112 0.07367208674245493
1225 0.2154725358046881
1375 0.03757450276637916
1397 0.022587033086896403
1458 0.020654666809378015
1461 0.020471523275449117
1492 0.03248416658456108
1493 0.038093481028039146
1605 0.05386813395117202
1618 0.03168288455672538
1653 0.09106080450148989
1689 0.03468993335737214
1916 0.045595686145586754
1963 0.015733850765698054
2064 0.06017847640888802
2080 0.056044072344505216
2176 0.07976473119914446
2204 0.0520349000360582
2244 0.03980133513630571
2352 0.051422039644704896
2456 0.08287755661254051
2558 0.018265332345194212
2648 0.042702628977435673
2793 0.04130933361875603
2848 0.020471523275449117
2931 0.054906581621199824
2965 0.021029607155208612
3092 0.04744678516181283
3137 0.05123482896854269
3142 0.030787368169002793
3184 0.027981303524590384
3291 0.04838379048649655
3321 0.01857136499569972
3353 0.031528887330720436
3429 0.05386813395117202
3432 0.035084788901045716
3443 0.062521993928716
3575 0.056044072344505216
3602 0.046634133815614556
3640 0.07041302956234256
3675 0.06214058175675729
3691 0.04375595644772326
3763 0.03707715499441936
3789 0.026190386244158235
3984 0.015060741948206667
4029 0.0392044797994564
4030 0.028327258745244586
4071 0.04011134268091127
4079 0.03183889487532601
4114 0.042932552783479544
4120 0.08287755661254051
4155 0.08837998088058245
4298 0.034268770921484414
4304 0.03636795908616084
4387 0.0573015100013169
4405 0.0392044797994564
4452 0.02115725136045874
4535 0.026689815575280038
4564 0.05043475790102715
4570 0.054906581621199824
4682 0.06214058175675729
4689 0.031996971615787066
4700 0.036836043371227464
4747 0.07602277334564035
4795 0.038916884692282855
4827 0.018992011864682152
4858 0.049029062195731624
4917 0.08508243745413938
4957 0.03168288455672538
4970 0.37223541226267415
5026 0.049029062195731624
5211 0.037831171140970114
5223 0.019317521662595247
5247 0.013078866683132564
5279 0.029050790534416213
5280 0.03863605716080817
5390 0.03863504332519049
5520 0.029954382312815084
5562 0.06214058175675729
5641 0.04777162453891995
5825 0.04838379048649655
5881 0.14082605912468513
6044 0.019996450826178652
6245 0.029588496290866073
6315 0.03138637525561685
6481 0.044189990440291226
6486 0.08432462019088377
6487 0.045595686145586754
6488 0.028927114614963282
6606 0.015693187627808424
6617 0.07525210131778297
6720 0.02590046220353499
6789 0.07886584235709423
6813 0.17903027635746263
6821 0.049439303159888884
7020 0.024893882695099716
7167 0.039499176733334675
7201 0.01110019921795014
7342 0.06017847640888802
7418 0.022954281122164133
7466 0.0215485854168686
7475 0.06932020995578855
7533 0.026689815575280038
7558 0.04777162453891995
7604 0.030644436886697584
7718 0.025160093422022117
7891 0.06034037350852729
8124 0.038525299504970904
8250 0.016190535399768214
8265 0.05043475790102715
8293 0.0883646461985505
8433 0.017068476642961513
8585 0.03486069153863343
8623 0.0603008520588938
8658 0.014242472557832255
8661 0.04838379048649655
8688 0.0215485854168686
8744 0.007001938275150093
8961 0.07566234228194023
8968 0.034268770921484414
8969 0.052912854697331375
8981 0.027104974632037888
8982 0.03183889487532601
8996 0.01311151956102567
8997 0.06599172996670068
9071 0.18642174527027183
9088 0.07525210131778297
9089 0.07525210131778297
9126 0.02525016644900361
9150 0.03050319713857778
9204 0.04363358079771748
9285 0.054906581621199824
9385 0.034462834049743506
9489 0.03836168601002928
9588 0.04510849117681274
9592 0.04254121872706969
9600 0.041092823085616056
9652 0.017723875310313872
9661 0.042932552783479544
9765 0.022091161549637625
9784 0.09846112584009233
9867 0.035483508642137986
9890 0.025524537599782498
9898 0.12128885418171666
9900 0.05202840425330853
9920 0.042162310095441885
9932 0.10635297493219263
9959 0.04179506206017416
9964 0.042162310095441885
9990 0.16302645756058542
10050 0.04254121872706969
10156 0.077934670158813
10359 0.06431652015009048
10415 0.04375595644772326
10445 0.026092960238430725
10460 0.023410436751140115
10493 0.03183889487532601
10499 0.023410436751140115
10516 0.014314585281311135
10519 0.039499176733334675
10543 0.052912854697331375
10601 0.1008695158020543
10628 0.02396563543339369
10655 0.044640406891746115
10657 0.018315795927462884
10999 0.007299575132537539
11000 0.05322978930984441
11003 0.017772096060459694
11009 0.06431652015009048
11093 0.07041302956234256
11098 0.05964206644490775
11107 0.06431652015009048
11232 0.02273257903005666
11255 0.014869783963564705
11317 0.051422039644704896
11482 0.06196400042813403
11576 0.05014139021139207
11733 0.019765822984328142
11820 0.05043475790102715
11849 0.058351523026437604
11885 0.0573015100013169
11886 0.042932552783479544
12069 0.05596260704918077
12104 0.0573015100013169
12291 0.044640406891746115
12335 0.025432377918468363
12413 0.024294887195162967
12418 0.05202840425330853
12552 0.04011134268091127
12587 0.04510849117681274
12588 0.05043475790102715
12670 0.044640406891746115
12763 0.027756115345288518
12877 0.0490830985879216
12924 0.05120500058906482
13344 0.03980133513630571
13472 0.05202840425330853
13480 0.018215081241795824
13600 0.07783376938456571
13787 0.020778342728830942
13822 0.019595730517279367
13841 0.21123908868702765
13968 0.056044072344505216
14014 0.06367778975065203
14016 0.04777162453891995
14110 0.03836168601002928
14170 0.05419675529410079
14171 0.357343526396955
14189 0.029689157632856948
