79 0.033556294801932576
87 0.10174154916826784
194 0.03165680016662664
326 0.042331536315717753
556 0.04412791465091856
907 0.059551286099238605
968 0.03652735051398285
1012 0.033768327510057955
1018 0.097696271241395
1075 0.05707536423703048
1194 0.15529176243780018
1284 0.10174154916826784
1319 0.04219244039953872
1492 0.14802955487750252
1519 0.032235421300896246
1620 0.040387326079123056
1653 0.0691603108756241
1718 0.03409110024806446
1830 0.05011473075455618
1843 0.11430733013338751
1916 0.06925947658115786
2064 0.09141061643908518
2114 0.08332006058533947
2126 0.059114431469470756
2144 0.0640442062729089
2204 0.026346863377549948
2224 0.10174154916826784
2311 0.042503372577478264
2357 0.06092880344375004
2359 0.1071565855737587
2485 0.04509758908379069
2558 0.027744891342785256
2597 0.03486736641579675
2609 0.0875082320990694
2736 0.046334108475177604
2848 0.03109607743042662
2897 0.07447474688940679
3010 0.02656056239294092
3092 0.04804752062542614
3145 0.06045790450372675
3227 0.05011473075455618
3365 0.08340265111490153
3432 0.01776450303864284
3439 0.11910257219847721
3633 0.01584123774007973
3722 0.05455845526741646
3890 0.052348764753035036
3942 0.07660998723802856
3956 0.03419998099508111
4079 0.0483630224786304
4144 0.06045790450372675
4298 0.052053984438862104
4384 0.03184762919060971
4387 0.08704052785452647
4535 0.08108322576347281
4589 0.065214198654285
4621 0.062419664199468594
4721 0.05489731728083741
4747 0.03849265822615314
4795 0.059114431469470756
4827 0.1730922697517088
4906 0.07551094833228975
5223 0.029343158362055345
5247 0.019866692165925043
5260 0.0315621336857989
5320 0.0891757682031482
5390 0.029343158362055345
5827 0.07777997961940465
5844 0.04450958327191083
6151 0.05455845526741646
6158 0.06141226115800839
6237 0.07003102237654651
6294 0.1365013896494419
6310 0.07736704979265673
6606 0.023837824427544355
6636 0.04743314738091639
6681 0.03441972416899931
6695 0.03486736641579675
6775 0.05851961675336881
6813 0.02472232130410965
6851 0.050379386402050454
6866 0.034642163645426126
6926 0.08513049027627535
7099 0.02072891348382042
7167 0.05999892834603604
7201 0.033722224744115036
7342 0.09141061643908518
7495 0.06092880344375004
7540 0.0886354891035151
7572 0.05746524141142688
7633 0.029426893337177164
7891 0.030552178939093688
7966 0.0629451673671701
8076 0.07003102237654651
8078 0.049853883234348945
8097 0.033556294801932576
8265 0.07660998723802856
8585 0.052953107044242706
8689 0.05064796301633481
8691 0.04069722405078079
8872 0.049853883234348945
8976 0.10075877280410091
8981 0.0411722361138809
8996 0.019916291621990344
8997 0.028640257524018838
9011 0.05827108918466224
9017 0.10695681947651679
9126 0.03835479756267189
9134 0.04069722405078079
9150 0.046334108475177604
9204 0.033139527254422936
9567 0.10695681947651679
9695 0.05326300501590044
9719 0.059360888363890946
9765 0.033556294801932576
9827 0.022076382680306473
9854 0.09159650405658075
9906 0.03993219113129593
10165 0.07777997961940465
10228 0.06712423623253612
10230 0.08704052785452647
10460 0.03556026310785548
10499 0.03556026310785548
10516 0.021743738670679396
10524 0.06646494212634144
10531 0.09486629476183278
10587 0.04085418251943437
10595 0.04338786945404354
10629 0.065214198654285
10771 0.26752730460944457
10825 0.30522464750480355
10925 0.05999892834603604
10945 0.05357829278687935
10999 0.011087995283810857
11000 0.03675255328435347
11003 0.026995669436079638
11098 0.27178744219376794
11386 0.059114431469470756
11505 0.10911691053483293
11705 0.06646494212634144
11849 0.04431774455175755
11875 0.04450958327191083
11912 0.053899161161221794
12010 0.05827108918466224
12050 0.06348635949291119
12057 0.03475441533462012
12069 0.042503372577478264
12215 0.0991104462667571
12371 0.09159650405658075
12522 0.07660998723802856
12552 0.06092880344375004
12761 0.10174154916826784
12771 0.07551094833228975
12797 0.06851943138428285
12915 0.059114431469470756
12961 0.1370388627685657
13332 0.05264841768916536
13480 0.0276685603252437
13557 0.22830145694812193
13614 0.08500674515495653
13754 0.02335112164214456
13820 0.08704052785452647
13973 0.07868518305434138
13993 0.05827108918466224
14014 0.0483630224786304
14065 0.07406190967763233
14072 0.054286114315084386
14163 0.01465142185767609
14170 0.027441476898210436
