437 0.06237033495858048
482 0.061171141476831246
690 0.1055241889294337
818 0.08931899893832085
981 0.06950989750686724
995 0.057153429017453766
1112 0.07215942552681738
1318 0.050000917619632525
1319 0.05441257608748394
1455 0.09478071494080617
1550 0.04859422889724523
2046 0.062064720838925315
2086 0.07360601970068159
2365 0.06789690300608128
2826 0.14741399737352223
2995 0.1953618928566478
3129 0.14741399737352223
3321 0.0727602047718993
3402 0.07623565903611726
3432 0.02290961044426956
3633 0.02042931258987888
3693 0.0699311548000022
3780 0.08931899893832085
3914 0.06602557275814616
3956 0.044105272187709266
3995 0.07215942552681738
4154 0.08117588544944651
4380 0.14741399737352223
4577 0.03281960627328837
4586 0.14721203940136318
4593 0.0716964569875837
4766 0.10365285868149858
4841 0.0779682402285229
5049 0.062064720838925315
5297 0.06868949237426443
5391 0.06088071355273237
5661 0.06267999706495456
5759 0.08187382227037894
5816 0.06088071355273237
5957 0.2321289944038323
6060 0.09879842740018367
6109 0.02920328222461949
6182 0.08187382227037894
6207 0.11381723791219028
6209 0.1312088073824094
6271 0.06828983909982697
6315 0.030741939151687974
6519 0.04570820897819304
6563 0.048424197986072566
6579 0.06789690300608128
6785 0.1312088073824094
6995 0.07124247869927289
7201 0.021744572041256637
7330 0.08931899893832085
7442 0.05188735555613008
7468 0.030191816188178913
7533 0.052283621775547226
7633 0.03794976203236949
7798 0.1055241889294337
8124 0.03773428449564028
8148 0.14741399737352223
8156 0.06059384925141866
8264 0.08140685792996458
8344 0.04616514496746762
8658 0.05580016439319283
9028 0.12293044535621118
9100 0.1379345689116594
9204 0.042737680758903204
9252 0.21511688144670923
9497 0.03817462819969689
9781 0.053304707515754376
9827 0.02847033357050666
9902 0.08091924457509765
10223 0.1055241889294337
10319 0.09604476046757086
10363 0.11812546748020579
10375 0.14741399737352223
10495 0.05572160528563303
10522 0.0699311548000022
10553 0.07410881643904824
10979 0.10755844072335462
10999 0.01429939537331473
11161 0.09879842740018367
11312 0.11812546748020579
11359 0.039286077005357994
11505 0.07036014201459519
11588 0.14741399737352223
11634 0.06088071355273237
11921 0.06675623057425442
12022 0.10978671145016981
12064 0.015222640462545184
12117 0.09753101093444162
12318 0.0773763314679441
12472 0.08259323740907082
12513 0.050000917619632525
12862 0.14741399737352223
12900 0.054813563103877694
13043 0.0600304690450044
13464 0.05765087644856978
13624 0.20852969252060172
13626 0.14821763287809647
13676 0.1366735807388916
13722 0.14741399737352223
13728 0.07410881643904824
13786 0.03163345312686107
13787 0.20351714482491143
13800 0.10030728298830699
13860 0.07679903924253151
13884 0.07215942552681738
13973 0.050737329594577815
14042 0.14741399737352223
14163 0.018894892048703146
14198 0.059210063912401606
