1 0.05213363595190917
305 0.042978281008489945
636 0.026997345183419
693 0.042978281008489945
964 0.046572172513852185
1043 0.11121083476311856
1127 0.03982003627117041
1510 0.05560541738155928
1569 0.05560541738155928
1846 0.03248536930097153
1868 0.09149255474110943
1981 0.05075583487731106
2144 0.036451798778240924
2182 0.018126594712927324
2311 0.04838296778911646
2418 0.05560541738155928
2419 0.05560541738155928
2558 0.031582909843295995
2618 0.032055382877902064
2995 0.21555313215524505
3127 0.03985929226800635
3130 0.014639226904222159
3167 0.05560541738155928
3169 0.048453399332024215
3236 0.022987101708373293
3321 0.016056038161288953
3432 0.010110955039409631
3495 0.042978281008489945
3630 0.053724190563387245
3981 0.05560541738155928
4026 0.05560541738155928
4372 0.05560541738155928
4420 0.026493919439845078
4535 0.02307491654456682
4555 0.03340314555873088
4661 0.045746277370554714
4990 0.022900027934482845
5003 0.044981617902374094
5059 0.017594611902264197
5064 0.06633187109843973
5247 0.01130745007808593
5358 0.023342936314122105
5500 0.11121083476311856
5628 0.04130138128248914
5650 0.05560541738155928
5685 0.02159837614257743
5811 0.05560541738155928
5847 0.032268136414782045
5938 0.020306920182502047
5957 0.03414936323295407
6028 0.04954052819992838
6046 0.05560541738155928
6060 0.043603816827776
6105 0.043603816827776
6109 0.012888611715795261
6183 0.029965700869495192
6245 0.025580996641405077
6304 0.028375146258017108
6446 0.02794215205735094
6497 0.03782959985283903
6519 0.0201729159487323
6541 0.04031795359875493
6676 0.04426973696856533
7201 0.019193551177588298
7238 0.05560541738155928
7387 0.042978281008489945
7468 0.013324892484723782
7488 0.05560541738155928
7533 0.02307491654456682
7566 0.04350476340528804
7598 0.04008125953066066
7802 0.07884030892863422
7875 0.05560541738155928
7922 0.05560541738155928
8124 0.0166536945229963
8175 0.045746277370554714
8346 0.06135516360660792
8442 0.04130138128248914
8629 0.05560541738155928
8666 0.032055382877902064
9301 0.07355877518617858
9632 0.0423885101503933
9725 0.01610080257411429
9827 0.012565131274870337
9902 0.007142599353333442
9928 0.044981617902374094
9944 0.021004359992928445
10249 0.8340812607233892
10368 0.053724190563387245
10388 0.04746997164829
10821 0.032268136414782045
11245 0.026617491946425282
11391 0.05560541738155928
11498 0.043603816827776
11505 0.031052829737399354
11575 0.05560541738155928
11921 0.05892455025184253
12050 0.0722685824705921
12208 0.04079795553891522
12336 0.03495378452672681
12406 0.02459224032365378
12407 0.050887414360190696
12437 0.05213363595190917
12507 0.046572172513852185
12834 0.008552728958730361
12917 0.04746997164829
12957 0.02794215205735094
12985 0.04031795359875493
13097 0.10426727190381833
13324 0.038998945737202285
13624 0.09203274540991188
13626 0.032707274218471284
13676 0.02010656085849063
13787 0.10778460189427144
13859 0.048453399332024215
13874 0.011001909609103983
13912 0.03969065426776787
13989 0.02023970052474783
14039 0.02962736954355423
14072 0.015448911233545075
14090 0.02459224032365378
14198 0.026131840851471588
