11 0.014127585779168948
12 0.020728574940345988
13 0.0239395563611484
151 0.02948981469464121
287 0.03182582350360808
288 0.02948981469464121
289 0.04526234897956058
338 0.02230102680375369
437 0.019150337940530025
472 0.024924439479297546
483 0.016561706225273566
487 0.03182582350360808
491 0.040286668394769805
527 0.021215431967651882
528 0.029900120064088313
543 0.03033530722518827
583 0.026850142918817314
654 0.028383261041592837
1002 0.015871548126508084
1008 0.01953845352505967
1093 0.032400401252310126
1319 0.06682787392321143
1403 0.04460205360750738
1458 0.012423290789378816
1526 0.029101699110111564
1550 0.014920489138942667
1604 0.04925253724005237
1617 0.027131684482328805
1618 0.038113002889575226
1620 0.015992196171596494
1655 0.03260599503252728
1668 0.038684857023340076
1718 0.013499075472451938
1871 0.013499075472451938
1942 0.014174657355739258
2017 0.04761464437952426
2095 0.02109058726082177
2160 0.023073641655504903
2352 0.015464566855154517
2365 0.020847228711298856
2372 0.022156003897538037
2382 0.0802204294151258
2384 0.01605328921868872
2455 0.03531098780997904
2462 0.0730519551666196
2496 0.040286668394769805
2547 0.07475216367420177
2558 0.010986162942409018
2609 0.017325346218962926
2726 0.06893099055886397
2759 0.02948981469464121
2806 0.03737608183710089
2843 0.05370028583763463
2995 0.019994795449850472
3003 0.03446549527943198
3071 0.026850142918817314
3090 0.023073641655504903
3101 0.042351762421891655
3119 0.03129384759926175
3130 0.010184554426344045
3153 0.024317453595618446
3159 0.020967876756387265
3304 0.028383261041592837
3327 0.03737608183710089
3355 0.026318167014470976
3389 0.03737608183710089
3432 0.007034221996482983
3435 0.03033530722518827
3539 0.042351762421891655
3544 0.01683008850058157
3606 0.01623975138286111
3721 0.013585563141615487
3746 0.01860488148817551
3760 0.022912322738420712
3810 0.027424720667519352
3832 0.019150337940530025
3871 0.03033530722518827
3902 0.07253905636810504
3905 0.023757815268967766
3956 0.054168756214928365
3992 0.018346947523077046
3995 0.022156003897538037
4028 0.09575168970265015
4034 0.024924439479297546
4072 0.03182582350360808
4135 0.03531098780997904
4184 0.045824645476841425
4188 0.017624489073772898
4262 0.01630299751626364
4283 0.02230102680375369
4289 0.027424720667519352
4330 0.03531098780997904
4338 0.02804932224029567
4384 0.01261072675667347
4493 0.02323866937644567
4577 0.010077010996108915
4598 0.03129384759926175
4600 0.040286668394769805
4661 0.03182582350360808
4702 0.020383946055606728
4766 0.03182582350360808
4808 0.012648808488982128
4811 0.07736971404668015
4864 0.020611850584726536
4899 0.016114906676031
4922 0.0703137754938987
4928 0.01300095270126674
4939 0.03446549527943198
4957 0.038113002889575226
4990 0.01593161868378949
5002 0.018692960994512616
5049 0.019056501444787613
5223 0.011619029789218476
5260 0.012497678913147044
5279 0.017473359497937813
5297 0.02109058726082177
5327 0.03531098780997904
5364 0.04526234897956058
5383 0.026066267845612542
5391 0.018692960994512616
5406 0.04526234897956058
5455 0.018016848459611323
5528 0.016762046382564542
5551 0.011423243388421626
5558 0.04526234897956058
5611 0.040286668394769805
5622 0.02948981469464121
5685 0.015026055595961027
5689 0.0411431976678566
5739 0.08319069049650092
5754 0.05897962938928242
5799 0.04526234897956058
5826 0.05980024012817663
5888 0.25411057453134994
5938 0.014127585779168948
5957 0.0712734458069033
5974 0.018782134684176995
6037 0.03302500282508644
6072 0.02323866937644567
6109 0.0268999384376658
6133 0.03033530722518827
6181 0.042351762421891655
6182 0.05027747136525351
6219 0.05370028583763463
6230 0.014663171635668168
6245 0.00889838836022732
6271 0.020967876756387265
6278 0.011619029789218476
6289 0.03626952818405252
6429 0.016762046382564542
6430 0.09547747051082425
6519 0.014034358628506036
6571 0.029101699110111564
6606 0.00943907907650324
6681 0.01362920090338474
6734 0.019439439683470953
6737 0.019150337940530025
6782 0.03129384759926175
6858 0.029900120064088313
7025 0.015992196171596494
7047 0.028733495853758537
7086 0.04526234897956058
7099 0.041040207787941006
7187 0.04526234897956058
7203 0.040286668394769805
7242 0.021320978830289987
7376 0.03626952818405252
7387 0.029900120064088313
7391 0.11605457107002023
7422 0.012423290789378816
7479 0.012349665634172153
7563 0.4978858387751664
7571 0.01860488148817551
7580 0.032914558134285274
7598 0.01394232673067937
7627 0.027523457570402962
7633 0.011652186382599985
7649 0.01710889596019228
7651 0.022156003897538037
7663 0.03182582350360808
7671 0.011685496835434399
7674 0.020272650962596814
7693 0.023040938228987264
7717 0.04266611891410218
7718 0.015133197729812739
7862 0.012240624706577134
7892 0.018016848459611323
7927 0.2412584669560239
7978 0.03531098780997904
8013 0.1651250141254322
8020 0.02323866937644567
8081 0.03302500282508644
8124 0.011586025640482797
8157 0.025138735682626756
8165 0.042351762421891655
8166 0.03033530722518827
8250 0.03895288772525286
8264 0.012497678913147044
8289 0.05426336896465761
8344 0.0992226014901748
8346 0.021342486429680212
8401 0.03286237290631753
8412 0.016431186453158764
8463 0.029632905369062826
8484 0.020272650962596814
8497 0.032400401252310126
8499 0.07237805557596239
8509 0.03370917643854931
8643 0.04526234897956058
8688 0.01296096156883917
8706 0.01182030623785724
8771 0.042351762421891655
8773 0.11605457107002023
8878 0.020847228711298856
8931 0.014463759098680183
8995 0.015352402233985984
8996 0.03943133571229842
9008 0.030798589880880394
9028 0.0188724300848687
9099 0.027434560819443687
9134 0.016114906676031
9204 0.013122280485923359
9299 0.025587531169517303
9301 0.051175062339034606
9367 0.020728574940345988
9409 0.014713902516103983
9422 0.03737608183710089
9440 0.06893099055886397
9497 0.017581844748719978
9515 0.023073641655504903
9521 0.03033530722518827
9533 0.020728574940345988
9584 0.0618355517541796
9589 0.026850142918817314
9645 0.011619029789218476
9708 0.012803188411128
9748 0.03370917643854931
9749 0.027131684482328805
9774 0.03737608183710089
9781 0.01636680584488944
9842 0.027424720667519352
9902 0.0049691279693611255
9989 0.04374892466805309
10003 0.016898781749235772
10048 0.01725246854016707
10050 0.025587531169517303
10063 0.2715740938773634
10162 0.038113002889575226
10352 0.040286668394769805
10386 0.015241963290980633
10396 0.019150337940530025
10469 0.038684857023340076
10493 0.019150337940530025
10516 0.008609882556824718
10522 0.02147183028407517
10564 0.028383261041592837
10604 0.027131684482328805
10606 0.03302500282508644
10616 0.01777886899591877
10657 0.02203303117361144
10732 0.0365065206339653
10765 0.03129384759926175
10785 0.04122370116945307
10806 0.01953845352505967
10856 0.021737726967355316
10930 0.011619029789218476
11000 0.04947997148037154
11097 0.025070328124119988
11178 0.04526234897956058
11188 0.0625876951985235
11210 0.04526234897956058
11213 0.1310649564624201
11232 0.02734621112887693
11259 0.01770126402705762
11314 0.019638852220458934
11360 0.05426336896465761
11365 0.011108351249214467
11430 0.023757815268967766
11572 0.032400401252310126
11576 0.015079426768990678
11586 0.028733495853758537
11633 0.048252037050641586
11634 0.056078882983537845
11659 0.032400401252310126
11680 0.040286668394769805
11733 0.023777344741693317
11745 0.024317453595618446
11815 0.0693013848758517
11842 0.01617705762448904
11881 0.028733495853758537
11900 0.03370917643854931
11905 0.031623952171643065
11906 0.057466991707517075
11941 0.05820339822022313
11955 0.019056501444787613
12041 0.015578511941317536
12051 0.03531098780997904
12064 0.009347992419746383
12078 0.01575289435555522
12182 0.018782134684176995
12212 0.030798589880880394
12349 0.03626952818405252
12459 0.04526234897956058
12523 0.01394232673067937
12554 0.05676652208318567
12579 0.03370917643854931
12582 0.015871548126508084
12610 0.05831831905041286
12611 0.013329164825192199
12614 0.016561706225273566
12725 0.020383946055606728
12733 0.013456219287220527
12764 0.02788465346135874
12814 0.040286668394769805
12834 0.017850478200218824
12843 0.054849441335038704
12850 0.025822909296089623
12877 0.009840772099740644
12935 0.025138735682626756
12940 0.02275454958070954
12966 0.02275454958070954
13013 0.042351762421891655
13017 0.04526234897956058
13079 0.010293733560693174
13112 0.01296096156883917
13186 0.03182582350360808
13216 0.20225505863129586
13330 0.04526234897956058
13336 0.023019383712574074
13526 0.02804932224029567
13600 0.0702227413704062
13624 0.10671243214840107
13626 0.1592818470649668
13643 0.0494327112860825
13676 0.01398819519156686
13705 0.02451413410985044
13754 0.009246359053243287
13775 0.019439439683470953
13787 0.062488394565735225
13842 0.02109058726082177
13905 0.042351762421891655
13912 0.04141936229815868
13927 0.042351762421891655
14062 0.00887577924010486
14081 0.03033530722518827
14137 0.04526234897956058
14161 0.026850142918817314
14163 0.01160306637194736
14168 0.03531098780997904
14196 0.11212824551130267
14198 0.018180000703152857
14200 0.028383261041592837
