11 0.03517582931526637
143 0.05272515734251687
149 0.024704428171520028
168 0.045153175945625845
175 0.02432408894997318
194 0.015605454405948092
284 0.037223681962390155
288 0.036712878776749974
513 0.05915383334901252
548 0.02537667151456496
556 0.021753182775574875
702 0.027062039666855702
703 0.024200823232602385
817 0.025101676807426598
971 0.019323013727480468
980 0.05272515734251687
995 0.021846760832953883
1027 0.020061998402562807
1107 0.04453042912196452
1108 0.045153175945625845
1117 0.02689499512437149
1135 0.1310575444753962
1145 0.027582766921059168
1305 0.041113955373193484
1307 0.027947577688963266
1318 0.019112730547291443
1319 0.051997690975162006
1389 0.056348646081506956
1411 0.10545031468503374
1481 0.03342666111415337
1567 0.06434413512300097
1604 0.015329041974871983
1689 0.012987881687788156
1690 0.03276438611884905
1718 0.016805460683629998
1817 0.05272515734251687
1940 0.017357279332863584
1963 0.02356296163881492
1976 0.031571066427953355
1980 0.036712878776749974
2086 0.028135724066099488
2174 0.056348646081506956
2203 0.056348646081506956
2204 0.012987881687788156
2215 0.027062039666855702
2244 0.05960634475032657
2337 0.035771311587894664
2352 0.01925236811987845
2382 0.024967288969363375
2384 0.019985288722784798
2406 0.04816010141467146
2420 0.05015425116811855
2478 0.035771311587894664
2485 0.022231190978272263
2558 0.013677049940892902
2561 0.05015425116811855
2597 0.01718812684772946
2609 0.021568915982967937
2693 0.018839835363908267
2743 0.03027362956530931
2770 0.021388372007670763
2776 0.03613569729823143
2809 0.11269729216301391
2823 0.056348646081506956
2827 0.036712878776749974
2848 0.015329041974871983
2850 0.02832791691051012
2852 0.0491516829040271
2875 0.04395985625473015
2927 0.014423839527233662
2969 0.052823633521598586
2995 0.13690712539720215
3089 0.03622970041317778
3130 0.03803730025989543
3159 0.05220725362529749
3184 0.020952352713023464
3215 0.031571066427953355
3225 0.027232266200764972
3317 0.041113955373193484
3332 0.016593933108420802
3432 0.026271430538275544
3435 0.037765461341341754
3481 0.04547243857256305
3512 0.018772894055974976
3606 0.020217421847410887
3609 0.04395985625473015
3633 0.03904527810539943
3656 0.03622970041317778
3693 0.05346203158593918
3699 0.07831088043794623
3771 0.04196570650128306
3776 0.028930614199669927
3780 0.03414197260235167
3847 0.022429790769657895
3908 0.019985288722784798
3914 0.025238116447317875
3942 0.037765461341341754
3984 0.033832374228885076
3995 0.055165533842118336
4034 0.06205857409800351
4174 0.046530762429128465
4188 0.02194132915271109
4262 0.020296159121712145
4275 0.08581454738027677
4298 0.051320795313037834
4304 0.027232266200764972
4307 0.03452231182389851
4338 0.034919560459805085
4383 0.016086033780750242
4391 0.03214782284890457
4420 0.022946502466470557
4475 0.05272515734251687
4510 0.04395985625473015
4555 0.028930614199669927
4556 0.045153175945625845
4586 0.028135724066099488
4591 0.06685332222830674
4627 0.04290727369013839
4640 0.046530762429128465
4663 0.028725165546416683
4739 0.4437000426731408
4747 0.0189752413304628
4817 0.019833816913120646
4827 0.014221186334976944
4874 0.11269729216301391
4893 0.03533529229324736
4899 0.020061998402562807
4922 0.029178674544335738
4928 0.016185330611473793
4939 0.04290727369013839
4957 0.07117227097177192
4990 0.019833816913120646
4991 0.025660397656518917
5038 0.027582766921059168
5050 0.07668443552458594
5059 0.015238772289943161
5064 0.08617549663925006
5070 0.026256393315951206
5166 0.06205857409800351
5171 0.056348646081506956
5181 0.03027362956530931
5247 0.009793433232686265
5262 0.034919560459805085
5281 0.04196570650128306
5314 0.05378999024874298
5329 0.04196570650128306
5360 0.029356248109275274
5390 0.014464927520637806
5426 0.030035305499789375
5451 0.056348646081506956
5455 0.022429790769657895
5458 0.03834221776229297
5551 0.014221186334976944
5588 0.034919560459805085
5689 0.01024411475018432
5759 0.03129607172081499
5938 0.017587914657633184
5957 0.08873075002351878
5962 0.018006428319213983
5974 0.07014756528335359
5987 0.037765461341341754
6037 0.041113955373193484
6044 0.01497330852905138
6054 0.02673101579296959
6068 0.045893004932941114
6181 0.05272515734251687
6183 0.02595342793551618
6207 0.021753182775574875
6210 0.06041811673102387
6235 0.018575027165137002
6245 0.011077907967893501
6301 0.03895878103223745
6310 0.012712886980649797
6419 0.051611423596906306
6429 0.020867644753467304
6488 0.021660574456444637
6519 0.017471852989683425
6520 0.03245078822933961
6521 0.03245078822933961
6569 0.036712878776749974
6755 0.027582766921059168
6756 0.03214782284890457
6758 0.03129607172081499
6813 0.024374103250473504
6937 0.03027362956530931
6975 0.056348646081506956
7006 0.021124216140942776
7026 0.031571066427953355
7047 0.035771311587894664
7099 0.04087388650197525
7182 0.04395985625473015
7206 0.08024799361025123
7242 0.09290125480819483
7245 0.0181919704058399
7387 0.037223681962390155
7402 0.031571066427953355
7418 0.01718812684772946
7422 0.015466179543056237
7429 0.045153175945625845
7450 0.08222791074638697
7465 0.04290727369013839
7491 0.013343969543508387
7540 0.021846760832953883
7580 0.01024411475018432
7598 0.017357279332863584
7616 0.021568915982967937
7649 0.021299449653873405
7671 0.043643023858338105
7693 0.04302667789857837
7701 0.04395985625473015
7718 0.037679670727816535
7751 0.02689499512437149
7865 0.012712886980649797
7891 0.030121846360140193
7925 0.03962105602754177
8042 0.02957691667450626
8097 0.03308364874578625
8115 0.015374521069579537
8151 0.05272515734251687
8157 0.03129607172081499
8207 0.035771311587894664
8244 0.019043721533929477
8279 0.03027362956530931
8344 0.035293031346025155
8401 0.040911491825861644
8433 0.025561692834148803
8493 0.045153175945625845
8526 0.10242591780705501
8528 0.056348646081506956
8529 0.09632020282934292
8644 0.06490157645867922
8689 0.024967288969363375
8744 0.005243039527691608
8795 0.015329041974871983
8847 0.04196570650128306
8882 0.036712878776749974
8895 0.035771311587894664
8997 0.028236854679764323
9028 0.07048480077981416
9030 0.08393141300256612
9094 0.037635646778006064
9104 0.028930614199669927
9130 0.04395985625473015
9204 0.016336375719639883
9290 0.19810528013770884
9349 0.056348646081506956
9383 0.031589192681376575
9402 0.04610705833741898
9409 0.054953521241163
9457 0.043137831965935874
9497 0.014592159849429624
9500 0.021568915982967937
9552 0.029803172375163285
9557 0.041113955373193484
9572 0.04395985625473015
9583 0.05015425116811855
9602 0.027947577688963266
9618 0.03245078822933961
9645 0.028929855041275612
9647 0.018907281894038196
9654 0.09661506863740234
9661 0.03214782284890457
9664 0.035771311587894664
9688 0.05015425116811855
9698 0.056348646081506956
9725 0.027889954660572442
9824 0.056348646081506956
9902 0.024744949353440807
9944 0.0181919704058399
9949 0.026103626812648745
9966 0.021299449653873405
10030 0.031029287049001757
10068 0.01718812684772946
10079 0.01925236811987845
10104 0.04816010141467146
10156 0.014589337272167869
10174 0.025517408640868867
10226 0.046530762429128465
10229 0.05272515734251687
10234 0.022530770633028285
10333 0.030518483863361583
10361 0.0189752413304628
10362 0.018129694036584782
10459 0.025238116447317875
10493 0.02384091058640098
10495 0.021299449653873405
10516 0.06431242336321621
10519 0.02957691667450626
10522 0.02673101579296959
10524 0.0655287722376981
10527 0.05015425116811855
10567 0.008955010403596487
10587 0.020139372243674618
10590 0.045153175945625845
10613 0.02740579831001167
10706 0.07154262317578933
10785 0.051320795313037834
10821 0.027947577688963266
10882 0.037223681962390155
10887 0.025238116447317875
10930 0.014464927520637806
10999 0.005465909502669621
11000 0.03623488738990087
11001 0.03452231182389851
11097 0.1404490896535328
11108 0.06443456420530952
11169 0.030035305499789375
11213 0.05438908210975435
11252 0.035771311587894664
11312 0.045153175945625845
11317 0.0385047362397569
11325 0.01825468380582219
11356 0.01574693423932269
11498 0.037765461341341754
11525 0.023724090323923974
11572 0.08067273503148013
11574 0.03342666111415337
11576 0.018772894055974976
11634 0.11635753192690702
11656 0.035771311587894664
11700 0.041113955373193484
11722 0.029803172375163285
11733 0.029601229582951808
11752 0.033089390037759896
11796 0.031029287049001757
11804 0.041113955373193484
11833 0.045153175945625845
11842 0.020139372243674618
11869 0.026411816760799293
11876 0.01946600274313052
11920 0.04816010141467146
11930 0.02395927818206908
11955 0.023724090323923974
12041 0.01939422225422367
12064 0.005818817718350912
12264 0.029803172375163285
12333 0.021846760832953883
12347 0.03414197260235167
12387 0.020867644753467304
12398 0.027062039666855702
12416 0.03895878103223745
12523 0.06942911733145433
12584 0.024200823232602385
12611 0.016593933108420802
12614 0.020618234440622062
12632 0.04033636751574007
12668 0.028930614199669927
12735 0.028046053868044978
12763 0.020783732185556267
12764 0.017357279332863584
12771 0.037223681962390155
12802 0.05015425116811855
12805 0.056348646081506956
12807 0.01434222596619279
12820 0.11269729216301391
12843 0.03414197260235167
12903 0.014464927520637806
12940 0.02832791691051012
12951 0.05272515734251687
12959 0.02914089737985896
12986 0.05272515734251687
13013 0.05272515734251687
13043 0.06883950739941168
13079 0.01281502092458263
13101 0.046530762429128465
13336 0.009552539325934289
13363 0.03276438611884905
13440 0.046530762429128465
13526 0.034919560459805085
13624 0.13284995602730323
13626 0.16996750146306072
13628 0.025660397656518917
13643 0.12308094546160782
13686 0.046530762429128465
13761 0.042776744015341525
13782 0.056348646081506956
13786 0.024183622808421287
13787 0.06223515144874588
13827 0.021388372007670763
13832 0.040434843694821775
13842 0.026256393315951206
13870 0.036712878776749974
13874 0.019057606523972044
13912 0.01718812684772946
13925 0.027582766921059168
13971 0.02832791691051012
13973 0.01939422225422367
13989 0.017529695410535576
14004 0.036712878776749974
14040 0.020783732185556267
14041 0.018129694036584782
14043 0.02914089737985896
14047 0.041113955373193484
14060 0.044073817835057656
14062 0.03314928330326645
14065 0.03650936761164438
14113 0.027582766921059168
14163 0.05055768940801567
14198 0.06789871373088335
