284 0.0959895851412667
337 0.04841010392670681
690 0.10401634066865266
702 0.06978551888882471
996 0.14530758042960154
1010 0.06508212513670064
1100 0.09887397974540091
1318 0.04928644828861842
1319 0.026817534009948855
1718 0.043336637164464155
1963 0.030381181994498678
2340 0.06543942035101354
2352 0.049646534984939955
2382 0.06438373594242441
2394 0.11998997268437024
2485 0.11465619125785172
2558 0.035269330720941836
2605 0.16898058790284443
2770 0.055154698504510054
2827 0.09467236493913897
2848 0.03952936147659219
2969 0.06810877377089773
2995 0.1604752853919815
3137 0.04946578833529594
3257 0.06438373594242441
3432 0.04516450434223781
3633 0.020137395601270695
3656 0.09342638151612903
3699 0.06731403709499423
3956 0.08695009293515236
4025 0.06337430101245287
4420 0.059172686206190914
4577 0.03235064283712504
4739 0.20803268133730532
4922 0.03762186754272095
4957 0.18353361096962076
5059 0.03929658091458585
5065 0.11998997268437024
5339 0.2328751159657148
5354 0.27192720940017573
5391 0.060010781464393995
5736 0.09467236493913897
5870 0.08368161168980172
5871 0.13596360470008786
5957 0.0762706914434794
6109 0.028785992892588357
6206 0.08214470364957334
6245 0.05713372423209639
6271 0.13462807418998846
6322 0.1164375579828574
6519 0.0450550786948864
6537 0.08001595312554909
6563 0.047732258598015824
6620 0.09224432345919699
6859 0.07934793302817046
6982 0.18448864691839398
7048 0.14530758042960154
7580 0.026416739913135222
7671 0.03751443107916276
7693 0.07396927159909303
7717 0.04565759875851406
7718 0.0485827270536673
7891 0.038837957227339986
8076 0.0890234983589647
8097 0.08531358400482901
8250 0.03126301436906429
8344 0.04550548546897624
8401 0.10549942726897892
8517 0.04550548546897624
8683 0.25892114009887907
8744 0.01352034948210869
9028 0.06058693846617312
9094 0.03235064283712504
9104 0.1492081120676994
9274 0.10217175009138757
9290 0.10217175009138757
9409 0.04723664638478188
9497 0.018814573094582964
9531 0.05274971363448946
9592 0.08214470364957334
9618 0.08368161168980172
9645 0.037301049187111614
9654 0.04982871047667723
9707 0.1164375579828574
9902 0.06381038353965997
10331 0.05381188687310712
10567 0.023092496181475523
10706 0.09224432345919699
11108 0.05538630929520607
11181 0.10821795547491461
11525 0.061177870323206915
11627 0.11998997268437024
11842 0.10386774680855552
12387 0.05381188687310712
12472 0.08141305236673115
12584 0.062407232699918234
12763 0.053595499558438536
12834 0.05730612430115922
12865 0.05713372423209639
12964 0.09738668438244875
13112 0.04160910796873442
13306 0.1241915874906322
13624 0.0685166619357046
13626 0.07304986634324712
13676 0.08981375662944219
13770 0.06404232110983149
13787 0.12036543781734678
13842 0.06770797967408412
13849 0.14530758042960154
13850 0.14530758042960154
14062 0.02849427912787583
14163 0.03724980117212014
