11 0.06426013491483183
149 0.09026140495892544
168 0.1649740310082628
437 0.08710641145337092
1027 0.07329957809695861
1107 0.1084658201913243
1145 0.20155571119994795
1318 0.1396625657410432
1319 0.03799630260172408
1567 0.11754556706891107
1656 0.09026140495892544
1781 0.15676828378054847
1963 0.04304544124127037
1980 0.13413611501019734
2740 0.09887529897172573
2848 0.05600699824824782
2927 0.05269970272499889
2969 0.0964996101830742
2995 0.1818949498217011
3159 0.19074718218731243
3317 0.1502161211600581
3432 0.031995562552617825
3633 0.02853157850355116
3908 0.07301930755506869
3984 0.12361175129387401
4298 0.09375418561406867
4383 0.05877278353445554
4384 0.05736061457526584
4640 0.1700072538211963
4723 0.1234100243703251
4881 0.05895367772373554
5059 0.05567718415458391
5166 0.11337024376647865
5247 0.035781805464850144
5280 0.10570242168152057
5360 0.10725754023809693
5957 0.10806378657538238
6068 0.08383855465656154
6310 0.046448476038005754
7182 0.160614055091493
7242 0.0484898480733664
7387 0.1360024125368298
7418 0.06279944903468011
7465 0.15676828378054847
7598 0.06341747349792598
7716 0.09323175338626481
8097 0.060438084140818304
8156 0.08462537146774582
8834 0.20587839263219532
8997 0.07737574891395632
9028 0.0858423316185119
9094 0.04583586298962784
9383 0.0577079722943415
9457 0.07880533184362802
9497 0.026657343376867565
9572 0.160614055091493
9707 0.1649740310082628
9725 0.10190021296692528
9902 0.04520472764582909
9949 0.09537359109365622
10516 0.03916254506259736
10524 0.11970969346756052
10554 0.160614055091493
10613 0.1001312737258308
10887 0.092211316660956
11000 0.03971691012194355
11001 0.12613254376992442
11317 0.1406829401775005
11360 0.1234100243703251
11587 0.13069595534573353
11796 0.11337024376647865
11955 0.08667959076577447
12328 0.07947857873979179
12333 0.07982048047796253
12354 0.05518862664586683
12523 0.12683494699585196
12764 0.06341747349792598
12959 0.10647072342691268
13616 0.06692703025046827
13624 0.0970775246972094
13626 0.2070007499991466
13787 0.11369281993888132
13912 0.06279944903468011
14041 0.06623960869914394
14043 0.10647072342691268
14113 0.10077785559997397
14163 0.0791658202054406
