15 0.03949122081617765
101 0.06164463554950127
126 0.045549410930794544
152 0.045549410930794544
324 0.03484495432324498
339 0.02919098788415334
421 0.05441666187908805
483 0.02410620682475236
680 0.05016586734618219
960 0.022675129347856295
968 0.021052563277816443
981 0.03106481814314657
1091 0.06068790258706388
1093 0.04716004276185329
1099 0.02327726281644934
1107 0.0173545369512681
1133 0.038802234468687996
1147 0.056307312284499
1255 0.0438973829806587
1260 0.054402339155677285
1403 0.03246001089641672
1426 0.041312939121299457
1458 0.05424774714741566
1461 0.017922245347231858
1566 0.07203236026301228
1603 0.03724364567980937
1645 0.04806917461648277
1653 0.013286864048764125
1655 0.023729646248086596
1689 0.015185032602228433
1796 0.04716004276185329
1867 0.042358653640982166
1901 0.027737478188280946
1942 0.020631764459510194
1959 0.19922130193575638
2044 0.032042018154424375
2046 0.027737478188280946
2061 0.09109882186158909
2095 0.030698169116718473
2100 0.05863881096517238
2103 0.0441542181775244
2114 0.024010786754337425
2137 0.05365669266730295
2269 0.04716004276185329
2297 0.05279170732461854
2311 0.024496847652978108
2341 0.03949122081617765
2359 0.030879885437663082
2365 0.03034395129353194
2371 0.05175566904716255
2372 0.03224892442235366
2425 0.17516158646038305
2435 0.03908142613274007
2470 0.056307312284499
2478 0.04182271949685102
2593 0.04182271949685102
2597 0.040191660630758096
2609 0.025217714502592734
2648 0.01869247791695229
2730 0.04283331347964276
2736 0.02670469488942211
2778 0.042358653640982166
2779 0.07382384356740081
2780 0.07078999685826312
2793 0.018082582382471887
2873 0.03407064272747547
2927 0.016863910430928372
2940 0.04453066932883744
2951 0.06250616629632283
2989 0.04036242731122926
2992 0.05016586734618219
2995 0.0145516007824475
3010 0.01530819817489167
3130 0.014824014632305272
3137 0.022427328996052424
3143 0.054402339155677285
3159 0.03051955921027333
3185 0.06814128545495093
3200 0.04806917461648277
3297 0.02459683334509209
3332 0.019401117234343998
3345 0.08965708816235984
3422 0.04182271949685102
3432 0.03071575017548779
3443 0.03649083655415821
3463 0.05863881096517238
3544 0.12248423826489052
3633 0.009130108130736107
3758 0.019219400913399385
3761 0.025006628028529668
3786 0.02119668177088623
3793 0.05139651457134838
3832 0.027874060853334187
3844 0.056307312284499
3847 0.1835695601485687
3916 0.038307114536970555
4053 0.05016586734618219
4058 0.06164463554950127
4095 0.04806917461648277
4184 0.03334977587786084
4190 0.03358458182883479
4258 0.037586247687355925
4262 0.023729646248086596
4299 0.04352078635774346
4307 0.04036242731122926
4317 0.05863881096517238
4384 0.01835540271466129
4409 0.05863881096517238
4414 0.03794046551054246
4421 0.02815270203530757
4489 0.05425098433989183
4492 0.027208330939544025
4540 0.041312939121299457
4542 0.024010786754337425
4585 0.042358653640982166
4603 0.05139651457134838
4621 0.03597561585629719
4681 0.042358653640982166
4720 0.032042018154424375
4735 0.03312013091740527
4819 0.049065015890675016
4890 0.045549410930794544
4939 0.05016586734618219
4974 0.024202506355215123
4985 0.021565922493989406
4997 0.08757296365246003
5049 0.08321243456484284
5111 0.04806917461648277
5130 0.07078999685826312
5133 0.056307312284499
5138 0.14719504767202504
5158 0.05658971934328088
5214 0.04352078635774346
5221 0.05139651457134838
5223 0.016911949251607553
5247 0.03435054456938489
5358 0.023637589043839093
5399 0.054402339155677285
5412 0.03432242419005032
5441 0.054402339155677285
5445 0.05279170732461854
5459 0.06449784884470731
5491 0.042923570952358193
5520 0.026224222878366957
5689 0.02395420903915079
5710 0.06164463554950127
5764 0.04716004276185329
5920 0.042358653640982166
5941 0.046323722526564054
5974 0.02733812670920304
6054 0.06250616629632283
6108 0.04716004276185329
6207 0.05086630716076264
6210 0.023546335842907905
6315 0.013738946299273651
6429 0.048795619413605267
6488 0.025324878776295877
6528 0.022675129347856295
6662 0.0441542181775244
6695 0.020095830315379048
6720 0.09070051739142518
6737 0.027874060853334187
6787 0.042923570952358193
6794 0.05279170732461854
6866 0.019966034545720032
7025 0.04655452563289868
7078 0.03017124612027137
7100 0.04959944352120077
7153 0.02858511236630212
7201 0.019435827135134292
7245 0.021269493390226473
7284 0.12298416672546042
7401 0.023637589043839093
7406 0.027469555172840228
7418 0.020095830315379048
7422 0.018082582382471887
7468 0.026986179319410632
7479 0.03595083621753749
7491 0.015601359592907243
7540 0.025542562172660814
7598 0.020293598208808872
7627 0.06009219264908232
7642 0.054402339155677285
7671 0.01700869461958578
7703 0.04716004276185329
7724 0.049065015890675016
7862 0.01781670480246959
7865 0.014863517231691712
8043 0.05863881096517238
8108 0.05139651457134838
8244 0.02226533466441872
8250 0.01417436034599739
8268 0.2843230997690428
8269 0.05139651457134838
8273 0.056307312284499
8293 0.019340193300259153
8377 0.038307114536970555
8401 0.02391623022581248
8583 0.045549410930794544
8662 0.03267544997420531
8689 0.02919098788415334
8706 0.01720491494208897
8727 0.05139651457134838
8744 0.0061300008790215604
8795 0.017922245347231858
8929 0.049065015890675016
8995 0.022346017884588048
8996 0.011478768203319082
9105 0.11079934332843526
9117 0.049065015890675016
9147 0.042923570952358193
9171 0.05279170732461854
9194 0.04352078635774346
9198 0.04082687822265878
9204 0.03819997808237361
9347 0.03949122081617765
9375 0.24415647368218665
9383 0.03693311444281175
9402 0.02695347866869078
9409 0.02141665673982138
9457 0.05043542900518547
9497 0.0767731742324748
9719 0.15395709746684738
9721 0.04482854408117992
9774 0.054402339155677285
9821 0.03458042310302703
9827 0.03817121445568813
9856 0.054402339155677285
9902 0.021698276422501096
9929 0.04482854408117992
9932 0.02327726281644934
9968 0.04352078635774346
9990 0.03568127455853421
10001 0.04806917461648277
10003 0.02459683334509209
10033 0.03724364567980937
10040 0.1774821577003758
10110 0.05838197576830668
10159 0.07195123171259438
10190 0.024799721760600385
10209 0.02829485967164044
10242 0.06752783354471206
10319 0.042923570952358193
10478 0.04716004276185329
10493 0.027874060853334187
10497 0.046323722526564054
10516 0.012532018551018344
10567 0.010469923287010267
10579 0.05863881096517238
10600 0.036911921783700403
10679 0.03724364567980937
10745 0.07195123171259438
10786 0.042923570952358193
10789 0.09264744505312811
10790 0.0441542181775244
10794 0.03106481814314657
10806 0.02843897816471022
10924 0.053766736041695566
10930 0.016911949251607553
10936 0.03407064272747547
10999 0.006390573612701528
11000 0.025418830856970553
11054 0.04806917461648277
11086 0.05863881096517238
11188 0.045549410930794544
11252 0.04182271949685102
11255 0.026036158899318037
11259 0.025764877476490287
11272 0.03627848996391947
11331 0.06535089994841062
11338 0.026461697307223375
11339 0.02829485967164044
11365 0.03233727359406014
11419 0.05863881096517238
11438 0.03627848996391947
11477 0.05016586734618219
11505 0.06288960549807823
11511 0.025764877476490287
11532 0.054402339155677285
11553 0.038307114536970555
11576 0.02194869149032935
11634 0.027208330939544025
11714 0.022509277848237357
11716 0.046323722526564054
11734 0.03908142613274007
11741 0.03908142613274007
11752 0.038687099142863106
11797 0.03539499842913156
11869 0.030879885437663082
11876 0.022759052892161392
11921 0.059668341835960745
11972 0.05279170732461854
11976 0.031444802749039116
12004 0.056307312284499
12064 0.054425464526774964
12069 0.024496847652978108
12074 0.03908142613274007
12078 0.02292894972644738
12164 0.03908142613274007
12173 0.02919098788415334
12183 0.03289542494314046
12212 0.04482854408117992
12215 0.038081582013908495
12270 0.03432242419005032
12316 0.02966962538987641
12333 0.025542562172660814
12354 0.017660366348145558
12378 0.029103201564895
12391 0.04482854408117992
12401 0.03597561585629719
12431 0.04352078635774346
12445 0.04482854408117992
12465 0.037586247687355925
12543 0.045549410930794544
12584 0.05658971934328088
12611 0.07760446893737599
12648 0.04764504349864516
12666 0.024697785097499123
12725 0.02966962538987641
12764 0.08117439283523549
12807 0.050305471081540314
12834 0.017321376334947455
12865 0.012951949956174616
12877 0.01432362610016542
12898 0.03597561585629719
12910 0.038687099142863106
12926 0.04482854408117992
12948 0.02382252174932258
12984 0.03312013091740527
13064 0.05901526211648541
13079 0.029965858207808588
13112 0.01886518309021285
13122 0.06068790258706388
13324 0.03949122081617765
13363 0.038307114536970555
13446 0.03334977587786084
13525 0.05016586734618219
13616 0.02141665673982138
13660 0.04859940341624769
13709 0.0251116382098446
13754 0.013458434818343867
13775 0.02829485967164044
13842 0.09209450735015541
13872 0.018981926484542968
13912 0.040191660630758096
13935 0.0399177463680293
13948 0.019586049939827484
13973 0.022675129347856295
13985 0.05016586734618219
13993 0.10075374548650437
14014 0.027874060853334187
14061 0.04036242731122926
14163 0.0084443569387994
14198 0.026461697307223375
14211 0.13937030426667094
14212 0.02226533466441872
