49 0.032613265616162415
78 0.06850297588712141
121 0.07321078093171884
293 0.04485299264404845
294 0.07321078093171884
299 0.06257184297239075
315 0.042569013832908
326 0.02711221430941202
339 0.03243866268855876
406 0.0347301785826524
482 0.09113897834252456
483 0.026788168834576433
487 0.05147751818064879
528 0.04836273832877226
538 0.04299127403548528
544 0.07321078093171884
968 0.02339478888514615
1085 0.032613265616162415
1107 0.03857066931153247
1318 0.024832148177628462
1403 0.03607138437775909
1483 0.032266646566330985
1545 0.048955180134111605
1573 0.055747124961303345
1580 0.06257184297239075
1662 0.05147751818064879
1800 0.04342947229942815
1820 0.04388485913184202
2080 0.05452379709117011
2147 0.055747124961303345
2182 0.020397552817895084
2194 0.11895309959658618
2204 0.06749783905269743
2234 0.034943228154264636
2254 0.047699079080082696
2340 0.03297055152561563
2382 0.03243866268855876
2424 0.03706014112075462
2471 0.036555240883321176
2565 0.045251150984778894
2736 0.02967575448822354
2852 0.09579022762073976
2857 0.04101859740683628
2965 0.061377447362639705
2995 0.09702332882333824
3103 0.04066131149738306
3159 0.03391504564883169
3249 0.02636971360528627
3435 0.09813328657611384
3439 0.03814100246874752
3592 0.06257184297239075
3721 0.021974327656834335
3734 0.01911906628876859
3838 0.07321078093171884
3929 0.06850297588712141
3942 0.04906664328805692
3956 0.021904171093648048
4341 0.07321078093171884
4452 0.04116666159066638
4577 0.016299327390538222
4660 0.029141827045967558
4689 0.03112900820602396
4702 0.06594110305123126
4734 0.029539953222225888
4790 0.13032547010099638
4827 0.036953653007142734
4841 0.03872166725483072
4842 0.03997812175480056
4851 0.05866510559534928
4864 0.03333918172115125
4881 0.020964049358313336
4928 0.021028734070913834
4938 0.05452379709117011
4957 0.061646882411221855
5039 0.04836273832877226
5049 0.030823441205610928
5331 0.05452379709117011
5764 0.05240688412468013
5798 0.040308768451618876
5929 0.05147751818064879
5938 0.06855310943140841
6109 0.02900667691706991
6167 0.05240688412468013
6183 0.03371990028413141
6220 0.06850297588712141
6294 0.029141827045967558
6360 0.07321078093171884
6382 0.07321078093171884
6389 0.07321078093171884
6563 0.024049095837009746
6606 0.04580246271216116
6670 0.06850297588712141
6695 0.0446632271325751
6706 0.041387227602371894
6775 0.018740122953355795
7078 0.03352798061076502
7201 0.021598181021205434
7268 0.05240688412468013
7299 0.07321078093171884
7344 0.04066131149738306
7374 0.20965936892558779
7377 0.07321078093171884
7401 0.026267414477607286
7467 0.07321078093171884
7486 0.025769017111182076
7491 0.06934842264683527
7494 0.06257184297239075
7586 0.05147751818064879
7616 0.028023338496538455
7633 0.018847136391823355
7671 0.018901015262897808
7717 0.023003813364006316
7850 0.06516273505049819
8115 0.019975292615317813
8156 0.030092956587526885
8157 0.04066131149738306
8264 0.12128820359878541
8285 0.07321078093171884
8344 0.02292717364098407
8433 0.016605469913312847
8472 0.06257184297239075
8484 0.03279053434010007
8658 0.02771225042485482
8700 0.041387227602371894
8737 0.030092956587526885
8875 0.12210284050581911
8893 0.031765379837261326
8976 0.032266646566330985
9130 0.22845875667711021
9176 0.06257184297239075
9184 0.055747124961303345
9409 0.023799389957503116
9457 0.028023338496538455
9461 0.1464215618634377
9497 0.009479406271021493
9602 0.03631079236223885
9680 0.04342947229942815
9757 0.03607138437775909
9783 0.01776985920063671
9902 0.024112341541367304
9974 0.08062938489510325
10037 0.029273024779539202
10048 0.027905460571564986
10050 0.041387227602371894
10134 0.13700595177424282
10234 0.029273024779539202
10316 0.021765117025869297
10381 0.057114689169277554
10516 0.013926281775613695
10531 0.06075931889501638
10567 0.011634765881520048
10608 0.03452096795168736
10613 0.035606887402954195
10628 0.023315533451941026
10732 0.019682811762740688
10821 0.03631079236223885
10953 0.06850297588712141
10999 0.007101563764526285
11000 0.0188312201783897
11097 0.020275331943223826
11108 0.027905460571564986
11133 0.05061705971412864
11181 0.05452379709117011
11232 0.022115925459069895
11386 0.03786120878831058
11411 0.04216157287405488
11511 0.028631376676553823
11528 0.04836273832877226
11545 0.07321078093171884
11576 0.024390616807338113
11634 0.09070626932900164
11705 0.042569013832908
11733 0.01922964689490764
11815 0.028023338496538455
11876 0.05058227167986123
11930 0.03112900820602396
11967 0.04031469244755163
12000 0.057114689169277554
12064 0.022680235580652297
12155 0.07321078093171884
12156 0.06045493000590076
12190 0.07321078093171884
12328 0.02826274648101821
12378 0.01617055480388971
12393 0.05061705971412864
12404 0.04299127403548528
12467 0.34251487943560704
12735 0.018219368596386648
12778 0.06850297588712141
12877 0.015917216552733968
12894 0.03902326540342535
12959 0.03786120878831058
12963 0.03607138437775909
13007 0.11422937833855511
13008 0.03997812175480056
13022 0.025769017111182076
13079 0.01664987102241874
13127 0.05866510559534928
13216 0.05452379709117011
13299 0.37543105783434444
13336 0.03723330971897778
13472 0.05061705971412864
13539 0.05452379709117011
13624 0.2416467756618115
13626 0.03680494676282781
13628 0.03333918172115125
13787 0.16171760479838057
13822 0.03812833685638277
13912 0.02233161356628755
13933 0.07321078093171884
14072 0.03476880107442074
14090 0.027673235312882925
14163 0.03753537186841242
14198 0.029405721948236804
14203 0.04906664328805692
14246 0.08432314574810976
