10 0.02841345571911497
313 0.034202621945609114
318 0.03571897222212477
343 0.055563813501793055
484 0.04242903552799917
638 0.04284990722607363
726 0.05223455627057195
917 0.027023062096108393
931 0.03504464384957866
936 0.058472199034939686
1064 0.03595277201664748
1107 0.019221919316493637
1127 0.022330737573859234
1184 0.03233199568813264
1240 0.03133944231453784
1255 0.024310413934662385
1307 0.036191392763631425
1319 0.013467133916419436
1357 0.043286664576904416
1397 0.04380414037851002
1417 0.04754223174832279
1481 0.043286664576904416
1483 0.032160545200929945
1532 0.06236609001441346
1567 0.020830999131566278
1600 0.044705504005832716
1602 0.04820370870787046
1604 0.019850714254275828
1620 0.025781942152822035
1633 0.08326120397044755
1655 0.026283002932920494
1656 0.0319915977301133
1659 0.05324151250379286
1689 0.016818972025469812
1690 0.04242903552799917
1692 0.04242903552799917
1718 0.021762638427702
2058 0.034615976464974434
2111 0.03952064999485253
2136 0.056926880792821107
2201 0.13655543955502492
2244 0.03859434005465525
2383 0.058472199034939686
2391 0.044705504005832716
2412 0.054344508260943204
2456 0.040182126954400196
2558 0.017711427150057923
2573 0.03859434005465525
2631 0.041630601985223774
2736 0.029578172669052032
2776 0.023397398305192836
2780 0.03920356998994847
2793 0.02002830387037933
2848 0.019850714254275828
2965 0.020391873965644715
3090 0.03719834899685234
3130 0.01641910781076023
3220 0.024054181411009228
3232 0.03341773164161265
3249 0.10513201173168198
3250 0.03830134475400269
3251 0.07492879941482954
3297 0.05448700213992779
3325 0.058472199034939686
3332 0.021488715669889694
3353 0.030572758301184992
3396 0.03042533342577734
3412 0.056926880792821107
3432 0.02268055027057962
3454 0.03233199568813264
3527 0.025396149888142393
3853 0.0602561380240422
3984 0.014604017534434164
4110 0.06827771977751246
4258 0.041630601985223774
4384 0.02033048020778143
4398 0.04242903552799917
4414 0.04202293434401127
4420 0.02971512925227975
4421 0.031181988236478216
4477 0.0319915977301133
4478 0.04374055397559503
4489 0.030044248565951007
4536 0.054344508260943204
4577 0.01624573084192572
4820 0.03952064999485253
4835 0.031026647699875617
4840 0.051308246330374674
4881 0.020895113956034102
4987 0.05223455627057195
5011 0.0602561380240422
5063 0.03286213553241033
5123 0.04374055397559503
5210 0.03693827746297462
5260 0.020148229256690915
5296 0.04890529903935085
5350 0.0319915977301133
5390 0.03746341661686129
5422 0.5947989567030153
5535 0.07297004429976163
5551 0.0184160697553832
5689 0.03979759368405397
5793 0.027132756720401847
6109 0.014455647601966996
6201 0.0602561380240422
6203 0.06827771977751246
6235 0.024054181411009228
6245 0.0573824211496833
6249 0.043286664576904416
6310 0.01646286096766266
6473 0.0602561380240422
6528 0.025115017936776604
6531 0.041630601985223774
6571 0.04691652822132853
6593 0.04890529903935085
6612 0.07297004429976163
6681 0.02197242114277894
6799 0.049652183738694046
6840 0.04754223174832279
6842 0.06494846254629137
6858 0.04820370870787046
6866 0.022114419196883953
6936 0.1960962617493375
6937 0.03920356998994847
7078 0.03341773164161265
7448 0.037736711005750004
7468 0.029889945378245134
7479 0.03981921701941395
7571 0.029994002896249202
7585 0.040182126954400196
7627 0.022186076987540517
7633 0.018785161965662853
7643 0.08941100801166543
7674 0.03268271029155624
7765 0.055563813501793055
7856 0.03595277201664748
7871 0.06494846254629137
7929 0.04575829275922027
7976 0.04890529903935085
8216 0.07297004429976163
8264 0.04029645851338183
8293 0.06426370860142275
8294 0.03952064999485253
8429 0.037736711005750004
8433 0.033101733372381585
8451 0.03859434005465525
8658 0.01381056256614546
8706 0.01905619768436431
8715 0.03286213553241033
8758 0.03380352390629229
8917 0.07297004429976163
9040 0.1205122760480844
9094 0.03249146168385144
9105 0.0613607854752943
9168 0.03526508282343415
9286 0.04890529903935085
9329 0.04374055397559503
9337 0.03952064999485253
9367 0.03341773164161265
9402 0.029853726073085982
9497 0.009448235447413312
9522 0.06494846254629137
9523 0.0452199307503226
9538 0.23131070538450593
9539 0.07297004429976163
9542 0.03548980243215104
9584 0.03322955357325259
9594 0.0668354632832253
9652 0.06874556026524828
9654 0.02502280473003059
9725 0.036116772427088065
9778 0.0602561380240422
9783 0.017711427150057923
9784 0.031825081242651
9827 0.014092837443413693
9902 0.05607712532848096
9906 0.025491398954353834
9932 0.025781942152822035
9961 0.027697390468654513
9966 0.027582238312443934
9999 0.055563813501793055
10053 0.06236609001441346
10072 0.03984666299612126
10209 0.03133944231453784
10211 0.056926880792821107
10234 0.02917676724338208
10335 0.027582238312443934
10362 0.02347748648791201
10516 0.02776097687156951
10531 0.03027976300053242
10598 0.029578172669052032
10601 0.1956211961574034
10627 0.049652183738694046
10657 0.017760360399351777
10705 0.04754223174832279
10737 0.056926880792821107
10924 0.039701428508551656
10927 0.04088371728588059
11000 0.03753859617799328
11008 0.05223455627057195
11097 0.04041732245608159
11118 0.032160545200929945
11232 0.0220432023800387
11259 0.028537229051003428
11262 0.024310413934662385
11505 0.03482832547260337
11576 0.024310413934662385
11600 0.036191392763631425
11631 0.03668392225236246
11708 0.041251135326722844
11813 0.07297004429976163
11842 0.02607996796701429
11876 0.02520797181978233
11899 0.058472199034939686
11910 0.02638587202105865
12023 0.023082475574265723
12069 0.027132756720401847
12078 0.025396149888142393
12175 0.02115518548991182
12245 0.028537229051003428
12333 0.02829099218251011
12348 0.12158281868422031
12507 0.05223455627057195
12648 0.02638587202105865
12807 0.018572812958033917
12810 0.03042533342577734
12834 0.009592595276264446
12876 0.12985999373071325
12877 0.031729752973545494
12903 0.018731708308430645
12999 0.03166092677095684
13043 0.02971512925227975
13079 0.016595121792572425
13111 0.04820370870787046
13167 0.20483315933253737
13210 0.051308246330374674
13516 0.038894946467858266
13608 0.028788819312082475
13615 0.049652183738694046
13616 0.02372113119686581
13696 0.03746439970741477
13754 0.014906588918558927
13762 0.056926880792821107
13872 0.021024419169584214
13874 0.0246791092423081
13875 0.03250602447460318
13965 0.032160545200929945
14107 0.04242903552799917
14163 0.009352986381201875
