49 0.0494815576917023
143 0.05196710432659128
149 0.02434924163010337
150 0.03402596920656266
168 0.0445039886709091
243 0.05553849655785699
269 0.045861768981397696
284 0.07337700109239896
291 0.0445039886709091
293 0.03402596920656266
296 0.041362346891143174
339 0.024608323161451992
370 0.03365109829101053
483 0.020321796922204823
487 0.07810281299825116
499 0.03402596920656266
527 0.026032082334943862
548 0.025011819831889062
584 0.05553849655785699
690 0.03975643363620412
702 0.026672956697348565
736 0.03261364917367271
817 0.0494815576917023
920 0.021625868913691258
965 0.030583165201005895
971 0.019045198172796936
979 0.031117155177082648
1117 0.026508313828479124
1133 0.016355354758484573
1145 0.08155859167328806
1230 0.02251235087948566
1255 0.018502987816258403
1290 0.034827261094449814
1293 0.05196710432659128
1307 0.02754576294581694
1318 0.03767587665466073
1319 0.0820001553063279
1327 0.05196710432659128
1380 0.084580753500264
1383 0.03975643363620412
1397 0.016669964524330918
1403 0.05472829087753525
1461 0.015108649526826482
1483 0.024477829855812306
1508 0.04746768223633676
1533 0.0445039886709091
1545 0.018568966679261677
1550 0.03661593149126724
1567 0.03170951545027348
1601 0.03722249052227623
1656 0.02434924163010337
1657 0.04975051366482352
1818 0.05196710432659128
1835 0.041362346891143174
1837 0.045861768981397696
1976 0.031117155177082648
2080 0.041362346891143174
2116 0.0445039886709091
2204 0.051204596566007544
2276 0.03618504140493841
2337 0.03525701154594959
2371 0.021815298516175488
2462 0.044818661117192134
2493 0.04746768223633676
2504 0.05553849655785699
2556 0.049433161212663404
2564 0.02718619722442935
2648 0.015757964036509295
2666 0.03668850054619948
2736 0.02251235087948566
2740 0.026672956697348565
2774 0.0445039886709091
2806 0.045861768981397696
2821 0.030327839004195285
2843 0.06589214230786399
2850 0.027920633861369077
2852 0.07266751097700509
2909 0.03294607115393199
2927 0.05686584630804494
2938 0.04746768223633676
2995 0.22080886497765245
3127 0.03402596920656266
3130 0.03749042109190424
3150 0.022008891738224592
3153 0.029838372140738464
3159 0.1029132934824974
3272 0.05196710432659128
3321 0.013706270958903264
3332 0.016355354758484573
3421 0.02304634085556241
3432 0.008631238169174332
3454 0.024608323161451992
3481 0.022409330558596067
3592 0.04746768223633676
3626 0.03975643363620412
3633 0.023090344075212623
3668 0.03525701154594959
3693 0.02634669210079021
3699 0.1029132934824974
3758 0.016202165905566626
3761 0.021080861879235763
3786 0.017869035369357654
3847 0.0221073077009197
3908 0.019697951346207
3928 0.020906437624546602
3945 0.03722249052227623
3995 0.02718619722442935
4034 0.030583165201005895
4112 0.038398653325715515
4219 0.014630065118351233
4298 0.025291466717024348
4330 0.04332782586746982
4450 0.02338299853536255
4489 0.011433543802637659
4510 0.04332782586746982
4535 0.019697951346207
4555 0.028514665903789652
4577 0.012364847453533893
4581 0.049433161212663404
4606 0.07051402309189918
4739 0.19878216818102057
4741 0.034827261094449814
4766 0.03905140649912558
4817 0.039097314628116005
4835 0.047229609986327296
4841 0.02937467892266629
4864 0.025291466717024348
4888 0.04746768223633676
4933 0.03668850054619948
4956 0.03084611419104474
4990 0.039097314628116005
5050 0.03779095465987747
5059 0.015019677689269883
5130 0.029838372140738464
5158 0.023852877243173115
5166 0.030583165201005895
5184 0.05196710432659128
5247 0.05791577214789425
5262 0.034417506422310444
5314 0.026508313828479124
5374 0.02487525683241176
5390 0.014256958830076456
5391 0.02293692159721342
5424 0.04746768223633676
5458 0.03779095465987747
5459 0.02718619722442935
5588 0.034417506422310444
5661 0.023614804993163648
5689 0.040387322241492156
5706 0.041362346891143174
5738 0.09493536447267352
5759 0.03084611419104474
5764 0.03975643363620412
5794 0.05553849655785699
5816 0.09174768638885368
5938 0.0173350453932809
5957 0.20406173340529202
6037 0.16209136707001612
6044 0.01475803061882922
6054 0.02634669210079021
6060 0.03722249052227623
6083 0.031117155177082648
6104 0.03261364917367271
6109 0.03300717200959931
6207 0.021440427600623358
6219 0.06589214230786399
6220 0.05196710432659128
6230 0.017992228105142612
6245 0.021837271924978106
6271 0.1029132934824974
6278 0.02851391766015291
6310 0.012530108155463978
6315 0.01158208251711475
6377 0.04746768223633676
6419 0.02543469161296858
6425 0.04052284176750403
6487 0.1009532948730316
6519 0.01722065239550411
6579 0.0255802839694903
6629 0.021349150752448445
6706 0.031396802062217934
6755 0.02718619722442935
6775 0.014216461577011235
6911 0.026187982635328347
6982 0.03525701154594959
7020 0.01837249451061872
7028 0.03668850054619948
7182 0.04332782586746982
7201 0.008192307792898364
7206 0.039547116273664654
7242 0.052323184106548695
7245 0.01793041636357903
7268 0.03975643363620412
7269 0.042290376750132
7331 0.03905140649912558
7368 0.049433161212663404
7374 0.13254156914239562
7391 0.09493536447267352
7422 0.015243815407254863
7450 0.04052284176750403
7465 0.042290376750132
7468 0.011374822671648178
7479 0.015153474748380453
7486 0.019548657314058002
7491 0.013152117363890164
7494 0.04746768223633676
7580 0.010096830560373039
7588 0.029603474566209563
7598 0.01710772601506002
7616 0.021258810093574044
7627 0.016886125974421184
7671 0.014338516237075835
7701 0.04332782586746982
7714 0.02304634085556241
7717 0.01745094360523241
7732 0.0543723944488587
7774 0.13351196601272733
7850 0.09886632242532681
7865 0.012530108155463978
7891 0.014844385595078027
7959 0.029151676200756
8097 0.03260799042680496
8151 0.05196710432659128
8156 0.022828844940349455
8175 0.03905140649912558
8207 0.03525701154594959
8250 0.02389828267446394
8264 0.015335092255429771
8289 0.09987459770886883
8344 0.08696401937911198
8411 0.014630065118351233
8433 0.012597090508872833
8463 0.018180309351401403
8492 0.07951286727240824
8526 0.06730219658202106
8644 0.031984228827219505
8658 0.021022815290916413
8688 0.031807112786062006
8706 0.014503932122491077
8716 0.02261659040406264
8744 0.0051676580186187345
8795 0.015108649526826482
8875 0.02315713649285404
8903 0.02937467892266629
8996 0.00967672757645929
8997 0.013915440436389447
9028 0.02315713649285404
9130 0.12998347760240947
9184 0.042290376750132
9204 0.016101500386729684
9242 0.03294607115393199
9290 0.03905140649912558
9295 0.03365109829101053
9383 0.031135020821305863
9457 0.04251762018714809
9467 0.04746768223633676
9489 0.02831217107711686
9497 0.02876472376628122
9552 0.02937467892266629
9557 0.08104568353500806
9565 0.049433161212663404
9572 0.08665565173493964
9583 0.049433161212663404
9602 0.05509152589163388
9618 0.06396845765443901
9632 0.03618504140493841
9645 0.02851391766015291
9654 0.03809039634559387
9664 0.03525701154594959
9719 0.014420835873876907
9722 0.02153266024468933
9726 0.05553849655785699
9782 0.03618504140493841
9783 0.013480408916394753
9902 0.06707024560771092
9974 0.06116633040201179
10040 0.03740485170813283
10110 0.024608323161451992
10134 0.05196710432659128
10226 0.045861768981397696
10234 0.02220683573192327
10333 0.03007970605974483
10354 0.03618504140493841
10377 0.03525701154594959
10386 0.018702425854066416
10387 0.027364145438767626
10459 0.02487525683241176
10495 0.02099321800163225
10508 0.03229331798052193
10516 0.07395240425396134
10533 0.04746768223633676
10564 0.034827261094449814
10587 0.01984981953984884
10616 0.021815298516175488
10628 0.017687417862308336
10664 0.030327839004195285
10680 0.03975643363620412
10706 0.03525701154594959
10732 0.029863191169985405
10785 0.025291466717024348
10818 0.04746768223633676
10887 0.02487525683241176
10924 0.015108649526826482
10930 0.014256958830076456
10999 0.005387323692932573
11000 0.04285670677518844
11001 0.10207790761968798
11030 0.042290376750132
11097 0.030762175707110217
11108 0.021169386614585447
11179 0.03668850054619948
11194 0.04332782586746982
11213 0.03573807073871531
11246 0.017051801147660455
11324 0.03975643363620412
11325 0.017992228105142612
11365 0.02726067654582224
11420 0.0445039886709091
11511 0.021720074485758644
11525 0.0467659970707251
11569 0.03975643363620412
11576 0.018502987816258403
11635 0.05196710432659128
11733 0.014587819775856601
11752 0.03261364917367271
11842 0.01984981953984884
11992 0.05553849655785699
12023 0.017568387172164055
12026 0.049433161212663404
12029 0.0445039886709091
12057 0.016886125974421184
12064 0.034410947942277885
12156 0.045861768981397696
12173 0.07382496948435599
12175 0.016101500386729684
12231 0.022409330558596067
12256 0.023852877243173115
12285 0.029151676200756
12333 0.02153266024468933
12378 0.02453431833085027
12391 0.03779095465987747
12401 0.06065567800839057
12448 0.029151676200756
12467 0.05196710432659128
12513 0.018837938327330366
12523 0.01710772601506002
12558 0.024477829855812306
12561 0.03905140649912558
12584 0.04770575448634623
12735 0.01382141164455669
12763 0.04096983046503993
12764 0.01710772601506002
12834 0.021903165532275903
12879 0.03905140649912558
12894 0.029603474566209563
12903 0.014256958830076456
12932 0.029603474566209563
12959 0.028721925749256225
12963 0.027364145438767626
12976 0.04332782586746982
12992 0.026508313828479124
13007 0.04332782586746982
13075 0.03261364917367271
13112 0.031807112786062006
13226 0.05196710432659128
13261 0.026187982635328347
13299 0.18987072894534704
13336 0.05649118933982452
13363 0.03229331798052193
13472 0.038398653325715515
13600 0.028721925749256225
13624 0.3142557916239402
13626 0.19544443702958356
13643 0.030327839004195285
13676 0.10298404939367468
13770 0.024477829855812306
13786 0.023835924117133603
13787 0.04600527676628932
13809 0.045861768981397696
13842 0.051757786964051825
13865 0.03570880991140315
13870 0.03618504140493841
13879 0.038398653325715515
13912 0.016941005510368826
13925 0.02718619722442935
13948 0.016511255058869054
14018 0.03668850054619948
14047 0.04052284176750403
14062 0.010890893775695689
14065 0.035984456210285225
14072 0.02637599154410761
14081 0.03722249052227623
14090 0.02099321800163225
14163 0.021356056732163477
14200 0.034827261094449814
