940 0.12726774862999296
1184 0.22123671673124368
1397 0.07493416343715784
3249 0.08992277078725562
3307 0.13204389176067902
3396 0.10409504160368001
3841 0.06955723881266657
4188 0.09721174830839265
4267 0.16732106323701113
4489 0.10279122534691072
4821 0.17260810362710835
4987 0.17871154383235927
5422 0.33916704257253866
6936 0.11181826801734213
7099 0.0452732596480472
7242 0.05880027554452741
7423 0.11433301705699903
7862 0.06751585950278775
8293 0.07328907270417703
8411 0.13152897705027297
8744 0.02322945138781319
8964 0.16987640068437043
9497 0.03232551138278036
9538 0.11305568085751289
9542 0.12142225062852406
9899 0.11368919818472185
9902 0.08222495678275897
9932 0.08820847756915298
9966 0.09436788101799123
10209 0.10722250783302956
10211 0.19476552455710835
10598 0.3035898806555615
11000 0.04816194217424733
11008 0.5361346314970777
11118 0.11003177003317598
12078 0.08688855573690181
12354 0.06692341969789402
12990 0.17260810362710835
13088 0.14986832687431567
13786 0.053573150406589456
