159 0.09251712008970138
318 0.04839963099710036
406 0.046905058664350636
817 0.044046048692828806
940 0.050404204072642116
1184 0.08762047524627085
1249 0.03971408064508411
1329 0.04778460547863054
1357 0.05865394389258838
1397 0.08903269461173847
1458 0.02713858928515646
1461 0.026897953249078073
1483 0.043577920179529266
1602 0.06531659700744494
1623 0.10459157702555015
1633 0.056409959439536375
1656 0.04334899435281261
2044 0.048089103213673795
2332 0.05151156807490034
2558 0.023999193850372087
2573 0.052295788512775075
2848 0.026897953249078073
3181 0.05151156807490034
3249 0.14245512278890393
3251 0.05076470594088348
3297 0.07383053412934538
3307 0.052295788512775075
3332 0.0582349291886989
3353 0.04142645009881723
3396 0.08245337528828646
3527 0.034412084303248346
3746 0.04064222966094251
3758 0.02884474223112627
3841 0.027548041806224742
3932 0.08450679164726536
4188 0.03850056949023296
4267 0.06626726022764115
4398 0.05749184635962249
4420 0.040264352565851355
4489 0.10177578284828728
4577 0.022013157969320893
4796 0.077136598641599
4821 0.06836118477358033
4899 0.035202897610939574
4987 0.0707784432617857
5063 0.04452858339972547
5247 0.0171845905094772
5296 0.06626726022764115
5341 0.05270311376793389
5421 0.0424653160299783
5422 0.5373064271999507
5689 0.017975403817168435
5793 0.03676520715755989
5800 0.04502643920273841
6102 0.05954578249396933
6245 0.019438465306993023
6249 0.05865394389258838
6310 0.022307371864913123
6473 0.08164778167574352
6593 0.06626726022764115
6837 0.06727929785349422
6936 0.1328563802110172
7078 0.045281422717206185
7099 0.017930407686933016
7242 0.02328776237482273
7423 0.045281422717206185
7448 0.10226738195961839
7468 0.020250615244949147
7471 0.06626726022764115
7479 0.026977755663688163
7598 0.030456912362290846
7643 0.06057648814658375
7862 0.026739556542421213
7976 0.06626726022764115
8078 0.04312336253737318
8293 0.0290260291129678
8383 0.056409959439536375
8411 0.05209185730142971
8429 0.20453476391923678
8451 0.052295788512775075
8715 0.04452858339972547
8744 0.027599969847449328
8872 0.04312336253737318
8903 0.052295788512775075
8964 0.06727929785349422
8981 0.03561378069722598
9094 0.044026315938641786
9105 0.055429728049060434
9329 0.11853793882211641
9337 0.16065284840404365
9497 0.012802471089727383
9523 0.06127354248659995
9538 0.17910214239998357
9542 0.048089103213673795
9652 0.06986328712446818
9725 0.024469327496418763
9778 0.08164778167574352
9783 0.023999193850372087
9784 0.04312336253737318
9899 0.09005287840547682
9902 0.11940526700001672
9932 0.034934837397483924
9961 0.03753029258314253
9966 0.03737426004574324
9999 0.07528962629593024
10005 0.0493699079041908
10174 0.04477553559999589
10209 0.0424653160299783
10211 0.077136598641599
10335 0.03737426004574324
10516 0.01880822645662165
10531 0.082058875982868
10598 0.20039387385618895
10657 0.02406549898352608
10682 0.08164778167574352
10705 0.06442028788197239
10924 0.026897953249078073
11000 0.025432621519253216
11008 0.21233532978535707
11097 0.02738297564387201
11118 0.08715584035905853
11232 0.05973760132591033
11332 0.04477553559999589
11899 0.07923052318753819
11919 0.05005180405972308
12023 0.0625540563343559
12078 0.034412084303248346
12117 0.03270858176557142
12348 0.10983077421357329
12354 0.0265049216317854
12807 0.025166381836434954
12834 0.012998080369965057
12876 0.05865394389258838
12903 0.05076337384152382
12990 0.06836118477358033
13043 0.040264352565851355
13086 0.21642864270167336
13088 0.05935512974115898
13190 0.08450679164726536
13516 0.05270311376793389
13608 0.11702757483183565
13617 0.05151156807490034
13696 0.05076470594088348
13754 0.04039720956118821
13786 0.02121756717610157
13872 0.028488337329760603
13874 0.01672024286192896
13875 0.044046048692828806
13965 0.043577920179529266
