11 0.021272300750504396
159 0.06377023234081443
313 0.03194466885015818
318 0.03336091429242777
406 0.032330734961108394
617 0.04129416838496541
688 0.04223464842968239
726 0.048786189703581756
817 0.030360075585072022
940 0.03474262711106606
971 0.04674175050521926
1064 0.03357927933546863
1127 0.04171306036777667
1184 0.06039507129977406
1240 0.029270507631800724
1249 0.02737413515988563
1307 0.03380214706634906
1319 0.01257807468693147
1329 0.03293698929162441
1357 0.040429010610240755
1397 0.06136848634949405
1458 0.01870609615213273
1461 0.018540230462459156
1483 0.030037403802492455
1532 0.05824887039823447
1567 0.019455799913060342
1602 0.04502144643972514
1604 0.018540230462459156
1623 0.07209291816849345
1633 0.07776455247001549
1656 0.029879609729953453
1689 0.03141726927298814
2044 0.03314687359511476
2244 0.036046459084246724
2332 0.03550591135123041
2383 0.05461204226044672
2456 0.037529425121108795
2558 0.033084345175176604
2573 0.036046459084246724
2701 0.060660762548192124
2736 0.027625511652534792
2776 0.021852773217305655
2848 0.018540230462459156
3010 0.015836047137437755
3090 0.03474262711106606
3181 0.03550591135123041
3182 0.04223464842968239
3249 0.09819151600892614
3251 0.03499111396274021
3297 0.05088993594601614
3307 0.036046459084246724
3332 0.04014019201109562
3353 0.02855443776563038
3396 0.05683349086439735
3412 0.05316874122957578
3432 0.021183249310102816
3519 0.025239081709882365
3527 0.023719573298673392
3633 0.009444927552962248
3679 0.03924870800449601
3734 0.017798165460479232
3746 0.028013890032614064
3758 0.01988211384126929
3786 0.02192757422173869
3789 0.023719573298673392
3841 0.0189883237266156
3853 0.05627821102219809
3908 0.024171886239636352
3932 0.05824887039823447
4028 0.028835199057535874
4071 0.036327220376152214
4188 0.026537685773890936
4258 0.03888227623500774
4267 0.045676719910959444
4398 0.03962799962321403
4414 0.03924870800449601
4420 0.02775342677860366
4450 0.028693906823320642
4489 0.07015204658998056
4577 0.01517323709274115
4796 0.05316874122957578
4821 0.04712002094183037
4881 0.01951568207178103
4899 0.024264665367263318
4987 0.048786189703581756
5063 0.03069267727372675
5247 0.011845000454063023
5260 0.018818104429116383
5296 0.045676719910959444
5341 0.036327220376152214
5390 0.01749509788641782
5407 0.05316874122957578
5421 0.029270507631800724
5422 0.5863950348532934
5689 0.024780185045305894
5793 0.025341534628646
5800 0.031035839492779573
6102 0.041043737427995435
6109 0.013501329704891287
6166 0.036327220376152214
6201 0.05627821102219809
6203 0.06377023234081443
6245 0.01339855204932814
6249 0.040429010610240755
6310 0.015376032947839336
6473 0.05627821102219809
6531 0.03888227623500774
6593 0.045676719910959444
6723 0.02677013993733114
6813 0.014740043517407342
6837 0.046374297553624086
6855 0.04129416838496541
6936 0.21367567999166723
6937 0.03661546951179506
7078 0.031211594617289735
7099 0.012359077574535582
7242 0.016051796855546883
7423 0.031211594617289735
7432 0.04129416838496541
7448 0.07049089619444
7459 0.060660762548192124
7468 0.013958351037762122
7471 0.045676719910959444
7479 0.018595236698235946
7486 0.023988683514747047
7492 0.04273746941583635
7585 0.037529425121108795
7598 0.02099335102350763
7604 0.02775342677860366
7633 0.017545022695744664
7643 0.04175418257456382
7674 0.03052509714166675
7856 0.03357927933546863
7862 0.018431050726041356
7871 0.060660762548192124
7906 0.03962799962321403
7976 0.045676719910959444
8078 0.029724086154640027
8264 0.03763620885823277
8293 0.020007071325507525
8294 0.03691161685897138
8383 0.03888227623500774
8411 0.03590589330878346
8412 0.02474089666718469
8414 0.05461204226044672
8429 0.28196358477776
8451 0.036046459084246724
8642 0.09424004188366074
8715 0.03069267727372675
8744 0.025365488939630157
8872 0.029724086154640027
8903 0.036046459084246724
8964 0.046374297553624086
8981 0.024547879002231536
9094 0.045519711278223456
9105 0.038206622005198136
9329 0.08170587122208822
9337 0.11073485057691415
9367 0.031211594617289735
9497 0.00882449167393998
9523 0.04223464842968239
9538 0.21604027599858178
9542 0.03314687359511476
9594 0.031211594617289735
9652 0.06420718742218753
9654 0.02337087525260963
9725 0.016866226468757135
9778 0.05627821102219809
9783 0.016542172587588302
9784 0.029724086154640027
9827 0.013162471169750634
9899 0.062071678985559146
9902 0.0972680132115782
9932 0.0240798967311793
9961 0.025868892973811425
9966 0.025761342812792236
9982 0.04712002094183037
9999 0.05189565949620407
10005 0.034029707092507286
10046 0.034029707092507286
10174 0.03086289657122597
10209 0.029270507631800724
10211 0.05316874122957578
10268 0.03474262711106606
10335 0.025761342812792236
10341 0.046374297553624086
10496 0.03524544809722
10516 0.012964140797881675
10531 0.056561570247538176
10580 0.03888227623500774
10598 0.13812755826267395
10657 0.016587875412562958
10682 0.05627821102219809
10705 0.04440363817758772
10924 0.018540230462459156
11000 0.03506041220795224
11008 0.14635856911074524
11097 0.03774909373096587
11118 0.06007480760498491
11232 0.0411759543784189
11332 0.03086289657122597
11505 0.03252906533297735
11600 0.03380214706634906
11631 0.034262161255947485
11665 0.05189565949620407
11842 0.02435824778737348
11876 0.023543818174163227
11899 0.05461204226044672
11919 0.03449972470901372
11989 0.043264827761001774
11991 0.04129416838496541
12023 0.06467592218231488
12076 0.05461204226044672
12078 0.023719573298673392
12117 0.022545382483876112
12245 0.02665328796678554
12348 0.07570419380737674
12354 0.018269321494175893
12445 0.046374297553624086
12455 0.04502144643972514
12507 0.048786189703581756
12807 0.017346692323875704
12810 0.028416745432198676
12834 0.008959321305868444
12876 0.08085802122048151
12903 0.03499019577283564
12924 0.046374297553624086
12957 0.029270507631800724
12962 0.04175418257456382
12990 0.04712002094183037
13043 0.02775342677860366
13086 0.14918000924489622
13088 0.04091232423299603
13167 0.12754046468162886
13190 0.05824887039823447
13244 0.05075684907961812
13408 0.04792103192885709
13467 0.06377023234081443
13516 0.036327220376152214
13608 0.08066480701163702
13615 0.046374297553624086
13617 0.03550591135123041
13696 0.03499111396274021
13754 0.02784500249402281
13786 0.02924970399456805
13872 0.019636450948331663
13874 0.011524934747928291
13875 0.030360075585072022
13965 0.030037403802492455
14163 0.01747106132288142
14189 0.026888269003879008
