49 0.023059403455088744
150 0.031713575258611106
168 0.04147951188267801
269 0.04274501787899319
284 0.03419516182284326
291 0.04147951188267801
293 0.031713575258611106
338 0.025504486896219244
339 0.04587189883298958
483 0.018940734124871086
487 0.0363974854454923
499 0.031713575258611106
527 0.024262950373456913
541 0.04607369944032308
548 0.023312024582695698
636 0.021480118926855307
690 0.03705459916458634
702 0.024860271119856572
817 0.023059403455088744
920 0.020156181802307865
955 0.05176411815472992
965 0.02850474310843641
981 0.02440825573945747
1010 0.023184742360838225
1112 0.07601589595626529
1117 0.0247068173275197
1133 0.015243850097720174
1145 0.02533863198542176
1230 0.02098241873818918
1255 0.051736592106263836
1307 0.025673761735772644
1318 0.017557718083916943
1319 0.04776715691656663
1327 0.04843543659340003
1383 0.03705459916458634
1397 0.015537079084841506
1399 0.03328205064919365
1461 0.01408187055352346
1483 0.02281432439402957
1508 0.08848358756896539
1533 0.04147951188267801
1567 0.029554546956222574
1573 0.07883267263532659
1601 0.03469286201150939
1656 0.022694474982874364
1657 0.023184742360838225
1667 0.03419516182284326
1709 0.03522269350874595
1793 0.03246041160694127
1818 0.04843543659340003
1835 0.03855137507007585
1940 0.01594509044514338
1976 0.029002443297102543
2053 0.039416336317663295
2116 0.04147951188267801
2204 0.03579356146164601
2352 0.03537198947687979
2371 0.02033273782979742
2410 0.05176411815472992
2424 0.026203593233009206
2462 0.04177279929049366
2485 0.040844920918067094
2493 0.044241793784482696
2564 0.02533863198542176
2689 0.04038328072591623
2740 0.024860271119856572
2763 0.02098241873818918
2774 0.04147951188267801
2776 0.016597847815575963
2806 0.04274501787899319
2821 0.05653353759604786
2843 0.06141413346217093
2848 0.01408187055352346
2852 0.04515270016723416
2873 0.05353998578506884
2909 0.030707066731085465
2926 0.027378385169755565
2927 0.0927522078732497
2995 0.25153671323474935
3080 0.04607369944032308
3127 0.031713575258611106
3130 0.03494258410560748
3144 0.037768922445232334
3157 0.018572531659050068
3159 0.19183867816698238
3165 0.021793897458773564
3177 0.031713575258611106
3214 0.025673761735772644
3272 0.04843543659340003
3308 0.025846600516714714
3321 0.012774797183036828
3332 0.015243850097720174
3353 0.021687966455348717
3417 0.02638808501641864
3432 0.04022330996530622
3450 0.04147951188267801
3478 0.03328205064919365
3481 0.02088639964524683
3490 0.05067726397084352
3497 0.03246041160694127
3523 0.02455617936057825
3544 0.01924766852228719
3546 0.037768922445232334
3592 0.044241793784482696
3633 0.0071737105672730755
3656 0.03328205064919365
3668 0.032860956355669
3699 0.047959669541745596
3738 0.023059403455088744
3758 0.015101071910086456
3761 0.039296426542029826
3786 0.016654661460035906
3832 0.021901213220379964
3908 0.036718569788037655
3945 0.03469286201150939
3995 0.02533863198542176
4079 0.021901213220379964
4101 0.039416336317663295
4112 0.03578909316827116
4180 0.026576818359653677
4298 0.023572666755259108
4330 0.04038328072591623
4384 0.014422211055467784
4420 0.04215914835625515
4421 0.08848058892450089
4452 0.014553566479522365
4489 0.010656523834966642
4535 0.018359284894018828
4540 0.06492082321388254
4555 0.026576818359653677
4625 0.044241793784482696
4630 0.026203593233009206
4640 0.04274501787899319
4663 0.02638808501641864
4700 0.02533863198542176
4739 0.07410919832917268
4766 0.0363974854454923
4848 0.04843543659340003
4864 0.023572666755259108
4881 0.014822755804195514
4888 0.044241793784482696
4922 0.013402348252756918
4933 0.03419516182284326
4974 0.03803279722622571
4990 0.018220136836384498
5050 0.03522269350874595
5059 0.013998945213495114
5063 0.023312024582695698
5064 0.02638808501641864
5087 0.02874982216949559
5158 0.022231843360390822
5184 0.04843543659340003
5247 0.05397983485856343
5360 0.08090346803595033
5367 0.04843543659340003
5374 0.023184742360838225
5455 0.08241960865622212
5458 0.03522269350874595
5459 0.02533863198542176
5551 0.026128300178831554
5588 0.032078503730825485
5594 0.05176411815472992
5595 0.03705459916458634
5596 0.03328205064919365
5628 0.032860956355669
5685 0.01718449295727247
5689 0.037642612782718445
5706 0.03855137507007585
5746 0.019814068181812403
5747 0.029532274794339106
5764 0.03705459916458634
5798 0.014250277255936531
5816 0.04275627153237962
5920 0.03328205064919365
5938 0.01615696127136978
5957 0.19019376348883507
5969 0.04274501787899319
6037 0.037768922445232334
6054 0.02455617936057825
6077 0.029810590900230045
6083 0.029002443297102543
6104 0.030397236041926547
6206 0.02926308546966595
6219 0.06141413346217093
6245 0.020353217932789328
6271 0.047959669541745596
6278 0.013288060483207187
6310 0.023357132052550102
6377 0.044241793784482696
6419 0.023706158133237492
6425 0.037768922445232334
6484 0.02676999289253442
6487 0.031364180450179496
6556 0.037768922445232334
6573 0.0363974854454923
6579 0.02384185607993226
6608 0.03578909316827116
6629 0.019898269318501065
6645 0.0560709977776992
6706 0.02926308546966595
6708 0.04147951188267801
6755 0.02533863198542176
6775 0.026500630820928482
6811 0.02826676879802393
6815 0.03419516182284326
6911 0.02440825573945747
6950 0.05176411815472992
6982 0.032860956355669
7006 0.03881109827072429
7026 0.029002443297102543
7028 0.03419516182284326
7078 0.023706158133237492
7182 0.04038328072591623
7201 0.007635561184299165
7206 0.01842975347141635
7242 0.012191829326445412
7245 0.033423742043175726
7374 0.07412045198255911
7416 0.037768922445232334
7418 0.015789700212448462
7422 0.01420785060409422
7450 0.037768922445232334
7465 0.039416336317663295
7468 0.04240717349277967
7479 0.02824729893481111
7486 0.018220136836384498
7494 0.044241793784482696
7569 0.04843543659340003
7580 0.009410653195679611
7588 0.027591631934786805
7598 0.047835271335430134
7671 0.013364075274999599
7673 0.05176411815472992
7701 0.04038328072591623
7714 0.021480118926855307
7732 0.02533863198542176
7774 0.12443853564803403
7850 0.04607369944032308
7862 0.02799789042699023
7891 0.01383556591377128
7959 0.027170537641262153
7966 0.02850474310843641
8044 0.02926308546966595
8085 0.022694474982874364
8097 0.015195980930839988
8156 0.042554807928486545
8175 0.0363974854454923
8193 0.05176411815472992
8200 0.0363974854454923
8207 0.032860956355669
8250 0.022274163053142254
8264 0.04287877292087687
8289 0.09308715209948583
8306 0.02024398519392921
8344 0.016210794505973118
8433 0.011740996280441647
8492 0.03705459916458634
8526 0.031364180450179496
8552 0.044241793784482696
8580 0.04038328072591623
8644 0.029810590900230045
8658 0.06857939028573475
8688 0.029645511608391028
8706 0.01351824954992589
8744 0.009632931276069076
8758 0.023979834770872798
8774 0.05176411815472992
8795 0.01408187055352346
8936 0.04843543659340003
8996 0.009019100275736741
8997 0.006484875784978974
9094 0.023049072777228126
9096 0.04843543659340003
9103 0.02926308546966595
9130 0.04038328072591623
9204 0.015007247587604947
9242 0.030707066731085465
9290 0.0363974854454923
9295 0.031364180450179496
9383 0.08705728439363292
9392 0.02676999289253442
9409 0.016827500240977972
9433 0.0363974854454923
9457 0.019814068181812403
9467 0.044241793784482696
9497 0.04021482355508516
9552 0.027378385169755565
9557 0.037768922445232334
9565 0.04607369944032308
9572 0.1211498421777487
9618 0.029810590900230045
9632 0.033725917603256446
9641 0.03705459916458634
9664 0.032860956355669
9670 0.03419516182284326
9690 0.03578909316827116
9719 0.013440800495700993
9725 0.02562082691910036
9751 0.044241793784482696
9782 0.033725917603256446
9808 0.04843543659340003
9827 0.009997298337376115
9902 0.08524387259976439
9949 0.047959669541745596
9961 0.019648213271014913
10003 0.01932622930227177
10033 0.02926308546966595
10040 0.03486282998969699
10180 0.05240718646601841
10234 0.02069766630201179
10294 0.044241793784482696
10333 0.0280354988888496
10377 0.032860956355669
10387 0.025504486896219244
10440 0.05169320103342943
10459 0.023184742360838225
10495 0.03913305128641481
10508 0.030098674453864313
10516 0.019693320740869324
10519 0.027170537641262153
10533 0.044241793784482696
10547 0.04843543659340003
10587 0.018500832173957024
10608 0.04881651147891494
10664 0.02826676879802393
10680 0.03705459916458634
10684 0.027378385169755565
10706 0.032860956355669
10732 0.0278336982815161
10765 0.03578909316827116
10841 0.04038328072591623
10887 0.023184742360838225
10924 0.01408187055352346
10930 0.013288060483207187
10999 0.00502120290361526
11000 0.039944178735958735
11001 0.15856787629305555
11087 0.029532274794339106
11097 0.02867158811799243
11179 0.03419516182284326
11194 0.04038328072591623
11246 0.015892966213785352
11253 0.044241793784482696
11255 0.010228568246550445
11324 0.03705459916458634
11325 0.01676948205703089
11402 0.033725917603256446
11411 0.029810590900230045
11420 0.04147951188267801
11430 0.027170537641262153
11482 0.01420785060409422
11505 0.0247068173275197
11511 0.02024398519392921
11576 0.03449106140417589
11635 0.04843543659340003
11752 0.030397236041926547
11798 0.02826676879802393
11842 0.018500832173957024
11955 0.04358779491754713
11957 0.014597822860877987
12028 0.031029050699828607
12029 0.04147951188267801
12057 0.015738550272152343
12064 0.02672699246915937
12072 0.08848358756896539
12173 0.04587189883298958
12175 0.045021742762814836
12215 0.02992146899027211
12231 0.02088639964524683
12256 0.022231843360390822
12285 0.027170537641262153
12316 0.023312024582695698
12333 0.020069307564539573
12354 0.02775221385760112
12378 0.011433486965215879
12391 0.03522269350874595
12401 0.05653353759604786
12441 0.032078503730825485
12448 0.027170537641262153
12520 0.039416336317663295
12523 0.03189018089028676
12561 0.0363974854454923
12584 0.044463686720781645
12614 0.018940734124871086
12651 0.03469286201150939
12694 0.04843543659340003
12735 0.012882112944643222
12763 0.038185533934327526
12764 0.03189018089028676
12865 0.010176608966394664
12877 0.011254362647744534
12879 0.0363974854454923
12894 0.027591631934786805
12903 0.013288060483207187
12957 0.044463686720781645
12976 0.04038328072591623
13075 0.030397236041926547
13135 0.04274501787899319
13226 0.04843543659340003
13261 0.02440825573945747
13299 0.08848358756896539
13305 0.03855137507007585
13336 0.04387672186747087
13436 0.05176411815472992
13464 0.02024398519392921
13472 0.03578909316827116
13489 0.04843543659340003
13574 0.03469286201150939
13622 0.04607369944032308
13624 0.463756859049692
13626 0.10409262617681704
13628 0.023572666755259108
13668 0.04607369944032308
13676 0.14397792966847686
13699 0.04843543659340003
13754 0.010574564363623291
13784 0.03855137507007585
13786 0.011108021181678251
13787 0.028585848613917914
13842 0.0241201721858232
13865 0.03328205064919365
13870 0.033725917603256446
13879 0.03578909316827116
13890 0.04607369944032308
13912 0.015789700212448462
14010 0.05475677033951113
14018 0.03419516182284326
14065 0.01676948205703089
14072 0.036875231434695496
14090 0.019566525643207405
14163 0.03317450995008477
14198 0.06237447187347991
14200 0.03246041160694127
