152 0.04019549686069468
313 0.02725023908770331
318 0.02845836013881651
321 0.028644635340452557
463 0.03602805441159673
688 0.03602805441159673
721 0.025898509773090345
817 0.025898509773090345
917 0.021530071705375287
936 0.046586527963258594
940 0.029637023309032826
960 0.020009876569038316
967 0.04241908551416065
971 0.019936407583681908
994 0.019232225129367717
1002 0.020386267967524404
1027 0.020698850745412105
1127 0.017791558169432814
1184 0.05151971179784453
1190 0.039559361275216136
1255 0.01936882479635835
1307 0.02883475153730259
1318 0.039438898259021596
1319 0.010729663346633007
1397 0.034900052406624305
1447 0.04968890591372253
1458 0.031914282469743586
1459 0.045355327278372895
1483 0.051246512463863254
1566 0.02118853973925463
1567 0.01659667225727983
1601 0.03896429617580898
1604 0.01581565034256507
1633 0.06633666034530446
1656 0.025488650792023025
1690 0.03380446575813077
1830 0.025488650792023025
1901 0.024477192891354606
1940 0.017908272498490186
2008 0.05813738948350072
2332 0.030288139090946818
2368 0.0517463583809368
2391 0.03561819543052941
2514 0.048007844844994325
2593 0.036906843708594705
2672 0.04426933130905187
2737 0.09317305592651719
2776 0.018641398278197826
2778 0.037379783726209696
2793 0.015957141234871793
2848 0.03163130068513014
2965 0.016246808267910258
2995 0.012841194026803802
3010 0.027017720717250854
3052 0.054398875947558246
3053 0.04426933130905187
3105 0.03174701329091649
3115 0.0517463583809368
3130 0.013081588135597096
3131 0.03787830020648794
3137 0.019791202868117242
3142 0.023785345300255077
3227 0.025488650792023025
3249 0.16752355769773675
3251 0.059697987536034364
3281 0.03901495734105286
3297 0.021705701946570337
3313 0.034487764151698165
3332 0.03424138889839384
3432 0.009035132138361006
3443 0.04830251180587124
3527 0.02023386269799922
3567 0.04329787481115862
3576 0.054398875947558246
3590 0.027921102807939198
3728 0.02215999623714787
3734 0.015182635525056021
3746 0.023897107988382908
3756 0.021705701946570337
3786 0.056115620696388625
3792 0.048007844844994325
3797 0.041616813742430425
3839 0.046586527963258594
3841 0.016197894047739435
3979 0.0517463583809368
3992 0.023565803764717348
3998 0.054398875947558246
4028 0.024597721521081868
4081 0.04329787481115862
4188 0.02263783937047417
4276 0.04019549686069468
4304 0.02809673304913425
4311 0.030065952222188295
4346 0.04087879525426207
4424 0.04241908551416065
4450 0.024477192891354606
4489 0.08377999069108798
4492 0.024010242032039088
4542 0.04237707947850926
4571 0.04968890591372253
4577 0.012943453583791249
4584 0.04087879525426207
4673 0.04426933130905187
4820 0.031487269103924034
4881 0.033295508863163854
4913 0.05097730158404605
4987 0.041616813742430425
5034 0.048007844844994325
5052 0.05813738948350072
5063 0.05236446794136231
5123 0.03484939124138042
5166 0.03201428733449554
5260 0.01605268933217477
5341 0.03098875262364578
5358 0.020859207985139395
5383 0.03348091295053993
5405 0.05813738948350072
5422 0.579203651097408
5455 0.02314180681684547
5689 0.031707918320717156
5706 0.04329787481115862
5780 0.07475956745241939
5798 0.03200958303200815
5800 0.07942490032683247
5825 0.037379783726209696
5847 0.02883475153730259
5928 0.048007844844994325
5938 0.018146229160046677
6109 0.01151724139592627
6151 0.027748755567981558
6163 0.05813738948350072
6196 0.04241908551416065
6429 0.021530071705375287
6465 0.045355327278372895
6528 0.04001975313807663
6531 0.03316833017265223
6535 0.054398875947558246
6591 0.03413978667054547
6629 0.022348172337435704
6675 0.036906843708594705
6706 0.032865997878174735
6712 0.032865997878174735
6752 0.04358957549905337
6813 0.012573919983224754
6817 0.054398875947558246
6821 0.019097619689459115
6936 0.1562356834915198
6937 0.06246928419794751
7020 0.019232225129367717
7078 0.05324978760112627
7242 0.027385809140965986
7245 0.01876946018235809
7374 0.027748755567981558
7380 0.029848993768017182
7401 0.020859207985139395
7418 0.017733750400902967
7423 0.026624893800563133
7426 0.11213935117862908
7432 0.03522578263986651
7468 0.023814202290422293
7469 0.03174701329091649
7471 0.03896429617580898
7479 0.015862573135324735
7486 0.020463425814253415
7502 0.036906843708594705
7536 0.024597721521081868
7580 0.01056930610690572
7585 0.06402857466899108
7627 0.017676302807723372
7638 0.0517463583809368
7693 0.014797508636690715
7717 0.018267550764092026
7865 0.05246579027185008
7891 0.015539020327733894
7901 0.03380446575813077
7906 0.03380446575813077
7911 0.03380446575813077
7961 0.04329787481115862
7976 0.11689288852742694
8085 0.05097730158404605
8097 0.017066931562889357
8212 0.04968890591372253
8250 0.012508294731967786
8264 0.01605268933217477
8293 0.017066931562889357
8306 0.022736453239668344
8411 0.015314670844006424
8412 0.021105097460467372
8429 0.24052761777750636
8433 0.02637312864637289
8463 0.01903104677296899
8658 0.011003283095127252
8688 0.016647754431581927
8691 0.020698850745412105
8739 0.026474966775610825
8744 0.021637902756910028
8960 0.048007844844994325
8964 0.039559361275216136
8995 0.019719449129510798
8996 0.010129544638506386
8997 0.014566605699202685
9094 0.012943453583791249
9105 0.06518393346062186
9126 0.01950747867052643
9134 0.020698850745412105
9286 0.03896429617580898
9329 0.06969878248276085
9337 0.06297453820784807
9383 0.03259196673031093
9457 0.022253604237888646
9497 0.015055376474257667
9499 0.04241908551416065
9535 0.03380446575813077
9538 0.07898231605873746
9542 0.0848273213956592
9652 0.027385809140965986
9725 0.028775299311246793
9758 0.022540269053867593
9827 0.06736907896146756
9899 0.026474966775610825
9902 0.07020876028913521
9932 0.020541234789747773
9944 0.01876946018235809
9966 0.021975583912349727
9979 0.03201428733449554
9989 0.02809673304913425
10003 0.021705701946570337
10030 0.03201428733449554
10031 0.05294993355122165
10186 0.03840531843705945
10209 0.024969059310848495
10260 0.03051581260603079
10324 0.026932265892311687
10362 0.018705206898796206
10365 0.05813738948350072
10415 0.06760893151626154
10451 0.020859207985139395
10503 0.04241908551416065
10516 0.03317698530224473
10531 0.024124781503466874
10557 0.03348091295053993
10561 0.029429816636709752
10567 0.02771784047355589
10598 0.18852643011773879
10657 0.05660081474873544
10705 0.03787830020648794
10733 0.05813738948350072
10737 0.045355327278372895
10786 0.03787830020648794
10884 0.04431999247429574
10924 0.01581565034256507
10925 0.03051581260603079
10930 0.02984821051073739
10999 0.016918261488232715
11000 0.02616959475159732
11008 0.2080840687121521
11097 0.016100837268623745
11102 0.025623256231931627
11108 0.02215999623714787
11118 0.025623256231931627
11138 0.048020484064078175
11232 0.05268741116426017
11238 0.0517463583809368
11245 0.023785345300255077
11255 0.011487924013903715
11259 0.06820935971900503
11314 0.025225195472407376
11317 0.019863519386891584
11352 0.030749250615755685
11511 0.022736453239668344
11577 0.03174701329091649
11582 0.04329787481115862
11617 0.028275773798553065
11842 0.020778680758187305
11849 0.022540269053867593
11866 0.028275773798553065
11919 0.029429816636709752
11991 0.03522578263986651
12064 0.012007063010384754
12082 0.04968890591372253
12175 0.016854961103904994
12245 0.022736453239668344
12276 0.03645698332475221
12319 0.054398875947558246
12325 0.03787830020648794
12348 0.032289540875654256
12353 0.05813738948350072
12354 0.04675365842935744
12383 0.02883475153730259
12406 0.021975583912349727
12414 0.034487764151698165
12457 0.03645698332475221
12509 0.04241908551416065
12554 0.03645698332475221
12610 0.024969059310848495
12611 0.03424138889839384
12648 0.06306721065900883
12667 0.04648113478027572
12764 0.017908272498490186
12768 0.02161746865241011
12834 0.007642703976480894
12876 0.034487764151698165
12878 0.03896429617580898
12903 0.02984821051073739
12962 0.07123639086105882
12990 0.04019549686069468
13008 0.03174701329091649
13022 0.020463425814253415
13057 0.02603928058191997
13086 0.04241908551416065
13088 0.034900052406624305
13095 0.048007844844994325
13184 0.03484939124138042
13244 0.04329787481115862
13300 0.04019549686069468
13336 0.009855777165346346
13344 0.030749250615755685
13401 0.046586527963258594
13516 0.03098875262364578
13536 0.0517463583809368
13540 0.03484939124138042
13608 0.04587380526291208
13616 0.018899325834531695
13619 0.032865997878174735
13669 0.034487764151698165
13676 0.01796718841062786
13696 0.029848993768017182
13723 0.01649534916205675
13754 0.011876519661528109
13786 0.012475656436372528
13787 0.01605268933217477
13874 0.029493862856212118
13912 0.017733750400902967
13965 0.025623256231931627
13989 0.05425848536637209
14060 0.022736453239668344
14109 0.041616813742430425
14163 0.014903600985742794
