437 0.06300225629662569
1045 0.06597883637787705
1107 0.03922553626707278
1319 0.054963871313179376
1383 0.1065933348095818
1567 0.04250913233276786
2168 0.14890756078838496
2341 0.0892599046984521
2804 0.0912290463738374
2843 0.0883336675846431
2927 0.07623319850832576
2995 0.09867062644863327
3123 0.11616880657667142
3159 0.1379634708801811
3214 0.07385458059786826
3432 0.02314172514584446
3544 0.055368921034256474
3587 0.13933208902129535
3590 0.0715144479411462
3633 0.020636297505956584
3756 0.05559491337292955
3984 0.05960387305864631
4188 0.0579824012072858
4421 0.06363205413102993
4534 0.10864819715684332
4540 0.09337743763215128
4600 0.13253818368252818
4627 0.11338724014834896
4723 0.0892599046984521
4887 0.05448597636001965
4974 0.054703637063689026
5059 0.04027014966469238
5339 0.23864457301019537
5354 0.2786641780425907
5358 0.053426784529536066
5455 0.05927321532574907
5689 0.054142423854506475
6206 0.16835966046614945
6219 0.0883336675846431
6599 0.10470304469049986
6960 0.09979942947081465
7245 0.04807430395310146
7468 0.030497712459159648
7580 0.027071211927253237
7627 0.13582318495408002
7732 0.14578105518519066
7862 0.04027014966469238
7966 0.08199834013378138
8004 0.07875819581755347
8027 0.06269354576769927
8207 0.09452966708463338
8289 0.0892599046984521
8517 0.09326575838153783
8683 0.13266794235608034
8744 0.013855314749822717
8758 0.06898173544009055
8931 0.04758398836498443
8997 0.018654756800269116
9008 0.10132357242340052
9033 0.14890756078838496
9072 0.14890756078838496
9237 0.14890756078838496
9392 0.15401612105258902
9409 0.048406929440196186
9497 0.03856140441546278
9714 0.13933208902129535
9836 0.14890756078838496
9902 0.06539127922830923
10033 0.08417983023307472
10068 0.04542153576706307
10684 0.07875819581755347
10999 0.043332820296442205
11000 0.009575471767089618
11001 0.1824580927476748
11108 0.05675849941095055
11135 0.05849029216212386
11320 0.0710730141695458
11430 0.07816028997877661
11587 0.09452966708463338
11876 0.0514410760213612
11901 0.09574101050833923
11910 0.05384477808167059
11921 0.0674325887592049
12028 0.0892599046984521
12175 0.04317068873341625
12215 0.04303688656714416
12764 0.04586854001142737
12865 0.05854920637316296
12903 0.038225178843930674
12999 0.06460940818941316
13545 0.09022395770372503
13624 0.2106424655625821
13626 0.2245790078039419
13676 0.1840777664233597
13754 0.06083876793110376
13786 0.03195395571900189
13890 0.13253818368252818
13973 0.05125138810055729
13982 0.04790973172492188
14010 0.07875819581755347
14016 0.09452966708463338
14062 0.029200221962343037
14163 0.03817266116463917
