49 0.04311155111264599
126 0.06691080809632478
896 0.05158494463027292
917 0.03583969868990893
997 0.07670231135543047
1033 0.05041867922003118
1107 0.025493328405742824
1133 0.028499697484426864
1185 0.04799932025480915
1329 0.046770789267755734
1375 0.048322457319189153
1460 0.0373605898238027
1461 0.02632727612890256
1645 0.0706122703320787
1653 0.03903606182391985
1871 0.028862991217364548
1898 0.07369225319040873
1901 0.0814911561842974
1959 0.1829065682481655
1963 0.04046884329084105
2204 0.022306387319209586
2365 0.04457441403513504
2400 0.06222367506127937
2423 0.09677750033625478
2425 0.028589717939749654
2436 0.07369225319040873
2471 0.048322457319189153
2552 0.05118626134134239
2573 0.05118626134134239
2597 0.029520211530541927
2609 0.037044115856394805
2716 0.039410088876892076
2730 0.03146046853076289
2776 0.06206222687891897
2779 0.21689031444891582
2780 0.05199426071743552
2857 0.054222578612228955
2880 0.09677750033625478
3138 0.07991551154782851
3236 0.03419364671226034
3242 0.0592912745288144
3321 0.023883589303722454
3332 0.028499697484426864
3338 0.06585187489714794
3376 0.052847171445644214
3432 0.045120576172748054
3443 0.02680200810565173
3516 0.0614364028235613
3544 0.035985182657217965
3606 0.03472295584184666
3633 0.04023561889499865
3718 0.09677750033625478
3840 0.041564355870113284
3847 0.038522648452153176
4120 0.053292085021436675
4262 0.03485818529490474
4299 0.06393081545244314
4420 0.039410088876892076
4450 0.0407455780921487
4489 0.039846587782643626
4493 0.04968766279471424
4540 0.06068754973890499
4555 0.04968766279471424
4577 0.021546118508006813
4663 0.04933480947006579
4985 0.03167973574033591
4998 0.05118626134134239
5059 0.02617224002651039
5070 0.04509475009014005
5158 0.08312871174022657
5223 0.02484317947883849
5247 0.03363999151278407
5297 0.04509475009014005
5417 0.05041867922003118
5459 0.09474553234576144
5613 0.0344560196591336
5663 0.025866788281216517
5689 0.01759403087070734
5800 0.04407114128776203
6044 0.05143262427668832
6054 0.045909903250391675
6151 0.04619153397097601
6207 0.0373605898238027
6429 0.10751909606972682
6606 0.02018212706796854
6681 0.029141218358018278
6696 0.0435838481812225
6720 0.0666182590444003
6995 0.1403123678032672
7025 0.03419364671226034
7054 0.09677750033625478
7201 0.014275342677956644
7284 0.07226411767349855
7491 0.022917960000598477
7503 0.06804825012976864
7641 0.04706882666401688
7747 0.06393081545244314
7798 0.13855356223364412
7810 0.04968766279471424
7891 0.025866788281216517
8011 0.08622310222529198
8268 0.2891510758826589
8269 0.07550003947424186
8306 0.037847882930342226
8433 0.02195080901565754
8658 0.018316443908111702
8662 0.04799932025480915
8683 0.04311155111264599
8744 0.036019197971161036
8795 0.02632727612890256
8875 0.04035200669123684
8949 0.07207513325456776
9105 0.05425371003452121
9126 0.03247282068163953
9204 0.05611469721610575
9236 0.06691080809632478
9242 0.057409519698762186
9270 0.056272077665318325
9338 0.06486130904323542
9375 0.1793295085730672
9383 0.05425371003452121
9497 0.037592547104649765
9633 0.07369225319040873
9654 0.03318683051947228
9719 0.2512874015556622
9827 0.03738162950308659
9902 0.010624719983996025
9905 0.04912566962990109
9908 0.04114950781546092
9968 0.06393081545244314
10040 0.22812677612664795
10068 0.029520211530541927
10079 0.03306549831738937
10110 0.042880743099538814
10162 0.0407455780921487
10221 0.06804825012976864
10324 0.0448323771432668
10567 0.0153800238801061
10595 0.03673403574187426
10652 0.06393081545244314
10679 0.054709871718768475
10745 0.10569434289128843
10903 0.05683026440198247
10924 0.02632727612890256
10927 0.10844515722445791
10930 0.02484317947883849
10949 0.03282567400628799
10957 0.09055424197883498
10999 0.01877514707158695
11218 0.04334588304808162
11246 0.02971327626023039
11255 0.019123193868791705
11262 0.032242012668532355
11281 0.09677750033625478
11336 0.2842365970372843
11338 0.038871491732720254
11365 0.023751274315028402
11553 0.056272077665318325
11714 0.03306549831738937
11758 0.07207513325456776
11876 0.03343241085675557
11910 0.03499461680330542
12064 0.00999368525873285
12117 0.032014624159423764
12164 0.057409519698762186
12175 0.05611469721610575
12215 0.11188155341936218
12270 0.05041867922003118
12333 0.03752130797959235
12391 0.06585187489714794
12401 0.052847171445644214
12403 0.04407114128776203
12472 0.054222578612228955
12515 0.06486130904323542
12584 0.08312871174022657
12640 0.057409519698762186
12695 0.03419364671226034
12764 0.05962145404675356
12817 0.07550003947424186
12834 0.012722308194861146
12885 0.14906298838414275
12900 0.1799259132860898
12984 0.048652544097807955
13015 0.07369225319040873
13071 0.06393081545244314
13122 0.04457441403513504
13175 0.08613876990524832
13336 0.03281253205233956
13616 0.03146046853076289
13661 0.053750281543652446
13709 0.03688829275522618
13723 0.027458726187398495
13822 0.025200968258902483
13842 0.04509475009014005
13858 0.04094621419926647
14211 0.04094621419926647
14212 0.032707152617075165
