482 0.053975671552052754
513 0.06827466927028579
898 0.12734284035211257
1107 0.06852867399317993
1307 0.06451354090145159
1318 0.044119384428370094
1319 0.16804237137033365
1383 0.09311153633791765
1455 0.08363180113373131
1474 0.08592628511527953
1573 0.099046156593087
1656 0.057027129686438735
1689 0.05996185041963238
2244 0.06879695268822536
2558 0.063143570479916
2738 0.07797041789428932
2740 0.06246938544566095
2843 0.2314839904538672
2927 0.09988697106264471
2995 0.08619088272704223
3054 0.22234332484996977
3159 0.12051401483135214
3188 0.07287791836451528
3308 0.06494785363981928
3353 0.05449795496999232
3432 0.04042957443237258
3455 0.08257366698851881
3481 0.052483761891433785
3633 0.018026243090512935
3940 0.049789185987903516
3945 0.08717691608274833
3956 0.03891723495497213
4180 0.06678275960966683
4219 0.03426433699658996
4421 0.05558394744907767
4555 0.13356551921933366
4577 0.02895908505067948
4630 0.06584491206239142
4835 0.05530704271299258
4949 0.09311153633791765
5049 0.05476414050963057
5059 0.03517682893152462
5185 0.06933280341549826
5223 0.03339050359300806
5277 0.10741053405615068
5358 0.09333885646840306
5426 0.06933280341549826
5455 0.05177640940240656
5613 0.0463106523546658
5685 0.04318153688109468
5800 0.05923386749954699
5957 0.06827466927028579
6044 0.0345640385356361
6169 0.1300739092374474
6206 0.07353286521778
6219 0.2314839904538672
6230 0.042138689207939804
6245 0.05114397224282123
6419 0.05956930729842929
6487 0.07881253861968462
6811 0.07102930080021293
7020 0.08605858392116088
7233 0.061705257603706966
7242 0.030635872063080917
7442 0.04578392349050758
7491 0.030802910166801898
7627 0.03954814324296352
7732 0.06367142017605629
7865 0.029346133798406702
8020 0.06678275960966683
8085 0.057027129686438735
8264 0.03591554546498553
8289 0.23391125368286797
8344 0.04073480797903221
8517 0.08146961595806441
8518 0.1300739092374474
8580 0.10147591380098134
8744 0.024205821970126346
8997 0.016295325301400886
9028 0.05423516042125474
9094 0.02895908505067948
9305 0.09311153633791765
9409 0.04228447845852254
9497 0.0336842037533171
9618 0.14981729558226373
9902 0.07140083480508477
10003 0.04856333471482299
10141 0.07638278141179025
10361 0.04380200750532872
10386 0.08760401501065744
10451 0.04666942823420153
10496 0.06726817243137874
10516 0.0742286541125316
10608 0.0613335521762094
10732 0.034970536281429966
10765 0.08993154761267545
10924 0.035385205381019795
10999 0.0126173788722793
11000 0.0083643774630637
11001 0.07969050486773546
11108 0.04957975177180906
11325 0.042138689207939804
11482 0.0357017705664768
11733 0.03416539631245338
11798 0.07102930080021293
11842 0.04648926033703991
12066 0.11117166242498489
12175 0.037710511261470396
12387 0.04817038772742791
12505 0.1300739092374474
12733 0.03867017699491267
12877 0.028280187082338572
12900 0.0483659256189162
12957 0.0558646197119923
12999 0.056437686926172834
13022 0.04578392349050758
13043 0.10593834942629139
13051 0.057328289678813475
13068 0.07102930080021293
13079 0.029581897428538395
13351 0.09311153633791765
13624 0.1226671043524188
13626 0.32695753574751224
13676 0.16079582900703718
13786 0.08373737197691852
13787 0.17957772732492763
13803 0.1217095317743837
14062 0.025507012546131188
14163 0.01667231414373019
14198 0.10449054521967024
