898 0.16461067019154316
960 0.0578712050942587
1107 0.04429205019364868
1184 0.14900180905980737
1397 0.05046777984001328
1458 0.04615015939429656
1483 0.07410584025667101
1564 0.08893089283881982
1601 0.11268988929360765
1604 0.045740949051623986
1633 0.09592719032688656
1692 0.09776697843392305
2104 0.3362820134183534
2332 0.08759729742500148
2793 0.04615015939429656
2848 0.045740949051623986
2965 0.04698791470079119
3010 0.03906940783499723
3130 0.03783368014998929
3249 0.12112506206868047
3332 0.04951530892292903
3333 0.09181655423759987
3557 0.10419789041711375
3633 0.02330175727163119
3832 0.07113985846372485
3840 0.07221381638229016
4489 0.0692293700542024
4577 0.037434176787208485
5087 0.09338561564671584
5390 0.043162482941955224
5420 0.5044230201275302
5422 0.15228485778625445
5474 0.07185100329303595
6235 0.055426775697126285
6304 0.07333284843241018
6419 0.07700270835900007
6752 0.06303340390366606
6936 0.22592711282311453
7170 0.07614242889312722
7633 0.04328565337203456
8433 0.07627457029060858
8463 0.05504030008166363
8688 0.04814750394610928
8744 0.015644917947574173
9105 0.04713013557498742
9538 0.3045697155725089
9652 0.03960168799645015
9730 0.08632723116738304
9902 0.055378092260240756
10040 0.05662099095049397
10362 0.05409792814243247
10478 0.12036132032839944
10499 0.05230756794704978
10598 0.0681554160603478
10657 0.04092425742263881
10732 0.045204923954316086
10924 0.045740949051623986
10927 0.09420618348841799
11000 0.010812274770397907
11255 0.03322459308642468
11259 0.0657568248364316
11631 0.0845288183218705
11842 0.06009468832035762
12113 0.11268988929360765
12164 0.09974316760921771
12324 0.10543840946871483
12646 0.15732873193877878
12810 0.0701074837046423
12822 0.10301252412706018
12865 0.0330558181514946
12876 0.09974316760921771
12900 0.06252057366201227
12940 0.0845288183218705
13043 0.06847099785833546
13334 0.1681410067091767
13440 0.1388450261335891
13608 0.06633655094434344
13619 0.09505280541201919
14163 0.021551590943431016
