10 0.0574279406279771
337 0.024567532754245787
374 0.07374181115267202
391 0.07374181115267202
817 0.06569964815378776
831 0.06563538922999743
849 0.07374181115267202
938 0.057528967307322834
1091 0.03396448565626536
1180 0.04741274035443497
1184 0.03267395467692038
1318 0.05002453349425991
1319 0.01360956890683415
1371 0.04942254538464825
1397 0.022133717188299512
1446 0.05491928234140306
1458 0.020240133001024736
1461 0.020060665110343705
1479 0.0360967535301341
1526 0.04741274035443497
1603 0.04168742749559288
1604 0.020060665110343705
1690 0.04287778574510125
1808 0.06334180714746415
1901 0.031047017277135408
1907 0.07374181115267202
1940 0.0227149595189346
2228 0.05017732950161453
2340 0.03320970153929907
2355 0.06563538922999743
2479 0.028107871237105345
2503 0.05098420766777584
2575 0.02439426892289333
2730 0.02397201747420002
2776 0.02364486062523899
2793 0.020240133001024736
2843 0.043744485497997296
2927 0.018876053365597834
2965 0.020607548391313964
2983 0.06899985831288348
2987 0.07374181115267202
2995 0.016287847000218743
3078 0.03456436559197185
3186 0.060893436390208895
3198 0.04871353469091709
3209 0.057528967307322834
3225 0.035638063575322704
3313 0.043744485497997296
3430 0.07987727941014239
3443 0.061267193718753596
3527 0.025664751981827515
3699 0.034161046496730484
3724 0.05098420766777584
3746 0.0303112341305668
3799 0.07861263686352077
3839 0.05909062959045043
3841 0.04109101060612216
3866 0.046242254827987314
3874 0.06563538922999743
3875 0.07374181115267202
4082 0.06563538922999743
4210 0.060893436390208895
4311 0.03813583290531272
4435 0.04871353469091709
4452 0.020732630810455177
4489 0.015181005611514569
4492 0.030454734025494135
4518 0.07374181115267202
4519 0.07374181115267202
4520 0.07374181115267202
4521 0.07374181115267202
4529 0.057528967307322834
4555 0.03786064150959307
4577 0.032835107262949526
4705 0.19690616768999225
4903 0.03707190934351471
4956 0.040956245999568465
4960 0.057528967307322834
4974 0.027090264942608074
5053 0.3073412484259311
5059 0.019942531836135063
5084 0.07374181115267202
5127 0.1505319885048436
5189 0.18930320754796534
5214 0.04871353469091709
5219 0.06563538922999743
5247 0.0128163772193644
5266 0.05491928234140306
5288 0.05278701446753431
5390 0.01892982401069671
5422 0.0333938800655242
5511 0.07374181115267202
5561 0.05909062959045043
5571 0.0260546245740559
5581 0.04468059254485972
5582 0.03320970153929907
5583 0.07374181115267202
5628 0.09362572083745695
5687 0.03358100557291829
5755 0.14748362230534404
5886 0.040607112768242505
5938 0.023016785165990858
6007 0.06563538922999743
6044 0.01959512724197243
6067 0.02975421958691848
6079 0.07374181115267202
6212 0.06899985831288348
6219 0.043744485497997296
6273 0.07374181115267202
6429 0.027308871208464702
6465 0.057528967307322834
6484 0.03813583290531272
6720 0.025380646641539738
6723 0.028965487420840118
6786 0.07374181115267202
7025 0.0260546245740559
7039 0.03759177691668241
7057 0.04330310878795725
7069 0.0442031754528087
7276 0.03657417062218513
7295 0.07374181115267202
7418 0.022493594650704708
7426 0.04741274035443497
7428 0.06899985831288348
7442 0.05191186241204184
7453 0.031670903573732076
7466 0.042232221787604475
7533 0.02615415789574565
7562 0.04330310878795725
7580 0.013406170828695649
7585 0.040607112768242505
7588 0.039306318431760384
7593 0.057528967307322834
7786 0.07374181115267202
7789 0.06899985831288348
7923 0.13799971662576696
7927 0.05615148355042038
7967 0.06899985831288348
8124 0.018876053365597834
8250 0.015865595551525436
8289 0.0442031754528087
8411 0.01942521972997353
8498 0.03900253265820876
8562 0.07374181115267202
8598 0.07374181115267202
8664 0.07374181115267202
8715 0.03320970153929907
8738 0.04942254538464825
8744 0.07547552308063518
8866 0.07374181115267202
8903 0.03900253265820876
8997 0.027714554165978345
9251 0.08748897099599459
9281 0.23011586922929134
9285 0.053804620762031574
9295 0.08936118508971944
9508 0.07374181115267202
9538 0.0333938800655242
9540 0.07374181115267202
9584 0.03358100557291829
9588 0.0442031754528087
9652 0.05210448518270735
9695 0.10308290254150007
9827 0.014241890180144956
9902 0.024287239034515934
9905 0.01871620903624237
9906 0.025761008448716562
9961 0.027990331607459513
9965 0.046242254827987314
9966 0.027873961545763784
9994 0.04330310878795725
10004 0.04246738943650795
10032 0.045178331266189295
10095 0.07374181115267202
10268 0.03759177691668241
10316 0.02192298905996355
10379 0.06899985831288348
10385 0.14614060407275126
10415 0.04287778574510125
10489 0.06716201114583659
10516 0.014027295265624923
10575 0.051522016897433125
10598 0.02989100587964814
10601 0.04942254538464825
10629 0.04207090757893994
10676 0.07374181115267202
10708 0.0360967535301341
10827 0.03633302610555426
10925 0.03870643849605389
10970 0.043744485497997296
10999 0.007153074551967642
11000 0.009483905679577059
11108 0.028107871237105345
11118 0.03250069084556792
11138 0.06090946805098827
11310 0.03396448565626536
11352 0.03900253265820876
11359 0.0393046321662096
11365 0.05429346632498219
11367 0.07374181115267202
11478 0.046242254827987314
11577 0.04026810077918148
11729 0.06302570426407765
11880 0.03250069084556792
12029 0.05909062959045043
12057 0.022420727781293122
12064 0.030459660499937213
12182 0.30600016573379296
12271 0.06563538922999743
12291 0.043744485497997296
12319 0.06899985831288348
12354 0.07907015849235677
12375 0.05909062959045043
12383 0.10972251186655539
12523 0.0227149595189346
12527 0.14748362230534404
12529 0.04942254538464825
12558 0.03250069084556792
12648 0.026664941899752083
12667 0.0196523160831048
12771 0.04871353469091709
12834 0.019388102504649764
12865 0.014497331420411588
12866 0.04569819883935699
12957 0.031670903573732076
12962 0.045178331266189295
13007 0.057528967307322834
13088 0.044267434376599024
13095 0.060893436390208895
13336 0.012501126468639375
13526 0.04569819883935699
13608 0.02909330393577571
13624 0.06954272764485334
13625 0.07374181115267202
13676 0.022789688812859584
13723 0.06276839742611696
13744 0.03199578820688895
13800 0.05017732950161453
13822 0.019202449285790117
14040 0.02719905730579736
14065 0.023889366284214363
14163 0.009451908136478341
14189 0.05818660787155142
