1184 0.12806660201097564
1329 0.13968452088129285
1397 0.17350761352311536
2513 0.16193985675625688
2848 0.07862841336976471
3094 0.22548661259708144
3130 0.06503586619454287
3236 0.10212192765964563
3396 0.12051433831906784
3699 0.13389530558005794
4630 0.14631202244524913
4796 0.22548661259708144
5223 0.07419604580121804
5421 0.12413511138797421
5422 0.3926651172385871
6519 0.0896196958336048
6755 0.1414823707121478
6821 0.09494491233661202
6936 0.12945577785923834
8425 0.238673755912811
8517 0.1810312126678422
8744 0.02689351884958842
9538 0.2617767448257247
9542 0.14057463224253403
9902 0.031731534654377586
10598 0.35147623771424985
10657 0.07034854973923331
11118 0.1273874889268045
12117 0.09561411100639218
12336 0.1552848158134259
12634 0.24703124749543928
13088 0.08675380676155768
13219 0.16806084162222787
13676 0.08932490835619779
13696 0.14839598561095527
13700 0.13389530558005794
