483 0.1028950200546621
550 0.2812071559913249
1661 0.18846802393685888
2514 0.2322111404394062
2843 0.16681530009789897
2927 0.07198197603650677
2995 0.12422421040542563
3432 0.04370240623472394
4152 0.2812071559913249
4421 0.12016709478910967
5260 0.07764592034862951
5360 0.146501959061165
5423 0.2322111404394062
6206 0.15897091139190794
6219 0.16681530009789897
6245 0.055284149853022664
6811 0.15355844832508386
6843 0.24034233460523566
7479 0.076726339412866
7718 0.09401994352031372
8122 0.13026979648146209
8289 0.168564469200991
8517 0.08806469774599947
8739 0.12805786737375263
8744 0.026165317835669045
9028 0.11725114826028123
9094 0.1252134574097664
9497 0.03641098816370323
9500 0.10763938343102135
9813 0.13676826572341552
9902 0.03087233375033192
9990 0.15230208086933222
10616 0.11045704210672623
11000 0.01808297153376333
11798 0.15355844832508386
12877 0.061139017247569094
13020 0.18846802393685888
13624 0.3977915450245873
13669 0.16681530009789897
13676 0.08690624052782495
13754 0.05744603166334447
13787 0.07764592034862951
14072 0.06677456204493207
14163 0.07208784715763056
