11 0.041068335125291934
79 0.019312840667977095
336 0.028995127986455076
482 0.054598925367383234
555 0.035630810906635675
917 0.024363304140749744
1055 0.048001190887624744
1107 0.0519899778357237
1145 0.032203315107207635
1184 0.029149703376540145
1329 0.031794099992087356
1397 0.05923904501663191
1451 0.02884280925215778
1458 0.03611401675220793
1483 0.028995127986455076
1526 0.042298746241970324
1545 0.02199580471851207
1610 0.04076913719753501
1633 0.03753308985196652
1689 0.015163556570085866
1871 0.03924128043177072
1882 0.03353708350744529
1963 0.013755064542391181
2271 0.12311490437761881
2276 0.0428628645967254
2332 0.03427388234595786
2359 0.030836212339976042
2513 0.29487774112284043
2558 0.031936342734877214
2597 0.02006740899360189
2780 0.03534493965455649
2781 0.102647650041069
2789 0.0454849908772557
2793 0.03611401675220793
2848 0.01789689810384908
2917 0.050094918286815136
2965 0.036769587817835424
3014 0.03753308985196652
3130 0.08881829510451786
3142 0.02691535864686364
3158 0.054325398498719674
3184 0.024462202018597997
3208 0.024363304140749744
3249 0.11848042829298301
3251 0.03377694804815655
3297 0.04912409260399525
3298 0.054325398498719674
3332 0.019373678437981764
3353 0.0275636197801828
3396 0.027430705269432885
3432 0.020448206141718914
3439 0.03427388234595786
3454 0.029149703376540145
3519 0.04872660828149949
3535 0.10865079699743935
3606 0.02360415864988632
3633 0.03646878205874931
3756 0.024562046301997625
3758 0.038384438233043106
3841 0.03665888572272518
3866 0.04125451066535115
3985 0.022314414146162274
4071 0.03506669255188059
4188 0.02561684759900744
4219 0.017329992611907902
4304 0.031794099992087356
4311 0.03402245697526142
4383 0.018780697968019327
4420 0.026790403285171696
4421 0.028112885964466764
4489 0.04063069330684555
4500 0.04076913719753501
4535 0.02333313956827825
4536 0.048995623753960806
4610 0.06578793240071397
4621 0.035924735920592275
4734 0.02654489435806682
4881 0.01883850225988251
4887 0.024072113669593265
4903 0.033073289464062336
4913 0.02884280925215778
4928 0.018896628582887997
4948 0.04030534315415206
4990 0.04631258768635254
5223 0.016888030859383115
5247 0.011433987651645081
5260 0.01816513004827104
5273 0.04625820737226681
5422 0.38729569792363927
5520 0.026187134235345744
5663 0.017583865185147308
5685 0.021840075738067687
5689 0.05980082713215914
6044 0.017481573699204698
6058 0.06578793240071397
6102 0.019809774965778404
6509 0.0513238250205345
6519 0.020398663736088212
6558 0.04476514354205625
6601 0.032629237428450496
6637 0.032629237428450496
6639 0.1539714750616035
6681 0.03961954993155681
6752 0.024662855279401385
6770 0.03902615368217708
6813 0.028457149700646178
6821 0.06483226668620416
6842 0.058555878710624225
6936 0.029465898725513653
7046 0.07013338510376119
7099 0.023860453348398265
7170 0.029791976763356872
7206 0.023422699328426107
7242 0.13945330181314972
7302 0.061557452188809404
7401 0.02360415864988632
7423 0.03012857524372909
7432 0.03986129111854022
7448 0.03402245697526142
7466 0.03767700451976502
7533 0.0466662791365565
7585 0.0724543633530896
7674 0.029465898725513653
7733 0.03534493965455649
7747 0.04345923536663453
7862 0.01779150682397093
7914 0.04409177133044478
7976 0.08818354266088956
8074 0.02497126141711791
8202 0.02255992307326714
8293 0.07725136267190838
8401 0.11941202876281107
8411 0.034659985223815803
8412 0.023882405752562213
8416 0.06578793240071397
8425 0.2716269924935984
8433 0.014921839628483076
8517 0.041205170343402285
8744 0.04284931898207119
8893 0.02854468474207118
8931 0.02102278885865771
8970 0.03284890128909717
8995 0.022314414146162274
8996 0.011462533901994278
8997 0.008241743218612926
9008 0.04476514354205625
9105 0.09220220081727792
9127 0.05271704456734543
9138 0.03284890128909717
9179 0.048995623753960806
9285 0.048001190887624744
9329 0.039435368797297365
9335 0.061557452188809404
9383 0.018440440163455585
9409 0.021386367387102888
9457 0.025182049353797455
9497 0.017036576608532687
9515 0.03353708350744529
9531 0.023882405752562213
9538 0.11916790705342749
9542 0.06399340292928049
9645 0.016888030859383115
9652 0.01549481131257219
9690 0.0454849908772557
9722 0.025506437595217164
9725 0.03256196163461835
9746 0.13157586480142794
9783 0.015968171367438607
9827 0.025411486205294227
9873 0.0857257291934508
9902 0.12278300307546276
9905 0.01669745664809765
9916 0.03377694804815655
9957 0.05925532790053065
9981 0.039435368797297365
10068 0.02006740899360189
10156 0.01703328120509347
10180 0.03330260964006197
10223 0.04709334480862996
10318 0.048995623753960806
10324 0.0304763957181857
10331 0.024363304140749744
10335 0.024867443167570776
10440 0.03284890128909717
10495 0.024867443167570776
10516 0.012514294648787578
10557 0.037886806708605565
10567 0.010455115784456138
10598 0.21333541375905093
10608 0.031020883497076254
10614 0.03814595225453167
10657 0.03202457667601248
10671 0.06578793240071397
10705 0.0428628645967254
10732 0.017687169474545867
10887 0.029465898725513653
10927 0.07371943528071011
10930 0.016888030859383115
10999 0.051052283932417404
11000 0.029613361483331865
11027 0.24622980875523762
11118 0.028995127986455076
11232 0.059620768576591654
11255 0.01299966811660371
11317 0.022477443212959473
11320 0.03140033069473112
11332 0.029791976763356872
11511 0.02572843848084709
11606 0.03284890128909717
11861 0.09420099208419334
11957 0.01855263100780333
12021 0.032203315107207635
12064 0.006793561395480983
12069 0.024462202018597997
12117 0.021763074296365346
12202 0.048995623753960806
12256 0.028254842548747442
12316 0.029627663950265323
12325 0.0428628645967254
12338 0.054325398498719674
12378 0.02906204121255124
12398 0.06319071566167896
12523 0.020264897185976908
12554 0.04125451066535115
12562 0.061557452188809404
12648 0.023788829806986524
12711 0.058555878710624225
12725 0.029627663950265323
12733 0.03911669919016394
12735 0.1309768396783727
12763 0.024265334895183198
12834 0.034593757788597364
12865 0.012933632149367477
12876 0.03902615368217708
12877 0.014303368346192596
12885 0.0675538960963131
12892 0.03402245697526142
12903 0.016888030859383115
12924 0.04476514354205625
12956 0.032629237428450496
12962 0.04030534315415206
12984 0.13229315785624934
13077 0.04125451066535115
13079 0.014961738904617003
13088 0.0197463483388773
13112 0.01883850225988251
13270 0.048995623753960806
13295 0.048995623753960806
13336 0.011152740218827985
13370 0.06578793240071397
13464 0.02572843848084709
13516 0.03506669255188059
13608 0.15573159509285134
13617 0.03427388234595786
13676 0.020331566090093074
13695 0.027299462683691617
13696 0.03377694804815655
13700 0.0609527914363714
13754 0.026878801390630105
13822 0.01713125045066002
13872 0.018955080545256013
13874 0.033375083970206054
14060 0.02572843848084709
14076 0.03159535783083948
14110 0.03353708350744529
14161 0.03902615368217708
14163 0.03372965669383963
