617 0.10089937347982526
960 0.05731551885917879
1184 0.07378553793124999
1189 0.16652649664620867
1329 0.08047919872982813
1397 0.14994954653993198
1564 0.08807696776600668
1623 0.17615393553201336
2333 0.12150359285763652
2513 0.27990481333094014
2848 0.04530173898634057
2941 0.2668813086226984
3130 0.03747039662673239
3227 0.07300870848077548
3242 0.10202338554587788
3249 0.05998100236559092
3332 0.049039857002593425
3527 0.05795709609002076
3746 0.06844995464426396
3758 0.14574160772558542
4188 0.06484295417279683
4630 0.08429763195408753
5223 0.08549606323349389
5356 0.16652649664620867
5422 0.22623390054343312
6020 0.14232698608429237
6166 0.08876298808215777
6310 0.03757024664061265
6639 0.12991405054492766
6821 0.05470248543013499
6936 0.07458591121855232
7468 0.03410624137994362
7479 0.0454361428245683
7504 0.11920559653046575
7585 0.18340098032615046
7976 0.22321565498857443
7984 0.16652649664620867
7985 0.16652649664620867
8115 0.0908722856491366
8293 0.04888586066416259
8498 0.08807696776600668
8517 0.1564516259426304
8744 0.030989387147338045
8996 0.029014677065102412
9105 0.09335517274900622
9383 0.04667758637450311
9538 0.15082260036228873
9542 0.1619840722972266
9827 0.03216156533515851
9902 0.09141057532145239
9932 0.05883752085729088
10223 0.11920559653046575
10324 0.07714374390793137
10481 0.12680336556664432
10598 0.20250293880347683
10705 0.10849714251600383
10836 0.07669986291790898
10924 0.04530173898634057
11000 0.03212536204338579
11008 0.2384111930609315
11118 0.07339426711243476
11232 0.050305262966973484
11255 0.03290556656858759
12117 0.11017608812358853
12611 0.049039857002593425
12695 0.05883752085729088
12878 0.11160782749428722
13043 0.06781353114496581
13219 0.09682820821006823
13608 0.06569957944560917
13700 0.07714374390793137
13938 0.14822027359556816
