152 0.05270287426357864
421 0.03148135651210302
898 0.18656783636008573
960 0.026236222741631985
1124 0.07622763163198486
1305 0.05561836287225737
1319 0.014068344526450888
1350 0.04031729958502204
1375 0.07612319936516374
1397 0.022879839999903385
1550 0.07538408249863181
1563 0.07132582858921342
1629 0.05946825633278747
1653 0.015373545146022027
1718 0.022734183613649876
1862 0.0412849625976459
1885 0.06784794398238617
1920 0.042708881033590086
1959 0.1728815205069128
1963 0.0159378164771172
2017 0.026729733460433485
2095 0.03551926828512917
2137 0.03104169592160982
2179 0.09138650984323168
2204 0.017569818084794
2341 0.04569325492161584
2365 0.14043768444012872
2371 0.029941907727020704
2425 0.0450378751259639
2471 0.07612319936516374
2559 0.06784794398238617
2659 0.02259026127320079
2716 0.03104169592160982
2780 0.04095372725246229
2793 0.020922423499881573
2816 0.03971270691640267
2920 0.07132582858921342
2966 0.06294614093961472
3010 0.017712326616891913
3102 0.04618676564041734
3130 0.017152102810612718
3137 0.025949505734392694
3142 0.031186480093021045
3209 0.05946825633278747
3321 0.018812114811481033
3421 0.03163153650320492
3432 0.09477229445739041
3435 0.05108856868318878
3472 0.07132582858921342
3490 0.03731356727201715
3519 0.02822944734099788
3544 0.028344039040823357
3606 0.05469967043764204
3633 0.052819886250356454
3728 0.05811076297503421
3840 0.06547704574470799
3847 0.06068539165604211
3978 0.04348910875963087
3984 0.030511963632329376
4188 0.08904573609894952
4241 0.037074166700194366
4420 0.06208339184321964
4489 0.015692754022026707
4630 0.07717461143371886
4670 0.07622763163198486
4720 0.037074166700194366
4747 0.025669431421196803
4795 0.07884276714241703
4819 0.056770599452001004
4857 0.047238675222658684
4864 0.034713013996148546
4974 0.056006943810551525
4984 0.05108856868318878
4985 0.0249528166962615
5020 0.06294614093961472
5049 0.06418721100770233
5059 0.06184437079257788
5208 0.03780707799081864
5247 0.026496829038050333
5358 0.02734983521882102
5412 0.03971270691640267
5442 0.053598790277392165
5459 0.03731356727201715
5613 0.05427916127106095
5625 0.07132582858921342
5663 0.040748397132643305
5692 0.07132582858921342
5746 0.029178116895172444
5800 0.034713013996148546
5938 0.02379267600782423
5962 0.024358835222755292
6108 0.054566453290016026
6310 0.017197809231091158
6419 0.034909592860993995
6495 0.04670128302621809
6606 0.015896626202802307
6636 0.03163153650320492
6637 0.03780707799081864
6752 0.11430613357964474
6819 0.04476284720447315
6899 0.06108256191317735
7020 0.050433188887536826
7024 0.053598790277392165
7099 0.02764680059156448
7242 0.08976819348475577
7284 0.05691945465719218
7422 0.020922423499881573
7468 0.031224316329494975
7475 0.03510942111003218
7479 0.04159685849114749
7491 0.03610305714886769
7580 0.01385808994316034
7627 0.02317652565781188
7671 0.019679883353169843
7674 0.03414175809740831
7689 0.07622763163198486
7693 0.058205866179228405
7718 0.025486256192383643
7747 0.0503556573925645
7792 0.04031729958502204
7891 0.08149679426528661
8027 0.032093605503851166
8085 0.03341979233384795
8124 0.01951236103544417
8250 0.06560168536245214
8268 0.35428141034285016
8331 0.07132582858921342
8428 0.04618676564041734
8442 0.04839091180240231
8463 0.0249528166962615
8517 0.02387195061199377
8662 0.03780707799081864
8716 0.03104169592160982
8744 0.035463539369757595
8755 0.07622763163198486
8795 0.020736905785483702
8800 0.06108256191317735
8949 0.056770599452001004
8975 0.0503556573925645
9102 0.03225163826159246
9105 0.06410010294971495
9126 0.0511549937613797
9172 0.06784794398238617
9375 0.17656303986924268
9409 0.024780108990211727
9497 0.09870031163733807
9553 0.0895256944089463
9645 0.019567944277341025
9652 0.03590727739390231
9702 0.07622763163198486
9719 0.07917147441497956
9725 0.018864563196635546
9751 0.0651502871015997
9827 0.01472198121290563
9859 0.04839091180240231
9902 0.03347460880138618
9957 0.03432919338399139
9981 0.04569325492161584
10174 0.03451958052843707
10369 0.06294614093961472
10451 0.02734983521882102
10460 0.02371391785425247
10514 0.05270287426357864
10519 0.08002244830560723
10522 0.03616133069227352
10604 0.04569325492161584
10614 0.022099612273862597
10616 0.14970953863510353
10625 0.0651502871015997
10628 0.024276313852400998
10652 0.0503556573925645
10679 0.1292781049372417
10745 0.04162552973319349
10753 0.11893651266557494
10785 0.034713013996148546
10843 0.06784794398238617
10864 0.07622763163198486
10866 0.08395193948593159
10949 0.025855424840783563
10950 0.02355792428582465
10999 0.0073942031455482785
11000 0.00980360608554288
11052 0.03660913499059657
11135 0.05988381545404141
11255 0.01506254834845322
11262 0.050791397922683446
11272 0.041975969742965795
11294 0.07622763163198486
11336 0.0746271345440343
11338 0.061234930484715455
11339 0.032738522872353994
11420 0.06108256191317735
11714 0.15626594714939593
11752 0.04476284720447315
11782 0.07622763163198486
11991 0.04618676564041734
12023 0.07233882597088531
12041 0.026236222741631985
12057 0.02317652565781188
12064 0.007871612264233089
12078 0.07958971563418589
12117 0.025216594443768413
12133 0.05561836287225737
12183 0.03806159968258187
12210 0.07622763163198486
12215 0.0440622345629568
12231 0.030757227883554998
12403 0.034713013996148546
12472 0.042708881033590086
12513 0.051710849681567125
12523 0.09392270353436005
12526 0.05804433789684329
12584 0.032738522872353994
12611 0.02244803217604958
12695 0.026932920324249838
12726 0.04162552973319349
12733 0.0906480330880445
12735 0.03794029513844466
12770 0.03806159968258187
12797 0.04569325492161584
12817 0.05946825633278747
12834 0.020041671240048648
12877 0.016573129046662808
12892 0.039421383571208515
12893 0.07622763163198486
12900 0.22675231232658685
12992 0.07276631910974891
13022 0.05366180004831657
13051 0.03359628209336711
13184 0.04569325492161584
13660 0.028115931635460535
13709 0.05811076297503421
13754 0.06228824334026336
13783 0.05108856868318878
13787 0.021047702691621255
13806 0.027781643042674824
13827 0.0578677592448369
13858 0.03225163826159246
13924 0.05561836287225737
14041 0.02452558729844851
14055 0.11608867579368658
14062 0.014947956648627749
14072 0.018100772364787278
14113 0.03731356727201715
14189 0.030074032908985963
14211 0.12900655304636985
14212 0.12881035223904813
