1319 0.07608107098143602
1661 0.13814251609411718
1963 0.04309555201768136
2194 0.1116337520719586
2597 0.06287255617584454
2995 0.1821067004019708
3036 0.10089517479670015
3142 0.08432764783223759
3177 0.12627937928877941
3353 0.17271738803865463
3481 0.16633391607671189
3890 0.09439487380326304
4384 0.057427390169821076
4663 0.10507396183872658
4957 0.08678049765549398
5260 0.05691258695956094
5360 0.10738240267328814
5423 0.1702051654986892
5455 0.08204607126017596
5689 0.03747201110444696
5736 0.13429226777978423
6245 0.04052194850506508
6567 0.10986633092852789
6645 0.1116337520719586
6708 0.1651660833265359
6789 0.07200540758333594
6811 0.11255463911608891
7242 0.048546296883389926
7376 0.1651660833265359
7547 0.11984905191088459
8344 0.06454929951287659
8517 0.19364789853862974
8526 0.1248881340830379
8744 0.019178546921214377
9094 0.045889222198306975
9497 0.05337675233536929
9618 0.11870194023900321
9813 0.10024784021289036
9902 0.02262867606335696
10361 0.06940965336530122
10670 0.12355369050452582
10999 0.03998756877967478
11000 0.02650876402215858
11634 0.08512498804980002
11798 0.11255463911608891
11815 0.07889707201982638
11842 0.07366793507833244
11921 0.09334028788872602
12169 0.20611806321759413
12245 0.08060894628796193
12523 0.06349130010402794
12771 0.13616073793179528
12953 0.14250756761871025
13020 0.27628503218823436
13079 0.04687614480119332
13122 0.09493520558041656
13624 0.48595268101529476
13626 0.10362086358095378
13643 0.11255463911608891
13676 0.12740035662300336
13754 0.04210655573199719
13787 0.05691258695956094
14198 0.08278904252009826
