11 0.01817029181878559
284 0.03845624549541187
293 0.03566542664721809
437 0.024630339128491992
483 0.021300952606774462
616 0.05821448209325309
807 0.04664830364757976
968 0.018602663450619228
1054 0.047412630110221586
1070 0.04541547033909726
1091 0.05362561377695608
1107 0.0460049362140087
1127 0.017815150519605878
1249 0.04676466640593231
1255 0.01939450866803978
1318 0.01974559794372105
1319 0.08595113063154894
1461 0.01583662255632753
1524 0.08779776231042054
1567 0.016618680138763425
1604 0.01583662255632753
1623 0.03079002540800141
1661 0.07803192892403871
1689 0.013417940953707705
1714 0.02681280688847804
1764 0.054471011132017855
1896 0.05181497621617518
1901 0.02450965067276122
1943 0.03261645858494144
1996 0.03453349636923664
2042 0.05181497621617518
2046 0.02450965067276122
2047 0.05821448209325309
2225 0.03418505745539157
2365 0.02681280688847804
2384 0.020647048569688266
2425 0.01719754712894997
2520 0.04975479548094701
2558 0.028259858372495783
2597 0.017757266095557448
2598 0.054471011132017855
2692 0.02906736396926851
2716 0.023706315055110793
2821 0.0953673334745873
2843 0.06906699273847328
2844 0.05821448209325309
2848 0.03167324511265506
2849 0.05181497621617518
2857 0.03261645858494144
2873 0.030105820932188707
2927 0.059605786918786194
2969 0.05457274808866935
2995 0.19287332980650337
3010 0.013526773672399557
3015 0.03233235815719932
3036 0.028496097114485096
3099 0.023382333202966156
3137 0.01981744683078562
3150 0.023069335927242807
3159 0.1618078752191302
3238 0.14533681984634256
3278 0.03695578372679118
3327 0.04807150525493994
3332 0.017143397206021527
3339 0.03742935088264781
3432 0.06332979170997077
3442 0.05272469994190695
3490 0.028496097114485096
3544 0.06493840295964787
3633 0.03227052717192205
3666 0.021734484615080815
3738 0.051865704560242816
3761 0.022096591237407186
3786 0.01873001078539307
3790 0.01811014479568331
3841 0.016219373132640328
3928 0.021913762780020815
3991 0.06415813710370724
4008 0.04807150525493994
4025 0.025389605281117854
4044 0.044328034293704716
4079 0.024630339128491992
4120 0.03205673961833396
4154 0.06411347923666792
4202 0.03079002540800141
4208 0.054471011132017855
4219 0.03066995747600581
4266 0.03845624549541187
4399 0.031789111158195764
4414 0.0335253100412793
4420 0.09482526022044317
4421 0.024876554663547316
4428 0.02906736396926851
4448 0.054471011132017855
4450 0.02450965067276122
4452 0.016367096850421432
4509 0.04541547033909726
4532 0.03261645858494144
4540 0.03650532680926662
4575 0.039015964462019354
4577 0.012960617144536717
4630 0.02946884180432072
4638 0.054471011132017855
4758 0.062059690011139805
4773 0.035272493500784124
4854 0.04093300224631455
4899 0.020726298287123475
4903 0.02926592077014018
4928 0.050163794762279966
4944 0.04807150525493994
4948 0.03566542664721809
4984 0.039015964462019354
4989 0.03961181864263386
4991 0.02651007368873458
5059 0.015743363830124042
5194 0.05181497621617518
5247 0.020235433615601695
5260 0.016073975869550387
5269 0.05821448209325309
5358 0.02088686816725676
5392 0.03742935088264781
5570 0.05821448209325309
5628 0.11086735118037354
5663 0.015559625718528059
5689 0.031749964346431
5706 0.0433552896038691
5746 0.022283113447750608
5800 0.02651007368873458
5802 0.044328034293704716
5829 0.03205673961833396
5957 0.15278138924856635
5974 0.024156771972635358
5988 0.09950959096189402
6054 0.027616142506128472
6102 0.017529290675871202
6109 0.023065027479333287
6179 0.03695578372679118
6219 0.06906699273847328
6315 0.012140136609437467
6497 0.033849291893423936
6528 0.04007282100435803
6552 0.09950959096189402
6619 0.06581915913162496
6662 0.11704789338605805
6677 0.05813472793853702
6679 0.044328034293704716
6723 0.04573282978612453
6750 0.04664830364757976
6758 0.03233235815719932
6777 0.0758570568332536
6815 0.03845624549541187
6821 0.01912294393182704
6936 0.026073809756930556
7006 0.02182368854953744
7099 0.02111365844007217
7162 0.07133085329443618
7182 0.04541547033909726
7192 0.03961181864263386
7233 0.027616142506128472
7327 0.03205673961833396
7418 0.017757266095557448
7465 0.044328034293704716
7466 0.016669830050164893
7468 0.05961445229641475
7469 0.031789111158195764
7491 0.013785819714635971
7497 0.025794014545117698
7512 0.044328034293704716
7533 0.020647048569688266
7540 0.02257015839326382
7571 0.023928796552949116
7580 0.052916607244051665
7598 0.017932019616744555
7671 0.030058764585300393
7717 0.01829177430035155
7742 0.054471011132017855
7865 0.013133840525965586
7891 0.015559625718528059
7967 0.054471011132017855
8042 0.03055627784971327
8044 0.06581915913162496
8069 0.05821448209325309
8076 0.03566542664721809
8078 0.025389605281117854
8097 0.017089563027878365
8115 0.015883607570672698
8154 0.02946884180432072
8202 0.01996284409387556
8264 0.016073975869550387
8289 0.06979120598312602
8401 0.042266167404624175
8463 0.01905628273686558
8490 0.03695578372679118
8492 0.041671999377862035
8658 0.02203574781733421
8699 0.054471011132017855
8744 0.005416648880214916
8749 0.04664830364757976
8795 0.01583662255632753
8872 0.025389605281117854
8875 0.024272906024561034
8951 0.031276060540625227
9094 0.03888185143361015
9112 0.04093300224631455
9174 0.05813472793853702
9224 0.044328034293704716
9225 0.040248797770501846
9254 0.054471011132017855
9355 0.04664830364757976
9383 0.048952777561780014
9385 0.026660199523191902
9406 0.04247533499551247
9409 0.03784877426191074
9429 0.05821448209325309
9457 0.022283113447750608
9497 0.015075340533076208
9500 0.022283113447750608
9572 0.22707735169548632
9645 0.014943895243061243
9647 0.019533346403043494
9652 0.01371106193457875
9654 0.01996284409387556
9666 0.027785551578313656
9690 0.12074639331150554
9725 0.05762691312302474
9813 0.028313268657098732
9823 0.03695578372679118
9827 0.03372920658876781
9888 0.054471011132017855
9902 0.03195539092790857
9937 0.03695578372679118
9949 0.026967979203188372
9950 0.05821448209325309
9974 0.03205673961833396
9994 0.06837011491078314
10011 0.054471011132017855
10045 0.054471011132017855
10135 0.05821448209325309
10143 0.05821448209325309
10290 0.039015964462019354
10325 0.04975479548094701
10327 0.02475262615324987
10329 0.03742935088264781
10331 0.021558621480841107
10363 0.04664830364757976
10377 0.07391156745358236
10440 0.02906736396926851
10495 0.022004724455633253
10514 0.040248797770501846
10519 0.03055627784971327
10525 0.054471011132017855
10616 0.022866414893062265
10619 0.044328034293704716
10706 0.03695578372679118
10752 0.026967979203188372
10797 0.022866414893062265
10999 0.005646898603495123
11000 0.014973883844940923
11001 0.10699627994165425
11057 0.03489560299156301
11097 0.016122187652176635
11108 0.022189381318886175
11166 0.05821448209325309
11246 0.01787340014748312
11253 0.149264386442841
11255 0.011503157481569477
11262 0.03878901733607956
11272 0.03205673961833396
11285 0.04975479548094701
11320 0.027785551578313656
11324 0.041671999377862035
11506 0.054471011132017855
11509 0.03742935088264781
11562 0.04975479548094701
11750 0.054471011132017855
11779 0.054471011132017855
11796 0.03205673961833396
11797 0.031276060540625227
11921 0.026362349970953474
11922 0.03261645858494144
11941 0.03742935088264781
12028 0.03489560299156301
12064 0.04809193951228067
12173 0.025794014545117698
12187 0.05821448209325309
12215 0.03365000472975045
12262 0.027785551578313656
12306 0.054471011132017855
12314 0.03650532680926662
12333 0.02257015839326382
12354 0.06242087431422136
12398 0.027958127357919024
12401 0.031789111158195764
12523 0.10759211770046732
12591 0.02988857478203419
12597 0.05181497621617518
12610 0.02500216932769714
12611 0.017143397206021527
12633 0.04975479548094701
12690 0.23285792837301236
12727 0.04807150525493994
12733 0.06922723671213153
12735 0.01448736229017885
12763 0.02147193037073014
12787 0.03845624549541187
12817 0.04541547033909726
12834 0.007652838521570487
12865 0.03433417055459419
12877 0.02531355371957534
12966 0.02926592077014018
12999 0.025258645136517828
13043 0.047412630110221586
13068 0.031789111158195764
13077 0.03650532680926662
13112 0.016669830050164893
13244 0.0433552896038691
13263 0.041671999377862035
13283 0.05181497621617518
13336 0.06908192436624343
13482 0.054471011132017855
13546 0.04975479548094701
13598 0.04541547033909726
13622 0.05181497621617518
13624 0.3568472182124983
13626 0.11706368308056073
13673 0.05821448209325309
13676 0.035982027307691164
13699 0.054471011132017855
13754 0.04756907369309454
13783 0.039015964462019354
13787 0.09644385521730231
13789 0.04807150525493994
13827 0.06628977371222154
13842 0.02712580416420139
13912 0.035514532191114896
13989 0.01811014479568331
14003 0.03845624549541187
14014 0.024630339128491992
14041 0.03746002157078614
14043 0.030105820932188707
14062 0.011415644642527967
14072 0.04147028050633357
14107 0.033849291893423936
14116 0.030105820932188707
14163 0.022385045675874498
14198 0.023382333202966156
