11 0.026118435197741784
41 0.08367896307261129
287 0.058838128593734336
293 0.10253276545862731
337 0.027878155336753085
339 0.037076966297797866
393 0.08367896307261129
437 0.035404269939177974
482 0.03472355257946926
592 0.05608253018947696
690 0.05990038168708779
931 0.04018771657222752
1091 0.038541404077080114
1112 0.04096100785259591
1117 0.03993965179917515
1133 0.02464235101231009
1162 0.035580048389161976
1305 0.061055116541150416
1318 0.08514845971827821
1319 0.06177416020506126
1383 0.05990038168708779
1508 0.07151879642364839
1600 0.05126638272931366
1601 0.05608253018947696
1667 0.05527797604669921
1714 0.038541404077080114
1837 0.06909919264813257
1871 0.024956474054932377
1873 0.08367896307261129
1963 0.017495754858099864
2006 0.032442914251259836
2017 0.02934259311603533
2046 0.035230789312583916
2090 0.05312117450155882
2344 0.061055116541150416
2391 0.05126638272931366
2424 0.04235925557469095
2425 0.04944037495129349
2479 0.031895575692192986
2485 0.03301380136516784
2565 0.025860736247166064
2575 0.027681543163564876
2593 0.05312117450155882
2689 0.06528134115052174
2764 0.05527797604669921
2827 0.05451942222365386
2843 0.24819658816344783
2927 0.10709857459740924
2969 0.03922212143678881
2995 0.1663445898226809
3003 0.06371823318469864
3036 0.04096100785259591
3130 0.03765747792443966
3144 0.061055116541150416
3159 0.03876445267127249
3205 0.06231998546260361
3308 0.08356432244149337
3321 0.020651018888105204
3402 0.04327486541956608
3454 0.037076966297797866
3490 0.04096100785259591
3523 0.03969613893114273
3544 0.03111469877060317
3633 0.023193234350408577
3693 0.03969613893114273
3928 0.03149939466117572
3930 0.08367896307261129
4021 0.061055116541150416
4027 0.08367896307261129
4114 0.04774021503812488
4120 0.04607916508565443
4190 0.04265749461906086
4266 0.05527797604669921
4383 0.02388810948140848
4420 0.0340760544585213
4489 0.017226737289391926
4492 0.034558692335741215
4499 0.06909919264813257
4575 0.05608253018947696
4577 0.055889752743929426
4702 0.03768490826738739
4830 0.05312117450155882
4913 0.03668661230483494
5087 0.0464753461166717
5166 0.04607916508565443
5189 0.042962590330571454
5208 0.04150275976499823
5214 0.05527797604669921
5247 0.029086922040563137
5260 0.02310513784290868
5296 0.05608253018947696
5301 0.06371823318469864
5360 0.04359466592920781
5393 0.06705344680508957
5455 0.09992617910423479
5551 0.021118770528256055
5571 0.029565641710227707
5677 0.03727653515562693
5891 0.05990038168708779
5906 0.07829800360917735
5938 0.026118435197741784
5943 0.08367896307261129
5952 0.07448015211156651
5957 0.0878447270810281
6023 0.06705344680508957
6044 0.022235688319200125
6053 0.08367896307261129
6077 0.04819012520712934
6206 0.04730505871050168
6219 0.24819658816344783
6245 0.04935280168540063
6271 0.03876445267127249
6310 0.018878913233537367
6315 0.01745053819099958
6419 0.038322042405805064
6686 0.08367896307261129
6866 0.025359881374696434
6923 0.042962590330571454
6949 0.0406982056222205
7047 0.10624234900311764
7099 0.030349304527082458
7268 0.05990038168708779
7338 0.04178216122074668
7468 0.03427652620400991
7479 0.045662995308867034
7551 0.04774021503812488
7561 0.06371823318469864
7580 0.015212732860561065
7598 0.025775936732087102
7602 0.05527797604669921
7604 0.0340760544585213
7617 0.04819012520712934
7633 0.02154202987708559
7671 0.021603612720563763
7682 0.08367896307261129
7718 0.027977564632701027
7891 0.022365797978562838
8097 0.024564968408481894
8117 0.08367896307261129
8175 0.058838128593734336
8244 0.028280340022681875
8264 0.02310513784290868
8289 0.3009589128818442
8345 0.04018771657222752
8346 0.039457013921955233
8411 0.022042884749555226
8433 0.018979834472404124
8744 0.03114411021633649
8868 0.057854635844044794
8875 0.06978097318260296
8944 0.057854635844044794
8996 0.02915954084895743
9096 0.07829800360917735
9286 0.05608253018947696
9299 0.04730505871050168
9392 0.08654973083913216
9393 0.06909919264813257
9409 0.08160717238880393
9497 0.043339348506220836
9565 0.07448015211156651
9677 0.06528134115052174
9765 0.07369490522544568
9783 0.020310716166822763
9813 0.0406982056222205
9867 0.039457013921955233
9902 0.07349357427985372
9990 0.04532061126260909
10033 0.04730505871050168
10363 0.06705344680508957
10445 0.0290148955047291
10496 0.04327486541956608
10508 0.04865582488300001
10522 0.03969613893114273
10567 0.013298384912274369
10575 0.029232459048644768
10619 0.06371823318469864
10732 0.02249719587331915
10841 0.06528134115052174
10924 0.022763960211189458
10999 0.008116994306669496
11000 0.03766671624403755
11001 0.10253276545862731
11108 0.031895575692192986
11135 0.032868760807224104
11430 0.0878447270810281
11502 0.04178216122074668
11505 0.0798793035983503
11511 0.03272528828602297
11663 0.05990038168708779
11905 0.029232459048644768
11930 0.07116009677832395
11941 0.05380189186126752
12028 0.050159818813640684
12064 0.017282141341101075
12175 0.0727796180909139
12215 0.04836936449358753
12243 0.08367896307261129
12314 0.05247367638061085
12351 0.10253276545862731
12354 0.044862668608239745
12398 0.04018771657222752
12401 0.04569446919508188
12446 0.08367896307261129
12614 0.03061852588052662
12733 0.024877243497476522
12735 0.06247349854409776
12764 0.051551873464174204
12834 0.011000382877603108
12865 0.01645093389513354
12874 0.07829800360917735
12877 0.1091590194108625
12903 0.02148073148193518
12940 0.042067571768268884
12964 0.05608253018947696
12985 0.05185630558010564
12999 0.03630741282310285
13043 0.0681521089170426
13209 0.05693902599916967
13336 0.028371456675224702
13608 0.03301380136516784
13624 0.31565611137564187
13626 0.08413514353653777
13676 0.025860736247166064
13726 0.03727653515562693
13744 0.03630741282310285
13787 0.04621027568581736
13842 0.03899131424608456
13874 0.02830095953441521
13884 0.04096100785259591
13890 0.07448015211156651
13948 0.049754486994953044
14010 0.08851671633851126
14016 0.10624234900311764
14062 0.01640913518670403
14065 0.027108601862058067
14163 0.021451219045341453
