670 0.056595285611081576
931 0.051783080738914945
976 0.03617899156623925
1240 0.046308157065371135
1319 0.01989946554768917
1566 0.03929672375782899
1627 0.379073486051403
1689 0.02485224818031434
2038 0.08210285865866934
2144 0.060411081425419635
2215 0.051783080738914945
2384 0.03824175236835483
2488 0.05114966817286409
2558 0.02617096826692067
2574 0.10841066132489763
2659 0.0639071818399322
2741 0.08030117444115177
2793 0.05918891804607939
2926 0.05702822478931772
2955 0.173785326975233
3010 0.02505382439416113
3105 0.05887869701176291
3142 0.044112815477183064
3147 0.0418036701602418
3165 0.045395930972848365
3208 0.03993013632387985
3214 0.053477553419491834
3238 0.053837570593286456
3443 0.11944384317201139
3758 0.03145500796005313
3790 0.03354298655781327
3832 0.04561946597457985
3852 0.04162460900445675
3984 0.04315872190592836
3991 0.03961049740763625
4103 0.11976976079261889
4438 0.059884880396309445
4630 0.054581174014261095
4660 0.04291929509676588
4692 0.11775739402352582
4747 0.0363090316159424
4817 0.03795191180030944
4887 0.039452890908302354
4899 0.03838853596598092
4974 0.03961049740763625
4985 0.03529539067169305
5260 0.029771664589421647
5302 0.07867135281727233
5689 0.03920412709003607
5798 0.029682832264314504
6062 0.046308157065371135
6154 0.03541885824148592
6175 0.06331638623770645
6508 0.054581174014261095
6558 0.07336764643522399
6775 0.027599946493267264
6807 0.08411697025548982
6813 0.046639727533315224
7153 0.04678319272658391
7442 0.03795191180030944
7453 0.09261631413074227
7865 0.024326047151204157
7963 0.07024991424363423
8020 0.05535858898184709
8411 0.05680583910028045
8474 0.04474234119604648
8673 0.02660945855188548
8952 0.08030117444115177
8968 0.049101045597372425
8996 0.037572944841925776
9035 0.10088933107963222
9282 0.06932535480465003
9443 0.07454743724113605
9652 0.07618547030190667
9681 0.40355732431852886
9749 0.06463243421177862
9755 0.4829301256587237
9899 0.049101045597372425
9908 0.04584596179081574
10031 0.1964041823894897
10356 0.08210285865866934
10361 0.0363090316159424
10451 0.03868593796865206
10493 0.04561946597457985
10499 0.03354298655781327
10526 0.07454743724113605
10567 0.0171353686734559
10582 0.05053888238368716
10645 0.0418036701602418
10657 0.02624327359294645
10924 0.02933204695606156
10949 0.03657211656088421
10950 0.03332233595924752
10999 0.010458991139348573
11000 0.03466764002963896
11245 0.044112815477183064
11255 0.04261150433967425
11359 0.028734972393700334
11814 0.06844823002611668
11842 0.07707318086615132
11866 0.05244086122377053
11910 0.038988603996030755
12064 0.03340283785964204
12069 0.040092224590800016
12117 0.03566850039962812
12264 0.05702822478931772
12288 0.04855813701038453
12328 0.04162460900445675
12378 0.04763111196918606
12513 0.03657211656088421
12582 0.07561762638023739
12591 0.05535858898184709
12877 0.02344244625665796
12919 0.048293012565872366
13022 0.03795191180030944
13024 0.13233844643154918
13088 0.032363195751901205
13464 0.08433503518288925
13715 0.10782285908556002
13874 0.018233318505736607
13916 0.12926486842355725
14214 0.09596991467052492
