11 0.03570508268406184
85 0.04583254785941512
127 0.027299655570205923
313 0.02680920733463276
322 0.02208047982841223
406 0.02713320901584875
535 0.02799777553913133
617 0.03465567062650245
688 0.035444958023130996
721 0.025479355095937625
765 0.037783747196417666
784 0.04583254785941512
817 0.025479355095937625
947 0.03293904079721845
960 0.01968602653184908
971 0.03922749321196652
998 0.03630952454641358
1002 0.020056326220175093
1107 0.015066810408423
1127 0.017503610527429832
1184 0.02534294526671159
1190 0.03891911241731042
1240 0.024564947333520732
1241 0.03465567062650245
1249 0.02297343787002507
1302 0.09776943068900759
1307 0.028368075227457337
1350 0.030251589077410063
1357 0.03392959660555833
1397 0.05150281826596612
1399 0.03677481026182613
1458 0.015698882731151526
1483 0.050417112796654895
1545 0.019123298370410095
1567 0.0163280632576594
1604 0.015559681799533832
1605 0.04094326602554756
1623 0.06050317815482013
1633 0.06526303403653062
1689 0.013183296558470272
1690 0.0332573570613249
1692 0.0665147141226498
1793 0.03586694493222174
1830 0.025076129481438208
1963 0.01195874425667245
2044 0.02781814426922429
2278 0.03358725096925103
2332 0.02979794041644958
2340 0.025758487356560493
2425 0.0168968073910452
2439 0.05090886895274093
2558 0.013882833994810287
2565 0.017676398279319844
2742 0.05090886895274093
2793 0.015698882731151526
2816 0.02979794041644958
2848 0.015559681799533832
2915 0.03630952454641358
2943 0.05090886895274093
2965 0.015983861645345362
3010 0.013290226079976535
3021 0.035444958023130996
3138 0.047230861424592666
3181 0.02979794041644958
3182 0.035444958023130996
3220 0.01885450588373397
3227 0.025076129481438208
3236 0.020208784980393833
3249 0.08240613554434068
3251 0.029365902445165598
3253 0.053518456823637775
3297 0.08541762322987242
3298 0.047230861424592666
3308 0.02855905244343558
3332 0.08421802203719693
3333 0.031233203453087763
3396 0.047696873844007316
3432 0.035555611826162375
3435 0.03833367815465072
3443 0.0158402531150818
3490 0.02799777553913133
3495 0.037783747196417666
3519 0.021181618055578097
3527 0.03981277511036119
3557 0.035444958023130996
3720 0.053518456823637775
3728 0.02180134756778936
3734 0.014936912016344926
3758 0.016685842470979963
3786 0.018402472300263966
3840 0.024564947333520732
3841 0.03187147815566999
3978 0.03263151701826531
3984 0.011447138018303913
4028 0.048399238927471826
4036 0.04094326602554756
4071 0.030487214862781022
4123 0.047230861424592666
4134 0.037783747196417666
4253 0.03630952454641358
4311 0.029579349533176636
4383 0.0326561265153188
4384 0.015935739077834996
4455 0.05090886895274093
4478 0.03428537093817644
4489 0.04709945864961546
4529 0.04462127355369582
4542 0.02084561361680364
4577 0.0254679402729087
4619 0.04259711994545869
4621 0.031233203453087763
4673 0.04355285389644441
4808 0.031967723290690725
4812 0.047230861424592666
4840 0.040217192004603435
4849 0.048884715344503796
4881 0.016378318692026828
4887 0.02092845513047452
4899 0.020363849999128224
4987 0.04094326602554756
5002 0.02362164804205766
5019 0.05090886895274093
5059 0.0154680539224663
5106 0.0332573570613249
5123 0.03428537093817644
5214 0.037783747196417666
5223 0.014682565932260342
5260 0.015792884429367122
5341 0.030487214862781022
5350 0.025076129481438208
5360 0.02979794041644958
5421 0.024564947333520732
5422 0.5180268401005674
5434 0.02746921345462321
5644 0.030729124737562504
5661 0.024319768010983067
5689 0.010398247071934853
5793 0.042535201051788776
5798 0.015745761815856706
5800 0.026046482424631267
5825 0.07354962052365226
5951 0.048884715344503796
6102 0.017222749618359366
6151 0.027299655570205923
6166 0.030487214862781022
6249 0.03392959660555833
6297 0.03263151701826531
6310 0.025808328595694804
6396 0.053518456823637775
6419 0.026193982954225703
6433 0.04094326602554756
6508 0.02895350949011705
6511 0.041732553422176105
6528 0.01968602653184908
6569 0.0372652584973993
6593 0.03833367815465072
6675 0.03630952454641358
6693 0.02227145704439047
6705 0.03677481026182613
6729 0.03358725096925103
6734 0.024564947333520732
6752 0.021442049800401247
6775 0.014640859731429407
6792 0.04462127355369582
6813 0.012370417255952431
6837 0.03891911241731042
6840 0.0372652584973993
6866 0.0346681052860251
6936 0.05123569519655217
6937 0.06145824947512501
7006 0.021442049800401247
7078 0.026193982954225703
7201 0.008436869373070595
7422 0.015698882731151526
7431 0.05528400241302644
7432 0.03465567062650245
7448 0.08873804859952991
7466 0.032756637384053655
7468 0.011714390553749567
7469 0.031233203453087763
7479 0.03121169033981773
7491 0.027089484180422202
7492 0.03586694493222174
7501 0.06145824947512501
7502 0.07261904909282715
7585 0.03149615179737255
7598 0.017618435892321167
7602 0.037783747196417666
7604 0.023291754134131523
7817 0.03891911241731042
7906 0.0332573570613249
7929 0.03586694493222174
7976 0.23000206892790429
7997 0.04094326602554756
8015 0.03149615179737255
8097 0.01679071164707538
8237 0.053518456823637775
8264 0.015792884429367122
8293 0.01679071164707538
8383 0.03263151701826531
8401 0.020763521810369133
8411 0.075334052042115
8429 0.29579349533176635
8430 0.05719646435178605
8433 0.012973146247781123
8451 0.030251589077410063
8463 0.018723038615901567
8487 0.04094326602554756
8507 0.030487214862781022
8642 0.03954495246037001
8706 0.02987382403268985
8739 0.026046482424631267
8744 0.010643851957218075
8961 0.028754137009586473
8981 0.02060153388608517
8996 0.03986241170877349
8997 0.007165426165526563
9105 0.09619344520657572
9312 0.03428537093817644
9329 0.03428537093817644
9337 0.06195532619670838
9420 0.0372652584973993
9425 0.04355285389644441
9497 0.007405856295430838
9500 0.021893440568953978
9531 0.041527043620738266
9538 0.23311207804525533
9542 0.05563628853844858
9652 0.026942583253082096
9708 0.01617894621149625
9725 0.02830958520651823
9758 0.04435093171099755
9783 0.013882833994810287
9823 0.03630952454641358
9827 0.02209291448793488
9842 0.03465567062650245
9902 0.0816310961133687
9932 0.020208784980393833
9982 0.03954495246037001
10005 0.05711810488687116
10048 0.02180134756778936
10156 0.014808847545275691
10174 0.02590134200502837
10268 0.02915736262408589
10324 0.02649638037943895
10341 0.07783822483462084
10362 0.018402472300263966
10489 0.052092964849262534
10499 0.03558689226342992
10506 0.025617847598276084
10531 0.023734333748323358
10582 0.02680920733463276
10587 0.02044238800230422
10595 0.021710180140086216
10598 0.23184402790090308
10657 0.02784237916269745
10680 0.04094326602554756
10705 0.0372652584973993
10732 0.015377342339518216
10922 0.030729124737562504
10924 0.031119363599067664
10930 0.014682565932260342
10999 0.005548149241550876
11000 0.03310206775333437
11008 0.04094326602554756
11118 0.07562566919498234
11232 0.05183469125836371
11262 0.01905534986766648
11314 0.024816938056942597
11332 0.05180268401005674
11359 0.015242953471134073
11365 0.0140372391304686
11403 0.04355285389644441
11424 0.047230861424592666
11480 0.041732553422176105
11566 0.04259711994545869
11579 0.04462127355369582
11665 0.04355285389644441
11798 0.031233203453087763
11910 0.02068216626323468
11989 0.03630952454641358
11991 0.03465567062650245
12011 0.035444958023130996
12069 0.06380280157768317
12076 0.04583254785941512
12078 0.019906387555180594
12117 0.018920960999282335
12183 0.02855905244343558
12256 0.024564947333520732
12276 0.03586694493222174
12316 0.025758487356560493
12318 0.030021929147368464
12354 0.030664648933933076
12378 0.012633365600237227
12531 0.04462127355369582
12611 0.016843604407439386
12648 0.02068216626323468
12794 0.0372652584973993
12810 0.023848436922003658
12834 0.0075190105614580645
12877 0.02487088643371292
12878 0.07666735630930144
12903 0.029365131864520683
12924 0.03891911241731042
12957 0.024564947333520732
12962 0.03504173240863158
12984 0.028754137009586473
13022 0.02013223530500163
13033 0.03954495246037001
13086 0.12519766026652834
13102 0.09776943068900759
13184 0.03428537093817644
13408 0.040217192004603435
13507 0.047230861424592666
13516 0.030487214862781022
13608 0.15795976079231186
13619 0.06466815564735275
13674 0.030487214862781022
13676 0.017676398279319844
13696 0.029365902445165598
13723 0.032456760054064664
13754 0.02336860803275872
13861 0.03891911241731042
13874 0.0290165191529722
13989 0.01779344613171496
14040 0.0210964429443208
14041 0.03680494460052793
14110 0.02915736262408589
14163 0.014662393514180748
