337 0.01827970864131705
852 0.13592503812038942
917 0.0812777113611809
940 0.027970522568147808
960 0.018884713836613814
981 0.02587196712398175
1005 0.035277904714127395
1033 0.028585025869731134
1054 0.022343671581678264
1064 0.05406787388140291
1083 0.03159826887877258
1107 0.014453521259521391
1117 0.05237686563587443
1183 0.054868302651226115
1249 0.022038312267676278
1255 0.0365594172826341
1305 0.040033844705733436
1350 0.14510104461798176
1397 0.01646880480016876
1458 0.015059865303580283
1471 0.024442227025844317
1550 0.07234815976073421
1629 0.04280498051364049
1631 0.054868302651226115
1655 0.039525911580438944
1689 0.012646675169676413
1703 0.027774967203357957
1718 0.016363961995624798
1800 0.06509700893179968
1808 0.023565039905564675
1881 0.03677331944484768
1882 0.027970522568147808
1942 0.017182921507748947
1959 0.02073988873171565
1963 0.04588787133190877
2006 0.02127282141965902
2017 0.019239940608075816
2115 0.051340007108922635
2325 0.054868302651226115
2396 0.036245773230311994
2424 0.027774967203357957
2549 0.054868302651226115
2564 0.026858136062289373
2565 0.03391377357202144
2575 0.0363015800478671
2661 0.054868302651226115
2763 0.02224068993584362
2776 0.03518637116860841
2793 0.015059865303580283
2813 0.039276684971337
2907 0.027970522568147808
2934 0.0249862696387086
2965 0.015333244252618712
2969 0.025717948103031088
3124 0.054868302651226115
3130 0.024692011229239332
3147 0.02127282141965902
3157 0.019686287034238272
3188 0.03074165837605486
3204 0.026858136062289373
3232 0.025127766211804917
3241 0.05759979443834423
3313 0.03254850446589984
3332 0.016157991491934788
3417 0.055941045136295615
3432 0.008527083329087252
3440 0.039276684971337
3442 0.04969407421633518
3523 0.05205752282253013
3535 0.045308346040129815
3544 0.020401910424795524
3590 0.02635108890908804
3633 0.02281170837456673
3666 0.020485182328314207
3692 0.08560996102728098
3738 0.024442227025844317
3756 0.020485182328314207
3758 0.016006651198883462
3786 0.01765340622265507
3793 0.04280498051364049
3799 0.029246243645334576
3814 0.029961867035891827
3841 0.06114832198828516
3847 0.043681068985157584
3940 0.021002275871908643
3985 0.03722123447804679
3991 0.020156771749144396
4028 0.023214582576541763
4030 0.041308311100845756
4050 0.051340007108922635
4112 0.03793528926156738
4154 0.030214112161519174
4164 0.035748389429033516
4188 0.021364905321411522
4402 0.03254850446589984
4489 0.14684244889692677
4492 0.045320274551267456
4593 0.02668581661921569
4612 0.031903628192774564
4689 0.02332984051998589
4721 0.02635108890908804
4734 0.02213891278132688
4741 0.06881398743852779
4758 0.05849248729066915
4763 0.028585025869731134
4778 0.034406993719263895
4783 0.04280498051364049
4808 0.09199946551571225
4835 0.02332984051998589
4841 0.029020208923596347
4857 0.034002183636940624
4903 0.027583710108604758
4913 0.02405541456630127
4985 0.07184369600256957
4998 0.029020208923596347
5002 0.022660137275633728
5223 0.014084917317842673
5247 0.01907229706383161
5260 0.015150040696165743
5264 0.0488366415824333
5350 0.02405541456630127
5432 0.03733492381445426
5474 0.023446645596070282
5551 0.02769515898423973
5647 0.030214112161519174
5689 0.019949980260181296
5690 0.051340007108922635
5746 0.021002275871908643
5747 0.03130326274566144
5760 0.06881398743852779
5962 0.03506675767354372
5974 0.0455364723007586
5978 0.04689488042555056
6109 0.010869622668528204
6230 0.035550224735177945
6278 0.014084917317842673
6315 0.01144231926081234
6412 0.022988547854803535
6479 0.054868302651226115
6519 0.051038542239099115
6563 0.018023753497508458
6564 0.051340007108922635
6567 0.029246243645334576
6628 0.03733492381445426
6629 0.021091526372373097
6657 0.051340007108922635
6737 0.023214582576541763
6775 0.04213472625916603
6788 0.03733492381445426
7071 0.09378976085110112
7099 0.05970012407782418
7136 0.054868302651226115
7153 0.023806773436381788
7242 0.051691790004491874
7245 0.017714046520407156
7284 0.16388145862651365
7424 0.0976732831648666
7468 0.06742536276276573
7492 0.034406993719263895
7497 0.024311369710109866
7540 0.04254564283931804
7714 0.0683047084511379
7717 0.01724035965366645
7733 0.02947830666486309
7856 0.05406787388140291
7862 0.02967686459860221
7865 0.024757809776517377
7914 0.03677331944484768
7948 0.0976455133976995
8011 0.024442227025844317
8027 0.023100831316074696
8042 0.028799897219172116
8074 0.041652949986993114
8115 0.014970614803115827
8214 0.054868302651226115
8250 0.011804948710315224
8264 0.030300081392331486
8268 0.34608520125297143
8293 0.016107251712534066
8320 0.054868302651226115
8342 0.054868302651226115
8380 0.054868302651226115
8428 0.033245023902544184
8507 0.029246243645334576
8517 0.12028045055424261
8658 0.020769128864717944
8662 0.027213362833751368
8706 0.014328910335206016
8744 0.005105298878017538
8931 0.01753337883677186
8964 0.03733492381445426
8976 0.024182451092726365
8982 0.06964374772962528
8984 0.040033844705733436
8996 0.019119913222192603
9105 0.23069481324039748
9113 0.14399948609586058
9126 0.018410565957051504
9147 0.035748389429033516
9174 0.02739656639020434
9189 0.0488366415824333
9196 0.045308346040129815
9230 0.054868302651226115
9375 0.025417854657578468
9383 0.030759308432052997
9385 0.025127766211804917
9387 0.02837533265047108
9420 0.035748389429033516
9457 0.021002275871908643
9497 0.05683522843089846
9531 0.019918350053766794
9566 0.04689488042555056
9645 0.014084917317842673
9647 0.018410565957051504
9708 0.07760193985509564
9719 0.07123408412642743
9725 0.013578626814136387
9783 0.013317738183937156
9827 0.03179044541414428
9867 0.0517439342479635
9902 0.018071153407793764
9905 0.027851950089971423
9908 0.02332984051998589
9916 0.028170573850119698
9932 0.01938619358878565
9955 0.04280498051364049
9957 0.04941999461452408
9968 0.036245773230311994
9981 0.032889797131082185
10040 0.018476740021293583
10108 0.05895661332972618
10174 0.02484703710816759
10221 0.03858016553469265
10242 0.05623975911824025
10328 0.04689488042555056
10331 0.06095828352088567
10335 0.02073988873171565
10371 0.027213362833751368
10372 0.045308346040129815
10451 0.039372574068476544
10459 0.02457508224022428
10460 0.01706917024728188
10534 0.04086321935675775
10537 0.035748389429033516
10561 0.027774967203357957
10567 0.008719752030220747
10574 0.024442227025844317
10600 0.03074165837605486
10602 0.0594334567204814
10604 0.032889797131082185
10608 0.02587196712398175
10628 0.03494796065921031
10656 0.045308346040129815
10732 0.029502826198027122
10755 0.03793528926156738
10884 0.18822538335186745
10936 0.05675066530094216
10999 0.026611569018258573
11000 0.0070565910846069725
11232 0.11602448344901162
11233 0.054868302651226115
11255 0.021683907627398438
11259 0.04291594819281022
11317 0.018746586372746753
11328 0.025717948103031088
11336 0.053716272124578746
11338 0.06611493680302882
11339 0.07069511971669402
11355 0.16460490795367835
11356 0.015333244252618712
11365 0.013465858313567851
11466 0.10973660530245223
11576 0.01827970864131705
11581 0.02837533265047108
11617 0.02668581661921569
11714 0.018746586372746753
11797 0.02947830666486309
11849 0.04254564283931804
11878 0.02947830666486309
11905 0.019167725691447937
11921 0.02484703710816759
11955 0.04620166263214939
11968 0.03733492381445426
12017 0.04836490218545273
12023 0.017356386006092687
12064 0.005665950716561681
12092 0.09571088457832368
12117 0.01815079002393355
12140 0.035277904714127395
12173 0.024311369710109866
12189 0.10973660530245223
12208 0.24084895603484727
12215 0.03171579609296433
12219 0.030214112161519174
12231 0.02213891278132688
12262 0.026188432817937216
12285 0.05759979443834423
12378 0.036357386865422205
12387 0.020319427840295223
12398 0.07905326672726411
12477 0.041780050497826335
12614 0.02007656982184816
12648 0.019840306055188935
12726 0.059923734071783655
12733 0.016312010512885448
12735 0.1365462596544546
12763 0.020237719751591113
12768 0.06120573127438656
12834 0.02885180766324512
12865 0.021573757291190432
12885 0.028170573850119698
12982 0.031903628192774564
12984 0.08275113032581427
13038 0.033245023902544184
13079 0.024956711313159952
13112 0.03142329013154465
13155 0.06649004780508837
13261 0.0517439342479635
13336 0.02790474955147768
13395 0.054868302651226115
13450 0.028585025869731134
13558 0.04086321935675775
13616 0.05350982933732411
13660 0.04047543950318223
13700 0.025417854657578468
13709 0.02091393148354083
13723 0.04670342880212585
13726 0.024442227025844317
13754 0.02241739716974727
13761 0.020826474993496557
13786 0.023548291356214744
13787 0.015150040696165743
13822 0.028575533543004822
13851 0.03159826887877258
13852 0.041780050497826335
13860 0.028585025869731134
13874 0.01855694138689259
13876 0.040033844705733436
13912 0.016736575081586484
13948 0.016312010512885448
13989 0.01706917024728188
14008 0.045308346040129815
14041 0.08826703111327536
14050 0.054868302651226115
14062 0.010759471229198923
14076 0.02635108890908804
14088 0.05406787388140291
14113 0.026858136062289373
14211 0.06964374772962528
14212 0.11126052702858877
14247 0.034406993719263895
