896 0.08467582909994234
1027 0.05655898349862422
1054 0.06469100576672648
1369 0.21618951593986355
1412 0.10494137082574567
1419 0.1486432829003133
1545 0.05311344942226519
1550 0.05236689954004153
1800 0.09423677225136225
1963 0.03321446676862969
2485 0.06267439257368508
2494 0.1357734322646796
2693 0.05311344942226519
2776 0.05093705687218246
2857 0.08900546143521172
2965 0.04439391210807791
2995 0.07017634843573226
3281 0.05330359534432701
3332 0.046781779662416555
3432 0.04937645049058739
3517 0.06623714820121585
3532 0.10213912825191222
3633 0.022015366522812344
3728 0.06055151935351894
3761 0.06029830903035831
3832 0.06721252994797246
3840 0.06822719922512938
3841 0.08852051096234118
3865 0.04534990487525617
4188 0.061857211260047784
4304 0.07677347309939235
4452 0.04466337152247197
4561 0.12393205973915149
4577 0.03536759536386919
4584 0.11170007140333212
4721 0.07629356877833665
4887 0.05812712961580837
5746 0.06080730038379717
6495 0.09732564152396747
6528 0.054676382403916556
6741 0.11371668459637355
6752 0.05955359820905625
6831 0.09522490733429809
6866 0.09628792172819982
7276 0.07879008629243375
7284 0.05931017394742247
7442 0.05591569199609862
7453 0.06822719922512938
7468 0.06507158735252173
7541 0.2827907177822427
7571 0.06529812466420971
7633 0.040896036854907974
7717 0.14974658954757206
7891 0.04245990297291694
7989 0.15885865804309127
8154 0.08041608367518394
8250 0.034178536965299953
8268 0.36916186566305276
8308 0.11590886794301462
8364 0.24786411947830297
8659 0.1064687605871816
8683 0.14153378899259378
8744 0.04434368603450732
8970 0.07932051041201768
8997 0.07960561883415496
9104 0.08156147250590792
9105 0.044528281573699154
9458 0.09844556879104473
9497 0.04113836077405665
9758 0.061590603321530706
9783 0.038558473906468015
9827 0.09204198513639007
9902 0.017440301236101758
9906 0.11099155738193618
9941 0.08276142381617958
10003 0.05931017394742247
10079 0.05427646583116785
10362 0.05111141199768592
10459 0.07115154647295059
10531 0.06592023565680007
10567 0.025246053532848506
10717 0.12096460860556547
10949 0.10776559642232016
10999 0.07704772953400613
11000 0.010215375142777951
11052 0.07629356877833665
11339 0.06822719922512938
11849 0.061590603321530706
11930 0.06754623303955025
12041 0.054676382403916556
12064 0.016404468224445176
12117 0.05255147336983601
12245 0.062126670674441845
12378 0.03508817421786613
12406 0.06004761825468557
12735 0.03953385565322462
12800 0.13117998374834342
12834 0.04176691483090806
12865 0.031230947255749323
12900 0.11813815828056949
13022 0.11183138399219723
13024 0.12998547299969163
13057 0.07115154647295059
13079 0.07225646642613663
13446 0.08041608367518394
13529 0.1272962783654141
13761 0.06029830903035831
13787 0.04386348798849399
13822 0.08273394094879377
13884 0.15552321636465638
14212 0.05368824732098071
