11 0.05229816373632605
85 0.13426425103755069
313 0.0785362872414576
1184 0.07424094282861661
1458 0.04598912411524172
1620 0.059200666480384224
3249 0.24140482226075788
3297 0.06255670775463228
3332 0.049342531370380076
3358 0.1063670109221808
3390 0.14320542931730923
3432 0.02603961494059133
3984 0.03353384187292834
4478 0.10043734999587715
4577 0.03730355485254489
4612 0.09742583264242224
4887 0.06130890567300015
4967 0.11401167344623173
5247 0.029121051853723715
5280 0.08602600296051387
5422 0.45526043577237396
5663 0.04478408281050473
5689 0.030461166145489382
5793 0.06230241584504111
5891 0.11994133437253536
6465 0.13071588104604864
6593 0.11229667184848442
6746 0.10916678769902206
6837 0.22802334689246345
7448 0.08665128596890898
7468 0.03431674535932325
7492 0.10507049516647318
7502 0.1063670109221808
7536 0.3544581235870333
7865 0.037802130486622544
8411 0.044137498557068056
8451 0.08862057947624744
8487 0.11994133437253536
8517 0.052472415519842434
8744 0.031180653878854422
9105 0.046965680790132476
9312 0.10043734999587715
9337 0.09074757850145784
9538 0.15175347859079133
9615 0.14913509024361288
9645 0.043011872790734026
9676 0.07345931878090686
9725 0.041465786132988076
9758 0.06496196379110303
9902 0.09197476208270196
9906 0.05853351926204413
10257 0.12225351395039272
10371 0.0831029159774069
10432 0.07717325505110328
10531 0.06952859252705235
10574 0.07464054888175098
10594 0.14913509024361288
10598 0.135835192314098
10924 0.045581341661499304
11000 0.010774546673513288
11104 0.13836054357009955
11134 0.11781433534732494
11741 0.09939512614976073
11955 0.07054425634920211
12291 0.19879025229952146
12378 0.03700883868822418
13138 0.14320542931730923
13516 0.08931083391497087
13874 0.028334167120278975
14041 0.1078183202126588
14116 0.08665128596890898
14163 0.021476389329672777
