11 0.051869909142583895
85 0.06658239988622659
127 0.03965907785679231
313 0.07789317621453552
322 0.03207701527143214
535 0.040673258937934255
617 0.05034539487215384
765 0.05488965118737516
784 0.06658239988622659
931 0.03990539998792854
947 0.04785159212523688
981 0.039179830485144056
994 0.027487081786292618
998 0.05274800105906485
1184 0.036816502569719405
1302 0.1420327613195731
1307 0.04121120507179298
1357 0.049290604050622605
1397 0.02493992734574232
1399 0.05342393641530937
1458 0.0456125324290818
1600 0.050906239100961655
1603 0.046972743173956846
1605 0.059479584672514685
1620 0.029357944640272568
1633 0.04740484255138409
1692 0.0966280405710098
2006 0.03221500449381793
2332 0.043288415705792664
2425 0.024546529465522875
2558 0.02016803445952601
2742 0.07395693298055629
2793 0.0228062662145409
2965 0.02322026414636434
3010 0.019307134094959034
3138 0.06861377447287552
3249 0.14964251733074774
3251 0.04266078040482052
3297 0.031022224449900906
3332 0.07340771939767846
3358 0.05274800105906485
3390 0.07101638065978655
3396 0.034645382767567616
3417 0.042357827974553675
3432 0.03873957605527281
3433 0.06482274318019544
3435 0.055688553379834596
3443 0.0230116394672736
3527 0.02891864228353097
3786 0.02673385676375138
3984 0.01662962145210456
4028 0.03515555681458768
4253 0.05274800105906485
4384 0.02315035496210177
4455 0.07395693298055629
4478 0.0498074487382951
4511 0.06861377447287552
4577 0.055497130185650397
4612 0.0483140202855049
4673 0.06327061596519477
4678 0.04121120507179298
4795 0.04297086177782414
4887 0.030403432354938413
4967 0.05653903235174494
5002 0.03431591934911155
5059 0.022470933863123658
5247 0.014441293975489362
5280 0.04266078040482052
5417 0.043288415705792664
5422 0.602043252322294
5644 0.04464117678349453
5661 0.035330100430253496
5663 0.044417358860370966
5689 0.03021172843294714
5793 0.03089611965669355
5798 0.022874368951785944
5825 0.05342393641530937
5891 0.059479584672514685
5951 0.07101638065978655
6102 0.025020036105070975
6245 0.01633536695423867
6249 0.049290604050622605
6297 0.04740484255138409
6310 0.018746289866151213
6419 0.03805283208389182
6433 0.059479584672514685
6465 0.06482274318019544
6569 0.05413642616483392
6593 0.055688553379834596
6628 0.05653903235174494
6675 0.05274800105906485
6681 0.025020036105070975
6693 0.03235445394672519
6723 0.03263785950023996
6746 0.05413642616483392
6837 0.11307806470348988
6936 0.07443172385898401
6937 0.08928235356698906
7006 0.031149547665773603
7201 0.012256508455709771
7431 0.04015641425026176
7448 0.04297086177782414
7468 0.01701786770976913
7469 0.04537346796473516
7479 0.04534221518090702
7491 0.019676877597390216
7492 0.05210505157818499
7502 0.05274800105906485
7536 0.17577778407293837
7585 0.045755461387014314
7602 0.05488965118737516
7865 0.018746289866151213
7950 0.0483140202855049
7997 0.059479584672514685
8401 0.030163828475452938
8411 0.08755213859816023
8429 0.1289125853334724
8451 0.043947445542941846
8487 0.059479584672514685
8507 0.04428974661494852
8517 0.026021367014226825
8658 0.015726112829848992
8744 0.01546266224428775
8996 0.014477348308041607
8997 0.02081888494489685
9105 0.046581092362745095
9312 0.0498074487382951
9337 0.04500223636447308
9420 0.05413642616483392
9425 0.06327061596519477
9497 0.010758722968551052
9500 0.031805297390814356
9531 0.030163828475452938
9538 0.18813851635071688
9542 0.12123690863800067
9615 0.07395693298055629
9645 0.02132983047890545
9676 0.03642889079292004
9725 0.04112623475821873
9758 0.0966450134814538
9823 0.05274800105906485
9827 0.03209507949677971
9842 0.05034539487215384
9902 0.04561080362872091
9906 0.02902710256927275
10005 0.04148864374708604
10257 0.06062620757527537
10341 0.11307806470348988
10371 0.04121120507179298
10432 0.03827065275102324
10499 0.025849105079863127
10506 0.03721586192949201
10531 0.03447962145834316
10574 0.03701466946687291
10582 0.03894658810726776
10587 0.029697307179470212
10594 0.07395693298055629
10595 0.03153906913757341
10598 0.1347228770635349
10657 0.02022375483991172
10680 0.059479584672514685
10732 0.0223391542616778
10922 0.04464117678349453
10924 0.04520808918835542
11000 0.0267157925384038
11104 0.06861377447287552
11118 0.03662127158665347
11134 0.058424793850983446
11255 0.01641877134865194
11332 0.03762770327014338
11365 0.02039234371063776
11403 0.06327061596519477
11424 0.06861377447287552
11480 0.06062620757527537
11566 0.0618821908594257
11579 0.06482274318019544
11741 0.049290604050622605
11798 0.04537346796473516
11919 0.04206168404370333
11955 0.03498329488022397
11959 0.04785159212523688
11989 0.05274800105906485
12023 0.026284057114586395
12069 0.03089611965669355
12078 0.02891864228353097
12117 0.027487081786292618
12183 0.04148864374708604
12256 0.03568628022953305
12276 0.05210505157818499
12291 0.09858120810124521
12378 0.03670578397186355
12611 0.02446923979922615
12810 0.034645382767567616
12903 0.02132983047890545
13043 0.03383667197746329
13102 0.1420327613195731
13138 0.07101638065978655
13507 0.06861377447287552
13516 0.04428974661494852
13619 0.046972743173956846
13676 0.025679065942220147
13696 0.04266078040482052
13754 0.01697416004009038
13861 0.05653903235174494
13874 0.01405107339494234
14040 0.030647473594623248
14041 0.05346771352750276
14110 0.042357827974553675
14116 0.04297086177782414
14163 0.02130052536561855
