11 0.04893168118917432
85 0.04187384449414466
127 0.02494169723221451
313 0.048987221150573
322 0.020173318348504114
406 0.02478962719772467
535 0.02557951835240856
617 0.03166234980227825
688 0.03238346392861898
721 0.023278621916700045
765 0.034520244420229315
784 0.04187384449414466
817 0.023278621916700045
931 0.050193219722523934
947 0.030093990767429565
960 0.017985681621514243
971 0.017919644743419717
981 0.024640297313483456
994 0.01728669723956811
998 0.03317335508330287
1107 0.013765441930051062
1127 0.015991767849343027
1184 0.023153994239574073
1190 0.03555754452515807
1240 0.022443194469700323
1241 0.03166234980227825
1302 0.08932477307415401
1307 0.025917834075391177
1357 0.03099898911071227
1397 0.031369570371611456
1399 0.03359845258720543
1458 0.028685840299886873
1483 0.04606242593291036
1545 0.017471558086491708
1567 0.014917756347279622
1600 0.03201506619674085
1603 0.029541280375755097
1604 0.014215742446843045
1605 0.03740686552916532
1620 0.018463287755249323
1623 0.027638662825680397
1633 0.059626057596542006
1690 0.030384813040370526
1692 0.06076962608074105
1793 0.03276900248222573
1830 0.02291022418482191
1963 0.010925829366614185
2006 0.020260100129424054
2044 0.025415402408310375
2278 0.03068621295910158
2332 0.027224197246714467
2340 0.023533644633535977
2425 0.015437376235560865
2558 0.012683729336188153
2565 0.01614963137190626
2742 0.04651170754108425
2793 0.014342920149943436
2816 0.027224197246714467
2848 0.014215742446843045
2915 0.03317335508330287
2940 0.017660636652930887
2965 0.014603284526230484
3010 0.012142306857388511
3021 0.03238346392861898
3138 0.04315138125605239
3182 0.03238346392861898
3220 0.017225982064342667
3227 0.02291022418482191
3249 0.15057690948064012
3251 0.08048842731965757
3253 0.04889589698293945
3297 0.03901991531387626
3298 0.08630276251210478
3308 0.02609231598000462
3332 0.046166305690102674
3333 0.028535492036363283
3335 0.03979105497102052
3358 0.03317335508330287
3390 0.044662386537077006
3396 0.02178857134810709
3417 0.026638948201731915
3432 0.032484560209694924
3433 0.04076719181419718
3435 0.03502267608731012
3443 0.014472079922839585
3490 0.02557951835240856
3495 0.034520244420229315
3519 0.019352094134374897
3527 0.03637401872060996
3557 0.03238346392861898
3633 0.007241908766661243
3720 0.04889589698293945
3728 0.01991829563166817
3734 0.013646763276474981
3786 0.01681299206347224
3841 0.029118636916775697
3984 0.010458412191086647
4028 0.0442188422668626
4036 0.03740686552916532
4071 0.027853936860318364
4123 0.04315138125605239
4134 0.034520244420229315
4253 0.03317335508330287
4311 0.027024486755338657
4383 0.014917756347279622
4384 0.014559318458387848
4455 0.04651170754108425
4478 0.031324034079295626
4489 0.04303132815792718
4511 0.04315138125605239
4542 0.019045111470837598
4577 0.04653638605669925
4612 0.030384813040370526
4619 0.03891787081018994
4621 0.028535492036363283
4673 0.03979105497102052
4678 0.025917834075391177
4795 0.027024486755338657
4840 0.03674350483759933
4849 0.044662386537077006
4881 0.014963671059464995
4887 0.019120797698706803
4899 0.018604959313655425
4967 0.03555754452515807
5002 0.02158137094718264
5011 0.04315138125605239
5019 0.04651170754108425
5059 0.01413202876181241
5123 0.031324034079295626
5214 0.034520244420229315
5223 0.01341438587504137
5247 0.009082167348386043
5260 0.014428802621617042
5280 0.02682947577321919
5341 0.027853936860318364
5350 0.02291022418482191
5417 0.027224197246714467
5421 0.022443194469700323
5422 0.5442756908170561
5434 0.025096609861261967
5644 0.028074952207518118
5661 0.02221919206737669
5663 0.027934192533431667
5689 0.019000234603472974
5793 0.03886130004888869
5798 0.014385750138557505
5825 0.03359845258720543
5891 0.03740686552916532
5951 0.044662386537077006
6102 0.015735165792940334
6151 0.02494169723221451
6166 0.027853936860318364
6245 0.010273354771912912
6249 0.03099898911071227
6297 0.029813028798271003
6310 0.011789590462925907
6315 0.010897592254624932
6396 0.04889589698293945
6419 0.02393152508719205
6433 0.03740686552916532
6465 0.04076719181419718
6508 0.026452702513239133
6511 0.03812797965550605
6528 0.017985681621514243
6569 0.03404653924413344
6593 0.03502267608731012
6628 0.03555754452515807
6675 0.03317335508330287
6681 0.015735165792940334
6693 0.020347800253117554
6705 0.03359845258720543
6723 0.020526034742966714
6729 0.03068621295910158
6746 0.03404653924413344
6752 0.01959003155861572
6775 0.013376281971819734
6792 0.04076719181419718
6813 0.011301944855702076
6837 0.07111508905031615
6840 0.03404653924413344
6866 0.01583685522029557
6936 0.04681030475963591
6937 0.056149904415036235
7006 0.01959003155861572
7078 0.02393152508719205
7201 0.007708150051553303
7431 0.05050894676765041
7432 0.03166234980227825
7448 0.10809794702135463
7466 0.02992734211892999
7468 0.021405162545010924
7469 0.028535492036363283
7479 0.028515837079313603
7491 0.024749679015816928
7492 0.03276900248222573
7501 0.028074952207518118
7502 0.03317335508330287
7536 0.1105471056671565
7585 0.028775728693342245
7598 0.03219335076234743
7602 0.034520244420229315
7604 0.021279971028451587
7817 0.03555754452515807
7865 0.011789590462925907
7906 0.030384813040370526
7929 0.03276900248222573
7950 0.030384813040370526
7976 0.14009070434924048
7997 0.03740686552916532
8015 0.028775728693342245
8097 0.030680888638890104
8237 0.04889589698293945
8264 0.014428802621617042
8383 0.029813028798271003
8401 0.018970110195599185
8411 0.09635809351035744
8429 0.27024486755338656
8433 0.011852614221790188
8451 0.027638662825680397
8463 0.017105870043815904
8487 0.03740686552916532
8507 0.027853936860318364
8517 0.01636490540654423
8642 0.03612932876725759
8658 0.009890193268186652
8706 0.027293526552949962
8739 0.023796764648868034
8744 0.01944901701918758
8961 0.026270550469853785
8981 0.018822113685080015
8996 0.027314526035756816
8997 0.01309305089954314
9040 0.04315138125605239
9105 0.11717988064701579
9312 0.031324034079295626
9329 0.031324034079295626
9337 0.11320809406898552
9420 0.03404653924413344
9425 0.03979105497102052
9442 0.04076719181419718
9497 0.006766188862379572
9500 0.02000243426654387
9531 0.03794022039119837
9538 0.23664160470306783
9542 0.07624620722493113
9615 0.04651170754108425
9645 0.01341438587504137
9652 0.012307733195093892
9676 0.02291022418482191
9725 0.0387965940362172
9758 0.06078030038827216
9783 0.012683729336188153
9784 0.022790976309476213
9823 0.03317335508330287
9827 0.020184678986817
9842 0.03166234980227825
9902 0.08031730854795943
9906 0.018255220316153706
9982 0.03612932876725759
10005 0.05218463196000924
10048 0.01991829563166817
10108 0.028074952207518118
10156 0.013529760142299965
10209 0.022443194469700323
10215 0.04889589698293945
10234 0.020894432474844845
10257 0.03812797965550605
10268 0.026638948201731915
10294 0.044662386537077006
10324 0.024207803482136397
10341 0.07111508905031615
10362 0.01681299206347224
10371 0.025917834075391177
10432 0.024068513071383937
10475 0.05225622326797132
10489 0.04759352929773607
10499 0.03251313885581051
10506 0.023405152379817953
10531 0.021684323629528733
10567 0.008304636500768065
10574 0.023278621916700045
10582 0.0244936105752865
10587 0.018676713738959468
10594 0.04651170754108425
10595 0.019835002625521486
10598 0.23300081158692726
10657 0.03815631608508676
10680 0.03740686552916532
10705 0.03404653924413344
10732 0.014049152227655133
10922 0.028074952207518118
10924 0.04264722734052913
10930 0.02682877175008274
10999 0.005068937892862166
11000 0.04368424170541431
11104 0.04315138125605239
11118 0.04606242593291036
11134 0.03674350483759933
11232 0.047357563620780564
11255 0.010325808012525403
11262 0.017409478512687003
11332 0.04732832094061357
11359 0.013926370954536239
11365 0.012824798007724495
11403 0.03979105497102052
11424 0.04315138125605239
11480 0.03812797965550605
11566 0.03891787081018994
11579 0.04076719181419718
11665 0.03979105497102052
11741 0.03099898911071227
11798 0.028535492036363283
11910 0.01889578158659639
11919 0.05290540502647827
11955 0.02200108515479232
11959 0.030093990767429565
11989 0.03317335508330287
11991 0.03166234980227825
12011 0.03238346392861898
12023 0.016530111894015456
12069 0.019430650024444347
12076 0.04187384449414466
12078 0.01818700936030498
12117 0.03457339447913622
12183 0.02609231598000462
12256 0.022443194469700323
12276 0.03276900248222573
12291 0.06199797822142454
12316 0.023533644633535977
12354 0.02801604538472714
12378 0.023084363025362084
12611 0.015388768563367558
12648 0.01889578158659639
12794 0.03404653924413344
12810 0.02178857134810709
12834 0.006869569633485879
12877 0.011361354316928836
12878 0.07004535217462024
12903 0.01341438587504137
12924 0.03555754452515807
12957 0.022443194469700323
12962 0.03201506619674085
12984 0.026270550469853785
13022 0.018393349919515585
13033 0.03612932876725759
13043 0.04255994205690317
13086 0.11438393896651815
13088 0.015684785185805728
13102 0.08932477307415401
13138 0.044662386537077006
13347 0.03555754452515807
13408 0.03674350483759933
13507 0.04315138125605239
13516 0.027853936860318364
13608 0.12369966202131366
13619 0.059082560751510194
13674 0.027853936860318364
13676 0.01614963137190626
13696 0.02682947577321919
13723 0.014826683075273113
13754 0.03202528021603354
13861 0.03555754452515807
13874 0.017673513220341015
13989 0.016256569427905255
14018 0.034520244420229315
14040 0.019274275869187032
14041 0.05043897619041672
14110 0.026638948201731915
14116 0.027024486755338657
14163 0.020093933719592533
