721 0.12200605299859717
976 0.09189835621423302
994 0.09060165619462202
1127 0.08381477575218907
1184 0.12135286437622365
2006 0.10618561781675281
2332 0.14268528712793166
3130 0.06162643910252417
3249 0.19729791634787897
3396 0.11419651902820685
3497 0.17174627724373256
3560 0.1677948066311855
4577 0.06097569697117293
5422 0.49610682742972967
5689 0.049791255648902286
5824 0.23408093135347025
6109 0.05425691194051067
6675 0.17386553778474192
7114 0.2738811416050711
7536 0.11587813128398952
8115 0.07472746330190178
8202 0.09391901007306827
8355 0.15211374978296133
8507 0.14598582806835367
9538 0.24805341371486483
9542 0.26641035232282867
9902 0.030068047101242744
10415 0.15925045406130434
10598 0.2220336790234989
10924 0.0745064133345316
10931 0.2738811416050711
10999 0.026566912225996952
11118 0.12070935297898616
12865 0.05384388608829986
13723 0.07770842653608465
14163 0.035104906569292306
