313 0.042373041390740586
318 0.04425162172682817
968 0.028888097300519347
1055 0.06595999618439985
1107 0.02381370598144521
1184 0.08011110924286144
1190 0.06151323837237095
1240 0.038825897279700206
1318 0.03066296157909372
1319 0.016684201104890602
1397 0.05426819780939929
1458 0.024812721967207633
1461 0.024592709239362208
1567 0.05161433470311217
1616 0.06595999618439985
1632 0.0904013356728903
1692 0.05256460400773213
1942 0.02831068175986717
1956 0.08046353569370944
1963 0.05670384346440481
2244 0.09562773118299894
2332 0.04709685545211723
2425 0.026706090561179115
2575 0.029905347575848475
2692 0.04513874267751094
2811 0.0772642786790401
2813 0.06471249538704031
3010 0.04201148454334634
3041 0.049365346993062775
3095 0.0705257357145286
3128 0.0566891636594247
3242 0.05538488173934447
3273 0.05256460400773213
3297 0.06750301192125212
3321 0.022310024191753392
3432 0.014049272259131882
3728 0.034457915571061565
3756 0.03375150596062606
3758 0.05274530386796282
3761 0.03431382174764732
3789 0.03146285428313075
3816 0.06595999618439985
3841 0.05037416609217286
3984 0.018092666709638702
4053 0.06883705503873289
4074 0.06595999618439985
4084 0.0635649058981686
4384 0.02518708304608643
4420 0.036813563701063
4434 0.05971874751339102
4489 0.07444260794176775
4633 0.07244020396609382
4967 0.06151323837237095
5105 0.0705257357145286
5123 0.054189421706009024
5247 0.015711813976461618
5422 0.5321956035858223
5455 0.03598459209663255
5622 0.11779851011910404
5663 0.02416256053385408
5689 0.04930455586440168
5734 0.0705257357145286
5746 0.06920694460187134
5749 0.05889925505955202
5798 0.024886816265176918
5824 0.0772642786790401
5891 0.12942499077408062
5974 0.15005231504926672
6278 0.023206391975873295
6315 0.018852431994266533
6528 0.06222912946595592
6567 0.04818628171822887
6619 0.05110532366185061
6628 0.06151323837237095
6679 0.06883705503873289
6798 0.07465029536622116
6836 0.05889925505955202
6936 0.0809800978502751
6937 0.04856863010358016
6967 0.09152439613140365
7099 0.03278742428501191
7107 0.0772642786790401
7153 0.03922417885589002
7242 0.042583847448616124
7379 0.08046353569370944
7423 0.041400654262311605
7426 0.11624816339481944
7453 0.038825897279700206
7468 0.01851507019978554
7566 0.030225150011432406
7585 0.04978094753421017
7668 0.05308601473206375
7671 0.04667828982546359
7698 0.08458809534540201
7891 0.04832512106770816
7987 0.08458809534540201
7997 0.06471249538704031
8032 0.08458809534540201
8097 0.026538401927401156
8401 0.0984527693907331
8433 0.06151375414392393
8658 0.017109668965592878
8706 0.04721679259056721
8744 0.008411520227184941
8756 0.0772642786790401
8899 0.07244020396609382
8995 0.03066296157909372
8997 0.011325247169912709
9091 0.0904013356728903
9105 0.07601882413715916
9127 0.07244020396609382
9255 0.0904013356728903
9285 0.06595999618439985
9367 0.041400654262311605
9420 0.11779851011910404
9457 0.03460347230093567
9497 0.01170525675836683
9527 0.08046353569370944
9538 0.20469061676377778
9542 0.21983853603360945
9725 0.08948889914853027
9730 0.04641400188576285
9758 0.035049224724378665
9781 0.03268900404937043
9827 0.01745937446703291
9902 0.02977413782231795
9905 0.022944517759488484
9917 0.05602219620521899
9949 0.04187860567859467
9954 0.0635649058981686
10174 0.08187624670551112
10331 0.033478407898782564
10362 0.029085855122009476
10387 0.04454127228011651
10456 0.05020895587773071
10516 0.03439259785103759
10567 0.014366714335580729
10569 0.03922417885589002
10587 0.06462004953262683
10595 0.03431382174764732
10598 0.1099316716210799
10645 0.035049224724378665
10657 0.044006011440465925
10924 0.024592709239362208
10930 0.023206391975873295
10999 0.02630722585563476
11000 0.005813240327488285
11118 0.039843147555029323
11262 0.030117754642249864
11311 0.03122972370348891
11356 0.02526314271914924
11480 0.06595999618439985
11636 0.07397053784790916
11708 0.05110532366185061
11825 0.0904013356728903
11835 0.05538488173934447
12010 0.04608439622603814
12041 0.03111456473297796
12117 0.029905347575848475
12175 0.026208796267676436
12245 0.03535428335518148
12316 0.04071233577698604
12328 0.03489909544949776
12378 0.019967547596667624
12398 0.08683241575592685
12509 0.06595999618439985
12523 0.027846653725603736
12554 0.0566891636594247
12648 0.06537800809874086
12834 0.011884101673028542
12865 0.07109009684529718
12876 0.053627105918987755
12878 0.06058793573534775
12898 0.049365346993062775
12984 0.045447081760163634
13111 0.05971874751339102
13219 0.05256460400773213
13282 0.0904013356728903
13416 0.0904013356728903
13616 0.05877540474168361
13617 0.04709685545211723
13676 0.02793826563313777
13751 0.06151323837237095
13754 0.01846751720512296
13787 0.024961295470316912
13822 0.02354060791960172
13827 0.06862764349529464
13884 0.04425162172682817
13948 0.026875763721882148
13989 0.028123264519241672
13997 0.036476201906582004
14072 0.06439924592125636
14088 0.04454127228011651
14110 0.04608439622603814
14163 0.05793627162384526
