300 0.035892548974225016
313 0.1329373611923504
318 0.03470776245797234
321 0.034934943343260826
481 0.05531527177612085
599 0.03840181413048542
617 0.04296129820189622
688 0.04393974734457782
765 0.046839054075294956
971 0.048628810325296964
981 0.03343337330547007
997 0.028098059471411165
1184 0.03141667176640674
1240 0.06090443547222549
1329 0.03426672274008852
1357 0.04206121224290237
1363 0.05681684181391161
1460 0.027372319196268518
1483 0.03125007506966726
1567 0.02024127024497074
1614 0.04619630363329927
1620 0.02505205128469683
1689 0.03268564852410322
1690 0.041227862808283916
1793 0.044462868239686974
1882 0.036145257841763964
1963 0.014824794004656352
1988 0.049022352311097764
2204 0.01634282426205161
2254 0.04619630363329927
2384 0.025147754597266942
2533 0.05280600661986044
2558 0.0344200276812626
2565 0.02191274916586388
2571 0.04393974734457782
2597 0.02162804860860505
2609 0.027140453840446978
2716 0.057747778468118544
2780 0.07618742142153855
2791 0.058550277207523906
2816 0.036939357423787456
2848 0.019288737387906475
3010 0.04942614199673159
3058 0.0631097612789347
3135 0.04206121224290237
3153 0.03809371071076927
3249 0.07661678086411611
3297 0.02647223323727467
3328 0.03516680869908236
3396 0.11825594965942375
3402 0.07333675747374625
3412 0.05531527177612085
3432 0.03305769044719805
3443 0.01963655082611871
3519 0.026258034925702965
3523 0.03363599268550356
3634 0.0404520330456358
3699 0.03284654078751068
3777 0.058550277207523906
3786 0.06843850537457317
3840 0.06090443547222549
3914 0.031757457583828114
3979 0.0631097612789347
3985 0.024049803040323496
4071 0.03779382436949839
4123 0.058550277207523906
4132 0.04985570174571621
4202 0.037501728171491576
4210 0.058550277207523906
4383 0.02024127024497074
4420 0.057747778468118544
4422 0.04985570174571621
4451 0.12120099224534858
4489 0.0291936911278035
4492 0.029282845987663845
4493 0.03640377661454813
4559 0.06060049612267429
4561 0.05531527177612085
4564 0.047520782273307006
4577 0.04735743488177317
4673 0.05399079313611313
4685 0.02860928711173428
4799 0.08412242448580474
4881 0.020303569968597314
4974 0.026047840556260783
4984 0.047520782273307006
5059 0.019175149842805137
5123 0.042502251960786185
5158 0.030452217736112744
5228 0.03265754354282196
5260 0.01957782969345467
5350 0.031085910528523292
5390 0.01820141067772201
5407 0.05531527177612085
5422 0.6100689986437843
5450 0.06634476671033776
5486 0.06634476671033776
5596 0.045588313872312235
5613 0.025244279407543667
5641 0.045011517117046596
5644 0.03809371071076927
5661 0.03014827838656155
5689 0.06445152916659512
5720 0.06060049612267429
5736 0.04619630363329927
5746 0.027140453840446978
5749 0.04619630363329927
5825 0.045588313872312235
6109 0.028092811855009333
6132 0.0631097612789347
6176 0.06634476671033776
6249 0.04206121224290237
6264 0.058550277207523906
6278 0.01820141067772201
6429 0.026258034925702965
6494 0.06060049612267429
6531 0.0404520330456358
6550 0.06634476671033776
6569 0.04619630363329927
6620 0.045011517117046596
6633 0.03470776245797234
6656 0.058550277207523906
6675 0.045011517117046596
6699 0.0631097612789347
6746 0.09239260726659854
6771 0.043439884102747926
6775 0.018149709109165562
6789 0.04953946682044186
6815 0.046839054075294956
6840 0.04619630363329927
6873 0.05531527177612085
6936 0.031757457583828114
6937 0.03809371071076927
7006 0.02658088211487354
7025 0.02505205128469683
7081 0.04619630363329927
7100 0.026690590998256467
7245 0.022891198308545486
7432 0.04296129820189622
7479 0.01934596433763313
7491 0.016790894346748967
7492 0.13338860471906094
7536 0.029999334866684543
7585 0.03904456457248111
7602 0.046839054075294956
7604 0.028873889234059272
7633 0.018253351053446935
7638 0.0631097612789347
7754 0.06634476671033776
7817 0.04824652254844966
7862 0.019175149842805137
7961 0.05280600661986044
8213 0.05531527177612085
8264 0.03915565938690934
8411 0.03735548746892165
8412 0.025739737136544635
8429 0.11000513621061937
8744 0.013194772736591875
8799 0.06634476671033776
8905 0.06634476671033776
8995 0.024049803040323496
8996 0.012353973574224639
9106 0.058550277207523906
9204 0.020556278836136265
9312 0.042502251960786185
9323 0.05531527177612085
9383 0.01987455063812423
9386 0.03972629277049316
9467 0.06060049612267429
9500 0.027140453840446978
9538 0.096326683996387
9542 0.24139556350749225
9594 0.032471670362982326
9676 0.031085910528523292
9689 0.05681684181391161
9725 0.05264145131413794
9741 0.0631097612789347
9749 0.042502251960786185
9758 0.027490069710424135
9823 0.09002303423409319
9827 0.06846933491018073
9902 0.007784224717662957
9925 0.03972629277049316
9979 0.03904456457248111
10040 0.023876798530229268
10162 0.029852338376740874
10209 0.030452217736112744
10257 0.05173423684739167
10295 0.06060049612267429
10301 0.05399079313611313
10331 0.026258034925702965
10341 0.04824652254844966
10354 0.04619630363329927
10422 0.11917887831147947
10598 0.05748161982681371
10665 0.05399079313611313
10942 0.049022352311097764
11000 0.02279742035705395
11104 0.058550277207523906
11108 0.02702628969894238
11112 0.045011517117046596
11118 0.03125007506966726
11172 0.05399079313611313
11262 0.023622182263592886
11272 0.03904456457248111
11325 0.0229701114138096
11511 0.02772933557414816
11542 0.06060049612267429
11716 0.04985570174571621
11842 0.025341639940859823
11864 0.0631097612789347
11866 0.03448508050107032
11905 0.02476973341022093
11987 0.03210889466546233
11989 0.045011517117046596
12023 0.022429007032775897
12024 0.0631097612789347
12276 0.08892573647937395
12377 0.03343337330547007
12378 0.046983288192118694
12445 0.04824652254844966
12455 0.046839054075294956
12509 0.05173423684739167
12591 0.03640377661454813
12648 0.051277767605312434
12733 0.021079399731245427
12834 0.009321027383812245
12903 0.03640282135544402
12932 0.03779382436949839
12985 0.04393974734457782
13043 0.028873889234059272
13290 0.0631097612789347
13296 0.06060049612267429
13314 0.06634476671033776
13338 0.031585773770353175
13536 0.0631097612789347
13660 0.02615244662549255
13676 0.02191274916586388
13696 0.03640377661454813
13751 0.04824652254844966
13786 0.015215287106803005
13787 0.01957782969345467
13851 0.04083325841317137
13874 0.011990219874325183
13989 0.02205784887392703
14062 0.013904061351478326
14110 0.036145257841763964
14163 0.00908820185454078
