11 0.018181139664998926
85 0.04667615315209673
127 0.02780213983091193
313 0.02730266428294529
318 0.02851310956988544
324 0.03080840736156945
617 0.03529355153270092
721 0.025948334452681625
765 0.03847920425915859
784 0.04667615315209673
817 0.025948334452681625
947 0.03354532498717061
981 0.0549323476270814
994 0.019269224920602564
1002 0.04085097591313583
1033 0.0303464087303525
1064 0.028699743135856676
1107 0.030688267747815825
1145 0.02851310956988544
1162 0.024767403718990947
1184 0.02580941383015949
1190 0.03963546729512395
1222 0.048100204425071603
1249 0.04679258538018154
1302 0.09956899918440756
1307 0.02889022508651557
1357 0.03455411321246395
1375 0.029084717476703086
1397 0.05245079196820191
1399 0.037451696580025125
1458 0.03197568055451265
1461 0.01584607717861665
1483 0.05134510273357582
1604 0.01584607717861665
1605 0.04169687797888626
1618 0.02452428317970675
1620 0.020580752910704363
1633 0.0332321408489386
1690 0.03386950025972604
1692 0.03386950025972604
1710 0.04667615315209673
1718 0.017372294201525442
1871 0.017372294201525442
1901 0.02452428317970675
2005 0.05450353087125695
2278 0.03420546627709727
2332 0.0303464087303525
2352 0.019901733689478035
2384 0.020659375064489616
2425 0.03441562847368051
2479 0.02220262860178713
2558 0.014138364895500468
2692 0.029084717476703086
2694 0.037451696580025125
2780 0.03129473266203568
2793 0.03197568055451265
2848 0.01584607717861665
2879 0.037451696580025125
3010 0.02706969858353806
3130 0.013106755063853271
3138 0.048100204425071603
3142 0.02383110458211864
3153 0.03129473266203568
3181 0.0303464087303525
3227 0.05107537393415834
3249 0.18882657765528024
3251 0.029906418560549413
3297 0.06524238096027977
3332 0.08576815992932726
3358 0.036977846699833096
3390 0.04978449959220378
3396 0.04857479438516061
3417 0.02969404030357612
3432 0.009052514318563762
3433 0.04544258382978075
3435 0.03903925738359541
3437 0.02969404030357612
3443 0.016131812759688256
3497 0.036527120855016894
3523 0.027632629619813807
3527 0.020272789483156153
3557 0.03609736674976146
3606 0.020899337836759943
3746 0.02394308228416716
3752 0.05450353087125695
3758 0.016992966243905425
3786 0.018741192789435732
3789 0.020272789483156153
3798 0.04544258382978075
3816 0.042500693195946807
3840 0.10006838349285137
3841 0.03245811252171444
3984 0.011657836892124305
3992 0.0236111406830256
4000 0.044354498574177115
4028 0.024645043687654435
4120 0.032075877812973254
4253 0.036977846699833096
4266 0.03847920425915859
4286 0.036527120855016894
4384 0.04868716878257167
4420 0.023720467962646204
4450 0.02452428317970675
4478 0.03491643601607078
4489 0.05995797877235756
4511 0.048100204425071603
4577 0.025936709525576626
4673 0.08870899714835423
4678 0.02889022508651557
4721 0.027974818639986274
4784 0.02514451923562108
4887 0.021313669488835594
4967 0.03963546729512395
5123 0.03491643601607078
5223 0.014952816898202596
5247 0.010123757186076316
5280 0.08971925568164825
5352 0.05184591027596609
5422 0.5803179482746154
5571 0.020580752910704363
5677 0.025948334452681625
5689 0.03176891939316025
5739 0.035686719264159006
5793 0.021659057278883898
5814 0.03609736674976146
5816 0.024056433980017437
5825 0.037451696580025125
5830 0.07137343852831801
6032 0.03235166089886697
6091 0.04978449959220378
6102 0.017539755837981817
6114 0.04978449959220378
6165 0.04544258382978075
6245 0.022903112265542445
6249 0.03455411321246395
6297 0.0332321408489386
6310 0.02628336312062187
6419 0.026676115929341496
6488 0.022391166723441668
6528 0.020048372439937782
6531 0.0332321408489386
6593 0.03903925738359541
6628 0.03963546729512395
6675 0.036977846699833096
6681 0.017539755837981817
6693 0.045362782061035486
6737 0.024645043687654435
6746 0.07590234425598352
6747 0.05824923672215144
6770 0.03455411321246395
6775 0.0298206860853005
6840 0.03795117212799176
6844 0.05450353087125695
6936 0.07826812824754886
6937 0.06258946532407136
7078 0.026676115929341496
7201 0.008592160492355897
7368 0.05184591027596609
7418 0.01776786736127706
7431 0.0281507867662786
7448 0.03012379440883155
7468 0.011930008544309359
7469 0.03180808957596373
7479 0.015893090243485994
7486 0.020502794242918544
7492 0.036527120855016894
7502 0.036977846699833096
7533 0.020659375064489616
7536 0.1725153058135811
7585 0.06415175562594651
7598 0.03588545042413338
7602 0.03847920425915859
7851 0.020580752910704363
7929 0.036527120855016894
7950 0.03386950025972604
7976 0.15615702953438165
7997 0.08339375595777251
8098 0.05824923672215144
8377 0.03386950025972604
8383 0.0332321408489386
8401 0.021145700364955843
8411 0.07672066936953956
8429 0.09037138322649466
8433 0.013211933209198381
8451 0.03080840736156945
8487 0.04169687797888626
8507 0.03104837013383978
8517 0.018241717241469092
8658 0.022048903379495912
8691 0.020738672094799914
8706 0.01521184453966786
8744 0.0325192960431043
8961 0.029283392817973666
8996 0.020298064594159674
8997 0.01459462956884052
9105 0.08163667143384312
9106 0.09620040885014321
9127 0.04667615315209673
9337 0.0946435370454193
9383 0.01632733428676862
9386 0.03263593093741006
9420 0.03795117212799176
9497 0.007542170331186141
9500 0.022296416689671337
9531 0.042291400729911686
9538 0.10551235423174822
9542 0.14165085981039383
9553 0.03420546627709727
9645 0.014952816898202596
9676 0.02553768696707917
9708 0.016476739925602973
9725 0.08649197545104399
9758 0.06775089901167639
9783 0.014138364895500468
9784 0.02540476312977839
9823 0.036977846699833096
9827 0.05624890543823374
9899 0.026525900468257306
9902 0.057554043509456185
9905 0.014784080749471101
9906 0.020348823223556828
9940 0.03903925738359541
9961 0.022109783123700093
9966 0.044035722993074566
10005 0.029084717476703086
10260 0.03057452025364775
10341 0.0792709345902479
10432 0.026828814402753257
10459 0.026089376082516286
10499 0.018120956733521407
10531 0.024171193807462407
10561 0.05897286999608822
10574 0.025948334452681625
10575 0.020348823223556828
10582 0.02730266428294529
10587 0.02081865568802601
10595 0.022109783123700093
10598 0.236111406830256
10608 0.0274661738135407
10680 0.04169687797888626
10705 0.03795117212799176
10732 0.015660381533079647
10754 0.027141998540985264
10846 0.048100204425071603
10883 0.05824923672215144
10945 0.02730266428294529
10999 0.011300539717043903
11000 0.026219940956261453
11118 0.05134510273357582
11134 0.040957439658649286
11179 0.03847920425915859
11232 0.03519251566504423
11246 0.01788407074639496
11255 0.011510024981804055
11272 0.032075877812973254
11325 0.037740796708949934
11332 0.026378088557937055
11364 0.03057452025364775
11365 0.02859122410109534
11403 0.044354498574177115
11424 0.048100204425071603
11480 0.042500693195946807
11511 0.022780194617362814
11535 0.040957439658649286
11566 0.043381173146018435
11791 0.04544258382978075
11798 0.03180808957596373
11829 0.04667615315209673
11842 0.02081865568802601
11905 0.020348823223556828
11910 0.042125694734710714
11955 0.02452428317970675
11959 0.03354532498717061
11989 0.036977846699833096
12010 0.02969404030357612
12023 0.018425870461792702
12064 0.006015081360233579
12069 0.021659057278883898
12078 0.020272789483156153
12086 0.05450353087125695
12117 0.07707689968241026
12183 0.029084717476703086
12246 0.03795117212799176
12256 0.025017095873212842
12270 0.0303464087303525
12291 0.03455411321246395
12316 0.026232604491224717
12378 0.051463593897668886
12611 0.017153631985865447
12648 0.042125694734710714
12725 0.026232604491224717
12810 0.024287397192580305
12834 0.015314814685640657
12878 0.03903925738359541
12903 0.029905633796405193
12932 0.03104837013383978
12984 0.05856678563594733
12999 0.02527372480066031
13043 0.023720467962646204
13088 0.017483597322733968
13102 0.09956899918440756
13138 0.04978449959220378
13184 0.03491643601607078
13363 0.06773900051945209
13450 0.0303464087303525
13507 0.048100204425071603
13517 0.05824923672215144
13608 0.045962059284818474
13619 0.03292922691444265
13669 0.03455411321246395
13696 0.029906418560549413
13723 0.03305416726452332
13754 0.01189936822663783
13861 0.03963546729512395
13874 0.02955060443244933
13919 0.020659375064489616
13997 0.023503092114364063
14041 0.037482385578871465
14103 0.048100204425071603
14110 0.02969404030357612
14116 0.0602475888176631
14163 0.007466136590785464
