300 0.03602116612523581
313 0.13341372815842267
318 0.03483213405187918
321 0.03506012901582925
481 0.05551348819893164
599 0.03853942296764703
617 0.04311524546773183
688 0.044097200779374325
726 0.05093766569884684
765 0.04700689686894917
971 0.04880306652107663
981 0.03355317826070793
997 0.028198745894120792
1184 0.03152925008509171
1240 0.06112268007168215
1329 0.034389513914838236
1357 0.04221193414595326
1363 0.05702043895405298
1460 0.0274704050055018
1483 0.031362056406719144
1567 0.020313802694912286
1614 0.04636184319876204
1620 0.025141822659405483
1689 0.032802774086713136
1690 0.04137559849182294
1793 0.04462219622285316
1882 0.036274780548259306
1963 0.014877917085175656
1988 0.04919801872293796
2005 0.06658250616107687
2204 0.016401387043356568
2254 0.04636184319876204
2384 0.02523786891466863
2533 0.052995231356520435
2558 0.034543368208045905
2565 0.021991271183638417
2571 0.044097200779374325
2597 0.021705550432060367
2609 0.027237708784714237
2716 0.05795471152124624
2763 0.028843799564307927
2780 0.07646043098386117
2791 0.058760085929961854
2816 0.037071725702101384
2848 0.019357856537154123
3010 0.049603255346180236
3058 0.06333590843004666
3135 0.04221193414595326
3153 0.038230215491930584
3249 0.07689132899056535
3297 0.02656709368372322
3328 0.03529282523661681
3396 0.14834963417611388
3402 0.07359955198347629
3412 0.05551348819893164
3432 0.033176149182668986
3443 0.01970691632801571
3519 0.026352127815168987
3523 0.033756523705848085
3634 0.04059698862532061
3699 0.0329642428905205
3777 0.058760085929961854
3786 0.06868374751625098
3840 0.06112268007168215
3914 0.03187125707242702
3979 0.06333590843004666
3985 0.024135982964508824
4071 0.037929254539690475
4123 0.058760085929961854
4132 0.05003435437706827
4202 0.03763611164586845
4210 0.058760085929961854
4383 0.020313802694912286
4420 0.05795471152124624
4422 0.05003435437706827
4451 0.12163530317527091
4489 0.029298303630611353
4492 0.02938777796747742
4493 0.03653422569570865
4559 0.060817651587635455
4561 0.05551348819893164
4564 0.04769106796781663
4577 0.04752713523819106
4673 0.05418426342987706
4685 0.02871180546459363
4799 0.08442386829190653
4881 0.020376325663005772
4974 0.026141180236447202
4984 0.04769106796781663
5059 0.019243861963105027
5123 0.0426545542829942
5158 0.030561340035841076
5228 0.032774568394205596
5260 0.01964798477438678
5350 0.03119730359931428
5390 0.018266633506767316
5407 0.05551348819893164
5422 0.58003116284976
5450 0.06658250616107687
5486 0.06658250616107687
5596 0.04575167477080549
5613 0.025334739611388487
5641 0.045172811125405415
5644 0.038230215491930584
5661 0.03025631155179438
5689 0.06468248440094333
5720 0.060817651587635455
5736 0.04636184319876204
5746 0.027237708784714237
5749 0.04636184319876204
5825 0.04575167477080549
6109 0.014096739736720447
6132 0.06333590843004666
6176 0.06658250616107687
6249 0.04221193414595326
6264 0.058760085929961854
6278 0.018266633506767316
6429 0.026352127815168987
6494 0.060817651587635455
6531 0.04059698862532061
6550 0.06658250616107687
6569 0.04636184319876204
6620 0.045172811125405415
6633 0.03483213405187918
6656 0.058760085929961854
6675 0.045172811125405415
6699 0.06333590843004666
6746 0.09272368639752408
6771 0.0435955463305141
6775 0.01821474667111113
6789 0.04971698625740395
6815 0.04700689686894917
6840 0.04636184319876204
6873 0.05551348819893164
6936 0.03187125707242702
6937 0.038230215491930584
7006 0.026676131893077472
7025 0.025141822659405483
7081 0.04636184319876204
7100 0.02678623390663434
7245 0.022973226495280913
7432 0.04311524546773183
7479 0.019415288553599225
7491 0.01685106273978655
7492 0.13386658866855947
7536 0.03010683430857546
7585 0.03918447663783416
7602 0.04700689686894917
7604 0.02897735576062312
7633 0.018318760005332186
7638 0.06333590843004666
7754 0.06658250616107687
7817 0.04841940885643563
7862 0.019243861963105027
7961 0.052995231356520435
8022 0.06333590843004666
8213 0.05551348819893164
8264 0.03929596954877356
8411 0.037489346905216415
8412 0.02583197276073077
8429 0.11039932797521441
8744 0.013242054808389952
8799 0.06658250616107687
8905 0.06658250616107687
8995 0.024135982964508824
8996 0.01239824273119982
9106 0.058760085929961854
9204 0.020629940086029273
9312 0.0426545542829942
9323 0.05551348819893164
9383 0.019945768987161817
9386 0.03986864773670162
9467 0.060817651587635455
9500 0.027237708784714237
9538 0.09667186047496
9542 0.24226057896424552
9594 0.03258802915749557
9676 0.03119730359931428
9689 0.05702043895405298
9725 0.052830086384273514
9741 0.06333590843004666
9749 0.0426545542829942
9758 0.027588577466164242
9823 0.09034562225081083
9827 0.06871468752623691
9902 0.007812118663192782
9925 0.03986864773670162
9979 0.07836895327566833
10040 0.02396235851106044
10162 0.029959311072265613
10209 0.030561340035841076
10257 0.05191962101048933
10295 0.060817651587635455
10301 0.05418426342987706
10331 0.026352127815168987
10341 0.04841940885643563
10354 0.04636184319876204
10422 0.11960594321010486
10522 0.033756523705848085
10598 0.05768759912861585
10665 0.05418426342987706
10930 0.018266633506767316
10942 0.04919801872293796
11000 0.02287911250042402
11104 0.058760085929961854
11108 0.027123135548089695
11112 0.045172811125405415
11118 0.031362056406719144
11172 0.05418426342987706
11262 0.02370682985397669
11272 0.03918447663783416
11325 0.02305242237730696
11511 0.027828700713791215
11542 0.060817651587635455
11716 0.05003435437706827
11842 0.025432449025872852
11864 0.06333590843004666
11866 0.034608654137749356
11905 0.024858493128701975
11987 0.03222395349165333
11989 0.045172811125405415
12023 0.022509379005984827
12024 0.06333590843004666
12276 0.08924439244570632
12377 0.03355317826070793
12378 0.047151647833467335
12445 0.04841940885643563
12450 0.058760085929961854
12455 0.04700689686894917
12509 0.05191962101048933
12591 0.03653422569570865
12648 0.05146151605918582
12733 0.042309871059016214
12834 0.009354428299067954
12903 0.03653326701353463
12932 0.037929254539690475
12985 0.044097200779374325
13043 0.02897735576062312
13290 0.06333590843004666
13296 0.060817651587635455
13314 0.06658250616107687
13338 0.0316989580481745
13536 0.06333590843004666
13660 0.02624616115045839
13676 0.021991271183638417
13696 0.03653422569570865
13751 0.04841940885643563
13786 0.015269809478030904
13787 0.01964798477438678
13851 0.040979580073618516
13874 0.012033185558410093
13989 0.022136890841150596
14062 0.013953885083969173
14076 0.03417454804628401
14110 0.036274780548259306
14163 0.009120768464150521
