47 0.039856827507723895
313 0.026568984533603332
318 0.027746902621530557
721 0.025251048381264164
931 0.027223076695867928
976 0.01901979272250474
979 0.03175893514749159
981 0.026728100220792875
997 0.04492563419789908
1017 0.11336791556505856
1055 0.041358610591563774
1101 0.02308304932801211
1107 0.014931804872686213
1127 0.017346770144327735
1184 0.025115860846709345
1249 0.022767585323714097
1363 0.04542186719707114
1397 0.051041329378572683
1446 0.04221543020202992
1481 0.03362557184896448
1519 0.015985250097170632
1600 0.0347277424048596
1615 0.027928520952853576
1633 0.03233912365048973
1653 0.011431988182868719
1689 0.02613033634242665
1692 0.06591871175910459
1833 0.04680765123098909
1847 0.05668395778252928
1871 0.01690546428620353
1934 0.04542186719707114
1940 0.05238169986376158
1942 0.01775152410886525
1963 0.023703176840025014
2086 0.028303150227190425
2109 0.11336791556505856
2158 0.040576395572229675
2225 0.033286293786668135
2244 0.029980520956183712
2271 0.10607781377949703
2278 0.033286293786668135
2333 0.041358610591563774
2359 0.026568984533603332
2558 0.013758437431091236
2608 0.02625896065149095
2744 0.026568984533603332
2776 0.018175364294754928
2848 0.04626077972983083
2857 0.03175893514749159
2863 0.11336791556505856
2873 0.02931430498677153
2965 0.01584063890967158
3015 0.03148230404002359
3127 0.0694554848097192
3130 0.012754549115368564
3150 0.02246281709894954
3157 0.02033772887484391
3208 0.020991821037108505
3219 0.03397815828028998
3234 0.05668395778252928
3249 0.0816677387519484
3292 0.041358610591563774
3297 0.021163060531445635
3332 0.01669267798206314
3333 0.061906679233143566
3432 0.035237017226979216
3434 0.043162600338208325
3443 0.015698317177744166
3467 0.03148230404002359
3490 0.027746902621530557
3495 0.037445187481778656
3527 0.03945603437444951
3560 0.0347277424048596
3606 0.02033772887484391
3633 0.007855524665249903
3648 0.017575822067086074
3758 0.06614531865981871
3832 0.02398277976762468
3840 0.024344834132039556
3841 0.031585895084901144
3852 0.021882628595951404
3876 0.04422144646501043
3908 0.020104214404643526
3910 0.05045270212376986
3978 0.0970173709514692
3980 0.041358610591563774
3984 0.011344566408326652
4047 0.05668395778252928
4065 0.053038906889748515
4084 0.039856827507723895
4120 0.031213931823019236
4132 0.039856827507723895
4188 0.022071894568431002
4220 0.11336791556505856
4420 0.02308304932801211
4421 0.02422252201891057
4452 0.015936787437285826
4477 0.04970287170663882
4489 0.035008069413884395
4571 0.048446685860789346
4577 0.02523973584028809
4755 0.05668395778252928
4835 0.024101851728749794
4895 0.03434513991347025
4899 0.04036276111547089
4928 0.01628164403009776
4948 0.0347277424048596
5002 0.023409987235127945
5123 0.03397815828028998
5247 0.019703421271369134
5422 0.5647235900677967
5474 0.04844504403782114
5551 0.028611623592988987
5663 0.01515054563103673
5689 0.03091522201858577
5749 0.0369313446794489
5798 0.015604672563924178
5800 0.051626187977652026
5802 0.043162600338208325
5824 0.048446685860789346
5938 0.017692574378698284
5967 0.05668395778252928
5974 0.02352166322575165
6023 0.04542186719707114
6151 0.02705503812790871
6230 0.018363311244176273
6271 0.02625896065149095
6278 0.014551003403367872
6290 0.05668395778252928
6419 0.02595927284598418
6531 0.03233912365048973
6571 0.03644529108514352
6593 0.03799019080625102
6618 0.029102770482624447
6620 0.0359841745432705
6639 0.04422144646501043
6675 0.0359841745432705
6689 0.048446685860789346
6734 0.04868966826407911
6737 0.02398277976762468
6746 0.0369313446794489
6752 0.08499967677592166
6775 0.014509670909236239
6789 0.01980200774183885
6821 0.01862018019455999
6840 0.0369313446794489
6936 0.05077659985444908
6937 0.09136133303300997
7078 0.02595927284598418
7206 0.020181380557735443
7242 0.013350582671307168
7245 0.05490067397399693
7466 0.04869468432057036
7468 0.02321884847681377
7479 0.015466009635334734
7491 0.013423374985114771
7492 0.03554556064553095
7536 0.02398277976762468
7580 0.02061014801239051
7585 0.09364179546905771
7674 0.02538829992722454
7693 0.014427571693545572
7865 0.01278853706374532
7891 0.04545163689311019
7892 0.02256326285496177
7906 0.032959355879552295
7911 0.06591871175910459
7929 0.03554556064553095
8022 0.05045270212376986
8074 0.043031293925542266
8166 0.03799019080625102
8192 0.04680765123098909
8411 0.014931804872686213
8429 0.14657152493385767
8451 0.029980520956183712
8517 0.3905335303950356
8658 0.032184604777124655
8744 0.021096956317986148
8931 0.018113578473280132
8968 0.051626187977652026
8977 0.039190611538311715
8982 0.02398277976762468
8996 0.00987630655154019
9052 0.048446685860789346
9105 0.06355433852821495
9286 0.03799019080625102
9329 0.03397815828028998
9347 0.03397815828028998
9386 0.03175893514749159
9531 0.04115494225225961
9538 0.07700776228197229
9542 0.0827066427907154
9725 0.11222367332480655
9827 0.03284242775282731
9899 0.025813093988826013
9902 0.01866914862229844
9906 0.01980200774183885
10040 0.019088156562509784
10068 0.017290407566992228
10174 0.051338508187981524
10257 0.041358610591563774
10362 0.018237577703170634
10392 0.05668395778252928
10422 0.03175893514749159
10440 0.028303150227190425
10485 0.053038906889748515
10516 0.02156504160152961
10567 0.009008298636409734
10598 0.1608366193089551
10601 0.03799019080625102
10624 0.02641263621649487
10657 0.04138934800191631
10668 0.04680765123098909
10674 0.037445187481778656
10675 0.03644529108514352
10732 0.015239554295169159
10762 0.02931430498677153
10827 0.05585704190570715
10924 0.015420259909943607
10930 0.029102006806735744
10999 0.010996870556367572
11000 0.0109351526783423
11027 0.10607781377949703
11046 0.05668395778252928
11075 0.05668395778252928
11094 0.03799019080625102
11118 0.024982676164259816
11169 0.030214035426384095
11255 0.0224014530269828
11259 0.022168043096045247
11320 0.05411007625581742
11332 0.025669254093990762
11356 0.01584063890967158
11359 0.04531910883815888
11365 0.013911459025874274
11403 0.043162600338208325
11511 0.022168043096045247
11566 0.04221543020202992
11804 0.08271722118312755
11861 0.02705503812790871
11893 0.04542186719707114
11919 0.028694072757708963
11960 0.038570379309249156
11987 0.051338508187981524
12021 0.027746902621530557
12069 0.021077033065031593
12132 0.05045270212376986
12182 0.02352166322575165
12216 0.03644529108514352
12270 0.02953093719541438
12315 0.039856827507723895
12316 0.051055358977464334
12318 0.029752918884511075
12378 0.012520164846740971
12379 0.0359841745432705
12398 0.027223076695867928
12463 0.05668395778252928
12581 0.037445187481778656
12627 0.041358610591563774
12648 0.08198737824813382
12666 0.04249983838796083
12667 0.015106369612719625
12735 0.014106473216084485
12834 0.007451636776194747
12903 0.014551003403367872
13043 0.02308304932801211
13075 0.033286293786668135
13252 0.07714075861849831
13338 0.025251048381264164
13344 0.059961041912367424
13447 0.04680765123098909
13641 0.048446685860789346
13676 0.01751800963866487
13696 0.029102770482624447
13700 0.0525179213029819
13723 0.01608296629444399
13754 0.023159214580437727
13852 0.043162600338208325
13874 0.009585505941689488
13935 0.03434513991347025
14041 0.03647515540634127
14060 0.022168043096045247
14110 0.028896099274044938
14163 0.021796517609117733
