11 0.02930879307843224
994 0.031062834144932237
995 0.03640580507417638
1064 0.0462652423594937
1184 0.041605904985154644
1249 0.037715848065146454
1319 0.01732996315951389
1397 0.02818432428551899
1483 0.041385276702600705
1582 0.09390031964568014
1618 0.039534218115855606
1620 0.03317707468137487
1623 0.04966450140496959
1689 0.021643221742000875
1692 0.05459911716608422
1963 0.01963285529951502
2278 0.05514070909409051
2333 0.06851297803778307
2352 0.03208246597048569
2558 0.022791663164401413
2873 0.04856087535399999
2886 0.06389410845108454
2965 0.02624095273510362
3130 0.021128662953714357
3249 0.06764371326159782
3297 0.035057858101716896
3417 0.047868092922446134
3432 0.014593049384748017
3523 0.08909001731054339
3557 0.0581905354801146
3633 0.013013139976595624
3758 0.05478681101495597
3816 0.2055389341133492
3832 0.03972888934135082
3841 0.026161949172163055
3908 0.0333038170352169
3928 0.035347034890516466
3940 0.035942799801825236
3984 0.03758588685957438
4079 0.03972888934135082
4489 0.1739787959454243
4577 0.020905555609474845
4621 0.051276032898909786
4817 0.033051401896010184
4834 0.07325543453034321
4903 0.04720611119822722
5123 0.05628682343832587
5223 0.024104595448039577
5247 0.01631993978431493
5358 0.06738129505853319
5422 0.340181068335326
5455 0.03737737584342464
5663 0.025097772512971697
5689 0.05121288884942855
6044 0.07485531001033657
6109 0.018602015985269792
6230 0.03041990826040595
6606 0.019582115432072535
6677 0.04688583785044055
6737 0.03972888934135082
6738 0.08025479282083725
6762 0.09390031964568014
6840 0.06117895090617474
6936 0.042057216392210925
7078 0.0430030667117361
7338 0.04688583785044055
7418 0.0286425800324949
7422 0.02577309844658509
7423 0.0430030667117361
7426 0.06037377445668776
7448 0.04856087535399999
7468 0.09615848024153889
7491 0.02223661245853573
7503 0.1320503715494446
7585 0.15512315778080749
7671 0.04848497317544772
7865 0.042369931990049924
7929 0.05888331791166846
7976 0.25173196789069896
8097 0.0275655708548983
8115 0.025620357244156768
8156 0.038597296828288434
8411 0.09894166217619371
8517 0.3234709146205059
8658 0.0533156962651848
8744 0.026211264429656985
8751 0.051276032898909786
8996 0.0163606843697527
8997 0.011763590896146961
9105 0.07896113295711628
9134 0.03343164731956222
9174 0.04688583785044055
9335 0.17572415566719182
9383 0.026320377652372093
9409 0.06105030696137569
9442 0.07325543453034321
9497 0.012158308756880584
9538 0.2976584347934103
9542 0.18267790979273976
9553 0.05514070909409051
9647 0.03150740855269343
9652 0.022116027696961634
9725 0.16266699271001092
9783 0.022791663164401413
9827 0.03627027921800175
9890 0.03184977160048253
9902 0.07216194047414648
9966 0.03549375663583462
9990 0.05085650834850628
10068 0.0286425800324949
10156 0.02431191392413596
10234 0.03754565036477766
10440 0.0937716757008811
10561 0.09506684816266367
10567 0.04476833417320042
10583 0.039342058847301124
10598 0.15224876974170506
10602 0.05085650834850628
10705 0.06117895090617474
10732 0.05049044123080389
10827 0.0925304847189874
10846 0.1550792705518549
10924 0.025544570125437746
11000 0.012076483624168468
11118 0.041385276702600705
11138 0.03878002472433781
11246 0.02882990497648565
11255 0.01855466415940438
11262 0.06256692485497235
11332 0.04252263354191575
11581 0.04856087535399999
11636 0.038416783870398534
11906 0.05960990770550031
12064 0.009696574482424293
12117 0.062125668289864475
12217 0.05459911716608422
12378 0.041480783174527545
12648 0.03395423205074729
12735 0.04673640994319624
12834 0.0246881517290189
12877 0.061246378053195015
12956 0.09314461520584408
12982 0.05459911716608422
12984 0.09441222239645444
12990 0.06492155972375269
13043 0.03823843279633152
13079 0.02135516369539375
13252 0.06389410845108454
13505 0.08357787708801168
13516 0.05005133189901929
13560 0.09390031964568014
13608 0.11113927755838453
13676 0.02901961628963266
13700 0.08699903447808668
13723 0.0266423823419834
13754 0.038364605029683654
13764 0.05261054941500628
13786 0.020149995339875517
13822 0.0244517472208888
13874 0.03175791201254567
13875 0.0418298511103619
14163 0.024071478077461395
