13 0.09811236782983915
151 0.12085919650750115
1458 0.05091483138604481
1461 0.050463373019008814
1645 0.13534758856328802
1653 0.03741160573104209
1959 0.14023604015762223
2329 0.16510834071265973
2776 0.059479554399154505
2778 0.11926856807582044
3157 0.06655597276339734
3422 0.117759547073991
3633 0.02570749609654147
3841 0.051683007132091605
3940 0.07100510616699922
4184 0.09390241834206164
4278 0.10214875068086254
4299 0.12254076615409178
4404 0.06314826334651363
4489 0.0381884022670074
5798 0.0510668702753194
6067 0.0748478813461654
6084 0.18550035618588895
6310 0.04185096230440644
6563 0.06093523094466941
6620 0.117759547073991
6995 0.3585956668902984
7053 0.15854357802044944
7284 0.06925690124934539
7418 0.16975050196291
7798 0.26557552174693166
7851 0.06554140809981797
8134 0.18550035618588895
8268 0.1231636770057355
8624 0.18550035618588895
8683 0.16526998650172978
8744 0.01726014318918447
9375 0.08593342357304719
9497 0.02401877452099939
9652 0.04369027742060624
9758 0.07191977443715172
9827 0.07165204271176831
9902 0.02036516064745124
10159 0.10129595301100457
10678 0.12432430976620129
10679 0.10486632384029389
10924 0.050463373019008814
11135 0.0728637953106341
11336 0.09080276890855148
11338 0.07450776819862934
11714 0.06337900538894006
12215 0.16083853120155986
12270 0.09664108828231599
12611 0.05462740839743266
12695 0.06554140809981797
12764 0.057140352476381204
12865 0.036468593599681125
12885 0.28571969045818385
12900 0.20692611951543202
12982 0.10786071570321486
13057 0.0830841540303643
13122 0.0854389672347971
13317 0.18550035618588895
13438 0.11926856807582044
13553 0.18550035618588895
13709 0.07070642888490021
14212 0.1253842771142702
