11 0.021251258476150576
390 0.033327914123829704
406 0.032298753832076255
463 0.04219287048239226
721 0.030330043805841533
817 0.030330043805841533
931 0.0653974517214973
960 0.07030139242054108
968 0.02175694332686674
971 0.023347757096528532
994 0.022523080894160843
1064 0.06709212632620241
1107 0.017935187840552456
1184 0.03016766465297857
1190 0.04632842472098911
1222 0.056222541371305106
1240 0.058483107277127605
1241 0.041253320747910986
1249 0.027347057032841987
1307 0.03376871043621392
1329 0.032904408463946586
1357 0.040389018775643645
1397 0.020435927155525526
1458 0.03737518466584038
1461 0.018521890715360347
1469 0.04377589628909138
1483 0.06001538241171582
1524 0.03422826958595099
1545 0.02276393869086553
1603 0.03848974956865975
1604 0.018521890715360347
1618 0.028665523195863473
1633 0.038843814409292035
1690 0.03958880013793292
1692 0.03958880013793292
1695 0.04377589628909138
1830 0.02985005322109732
1871 0.020305829073579744
2090 0.04322203077414571
2244 0.03601080241078998
2332 0.03547078938033512
2383 0.05455802076132705
2384 0.024147975734239248
2425 0.020113574555541903
2692 0.033996045363048906
2699 0.06808536804785584
2716 0.027725973461382194
2780 0.03657924998086149
2852 0.029694683487616922
2885 0.04707341044962999
2929 0.02909463966916443
2931 0.049677480794089325
3010 0.01582038233218447
3074 0.06370715168300217
3099 0.027347057032841987
3130 0.01531999889873558
3215 0.038146926801067585
3227 0.02985005322109732
3236 0.02405607722056915
3249 0.14714157941904485
3251 0.034956501222511246
3257 0.03016766465297857
3297 0.05083959630449904
3332 0.020050242935989917
3343 0.03958880013793292
3396 0.05677727193813826
3432 0.010581147562119229
3633 0.009435584757410777
3728 0.02595182744098786
3752 0.06370715168300217
3758 0.03972489344228984
3761 0.025843303812132633
3816 0.049677480794089325
3841 0.018969540731674863
3852 0.02628410012451686
3980 0.049677480794089325
4000 0.1036886500129029
4084 0.04787362908734071
4197 0.03629128597739431
4219 0.017935187840552456
4286 0.042695194084776324
4420 0.027725973461382194
4489 0.05606612250174341
4542 0.024814143520379195
4619 0.050706641085842774
4673 0.05184432500645145
4808 0.038053649479309566
4914 0.03958880013793292
4964 0.033327914123829704
5024 0.05455802076132705
5123 0.04081252443552676
5214 0.044976911829252036
5223 0.017477791970433903
5260 0.018799489812819793
5280 0.06991300244502249
5303 0.06808536804785584
5341 0.03629128597739431
5350 0.02985005322109732
5422 0.46248551112338393
5474 0.02909463966916443
5689 0.024755672818895718
5793 0.025316467122763257
5954 0.041253320747910986
6091 0.058191251397539834
6114 0.058191251397539834
6165 0.05311614742446171
6201 0.056222541371305106
6235 0.022443974238669957
6245 0.013385298381496316
6249 0.040389018775643645
6304 0.029694683487616922
6310 0.015360823182447405
6531 0.07768762881858407
6566 0.038146926801067585
6583 0.050706641085842774
6593 0.04563153711276465
6606 0.01419862617485341
6723 0.026743659274253918
6737 0.028806675665697255
6746 0.04435971469475438
6770 0.12116705632693095
6840 0.04435971469475438
6844 0.06370715168300217
6936 0.1524745106266382
6937 0.14631699992344596
7062 0.04707341044962999
7078 0.062361441053725875
7233 0.032298753832076255
7242 0.016035918633568562
7422 0.01868759233292019
7432 0.041253320747910986
7448 0.07042116754615853
7453 0.029241553638563803
7468 0.02788908724857079
7471 0.04563153711276465
7486 0.023964954231026184
7492 0.042695194084776324
7502 0.04322203077414571
7533 0.024147975734239248
7536 0.028806675665697255
7580 0.024755672818895718
7598 0.06291775404743784
7602 0.044976911829252036
7627 0.020700922299422192
7633 0.017527667394809522
7671 0.03515554852099635
7851 0.02405607722056915
7929 0.042695194084776324
7976 0.04563153711276465
8085 0.02985005322109732
8212 0.058191251397539834
8264 0.018799489812819793
8294 0.03687510438305732
8383 0.038843814409292035
8411 0.07174075136220982
8412 0.024716423304310765
8429 0.17605291886539629
8451 0.03601080241078998
8637 0.06808536804785584
8642 0.04707341044962999
8666 0.03354606316310121
8739 0.03100513925696269
8744 0.019005298303848405
8751 0.037179293799313985
8795 0.018521890715360347
8981 0.024523596569840808
8996 0.02372565335310146
9094 0.03031645586057371
9105 0.0954220713189423
9106 0.056222541371305106
9127 0.05455802076132705
9337 0.14750041753222928
9367 0.031180720526862937
9383 0.019084414263788457
9385 0.031180720526862937
9386 0.038146926801067585
9497 0.01763152521046324
9531 0.024716423304310765
9538 0.15416183704112796
9542 0.09934225545810392
9543 0.06808536804785584
9553 0.039981498329900715
9652 0.016035918633568562
9725 0.03369908524787583
9758 0.026397169327078307
9823 0.04322203077414571
9898 0.03657924998086149
9899 0.03100513925696269
9902 0.07474753615275831
9905 0.03456112511407968
9908 0.028949697758976038
9966 0.051471720076578055
10005 0.033996045363048906
10040 0.022927548035718393
10068 0.04153639967810903
10156 0.01762811472547249
10234 0.027223649858998136
10335 0.025735860038289027
10432 0.03135920409759498
10489 0.03100513925696269
10516 0.012951316843828463
10531 0.028252810150751578
10574 0.030330043805841533
10581 0.058191251397539834
10598 0.3035800335396286
10608 0.03210418982623586
10636 0.04435971469475438
10705 0.04435971469475438
10732 0.01830483797642784
10846 0.056222541371305106
10924 0.03704378143072069
10930 0.017477791970433903
10999 0.013208780905480144
11000 0.04378216364853667
11118 0.09002307361757374
11232 0.020567611838536455
11246 0.020904025657372066
11259 0.026626922892109023
11356 0.019026824739654783
11364 0.03573742046244864
11576 0.022683054341281504
11631 0.03422826958595099
11791 0.05311614742446171
11836 0.11244508274261021
11842 0.048668305871269954
11910 0.0246195795145388
11989 0.04322203077414571
12023 0.06461194562826893
12064 0.014061610118697335
12069 0.025316467122763257
12117 0.04504616178832169
12164 0.040389018775643645
12270 0.03547078938033512
12283 0.05311614742446171
12291 0.08077803755128729
12314 0.042695194084776324
12316 0.030662316489370522
12317 0.049677480794089325
12318 0.03573742046244864
12328 0.02628410012451686
12378 0.015038470582463784
12403 0.03100513925696269
12417 0.03657924998086149
12465 0.038843814409292035
12523 0.020972584682479277
12648 0.0492391590290776
12735 0.016943848989146523
12810 0.02838863596906913
12834 0.03580183546199226
12876 0.12116705632693095
12877 0.014802868286585722
12878 0.04563153711276465
12962 0.04171287989764805
12984 0.10268480875785295
12999 0.05908303530915769
13008 0.037179293799313985
13049 0.04563153711276465
13086 0.14903244238226798
13088 0.10217963577762763
13112 0.019496377421044247
13450 0.03547078938033512
13516 0.03629128597739431
13545 0.041253320747910986
13608 0.05372334297822972
13619 0.03848974956865975
13696 0.034956501222511246
13723 0.13522525695218546
13747 0.13617073609571168
13754 0.041726187886999375
13786 0.014610385290004912
13861 0.04632842472098911
13874 0.011513534437180522
13919 0.024147975734239248
14041 0.02190588375966319
14116 0.035210583773079264
14163 0.017453779183543492
