940 0.0730339834113985
959 0.06702708571852097
960 0.02465498943954111
968 0.022890750360324025
995 0.0277727897805933
1184 0.06347954950754128
1242 0.07163346154648904
1318 0.024297141882121214
1319 0.013220458186653473
1372 0.21490038463946717
1458 0.03932289609819799
1633 0.12260417908813549
1709 0.04874271118616502
1882 0.10955097511709774
2098 0.0591524342284011
2332 0.03731925816004848
2558 0.017387009256499254
2617 0.031080997718141056
2680 0.04800950707612948
2692 0.03576766165874245
2776 0.02296883122199769
2804 0.04388663913869505
2848 0.019487111318755978
2885 0.04952651992621282
2929 0.12244332735251652
2965 0.04003671735700546
3130 0.03223672232287772
3249 0.05160316121468408
3251 0.03677816920020916
3281 0.02403596438761129
3282 0.04125320575435362
3294 0.05226629468593896
3297 0.02674448542569087
3432 0.0667953407971037
3490 0.03506471248177718
3552 0.0637588100563692
3648 0.02221116914631866
3738 0.0638212317554623
3786 0.023047452439953573
3914 0.03208406536369452
4025 0.06248429078771377
4060 0.04952651992621282
4074 0.05226629468593896
4184 0.03626168386807708
4191 0.03978526736785101
4219 0.07547933574228405
4420 0.029170841118005008
4435 0.09464153536589473
4500 0.044391643195819105
4509 0.055884158566249335
4700 0.03506471248177718
4711 0.03911679688397675
4734 0.028903517710089303
4742 0.05226629468593896
4816 0.054546058400433015
4854 0.10073687979210089
4887 0.07863306077429524
4990 0.05042765212534228
5049 0.030159353065662725
5051 0.027893010168622587
5098 0.0637588100563692
5280 0.03677816920020916
5421 0.06153080370088777
5422 0.4541476349221948
5551 0.018078745015425623
5685 0.023780656549989128
5689 0.01302287545602595
5938 0.06707613914031442
5962 0.022890750360324025
6044 0.01903488362769255
6151 0.0341903795922252
6315 0.014938550987848635
6639 0.11176831713249867
6675 0.045474435524013264
6755 0.03506471248177718
6813 0.015492842413617166
6836 0.04667140691031315
6866 0.02170935227413725
6880 0.033378554264233765
6936 0.25667252290955617
7131 0.1432669230929781
7192 0.04874271118616502
7242 0.21933065970809523
7426 0.046057164312949234
7491 0.01696357935184067
7496 0.05036843989605044
7533 0.02540638525987455
7580 0.01302287545602595
7585 0.07889223238565503
7617 0.04125320575435362
7674 0.03208406536369452
7693 0.05469785152002994
7718 0.023950222692673002
7822 0.04952651992621282
7891 0.019146264134077388
8074 0.08157018297497198
8156 0.029444606669928625
8401 0.026004456010161037
8431 0.1432669230929781
8451 0.0378874125779625
8484 0.03208406536369452
8744 0.006665236815989435
8758 0.033184349182108455
8976 0.031571464702707656
9113 0.0375997840338934
9126 0.02403596438761129
9129 0.14196230304884214
9198 0.044391643195819105
9383 0.020078949332277423
9408 0.05334908701413312
9409 0.023286634340654498
9497 0.009275173355029295
9526 0.05226629468593896
9538 0.2595129342412542
9542 0.13935896145943769
9570 0.1275176201127384
9594 0.03280562342385985
9647 0.02403596438761129
9708 0.02026268466833547
9720 0.04874271118616502
9722 0.0277727897805933
9725 0.01772761311621926
9757 0.03529422979605644
9799 0.0637588100563692
9864 0.055884158566249335
9902 0.03932140568682757
9961 0.027190060991657324
9964 0.04013485558600961
9974 0.039446116192827514
10156 0.018546758496431427
10335 0.027077018062424334
10495 0.027077018062424334
10496 0.03704549260812486
10529 0.047320767682947365
10567 0.011384095945562833
10574 0.03191061587773115
10598 0.1451819657529572
10614 0.02076768872545953
10732 0.03851749487136539
10924 0.019487111318755978
10999 0.013897122483110503
11000 0.004606375827968092
11118 0.031571464702707656
11259 0.05602903272117329
11278 0.1432669230929781
11325 0.0232063462280212
11369 0.039446116192827514
11415 0.0637588100563692
11495 0.03651699170569925
11525 0.030159353065662725
11636 0.14653449639489996
11861 0.170951897961126
11901 0.09211432862589847
11905 0.025024476335269014
11987 0.032439116780156776
12064 0.007397197346509377
12069 0.053271539131777595
12081 0.046057164312949234
12202 0.10669817402826624
12318 0.0375997840338934
12325 0.0933428138206263
12333 0.0277727897805933
12417 0.038485483328248984
12659 0.04125320575435362
12695 0.050619395383977195
12733 0.021296189627885154
12865 0.042248516137501926
12877 0.015574281620091418
12928 0.030307861332709515
13015 0.054546058400433015
13022 0.02521382606267114
13079 0.016291151118177718
13122 0.03299340820592531
13504 0.05127778273828124
13617 0.03731925816004848
13619 0.0404955436786746
13672 0.054546058400433015
13695 0.02972513254377354
13876 0.10453258937187793
13935 0.04340313124816138
13948 0.04259237925577031
14043 0.03704549260812486
14161 0.04249378840593059
14163 0.009181668953500265
