34 0.0608463970382805
339 0.026960178872832596
463 0.03770684103156926
735 0.054157565300127476
960 0.0837690790882328
967 0.04439567276972228
976 0.020416461814810185
994 0.02012838238089805
1026 0.045315410703488726
1027 0.021663347836573966
1083 0.03504101131288001
1107 0.03205656638399453
1184 0.026960178872832596
1249 0.07331839150282188
1318 0.02063830938695495
1363 0.048757304073514515
1378 0.03537964059720847
1483 0.05363442823810215
1506 0.05693368129782747
1602 0.04019487759535712
1623 0.032182062666003305
1633 0.03471386322488267
1653 0.012271466551090971
1655 0.02191619927274726
1690 0.07075928119441693
1796 0.04355601782152142
1826 0.04746873356197445
2004 0.05200424244164175
2044 0.029593330116751068
2223 0.054157565300127476
2332 0.03169946488913873
2365 0.08407509446018896
2371 0.023900220518951756
2391 0.037277883995257804
2396 0.04019487759535712
2425 0.017975059522412323
2436 0.046332133819221424
2513 0.03409107008566841
2558 0.014768752559062452
2565 0.018804399189697257
2624 0.05200424244164175
2679 0.0608463970382805
2715 0.05693368129782747
2716 0.024778093118602414
2732 0.0608463970382805
2737 0.09751460814702903
2764 0.04019487759535712
2848 0.016552606656606718
2935 0.029222132646335306
2965 0.017003855096635143
3041 0.03322631773872274
3102 0.036867186083368406
3130 0.02738229262308706
3176 0.04019487759535712
3249 0.15341339490923084
3250 0.15968873613591342
3274 0.045315410703488726
3297 0.022717114930150287
3361 0.0608463970382805
3396 0.050740600075337004
3432 0.02836841706867806
3437 0.06203601858683248
3443 0.01685108233787234
3519 0.04506660181636456
3527 0.021176692904140704
3557 0.03770684103156926
3633 0.042161873608014086
3668 0.03862657896533571
3728 0.023192577812510173
3734 0.015890095469581346
3738 0.08131588065888963
3746 0.025010633150985714
3761 0.023095592630543924
3786 0.019576806866609325
3841 0.01695266163769635
3866 0.03815575659490846
3966 0.046332133819221424
3984 0.01217762518553239
4036 0.04355601782152142
4311 0.03146692485675544
4384 0.01695266163769635
4424 0.08879134553944457
4477 0.02667633651665175
4489 0.050105061453734556
4499 0.05024484955967445
4508 0.03379412529111624
4542 0.044351709393554976
4555 0.031239856865561
4577 0.013546575152457191
4621 0.03322631773872274
4658 0.03815575659490846
4659 0.0608463970382805
4678 0.030178354345215378
4700 0.029784424368696952
4703 0.0608463970382805
4709 0.04746873356197445
4808 0.05101156528990542
4816 0.046332133819221424
4820 0.03295447034291537
4928 0.03495448856595605
4964 0.029784424368696952
4967 0.0414026949630357
5123 0.036473256106849976
5158 0.052265067626795655
5185 0.03243272466498559
5251 0.05693368129782747
5279 0.023489522607062358
5280 0.062479713731122
5328 0.05693368129782747
5341 0.03243272466498559
5350 0.02667633651665175
5422 0.4408673458608385
5529 0.0608463970382805
5689 0.033185401073903734
5712 0.16247269590038244
5718 0.026960178872832596
5798 0.016750561174991515
5800 0.027708611520324163
5855 0.05693368129782747
6050 0.03609477840645634
6122 0.048757304073514515
6164 0.054157565300127476
6208 0.04746873356197445
6230 0.01971177332372245
6310 0.013727630076657161
6412 0.025493230927850278
6558 0.0414026949630357
6591 0.07146117268123073
6593 0.040779901823821435
6752 0.022810351833033492
6775 0.015575150917042806
6813 0.013159822524263672
6821 0.01998750477849873
6936 0.02725262380981758
7074 0.0608463970382805
7078 0.027865524642293728
7099 0.01103411039814237
7104 0.04746873356197445
7179 0.05693368129782747
7201 0.008975259388003271
7401 0.021831177186379537
7432 0.036867186083368406
7468 0.06230966081320996
7486 0.02141695289243811
7491 0.028818171344759315
7496 0.04278361014460935
7501 0.09807021529795955
7533 0.021580515187397252
7536 0.025743892926832573
7580 0.01106180035796791
7598 0.03748547598691527
7671 0.015708870530769227
7845 0.0608463970382805
7891 0.016263086609961005
7892 0.024220137475566915
7906 0.03537964059720847
7911 0.03537964059720847
7924 0.1004896991193489
7965 0.049102050254815954
7976 0.040779901823821435
7999 0.0608463970382805
8097 0.017862193389254957
8115 0.049805147682868374
8250 0.013091139356182111
8411 0.016028283191997266
8412 0.022088524287380465
8429 0.18880154914053263
8433 0.0966070982641891
8451 0.06436412533200661
8463 0.019917829787159398
8706 0.015890095469581346
8708 0.0608463970382805
8715 0.027402238347515383
8744 0.028307695656774743
8758 0.02818721924363676
8795 0.033105213313213436
8895 0.03862657896533571
8961 0.030589052257104784
8978 0.054157565300127476
8996 0.010601547478606053
9094 0.013546575152457191
9103 0.034397443258477184
9105 0.05116596476593765
9280 0.0608463970382805
9329 0.036473256106849976
9337 0.26363576274332295
9383 0.11938725112052118
9440 0.046332133819221424
9457 0.023290547632442486
9507 0.04206847233536149
9538 0.22043367293041924
9542 0.029593330116751068
9645 0.015619518555558176
9725 0.09034839553387805
9730 0.031239856865561
9751 0.05200424244164175
9759 0.0608463970382805
9761 0.0608463970382805
9783 0.014768752559062452
9784 0.026537486000569717
9827 0.011751375385703262
9890 0.02063830938695495
9902 0.07348025327711961
9905 0.04632977689059887
9965 0.03815575659490846
10002 0.03815575659490846
10005 0.030381518572941187
10030 0.0335060458572041
10174 0.027554209116302405
10316 0.01808926138044939
10324 0.02818721924363676
10343 0.048757304073514515
10362 0.03915361373321865
10371 0.030178354345215378
10386 0.020489845775894324
10516 0.02314861443634287
10522 0.028864686434930512
10531 0.025248915489029657
10561 0.030801147484429647
10567 0.009669799656073518
10575 0.021256116763011045
10598 0.1726472388239574
10608 0.028690808859055443
10657 0.04442866730199213
10666 0.04206847233536149
10672 0.029405946668303314
10705 0.03964330208106839
10752 0.02818721924363676
10785 0.027708611520324163
10885 0.0608463970382805
10924 0.016552606656606718
10930 0.031239037111116353
11000 0.011738147221359092
11118 0.05363442823810215
11150 0.028864686434930512
11232 0.01838082266335401
11259 0.023795895779871134
11262 0.02027134713467957
11352 0.032182062666003305
11356 0.034007710193270285
11365 0.029866021794653422
11490 0.04278361014460935
11576 0.02027134713467957
11577 0.03322631773872274
11587 0.03862657896533571
11733 0.015982000396427377
11807 0.05693368129782747
11841 0.0608463970382805
11876 0.02101977978217114
11905 0.021256116763011045
11919 0.030801147484429647
11921 0.027554209116302405
11968 0.0414026949630357
11991 0.036867186083368406
12025 0.054157565300127476
12041 0.0209422697720582
12064 0.006283275957900219
12092 0.03537964059720847
12177 0.05200424244164175
12291 0.03609477840645634
12314 0.07631151318981692
12316 0.027402238347515383
12324 0.03815575659490846
12336 0.03269007176598652
12348 0.03379412529111624
12379 0.03862657896533571
12406 0.02299957249126842
12457 0.03815575659490846
12465 0.03471386322488267
12509 0.04439567276972228
12554 0.03815575659490846
12611 0.017918461445926508
12634 0.05200424244164175
12648 0.044003954241804845
12667 0.03243133328089004
12733 0.01808926138044939
12786 0.05693368129782747
12818 0.03770684103156926
12834 0.039994141870695506
12865 0.011962146980301546
12876 0.07218955681291268
12877 0.026457996098012748
12924 0.0414026949630357
12984 0.030589052257104784
12999 0.026400605061875474
13033 0.04206847233536149
13079 0.013837916355667905
13086 0.08879134553944457
13088 0.1278419726942712
13105 0.05200424244164175
13332 0.028025031486729652
13349 0.03409107008566841
13371 0.046332133819221424
13408 0.04278361014460935
13450 0.03169946488913873
13516 0.03243272466498559
13534 0.054157565300127476
13540 0.036473256106849976
13548 0.054157565300127476
13598 0.04746873356197445
13608 0.07201705632507105
13619 0.034397443258477184
13643 0.03322631773872274
13696 0.031239856865561
13723 0.06905590865475071
13754 0.04971970273714261
13787 0.01680069086890933
13872 0.01753130573741389
13874 0.020578785362111694
13912 0.018560083750876633
14010 0.032182062666003305
14062 0.011931753429576229
