390 0.050504191113268024
458 0.06914875808226636
688 0.0639378986198384
937 0.08818139865525638
961 0.053357136167542035
971 0.03538053963077542
997 0.04088623595872748
1027 0.03673362445243049
1107 0.027178483207383416
1127 0.03157414023889106
1184 0.04571523724569458
1240 0.04431183445575931
1483 0.04547281794767277
1503 0.09654004003748246
1618 0.043438933995889335
1623 0.0545697651625995
1625 0.05587950425472449
1689 0.02378087959028366
1697 0.1031746669512534
1718 0.030770886783825592
1830 0.045233937744144914
1963 0.021571953263556334
2093 0.07527986824283409
2332 0.05375144448425117
2365 0.04752086287249842
2368 0.09183269732825772
2597 0.06294310108055601
2624 0.17636279731051277
2648 0.029273797312877946
2745 0.08818139865525638
2848 0.028067556373075928
2909 0.06120439207637045
2919 0.057303271706067464
2930 0.09654004003748246
3103 0.057303271706067464
3157 0.037018205596322074
3176 0.06815675719366412
3220 0.0680219446125241
3249 0.037162373959141834
3316 0.052228205581723156
3402 0.053357136167542035
3432 0.016034375769495433
3490 0.050504191113268024
3519 0.038208767152662
3682 0.1031746669512534
3758 0.03009899753865955
3841 0.028745912717004482
3866 0.12939821158107542
3928 0.03883819103390183
3940 0.03949279845736392
4134 0.06815675719366412
4291 0.08267570232730434
4311 0.053357136167542035
4420 0.042015166544546366
4421 0.08817841025175452
4436 0.06815675719366412
4489 0.06372077821808572
4492 0.04261025042718261
4576 0.05681478757066844
4658 0.06469910579053771
4663 0.052595928996842733
4676 0.07856344350071584
4700 0.050504191113268024
4799 0.06120439207637045
4887 0.03775209555979367
4890 0.07133373270430865
4903 0.05186856465791585
4990 0.03631582294671938
5109 0.1031746669512534
5158 0.04431183445575931
5210 0.052228205581723156
5223 0.02648535826853913
5260 0.028488222299508394
5281 0.07683942903226071
5330 0.08049072770526204
5358 0.07403641119264415
5422 0.3737800740301687
5446 0.09654004003748246
5689 0.09378513957831935
5730 0.05083476808035959
5759 0.057303271706067464
5793 0.038363867871545033
5903 0.03775209555979367
6102 0.03106750523825982
6151 0.04924487734095354
6297 0.058862832495494094
6619 0.05832629251548387
6629 0.03966062560374361
6643 0.1031746669512534
6752 0.03867855071079244
6766 0.1031746669512534
6775 0.02641012593679799
6811 0.05634046440831165
6813 0.022314555539324613
6815 0.06815675719366412
6936 0.04621112378037343
7070 0.07254636169936612
7503 0.07254636169936612
7566 0.03449583750913963
7633 0.026560938094962194
7671 0.026636868641093103
7688 0.07856344350071584
7717 0.03241886990187609
7865 0.023277362837080436
8075 0.09654004003748246
8085 0.045233937744144914
8124 0.02641012593679799
8264 0.05697644459901679
8370 0.060586846963949226
8429 0.21342854467016814
8433 0.02340179692213656
8601 0.06722147387772016
8658 0.0585815812575638
8744 0.05760019748826289
8903 0.0545697651625995
8960 0.08519807041448678
8995 0.034995510023319173
8996 0.017976596536766615
9102 0.04365283251009302
9103 0.11665258503096775
9105 0.028919988862249134
9164 0.1426674654086173
9250 0.058862832495494094
9251 0.06120439207637045
9298 0.051516658550290875
9337 0.05587950425472449
9383 0.028919988862249134
9497 0.013359160665427739
9538 0.3270575647763977
9542 0.10036032131379502
9689 0.08267570232730434
9712 0.08267570232730434
9725 0.025533326738923168
9730 0.05297210656008579
9757 0.05083476808035959
9781 0.03730782383532163
9823 0.06549745940926503
9827 0.01992631118119125
9902 0.04530813224108278
9966 0.038999404193397216
9989 0.04986242245337477
10032 0.06321053428091153
10048 0.03932667516930084
10108 0.055431174748872936
10290 0.06914875808226636
10327 0.043869564199497085
10362 0.033195565008733136
10440 0.051516658550290875
10516 0.019626064164079103
10568 0.05941756369842185
10598 0.04182151927467144
10624 0.09615118815085233
10628 0.03285817154359297
10636 0.06722147387772016
11000 0.006634626913770939
11138 0.04261025042718261
11320 0.09848975468190709
11332 0.04672250925377109
11403 0.07856344350071584
11538 0.08818139865525638
11796 0.05681478757066844
11840 0.07683942903226071
12001 0.09654004003748246
12010 0.10519185799368547
12057 0.06273920006793357
12064 0.010654285806131156
12347 0.06251413116849543
12378 0.02278887870168142
12403 0.0469843228924882
12572 0.05375144448425117
12810 0.04301934681839941
12834 0.013563275619800929
13071 0.06815675719366412
13336 0.01749074968130384
13365 0.08818139865525638
13516 0.05499480213308869
13614 0.038363867871545033
13617 0.05375144448425117
13676 0.03188582591660815
13696 0.05297210656008579
13822 0.05373359505933265
13872 0.029727095090614945
13874 0.017447288823538888
13884 0.050504191113268024
13939 0.1031746669512534
14008 0.08519807041448678
14032 0.1031746669512534
14189 0.04070542745242138
