11 0.04552325277739255
79 0.021407815166979656
85 0.058435564485261694
313 0.0341811929986315
321 0.03593024654925882
721 0.032485658495760183
726 0.05220182978724851
729 0.033782345005955464
765 0.04817350766890719
931 0.035022687351153006
943 0.07292432642430927
960 0.025099282640559703
971 0.02500712720809547
979 0.04085810243648805
981 0.06877179298879156
986 0.0602183857842038
997 0.028898578550530057
1107 0.019209876219607788
1184 0.03231173874343457
1240 0.03131980723367375
1241 0.044185273790293196
1255 0.024295182746479266
1289 0.055529001141053656
1357 0.043259544210473705
1455 0.04688713363873696
1458 0.020015755549891722
1471 0.032485658495760183
1545 0.024381815702734087
1653 0.014707336441198753
1692 0.042402452491351085
1796 0.05220182978724851
1830 0.0319715540547314
1940 0.02246314671122281
2234 0.034806504503992884
2340 0.03284154643953274
2384 0.07759265678165425
2435 0.043259544210473705
2580 0.0682349417811591
2593 0.04629390383378567
2693 0.024381815702734087
2764 0.04817350766890719
2779 0.04085810243648805
2969 0.0341811929986315
3041 0.03982169789169341
3099 0.029290665101574274
3150 0.028898578550530057
3157 0.05232927400335239
3185 0.03771306784820093
3225 0.03524298821351839
3242 0.04467749469483686
3249 0.18386575101864686
3250 0.03827734783683037
3251 0.07488185432178053
3257 0.03231173874343457
3297 0.08167929664968927
3305 0.062327015827696286
3310 0.062327015827696286
3321 0.017996896556712615
3332 0.021475252358526042
3396 0.09121881318292206
3432 0.045332680479683
3442 0.033023683205050766
3519 0.027006131354197698
3527 0.025380238454502775
3677 0.04887465843344336
3728 0.027796273852610028
3738 0.09745697548728056
3756 0.02722643221656309
3758 0.042548218209237945
3761 0.08304011172065213
3786 0.02346277715323243
3852 0.02815216179638259
3866 0.045729623845156234
3980 0.05320815513282095
3984 0.029189735377230464
4039 0.06490777042735396
4084 0.051276100207428996
4103 0.08100442898543098
4190 0.03717504313891034
4197 0.03887057764178165
4219 0.019209876219607788
4398 0.042402452491351085
4424 0.05320815513282095
4489 0.01501271248100129
4493 0.037440927160890265
4508 0.04050221449271549
4555 0.037440927160890265
4559 0.062327015827696286
4569 0.04050221449271549
4678 0.03616871779333789
4808 0.04075819571563305
4881 0.02088202255357475
4913 0.0319715540547314
4914 0.042402452491351085
4934 0.06490777042735396
5059 0.01972145352294886
5130 0.039179007802172816
5142 0.06490777042735396
5172 0.03569659323717269
5422 0.561402614485863
5474 0.03116245180521752
5689 0.013257553107663668
5793 0.02711575725158795
5814 0.045191599135865644
6017 0.07292432642430927
6044 0.01937790017607527
6120 0.03949588914714305
6154 0.023954998057776095
6235 0.024039110760026208
6249 0.043259544210473705
6304 0.0318051418947381
6310 0.016452546501849578
6425 0.05320815513282095
6511 0.05320815513282095
6531 0.041604519190635514
6541 0.045191599135865644
6583 0.054310459830740974
6593 0.14662397530033006
6606 0.015207749912198055
6675 0.04629390383378567
6723 0.02864438270092625
6746 0.047512445144098345
6936 0.09798670084158213
6937 0.039179007802172816
7233 0.03459428853925266
7242 0.03435124457654583
7245 0.023543372918985384
7418 0.02224423584291976
7432 0.08837054758058639
7448 0.18856533924100466
7468 0.014935609224887389
7479 0.01989713455534821
7486 0.025668189732904318
7492 0.045729623845156234
7502 0.04629390383378567
7513 0.054310459830740974
7536 0.06170804328965271
7547 0.08480490498270217
7598 0.02246314671122281
7602 0.04817350766890719
7627 0.022172176758833977
7671 0.018827060567321977
7717 0.022913805499838416
7732 0.03569659323717269
7748 0.09502489028819669
7924 0.0602183857842038
7965 0.029424371163934957
8004 0.038570159567323535
8115 0.01989713455534821
8264 0.02013560579942729
8383 0.041604519190635514
8401 0.026473067162067362
8411 0.019209876219607788
8412 0.052946134324134725
8429 0.07542613569640186
8451 0.19285079783661768
8642 0.05041900848830639
8739 0.03320873428218352
8795 0.019838277198897473
8978 0.06490777042735396
8995 0.024734986520784805
8996 0.03811782192031638
9065 0.0682349417811591
9105 0.061322341141390735
9168 0.03524298821351839
9198 0.045191599135865644
9337 0.1579835565885722
9457 0.027913690552303517
9466 0.06490777042735396
9500 0.027913690552303517
9523 0.045191599135865644
9535 0.042402452491351085
9538 0.16511841602525384
9542 0.07093513405760346
9582 0.06490777042735396
9652 0.017175622288272914
9725 0.0541412163129398
9823 0.04629390383378567
9902 0.08005998766115603
9905 0.018508725455071626
9966 0.027564957230214
10302 0.062327015827696286
10397 0.07292432642430927
10432 0.033587963193680216
10451 0.026164637001676195
10561 0.03691513454748536
10567 0.011589242106373803
10581 0.062327015827696286
10598 0.11823856430135561
10628 0.023224305909153357
10924 0.019838277198897473
10999 0.021221331646647804
11000 0.009378769286300312
11118 0.06428079134999318
11325 0.0236245342736854
11364 0.03827734783683037
11365 0.017897193822163485
11531 0.041604519190635514
11836 0.0602183857842038
11842 0.02606362810126857
11849 0.028273267045168672
11989 0.04629390383378567
12023 0.04613602745104536
12117 0.024123839678041284
12256 0.03131980723367375
12270 0.03799176676964356
12276 0.045729623845156234
12291 0.043259544210473705
12314 0.09145924769031247
12316 0.06568309287906549
12317 0.05320815513282095
12378 0.01610728368108598
12417 0.039179007802172816
12448 0.03827734783683037
12834 0.028759755700938257
12852 0.0682349417811591
12876 0.08651908842094741
12877 0.015854936675796207
12903 0.018719972343135948
12928 0.030854021644826354
12962 0.04467749469483686
12999 0.0316410902706407
13088 0.0218883478991472
13111 0.04817350766890719
13307 0.09774931686688672
13313 0.07292432642430927
13450 0.03799176676964356
13516 0.03887057764178165
13534 0.06490777042735396
13545 0.044185273790293196
13608 0.028770782271426126
13643 0.03982169789169341
13669 0.043259544210473705
13696 0.037440927160890265
13723 0.08276341524541049
13754 0.01489724950288311
13770 0.03214039567499659
13786 0.015648773541539197
13787 0.04027121159885458
13832 0.026164637001676195
13861 0.04962107518759082
13874 0.024663647055688336
13989 0.02268628119986277
14163 0.028041379381776504
