79 0.018220869483488708
108 0.023364424874733773
400 0.05524505906820774
917 0.022985773691552913
960 0.0213627943606426
1002 0.021764634522786055
1008 0.02679305740837795
1027 0.022098351803932402
1107 0.01635013403569244
1307 0.1539217059651316
1450 0.03846400126225134
1480 0.03990712437596462
1489 0.05653001096542006
1604 0.01688498601089983
1618 0.026132157110498468
1712 0.10609699418962365
1767 0.03990712437596462
1793 0.038921931131806496
1839 0.1849014095918699
1850 0.1386760571939024
1888 0.06206820376505208
1940 0.019119095583605767
1942 0.019437690285431578
1963 0.02595467337743277
2058 0.029444294592011082
2105 0.029092695894471915
2204 0.014306190887141633
2234 0.029624918320573936
2513 0.03477562497767468
2526 0.051253775283559365
2571 0.03846400126225134
2609 0.023758226067857637
2628 0.06206820376505208
2648 0.017610640967234734
2693 0.0207521355273674
2706 0.04842191437136338
2749 0.06206820376505208
2848 0.01688498601089983
2965 0.017345295601732716
2995 0.027418838531386883
3078 0.5527612219949664
3092 0.013044759671599697
3150 0.02459649543498204
3184 0.023079079764721885
3208 0.06895732107465874
3220 0.02046044849701326
3241 0.03257906300427878
3271 0.053048497094811825
3281 0.020826428083914276
3304 0.1167657933954195
3321 0.03063545725801151
3332 0.018278267412979193
3432 0.028938060046561638
3633 0.00860169834073233
3790 0.03861802482730824
3945 0.04159876967451903
4029 0.03233599591351874
4384 0.03458614833764212
4404 0.06338800675195796
4452 0.017450577001217316
4458 0.18224031508709146
4459 0.13910249991069873
4460 0.047262491498911006
4535 0.04402771172016881
4560 0.046225352397967476
4577 0.013818592847039436
4589 0.035410923916474754
4864 0.02826500548271003
4903 0.031203285993734824
4933 0.04100199805307084
4948 0.03802643069057917
5166 0.03417885335622649
5394 0.045287145959095686
5434 0.029808918388397262
5455 0.02470648224422039
5551 0.015664679679141588
5663 0.016589652349023876
5844 0.024168440298577065
5962 0.019834135151732976
6036 0.04973635961329921
6044 0.01649314454643413
6278 0.04779948399287147
6293 0.04973635961329921
6548 0.06206820376505208
6563 0.020388857512242106
6636 0.02575591830743442
6734 0.026657279848577325
6755 0.030382501030882858
6775 0.01588790278218534
6789 0.021682943456294953
6798 0.051253775283559365
6861 0.1616799795675937
6862 0.18660095894004133
6863 0.06206820376505208
6978 0.045287145959095686
6987 0.04364271282306984
7099 0.011255677343181184
7177 0.04973635961329921
7201 0.01831096846008177
7468 0.012712170028580183
7491 0.014698422735181673
7633 0.031957257853770474
7691 0.046225352397967476
8027 0.026132157110498468
8097 0.09110434741744354
8154 0.06283928026365278
8202 0.06385307386040828
8250 0.01335401181708435
8264 0.01713805179933762
8293 0.036441738966977416
8345 0.029808918388397262
8389 0.037205645727727214
8463 0.04063556686879121
8523 0.19894543845319684
8688 0.01777335073813769
8706 0.04862751443597938
8715 0.05590496056166067
8878 0.02858777921963041
8893 0.026930734016514243
8902 0.058076919980403714
8904 0.058076919980403714
8981 0.022356280542963843
8996 0.010814428481492715
8997 0.007775745167917022
9317 0.1549579249771071
9386 0.03477562497767468
9392 0.03209878643496214
9402 0.025393531973728043
9457 0.1663075824750035
9496 0.021284357953469425
9515 0.06328171313081399
9528 0.02750154417143965
9645 0.015933161330957155
9722 0.024064273008880015
9781 0.02244378082592181
9783 0.015065311798409609
9857 0.053048497094811825
9902 0.020442477309973683
9932 0.04386015807874113
9949 0.028753223736214913
9966 0.046922816185780744
10025 0.03609007021961051
10037 0.024817711868562645
10048 0.02365828899611026
10054 0.04100199805307084
10156 0.016070199047837838
10354 0.04043934680206665
10460 0.03861802482730824
10516 0.03542016424102206
10567 0.009863970993102582
10613 0.060375139143156245
10625 0.053048497094811825
10628 0.019766942283209268
10657 0.06042773737010484
10745 0.0338935082462146
10999 0.006020715817773196
11000 0.05986925676972549
11246 0.019056595583057976
11255 0.02452930256645833
11259 0.024273721698061666
11283 0.06206820376505208
11365 0.015232868474001767
11370 0.047262491498911006
11849 0.024064273008880015
11936 0.053048497094811825
11957 0.017503642989662706
11976 0.029624918320573936
12010 0.031640856565406994
12017 0.027355708659382142
12041 0.0213627943606426
12064 0.05127556226169275
12175 0.12596197020202807
12245 0.12136860849030832
12327 0.03990712437596462
12376 0.06206820376505208
12378 0.05483767706277377
12490 0.1596284975038585
12606 0.10609699418962365
12611 0.018278267412979193
12695 0.04386015807874113
12735 0.015446406500783213
12834 0.024478338911114075
12877 0.026989277475102512
12940 0.031203285993734824
13051 0.027355708659382142
13088 0.018629866110518367
13336 0.08417720723910692
13401 0.04973635961329921
13480 0.030047729015258533
13660 0.2518267811915041
13728 0.031203285993734824
13786 0.07991500058825073
13806 0.022621149895166733
13816 0.026005139644732774
13839 0.058076919980403714
13872 0.053650012642128125
13874 0.010496005558794508
13982 0.019969912711533602
13989 0.01930901241365412
14062 0.012171345210060197
14072 0.014738519397617373
14076 0.029808918388397262
14107 0.03609007021961051
14163 0.015911270716388794
14170 0.014900559550682764
