149 0.025275267141915213
305 0.03808380016218013
321 0.056809661391670714
482 0.02392281577459141
647 0.04497562552932926
729 0.02670679671198245
818 0.03493088252377439
839 0.04760593698214109
854 0.031746272932996776
971 0.019769505716064242
976 0.019344167672346018
994 0.019071218474630065
995 0.022351568407278966
1010 0.051642574435308154
1027 0.020525565923036372
1099 0.02036926948279909
1107 0.01518646082647515
1184 0.025544201797698375
1190 0.03922818168576996
1204 0.05765067998769596
1249 0.02315587737584821
1397 0.01730393960515824
1403 0.028404830695835357
1459 0.08995125105865852
1465 0.042063965136267596
1471 0.025681694901529377
1483 0.05081749140762685
1545 0.019275162672311476
1550 0.019004235617499938
1690 0.03352146449799063
1796 0.041268409752957744
1807 0.051313152758512615
1923 0.04619651895635734
1940 0.01775834959421276
2058 0.027348682610713108
2126 0.029814248721619113
2160 0.029388910677900896
2294 0.05765067998769596
2344 0.042063965136267596
2457 0.04927292469132483
2513 0.03230057107096254
2518 0.05765067998769596
2648 0.016357254845385263
2667 0.02859335529459103
2716 0.023476721492435758
2737 0.04619651895635734
2740 0.027687355369488745
2764 0.03808380016218013
2770 0.021882587707403624
2779 0.06460114214192508
2780 0.03097315466304498
2793 0.015823552640098135
2848 0.015683246268828003
2885 0.039858991727173984
2886 0.03922818168576996
2961 0.03493088252377439
2965 0.01611079466408728
2995 0.012733691245446713
3010 0.013395768066858363
3041 0.09444370929240856
3103 0.03201922213071273
3130 0.025944145687868507
3212 0.05394346421132445
3249 0.12459082400801752
3250 0.030260343003774764
3313 0.03419904251402522
3321 0.014227533870190752
3355 0.03352146449799063
3396 0.07211347523551533
3432 0.026878477835835198
3498 0.04927292469132483
3544 0.02143649342524798
3571 0.09239303791271468
3606 0.02068458069809523
3633 0.00798949749326355
3743 0.03922818168576996
3746 0.047394096553325986
3756 0.021523988055658506
3786 0.01854861228903616
3797 0.08253681950591549
3840 0.024760025531109363
3980 0.042063965136267596
3984 0.023076086892689883
3991 0.021178923741848
3992 0.046737035273251286
4054 0.04619651895635734
4103 0.03201922213071273
4184 0.02918343868021509
4201 0.1142514004865404
4219 0.01518646082647515
4258 0.0328906544565866
4384 0.016062289939692727
4421 0.07390688230158488
4489 0.09494698139039463
4492 0.023809235194659842
4540 0.036151775950802476
4577 0.012835094714848101
4582 0.05765067998769596
4586 0.02878584912245399
4628 0.04497562552932926
4663 0.029388910677900896
4702 0.02596304384177919
4835 0.02451289916021547
4857 0.03572643790708425
4881 0.049525152665545136
4899 0.020525565923036372
4964 0.028220114936586983
4967 0.03922818168576996
5022 0.043898721205769584
5039 0.03808380016218013
5070 0.08058927945665918
5130 0.03097315466304498
5223 0.014799164940560803
5247 0.010019727616201908
5260 0.031836601672448644
5280 0.029599106581196837
5297 0.026863093152219727
5328 0.05394346421132445
5341 0.030729323703650096
5350 0.025275267141915213
5358 0.02068458069809523
5422 0.31328439534297114
5432 0.03922818168576996
5661 0.02451289916021547
5689 0.083846583339852
5701 0.04619651895635734
5705 0.05765067998769596
5791 0.1078869284226489
5855 0.05394346421132445
5945 0.06145864740730019
6102 0.017359521047479638
6151 0.055032901942062715
6207 0.022255828065407674
6230 0.056029470495729414
6291 0.051313152758512615
6528 0.019842359640215843
6591 0.13541591280085885
6606 0.012022560461097134
6677 0.02878584912245399
6679 0.043898721205769584
6712 0.032590853201082785
6728 0.03922818168576996
6734 0.024760025531109363
6752 0.06483698417372045
6770 0.03419904251402522
6775 0.014757127537290235
6811 0.03148123643080285
6813 0.024937309486505566
6936 0.025821287217654077
6941 0.04497562552932926
7069 0.03455764216577034
7099 0.010454587263597668
7100 0.04340305985488381
7216 0.043898721205769584
7442 0.020292111901658152
7466 0.049525152665545136
7468 0.023614836641349706
7491 0.027304610542216244
7501 0.09291946398913493
7585 0.031746272932996776
7598 0.01775834959421276
7627 0.0175283218869481
7633 0.014841396512664645
7644 0.05394346421132445
7671 0.02976764811128469
7717 0.01811462008555679
7891 0.0154089321208811
8124 0.014757127537290235
8156 0.023697048276662993
8250 0.012403578887715766
8293 0.033848104245660246
8385 0.04497562552932926
8414 0.04619651895635734
8429 0.1788854923297147
8433 0.0784570212065271
8451 0.030491826737653698
8463 0.03774344865108466
8706 0.030111061738444047
8744 0.021456756461304915
8891 0.042063965136267596
8944 0.039858991727173984
8996 0.040178972022219483
8997 0.028889316535618055
9094 0.012835094714848101
9105 0.04847867424470525
9107 0.05765067998769596
9126 0.038688335344692036
9134 0.020525565923036372
9235 0.10262630551702523
9250 0.0328906544565866
9287 0.03201922213071273
9312 0.10367292649731101
9337 0.5308023347058487
9354 0.051313152758512615
9368 0.04293539746214148
9376 0.04619651895635734
9383 0.08079779040784206
9497 0.014929337194578344
9500 0.06620191039995602
9507 0.07971798345434797
9523 0.03572643790708425
9538 0.18274923061673318
9542 0.11215622862650106
9652 0.013578271513532721
9710 0.05765067998769596
9725 0.014267200392732236
9730 0.029599106581196837
9758 0.022351568407278966
9781 0.020846410039623918
9827 0.033402542208879386
9859 0.03659787023295812
9902 0.03797508695479935
9905 0.05852865075403752
9908 0.02451289916021547
9932 0.02036926948279909
9949 0.0534135934239649
9963 0.04293539746214148
9975 0.07845636337153993
10003 0.021523988055658506
10068 0.017585288545408053
10110 0.025544201797698375
10277 0.039858991727173984
10290 0.038638098300145904
10343 0.09239303791271468
10362 0.01854861228903616
10377 0.03659787023295812
10396 0.024391796474466747
10415 0.03352146449799063
10486 0.05765067998769596
10489 0.026253325971899433
10516 0.032899237127924655
10553 0.02898248291828673
10569 0.025014017394426494
10598 0.046737035273251286
10657 0.014031742253615738
10661 0.04760593698214109
10675 0.037066850932833455
10745 0.03148123643080285
10752 0.0534135934239649
10818 0.04927292469132483
10924 0.015683246268828003
10930 0.029598329881121606
10999 0.016776626671258905
11000 0.01482886310548606
11118 0.025408745703813424
11138 0.023809235194659842
11169 0.030729323703650096
11248 0.03922818168576996
11255 0.011391750419693106
11317 0.019697227718283975
11325 0.01867649016524314
11359 0.015364002698258553
11402 0.03756119397658623
11557 0.04760593698214109
11722 0.030491826737653698
11733 0.060570435408886944
11906 0.03659787023295812
11907 0.05765067998769596
11929 0.053726186304439455
12023 0.018236530146387056
12033 0.04927292469132483
12057 0.0175283218869481
12173 0.025544201797698375
12175 0.01671385621953418
12183 0.02878584912245399
12215 0.01666205370642758
12231 0.02326157935201348
12245 0.022546110195527918
12249 0.038638098300145904
12256 0.024760025531109363
12291 0.03419904251402522
12315 0.04053656974320857
12316 0.05192608768355838
12318 0.030260343003774764
12387 0.021349828140305387
12398 0.027687355369488745
12465 0.0328906544565866
12509 0.042063965136267596
12565 0.08816673203370268
12667 0.015364002698258553
12763 0.021263976625921395
12807 0.0146736281523464
12834 0.015157442915933985
12865 0.011333882384083999
12876 0.03419904251402522
12877 0.012534197096358977
12878 0.038638098300145904
12895 0.03808380016218013
12903 0.014799164940560803
12924 0.03922818168576996
12932 0.030729323703650096
12982 0.03352146449799063
12984 0.02898248291828673
13111 0.03808380016218013
13210 0.04053656974320857
13307 0.038638098300145904
13324 0.03455764216577034
13419 0.05394346421132445
13516 0.030729323703650096
13540 0.03455764216577034
13546 0.04927292469132483
13600 0.029814248721619113
13608 0.02274488148268659
13617 0.030034575505846345
13628 0.05250665194379887
13696 0.029599106581196837
13723 0.03271450969077053
13748 0.04927292469132483
13754 0.023554185712746867
13872 0.06644217216005388
13874 0.02924694872319699
14163 0.007389416163390068
