108 0.03909285409059762
421 0.042889646978141634
435 0.07907858609963285
552 0.07734326722222776
637 0.04115432810073651
918 0.09243484677918914
960 0.035743768887337476
1033 0.05410389414242977
1054 0.042290661114581234
1107 0.027356693248214256
1378 0.060385130675326845
1426 0.06512333955651617
1460 0.04009135955554113
1461 0.0282515960904178
1545 0.03472202763770897
1566 0.0378492223521238
1745 0.09717305566037847
1808 0.044602388338674484
1901 0.043723764247157834
1919 0.043094249559325344
1940 0.06397932052693903
1959 0.15702049731635523
2020 0.10385118600015662
2137 0.042290661114581234
2425 0.15339702436707187
2552 0.054927580571338515
2575 0.0343546452094083
2597 0.03167791033835787
2609 0.039751753792432024
2730 0.06751997019324481
2779 0.05818582911628674
2814 0.1581571721992657
2940 0.0350977921331878
2988 0.08875960644319524
3010 0.024130962573610137
3147 0.04026382496364239
3332 0.030582804620080038
3338 0.0706651368824496
3432 0.01613951359999079
3544 0.15446168311434924
3633 0.014392176994231115
3789 0.03614387672408125
3832 0.043939065299636336
3840 0.044602388338674484
3847 0.20669177834326086
3860 0.07180146989629431
3985 0.03522497651791949
4262 0.037406048638486365
4274 0.09717305566037847
4316 0.09717305566037847
4489 0.04275906470934826
4492 0.08577929395628327
4734 0.04190310685769764
4758 0.05535540452060379
4870 0.07577348035102013
4899 0.03697448780979967
4985 0.10198583712250345
5049 0.043723764247157834
5441 0.085756716439411
5459 0.10167069688859776
5520 0.04133835566865217
5528 0.03845930306014495
5780 0.06677174374157127
6068 0.042290661114581234
6083 0.05818582911628674
6310 0.023429993127372113
6429 0.11537790918043485
6519 0.03220082079655321
6528 0.035743768887337476
6629 0.0399206813858963
6723 0.04079232900177915
7025 0.03669293743277536
7046 0.05535540452060379
7284 0.2714112272842721
7468 0.02126972997480281
7533 0.0368331110105929
7614 0.06766224687866539
7714 0.043094249559325344
7941 0.143497375321544
8004 0.10985516114267703
8268 0.2758095820876669
8306 0.040614270013736464
8442 0.06592692800126028
8545 0.07734326722222776
8658 0.0196552340838891
8689 0.046014993278214227
8700 0.058708739574482076
8724 0.15154696070204027
8760 0.10385118600015662
8995 0.03522497651791949
9102 0.043939065299636336
9105 0.11643847200882704
9201 0.06435714113005267
9204 0.03010812346715026
9375 0.14432782996122848
9409 0.033759985096622404
9497 0.05378702815592498
9708 0.02937598978081168
9719 0.13482728210472728
9721 0.0706651368824496
9758 0.04026382496364239
9820 0.06160571091111666
9827 0.04011393707241337
9843 0.059807166251734614
9902 0.022802609437602935
10040 0.06994316470203471
10209 0.044602388338674484
10242 0.035482330128552265
10316 0.030874321893613766
10510 0.07907858609963285
10567 0.03300836899300226
10590 0.0832178091172618
10595 0.0394190092233314
10600 0.05818582911628674
10628 0.033073623452653876
10638 0.059248797661482125
10664 0.05670989033933292
10679 0.058708739574482076
10745 0.05670989033933292
10806 0.044829568436730444
10930 0.026659023470619776
10999 0.01007373244781582
11000 0.006678130339778146
11262 0.03459865405724675
11332 0.04702886999577056
11339 0.044602388338674484
11365 0.02548730849691848
11503 0.06512333955651617
11606 0.05185445465736802
11612 0.0832178091172618
11708 0.058708739574482076
11713 0.09243484677918914
11714 0.14192932051420906
11741 0.06160571091111666
11820 0.06960216833725422
11844 0.09243484677918914
11921 0.04702886999577056
11957 0.029286719665364454
12021 0.05083534844429888
12023 0.03285104849819822
12064 0.032172438728805035
12078 0.144575506896325
12175 0.03010812346715026
12183 0.05185445465736802
12215 0.15007403546498607
12398 0.04987564228111242
12584 0.08920477667734897
12611 0.061165609240160075
12613 0.10385118600015662
12764 0.09596898079040855
12865 0.020416708490248747
12903 0.18661316429433844
12948 0.03755245223339192
13022 0.036553946768448406
13068 0.05670989033933292
13112 0.05947597775953809
13709 0.11875362368858669
13723 0.02946574638430311
13728 0.05220866822274662
13751 0.0706651368824496
13770 0.04577098443037577
13786 0.02228534388210648
13787 0.02867502033457366
13965 0.04577098443037577
13989 0.03230742502619037
14018 0.0686036628723107
14041 0.06682645843152596
14072 0.07398052270641187
14163 0.013311198282146318
14211 0.043939065299636336
14212 0.0350977921331878
14250 0.10385118600015662
