79 0.03324414459448487
194 0.031362319599046985
249 0.05017682124529987
322 0.043717424225982675
617 0.06861520521239865
637 0.04487653300514004
638 0.0664998274773851
1012 0.0334542049139953
1119 0.15179467865301888
1133 0.033348867646759345
1194 0.15384719425332086
1319 0.08359990861420542
1492 0.19553672242031955
1519 0.06387111646959391
1567 0.03232814113510622
1653 0.04567797464965962
1963 0.023677270600173245
2114 0.041272496830620585
2126 0.05856453219855107
2204 0.05220355470735491
2224 0.10079512031292541
2341 0.06788204412662974
2359 0.21231956901631246
2485 0.044678078471221926
2597 0.034543020246945604
2609 0.1300413084168188
2648 0.03213077703272234
2693 0.03786246286113331
2897 0.07378196159149586
2929 0.09678419265588958
3092 0.02380028445491796
3165 0.047678361909920836
3185 0.05856453219855107
3220 0.03733027718128877
3236 0.040011631673996705
3365 0.0826268159101844
3634 0.0646075576124588
3865 0.03232814113510622
3882 0.05654443295001255
3890 0.0518618016400411
3952 0.07962653247148549
3956 0.033881843035412584
3984 0.022664334869916293
4030 0.042628608893032355
4383 0.03232814113510622
4535 0.04016448325684796
4827 0.17148211618053805
5247 0.03936377307902869
5260 0.031268533732774675
5390 0.02907019994921654
5844 0.04409554245680457
5962 0.03618756270046661
6054 0.053721387323828584
6068 0.04611564170534307
6158 0.06084098682115278
6210 0.040474145282790065
6294 0.09015440990806928
6315 0.023616078198287496
6636 0.046991910740153596
6681 0.03409954209576793
6695 0.20725812148167364
6771 0.0693795738691459
6866 0.03431991237685834
6926 0.08433858221977758
7188 0.08623085208470388
7201 0.05011279651365939
7418 0.034543020246945604
7495 0.06036202636818888
7540 0.043905488275041045
8027 0.047678361909920836
8078 0.049390128219514
8124 0.028987625309138572
8250 0.0243645178494858
8293 0.03324414459448487
8370 0.0664998274773851
8463 0.037069983457405815
8688 0.032427642511932045
8717 0.053721387323828584
8758 0.0524605221672047
8795 0.030806812865372235
8976 0.09982148601428627
8981 0.040789240252153816
8996 0.019731024607318765
9023 0.1132440108061334
9204 0.03283125393735244
9347 0.06788204412662974
9531 0.04110996221383402
9533 0.0518618016400411
9719 0.058808696480775115
9725 0.02802525478958208
9765 0.03324414459448487
9854 0.09074444729907782
9920 0.06344844883330143
9934 0.08623085208470388
10165 0.0770564481056668
10180 0.11465084699669607
10460 0.03522947141671284
10495 0.04280555566994429
10524 0.06584666631266184
10567 0.017996906144773107
10595 0.04298426314021375
10596 0.0826268159101844
10732 0.030445796637981103
10771 0.35338491927886967
10825 0.30238536093877627
10999 0.021969703190040237
11000 0.01456426822822155
11003 0.026744548033540975
11098 0.40388879704626035
11108 0.04316476669554688
11232 0.03420938924296422
11705 0.13169333262532368
11733 0.059489662944479785
11912 0.05339777581945385
11919 0.05732542349834804
11957 0.031935558234796955
12011 0.07017792541697641
12057 0.03443111986888232
12215 0.032729497559885926
12403 0.05156976345627212
12513 0.03841090097358209
12807 0.028823606337412596
12877 0.02462109296419783
12915 0.05856453219855107
12947 0.07017792541697641
13064 0.05072110388512966
13267 0.1132440108061334
13321 0.07589733932650944
13480 0.027411179500087555
13872 0.13051325784330656
13874 0.019150059045056757
13875 0.05044690080965765
13973 0.0389766155402739
14039 0.05156976345627212
14062 0.04441346341230245
14065 0.07337296470899667
14163 0.014515130160417125
14170 0.027186208467741328
