11 0.023363353652124313
47 0.0526316372384911
309 0.05461476804498203
321 0.03688009998069537
583 0.04440315524732999
735 0.1332473496725403
817 0.03334445065997122
827 0.07003880342474264
896 0.039898161783302924
960 0.05152561655587463
1027 0.02664986570446
1054 0.030481570023471946
1127 0.022906713117566018
1184 0.033165933158133515
1240 0.06429555781480278
1350 0.07917960368928277
1397 0.022466989137580648
1458 0.02054489286226155
1461 0.020362722686498812
1471 0.03334445065997122
1483 0.03299006045750151
1514 0.05839519284510904
1689 0.017252782889303493
1692 0.04352340541732165
1714 0.03447589592886875
1768 0.039289249331557356
1882 0.07631560812531964
1942 0.02344119780098071
2017 0.02624741393770765
2044 0.03640518904597402
2073 0.06397469530504069
2090 0.047517731322718464
2332 0.03899611863188336
2337 0.047517731322718464
2372 0.03664026980032788
2426 0.059980369399643865
2513 0.04193822886278682
2594 0.04440315524732999
2618 0.03688009998069537
2707 0.05839519284510904
2737 0.059980369399643865
2763 0.060682161852544096
2848 0.020362722686498812
2915 0.047517731322718464
2935 0.035948548511415726
3157 0.026856326389453213
3249 0.053921838099726276
3251 0.07686143401050781
3274 0.05574621331387958
3396 0.06242018491197794
3432 0.046531097029672765
3495 0.049447024439823725
3496 0.07686143401050781
3523 0.03550882453143036
3571 0.2999018469982193
3695 0.059980369399643865
3746 0.030767636640722257
3761 0.02841178780916678
3776 0.07686143401050781
3782 0.07003880342474264
3823 0.04021474561572092
3840 0.09644333672220418
3841 0.04170972643618948
3980 0.05461476804498203
4025 0.06529188778986215
4084 0.0526316372384911
4103 0.08314586530226466
4139 0.059980369399643865
4154 0.04121854244866262
4190 0.03815780406265982
4222 0.03712487546009822
4266 0.049447024439823725
4289 0.045353357451259325
4420 0.030481570023471946
4489 0.0616383565886978
4664 0.05358183944242043
4903 0.03763010873611461
5123 0.044868751791489
5158 0.06429555781480278
5336 0.04087442588609219
5350 0.032816755333426005
5358 0.026856326389453213
5390 0.019214854278948656
5422 0.30507028750750004
5455 0.029795182902325426
5551 0.01889107447724764
5663 0.020006560267833724
5689 0.04082409093183087
5749 0.048768486039731836
5767 0.047517731322718464
5780 0.04812664377446403
6060 0.05016671085394793
6109 0.04448550408847903
6151 0.035726650645882124
6170 0.06662367483627014
6208 0.05839519284510904
6245 0.0147156207326293
6263 0.10350377481696552
6278 0.019214854278948656
6310 0.016887486677649007
6517 0.07003880342474264
6531 0.04270437792002986
6542 0.07003880342474264
6628 0.05093285991119097
6629 0.028773374853422656
6677 0.07474960896851733
6734 0.03214777890740139
6737 0.03166967979214182
6769 0.06662367483627014
6770 0.04440315524732999
6775 0.01916027399814541
6776 0.06662367483627014
6789 0.026148897271371718
6813 0.016188979912608863
6821 0.0245882733422649
6830 0.07003880342474264
6836 0.048768486039731836
6936 0.06705138744987883
6937 0.04021474561572092
6941 0.05839519284510904
7010 0.07003880342474264
7078 0.034279673442149376
7245 0.04833153292976155
7338 0.037374804484258665
7418 0.02283228534923514
7427 0.06397469530504069
7432 0.045353357451259325
7448 0.0774201040292661
7468 0.03066089517261082
7479 0.020423135998373164
7491 0.0354516024937451
7509 0.05358183944242043
7536 0.03166967979214182
7627 0.02275832130832722
7633 0.01926968666355991
7717 0.023519555776320734
7748 0.048768486039731836
7749 0.05699696803089295
7765 0.1139939360617859
7898 0.11149242662775916
7929 0.04693853400579417
8293 0.043947506045863366
8411 0.019717709273846664
8412 0.027172910221871214
8429 0.11613015604389916
8451 0.039589801844641385
8498 0.039589801844641385
8642 0.05175188740848276
8715 0.033709746871625715
8739 0.034086641706736046
8744 0.03482362436992007
8795 0.020362722686498812
8944 0.05175188740848276
8995 0.02538888161140419
8996 0.026083670787699412
9094 0.01666475612596049
9105 0.04196230733242681
9109 0.06181032143358153
9111 0.06397469530504069
9169 0.05574621331387958
9204 0.021700840080337604
9337 0.36486003643713655
9383 0.04196230733242681
9409 0.04866593818081791
9468 0.05461476804498203
9497 0.0096919332890495
9507 0.2587594370424138
9515 0.03815780406265982
9531 0.027172910221871214
9538 0.2033801916716667
9542 0.07281037809194804
9564 0.07003880342474264
9652 0.017629677724413824
9690 0.05175188740848276
9725 0.09262082611281464
9730 0.038430717005253905
9781 0.027066441434999436
9783 0.018168257062139263
9827 0.02891266652174262
9902 0.024652937006837045
9905 0.018998022859722463
9932 0.05289386887065655
9954 0.0526316372384911
9978 0.05016671085394793
10005 0.037374804484258665
10209 0.03214777890740139
10302 0.06397469530504069
10382 0.030481570023471946
10451 0.026856326389453213
10561 0.03789102451734126
10598 0.060682161852544096
10614 0.021700840080337604
10624 0.034878347695621106
10798 0.07003880342474264
10860 0.05461476804498203
10924 0.020362722686498812
10980 0.04585859072727571
10999 0.021782339616815416
11000 0.0336934738188202
11022 0.06662367483627014
11108 0.028531097257282617
11118 0.13196024183000604
11248 0.05093285991119097
11255 0.014790755098392769
11320 0.035726650645882124
11325 0.02424907340439208
11332 0.03389669861194445
11364 0.039289249331557356
11636 0.030623741664812243
11733 0.01966077300085371
11842 0.053505294427448065
11987 0.03389669861194445
12023 0.02367784065681228
12117 0.024761578466340403
12220 0.042315123697897146
12291 0.04440315524732999
12465 0.04270437792002986
12553 0.05574621331387958
12555 0.07003880342474264
12565 0.03815780406265982
12568 0.06397469530504069
12582 0.02624741393770765
12616 0.07003880342474264
12648 0.027066441434999436
12733 0.022253088032310835
12903 0.019214854278948656
12928 0.03166967979214182
12962 0.04585859072727571
12984 0.03763010873611461
13088 0.022466989137580648
13112 0.021434060535019044
13283 0.06662367483627014
13307 0.05016671085394793
13516 0.039898161783302924
13548 0.06662367483627014
13598 0.05839519284510904
13619 0.042315123697897146
13641 0.06397469530504069
13696 0.038430717005253905
13787 0.020667911477776007
13872 0.04313340182232863
13874 0.01265782810668095
14041 0.02408304006624851
14062 0.02935646225280982
14090 0.028293665539427117
14163 0.02878268240599815
