79 0.047949661506414235
194 0.04523541294787184
326 0.06048888440651823
398 0.09591596525255608
548 0.07355916625960635
1012 0.09650528363171747
1075 0.08155681107448423
1085 0.14552408235356018
1101 0.06651485357481926
1255 0.1088336927279734
1274 0.08573438521509062
1375 0.08155681107448423
1402 0.07355916625960635
1461 0.08886835663872707
1492 0.07050805312105585
1493 0.08268327207654014
1653 0.06588358489792835
1656 0.07161053955300403
1689 0.03764787465857239
1916 0.09896707839110656
1942 0.05115182184349344
1963 0.03415088956334366
2064 0.06530977484579685
2176 0.0577107402969769
2204 0.18823937329286194
2209 0.22832762762411268
2384 0.057931205637500455
2617 0.07087036002213258
2648 0.04634379682347722
2659 0.04840547129249555
3010 0.037953236007694305
3092 0.1373132739362485
3142 0.06682509106911366
3191 0.13960132261664157
3220 0.053843291100363254
3257 0.14474498432900737
3439 0.08509473490993619
3633 0.02263605061175323
3675 0.1348783699921405
3763 0.08047729982909964
3931 0.0923372468871734
3984 0.03268988264058978
4384 0.04550809463575178
4387 0.1243749905226068
4404 0.11120704091817875
4535 0.11586241127500091
4590 0.08268327207654014
4682 0.1348783699921405
4689 0.0694505789005242
4795 0.08447049937533624
4827 0.08244569106890176
4858 0.1064193447220898
4870 0.11917671224734779
5211 0.08211391902253778
5223 0.04192937627036912
5747 0.09318665154607388
6695 0.04982309361405667
6781 0.10790000606244236
6813 0.21195908758971804
7167 0.17146877043018124
7201 0.04818676410097631
7342 0.1306195496915937
7442 0.05749213544563807
7604 0.13302970714963852
7851 0.0577107402969769
7891 0.043656984391750246
8017 0.07161053955300403
8250 0.03514214000391653
8265 0.10947045786064032
8433 0.07409548616275158
8585 0.07566638609749388
8623 0.13088517044590392
8931 0.0521950979156004
8981 0.0588323233174437
8997 0.0409249788106566
9126 0.0548063953762631
9150 0.0662082876163757
9409 0.0530977858044335
9489 0.08326542064631383
9497 0.021149091830953377
9652 0.038470309485622474
9765 0.047949661506414235
9898 0.08775394161516371
9906 0.057060383431987334
10156 0.08458000375698727
10445 0.056635709639885484
10567 0.025957821093935976
10590 0.13088517044590392
10836 0.07523100574555688
10999 0.03168798127335729
11000 0.042013517878134954
11003 0.038574974359938036
11009 0.13960132261664157
11098 0.1294552525520463
11317 0.055806694215530264
11482 0.04483169795359586
11659 0.11692272419162356
11733 0.042902430429683926
11875 0.19080349582190173
11955 0.06876884163054349
12064 0.033733926037766725
12335 0.16560567579305477
12413 0.1054658547244829
12552 0.17412622688905477
12766 0.13960132261664157
12807 0.04157370220024717
13336 0.055379747345866565
13480 0.03953648964512109
13600 0.08447049937533624
13786 0.03505044248815794
13787 0.04510014098955563
14171 0.22160771134958995
