670 0.056441179657912864
931 0.05164207816371599
961 0.055609130678151666
976 0.07216095619216718
1091 0.04952653128004312
1240 0.04618206241619689
1255 0.03582402783132349
1319 0.01984528036119063
1469 0.06913658555001026
1483 0.047392046447466286
1566 0.11756916260611902
1627 0.22682477346405622
1660 0.049813153509870166
1689 0.04956915366015955
1853 0.20122922959212722
2215 0.05164207816371599
2311 0.039983055595211286
2340 0.04842591578546651
2352 0.03673900088547594
2488 0.05101039034639971
2523 0.08879394531837023
2558 0.026099706112015453
2574 0.054057732429515316
2659 0.031866582991077405
2741 0.08008251861329961
2955 0.1733121187712088
3011 0.08616511801140816
3105 0.058718373450774415
3147 0.041689840989376496
3165 0.04527232026681489
3214 0.05333193688529013
3303 0.19141718739247998
3443 0.029779650984670718
3448 0.08388792421854661
3606 0.038580598216753755
3668 0.06826184913560623
3690 0.09190318809099297
3790 0.13380660315648607
3984 0.02152060150060836
4184 0.10886510475973345
4438 0.05972181705147034
4452 0.030232028205678992
4470 0.10752926317393337
4535 0.03813762211022582
4589 0.06134720075773648
4660 0.042802428138523675
4692 0.11743674690154883
4887 0.03934546278433341
4899 0.038284006023921034
4922 0.027840610132903825
4974 0.03950264012955061
5260 0.029690597929903386
5302 0.07845713490703347
5685 0.035697234524303595
5689 0.039097376336715825
5870 0.06192534497930779
6044 0.028573336634849063
6062 0.04618206241619689
6067 0.043387181010142974
6175 0.06314397908493737
6238 0.06314397908493737
6508 0.054432552379866724
6558 0.07316787023542985
6637 0.05333193688529013
6775 0.02752479330664004
7064 0.09685183157093302
7153 0.046655804580565015
7199 0.21505852634786674
7242 0.025326007105855378
7331 0.07560825782135207
7489 0.07316787023542985
7963 0.07005862746280711
7965 0.043387181010142974
8097 0.0315665115324496
8435 0.10752926317393337
8442 0.06826184913560623
8463 0.07039856639957255
8474 0.1338615305406585
8487 0.07697327584067687
8673 0.02653700241125177
8811 0.08879394531837023
8961 0.054057732429515316
8972 0.06826184913560623
8996 0.056205953566689386
8997 0.026941979880692895
9282 0.06913658555001026
9443 0.07434444853371479
9492 0.06252377905602143
9652 0.07597802131756613
9755 0.5297766458679014
9827 0.020767322273987487
9944 0.0347154600767588
10094 0.06587840190720869
10156 0.027840610132903825
10356 0.08187929694050049
10361 0.03621016405364651
10451 0.038580598216753755
10489 0.04896734606124212
10495 0.040645415401435084
10499 0.06690330157824304
10526 0.07434444853371479
10531 0.044620510180219494
10589 0.1332729308586802
10645 0.041689840989376496
10657 0.052343629108966845
10949 0.03647253263227322
10950 0.0664632020208044
10999 0.03129153558795214
11000 0.027658593511479028
11245 0.043992698626412446
11259 0.08410539536674473
11511 0.042052697683372366
11733 0.02824378780541698
11814 0.06826184913560623
11910 0.038882440100634685
11930 0.04572112567479609
12064 0.022207922472268514
12069 0.039983055595211286
12264 0.05687293996578894
12378 0.023750707492079547
12413 0.0347154600767588
12591 0.055207850487836344
12670 0.06378758834365869
12672 0.06826184913560623
12696 0.10061461479606361
12787 0.07103338540285303
12797 0.06445644353035922
12807 0.054738102782025934
12919 0.04816151326071831
13024 0.08798539725282489
13109 0.07005862746280711
13112 0.03079121342447998
13338 0.04790114757377697
13464 0.042052697683372366
13616 0.034955655895901896
13718 0.10752926317393337
13824 0.050703109578328055
13872 0.030981758660830302
13916 0.06445644353035922
14014 0.09099049318924703
