68 0.05327969497578299
79 0.030244207837603124
920 0.08023276080905371
962 0.05722010319344947
1024 0.104304805782266
1451 0.04516828635618695
1519 0.02905370772642206
1566 0.03754808515449629
1672 0.056732328031513374
1781 0.07844941851492414
1814 0.20604984372211335
1848 0.11070144670042639
1871 0.030726226700560633
1963 0.021540644278680257
2176 0.03640099990633349
2357 0.05491498407455634
2678 0.07244106975322154
2693 0.2066746267622031
2848 0.028026819834884104
2955 0.055350723350213196
3090 0.052519592601830825
3108 0.08037390550814344
3110 0.32302601576119805
3128 0.06460520315223961
3147 0.03994347662722181
3170 0.05449056399192697
3227 0.04516828635618695
3276 0.06624049225101294
3281 0.03456908684053625
3432 0.01601110388389792
3481 0.08313943202811946
3521 0.0540768898843523
3648 0.06388924718532882
3742 0.05109789157039227
3852 0.07954476678787133
3862 0.0963999242762187
3882 0.05144188858098346
3928 0.038781822270218806
4052 0.1301276634922948
4103 0.05722010319344947
4442 0.10302492186105668
4552 0.10302492186105668
4788 0.06311879211748152
4817 0.03626311508399089
4821 0.07123020073707756
4824 0.10503918520366165
4827 0.07800382331173894
4845 0.07010290865242758
4892 0.06242339974684887
4974 0.03784789640071634
4985 0.0337248047106704
5161 0.04447289398555431
5260 0.02844687521747905
5417 0.05367343100341967
5689 0.0374596088838347
5746 0.03943547961309846
6417 0.04316505581547036
6497 0.05990469256062095
6498 0.08507441609976209
6518 0.07672790623726553
6606 0.02148497385180389
6681 0.03102241465050645
6723 0.0404677757645683
6775 0.05274358990206025
6821 0.033842778179730346
7201 0.015196880047803127
7224 0.15345581247453105
7261 0.10302492186105668
7316 0.19431673753665737
7486 0.03626311508399089
7491 0.02439741706566849
7572 0.05179328394102491
7580 0.05618941332575205
7612 0.0963999242762187
7767 0.09169941368460006
7876 0.07123020073707756
8011 0.04589459501699286
8085 0.04516828635618695
8124 0.026371794951030127
8293 0.030244207837603124
8301 0.0540768898843523
8419 0.06904839733168684
8669 0.03769730312748673
8673 0.0762761462084111
8744 0.009586099670851464
8758 0.0477265080827901
8878 0.047451892299514346
8923 0.05076098778955507
8932 0.06384510077828742
8951 0.055350723350213196
8996 0.07180202304517828
8997 0.025813395256886824
9099 0.031222898815878388
9130 0.08037390550814344
9134 0.03668031020321191
9177 0.07374890792330549
9307 0.06460520315223961
9756 0.08805341441372214
9783 0.02500640387014916
9849 0.10302492186105668
9932 0.03640099990633349
9957 0.04639738097877361
10028 0.08037390550814344
10354 0.06712391033846753
10553 0.05179328394102491
10557 0.05933132655612514
10567 0.03274574674823507
10645 0.11983042988166544
10749 0.05109789157039227
10950 0.15919773819506877
10999 0.029980750483211163
11000 0.05962497826354164
11003 0.02433113196672122
11071 0.16605217005063957
11200 0.07920612635884396
11201 0.07844941851492414
11213 0.03314738580909769
11255 0.02035768176715389
11359 0.0549126281875244
11482 0.02827755500296537
11520 0.05109789157039227
11577 0.056258693289743034
11623 0.11444020638689895
11962 0.08805341441372214
12032 0.0963999242762187
12064 0.010638822446411521
12071 0.0963999242762187
12288 0.2783842858726417
12333 0.11983042988166544
12668 0.05289522419051634
12712 0.05877740047597095
12807 0.02622257697803968
12919 0.1384321623882912
12964 0.06904839733168684
13038 0.06242339974684887
13336 0.01746536405161363
13404 0.07672790623726553
13596 0.24144993244859195
13742 0.08805341441372214
13787 0.08534062565243714
13858 0.08717895179619947
13874 0.017421966271833407
13919 0.03654005823063241
14072 0.04892794433152785
14088 0.10152197557911014
