11 0.02841822761178178
261 0.0910471014404781
322 0.03514839089400991
995 0.03529959259050614
1027 0.03241580642443
1107 0.02398381492959021
1111 0.03814662651057623
1127 0.027862788746237602
1184 0.08068336861898082
1356 0.0810383125651275
1397 0.02732792648563716
1443 0.06517475752006173
1567 0.025991516234346347
1633 0.05194385830993967
1689 0.02098557931302388
1692 0.052940089852076586
1909 0.10388771661987933
2080 0.06780741335500545
2391 0.05578051373308606
2693 0.030441057962927887
2744 0.042675725630913014
2797 0.1091530282897668
2929 0.03890678254791331
2931 0.0664311696161756
3010 0.04231158606686589
3281 0.030550036820408605
3396 0.03796267969082442
3432 0.014149630721945935
3571 0.0729576676027778
3633 0.012617727820085748
3695 0.0729576676027778
3738 0.04055882569575921
3743 0.061952647185290276
3758 0.05312208050942965
3992 0.03690564961644069
4188 0.03545239433466048
4400 0.06401897043099261
4420 0.037076534807010814
4452 0.025598041477709162
4489 0.03748718769649995
4534 0.0664311696161756
4535 0.09687558102258317
4577 0.02027032761366087
4633 0.0729576676027778
4664 0.06517475752006173
4841 0.04815541538592684
4857 0.056422380740824986
4881 0.026071514389523282
4923 0.05931999135034654
4990 0.06409422997772486
5158 0.03910324313053844
5223 0.023372162685074634
5390 0.023372162685074634
5391 0.03760167013556558
5422 0.3710750176138161
5551 0.022978330179782725
5661 0.03871295909981762
5689 0.03310450275872844
5730 0.04485944488972689
5738 0.07781620223035607
5824 0.07781620223035607
6068 0.037076534807010814
6192 0.0729576676027778
6296 0.05578051373308606
6304 0.039709190641954537
6505 0.04515717976936051
6531 0.05194385830993967
6628 0.061952647185290276
6758 0.050567614571109816
6855 0.055165968644711114
6936 0.3670135411096797
6937 0.39132457138611126
6941 0.07102952368977689
7099 0.016510817692180855
7245 0.05878849946267902
7325 0.08519233527076293
7440 0.08519233527076293
7468 0.01864732929120837
7491 0.02156093949247852
7533 0.03229186034086106
7585 0.10027309765312546
7604 0.037076534807010814
7643 0.05578051373308606
7674 0.04077928234551997
7691 0.06780741335500545
7856 0.04485944488972689
7865 0.020541247945058003
8085 0.03991695868802028
8097 0.026727974253558072
8293 0.026727974253558072
8370 0.05346522518063137
8498 0.04815541538592684
8507 0.04853049180062819
8517 0.14256457024963493
8666 0.04485944488972689
8715 0.041003157063725086
8744 0.025414819251043552
8993 0.06294887872742719
8996 0.015863555045065782
8997 0.03421844114057976
9129 0.06014533770191334
9274 0.06401897043099261
9337 0.049311202474995944
9367 0.04169639242900283
9497 0.011788871165821276
9507 0.06294887872742719
9538 0.16492223005058493
9542 0.08856356531369511
9652 0.04288803754414747
9708 0.025754147107034248
9725 0.022532036772262808
9781 0.03292251210137539
9902 0.039982432065242025
9932 0.03216896913036676
9957 0.041003157063725086
10051 0.07102952368977689
10335 0.10324577189259268
10461 0.05101194593907569
10516 0.03463827522057312
10567 0.04340802116722206
10582 0.042675725630913014
10595 0.03455893639418219
10598 0.03690564961644069
10614 0.02639601411477318
10732 0.024478129264424626
10924 0.024768382857907903
10999 0.03532686242251059
11000 0.01756429850914553
11118 0.04012775995121213
11120 0.1820942028809562
11246 0.02795389081547381
11255 0.01799086942717358
11321 0.0910471014404781
11369 0.05013654882656273
11566 0.06780741335500545
11880 0.04012775995121213
11929 0.042424595299780606
12023 0.20160529717262024
12177 0.07781620223035607
12348 0.050567614571109816
12513 0.0308819969591935
12565 0.04641359186547439
12735 0.11329073940105905
12810 0.03796267969082442
12822 0.05578051373308606
12834 0.011968993627133554
12876 0.16203054466692604
12877 0.019795123227526575
12903 0.023372162685074634
13043 0.037076534807010814
13068 0.0994359590346103
13219 0.052940089852076586
13261 0.08586260195345198
13516 0.04853049180062819
13786 0.01953772550144037
13826 0.0910471014404781
13874 0.030792928580590247
13875 0.04055882569575921
13995 0.07102952368977689
14161 0.054010181555642016
14163 0.03501007740885306
14204 0.05931999135034654
