277 0.0802278735204264
288 0.07912694391833125
320 0.06423451463608346
690 0.08693661724801709
941 0.09044831719715478
971 0.04164672110964447
995 0.047086130993385655
1008 0.05242549444060276
1112 0.05944889433887812
1131 0.06577621917946701
1318 0.04119349962551713
1319 0.06724209892709362
1383 0.08693661724801709
1508 0.10379904193601903
1519 0.03424906401155698
1837 0.10028734198688133
1871 0.03622066123230419
2344 0.08861254550094552
2425 0.03587772592328551
2689 0.09474629057770292
2995 0.16094984738981646
3159 0.11252183341054543
3177 0.07440563427978016
3432 0.018874194198512342
3867 0.13263763825466454
3940 0.04648729443805788
3956 0.03633634340811295
3991 0.04461582111091691
4025 0.052968094388468
4383 0.034670086771944636
4421 0.051897762130969374
4436 0.0802278735204264
4452 0.03414523074460929
4532 0.06804484109997443
4540 0.07615784391705882
4640 0.10028734198688133
4700 0.05944889433887812
4805 0.0780855538516623
4808 0.03393922852025497
4835 0.0516392210091923
4843 0.0706167925078804
4876 0.12144774005543142
5299 0.061054909540915914
5360 0.06327126270648928
5455 0.09668546055040465
5551 0.03065079751502601
5689 0.022079050195435043
5747 0.13857583825720937
5801 0.0802278735204264
6102 0.03656981322876077
6419 0.05561882310198895
6579 0.055937194389740444
6606 0.02532689636950779
6708 0.09731824198560891
6866 0.03680614778123108
7005 0.10379904193601903
7106 0.12144774005543142
7201 0.017914371633188413
7351 0.07279961907774238
7422 0.033334120398895876
7551 0.06928791912860469
7571 0.04992053796762502
7616 0.09297458887611576
7891 0.03246067493302686
7966 0.06687714878156215
8103 0.12144774005543142
8154 0.06147824579891886
8344 0.0760667592701391
8517 0.0760667592701391
8872 0.052968094388468
8875 0.05063842321123143
9094 0.0811157776550978
9383 0.03404195422707625
9392 0.06280711917819456
9409 0.039480279929433384
9497 0.0314503534597337
9708 0.0343534600631874
9722 0.047086130993385655
9813 0.05906747545187632
9899 0.05530562881315938
9902 0.0533325711573357
9918 0.056260916705272716
9937 0.07709759245829052
9944 0.03920899341128339
9990 0.19732865753840104
10033 0.06865635355202362
10043 0.10028734198688133
10046 0.06064067799798348
10362 0.0390747697017385
10371 0.06023516777028858
10495 0.1377195481047938
10569 0.05269488378816535
10608 0.05726606776901615
10628 0.038677621108372036
10732 0.032651379702543996
10841 0.09474629057770292
11000 0.02342901998905751
11246 0.03728769847236718
11332 0.05499744584850872
11430 0.06374686771942627
11576 0.04046105303222983
11876 0.04195490407429513
11922 0.06804484109997443
12028 0.07279961907774238
12064 0.012541246521984243
12117 0.04017569930383366
12316 0.10938823272222034
12513 0.04119349962551713
12523 0.037409991101435766
12704 0.09474629057770292
12865 0.023876117365742078
12957 0.15647946278048022
13174 0.06804484109997443
13336 0.020588503781390724
13408 0.08539491270463355
13489 0.22727613345149117
13524 0.07526182076208127
13539 0.09044831719715478
13624 0.5153946099211454
13626 0.061054909540915914
13628 0.05530562881315938
13676 0.07506613031670992
13705 0.06577621917946701
13787 0.06706743658512018
13838 0.12144774005543142
13965 0.05352642404269792
14010 0.1284690292721669
14163 0.031133297770792396
