194 0.09496422835539788
548 0.15442523914526524
976 0.11505691463114036
1012 0.1012983986999948
1492 0.2960398688168705
1653 0.06915581613380033
2064 0.2742140269369491
2176 0.12115410389724347
2204 0.1580709065391771
2234 0.16366472850893943
2262 0.25019169228198956
3036 0.1678500419421808
3092 0.14413319402362926
4827 0.08654051022600555
4922 0.08878082753809402
6245 0.06741264653992667
6695 0.1045953011369655
7201 0.05058004969542439
7342 0.2742140269369491
8115 0.09355892444566882
8293 0.10066234191575738
8433 0.07777557680497314
8997 0.04295759428231166
9126 0.11505691463114036
9150 0.13899329163783314
9765 0.10066234191575738
9902 0.037645251460079854
9932 0.12115410389724347
10009 0.24545981912144613
10050 0.1938466972592283
10999 0.06652364803726737
11003 0.08098174494708833
11098 0.2717697786759477
12413 0.2214080265674728
12667 0.09138334493312202
12877 0.0745519822673643
13480 0.08300028642065799
14170 0.08231908041414418
14171 0.3489214080487847
14178 0.15112833670829454
