47 0.05545200584938898
210 0.04020256418196717
721 0.03513127787879541
762 0.03811316345549279
947 0.045416792966340026
960 0.02714335844905257
971 0.02704369791403943
976 0.026461856681847303
1064 0.03885639184258447
1127 0.02413421387652737
1133 0.02322418855148345
1184 0.03494319416953768
1240 0.10161144043117705
1249 0.06335217093244033
1329 0.03811316345549279
1358 0.07886325518292193
1402 0.07103229839636285
1451 0.06915060994440297
1458 0.02164583089085486
1461 0.021453898772038085
1471 0.03513127787879541
1483 0.034757896988300424
1564 0.04171129834926913
1604 0.04290779754407617
1660 0.07306713206730614
1689 0.07270922721714089
1692 0.045855691717331046
1830 0.03457530497220149
2093 0.05754140657586337
2276 0.05138184018268221
2321 0.06319453411122726
2332 0.041085801467282225
2456 0.04342731818524852
2536 0.15772651036584387
2558 0.019141838440590232
2648 0.04475181778390188
2659 0.02337133531890795
2848 0.021453898772038085
2934 0.035913240675811885
3010 0.018324742668314686
3165 0.033203264307220585
3182 0.04887198537891527
3220 0.025996846583234357
3227 0.03457530497220149
3249 0.056811344632256594
3251 0.04049010169520328
3281 0.026461856681847303
3355 0.045855691717331046
3396 0.13153018376284037
3443 0.021840754279731305
3454 0.03494319416953768
3517 0.03288254594071009
3519 0.05841100035939825
3633 0.010929234134428808
3734 0.020595215409553173
3823 0.042369730947373785
3852 0.030444862895009667
4028 0.033366761157826975
4103 0.04380069907574351
4151 0.06005126137963031
4184 0.03992148873602449
4253 0.050064061342368
4262 0.028405672316128297
4489 0.032470683883680615
4507 0.05754140657586337
4615 0.07886325518292193
4630 0.03992148873602449
4687 0.05754140657586337
4747 0.053113939846477845
4852 0.04342731818524852
4881 0.022582646342128282
4987 0.05645312648585397
5053 0.041085801467282225
5123 0.047273131092658384
5350 0.03457530497220149
5390 0.0607335588123516
5411 0.07886325518292193
5422 0.49998366755382534
5548 0.03304187715232103
5551 0.03980677886446125
5661 0.03353242359253853
5689 0.014337243072323964
6044 0.020956028823676403
6230 0.02554850714921751
6434 0.04778370528890587
6444 0.15772651036584387
6511 0.05754140657586337
6606 0.016446263145516515
6622 0.07019383398597381
6628 0.05366219623614434
6677 0.03937760604880431
6734 0.033870480143725686
6770 0.04678258465244089
6813 0.10233898726066279
6837 0.05366219623614434
6936 0.14128893282313268
6937 0.08473946189474757
7038 0.05209673938219662
7069 0.047273131092658384
7078 0.0361166163920708
7100 0.02968661068512866
7245 0.025460736045382328
7374 0.03764113268256234
7401 0.02829547485465521
7420 0.07886325518292193
7422 0.02164583089085486
7431 0.03811316345549279
7432 0.04778370528890587
7453 0.033870480143725686
7468 0.0161519594265605
7486 0.02775859711355385
7497 0.03494319416953768
7585 0.04342731818524852
7612 0.07379196887975016
7929 0.04945382661110739
8156 0.032416380270334125
8250 0.0339349547034727
8264 0.021775441698061566
8294 0.04271241898573411
8411 0.020774321061596587
8412 0.05725804689450786
8429 0.285490837899115
8451 0.04171129834926913
8642 0.054525112914279146
8658 0.014925932008474833
8661 0.05070560355172317
8688 0.022582646342128282
8719 0.07886325518292193
8744 0.01467588639515478
8903 0.04171129834926913
8977 0.054525112914279146
8996 0.04122212250035958
8997 0.019759572155045677
9099 0.047800850364884975
9105 0.022105469578189964
9126 0.052923713363694606
9312 0.09454626218531677
9337 0.04271241898573411
9385 0.0361166163920708
9468 0.05754140657586337
9521 0.052854991592077634
9538 0.07142623822197505
9545 0.07886325518292193
9587 0.07379196887975016
9652 0.018574398281915677
9680 0.04678258465244089
9719 0.061431662538137255
9779 0.04678258465244089
9783 0.038283676881180465
9899 0.035913240675811885
9902 0.06060602932536709
9905 0.020016068851715585
9982 0.054525112914279146
10031 0.07182648135162377
10037 0.031533142985019066
10068 0.024055797751523708
10108 0.042369730947373785
10224 0.18015378413889094
10268 0.08040512836393433
10361 0.053113939846477845
10386 0.026556969923238923
10451 0.02829547485465521
10478 0.05645312648585397
10495 0.029809836617538377
10516 0.015001505235189587
10567 0.025066130944939417
10582 0.11089468815480993
10598 0.06393393347718161
10604 0.047273131092658384
10720 0.05138184018268221
10927 0.04418557039512953
11000 0.03549900412220231
11118 0.034757896988300424
11613 0.07019383398597381
11614 0.07886325518292193
11650 0.07886325518292193
11665 0.06005126137963031
11905 0.027550136771856703
11910 0.02851684932343485
11919 0.03992148873602449
11987 0.035713119110987526
11991 0.04778370528890587
12023 0.049893327568469814
12057 0.02397787020367857
12266 0.07886325518292193
12338 0.06512254768280207
12403 0.035913240675811885
12465 0.04499277503919624
12513 0.026749394195083414
12648 0.02851684932343485
12670 0.04678258465244089
12763 0.029088059589438095
12807 0.020072791538361348
12847 0.03718627052038295
12876 0.04678258465244089
12877 0.017146156547228304
12924 0.05366219623614434
12948 0.02851684932343485
12962 0.04831601247232135
12982 0.09171138343466209
13007 0.06152441278902573
13033 0.054525112914279146
13088 0.02367092643213769
13169 0.28077533594389525
13307 0.052854991592077634
13516 0.04203618235477507
13617 0.041085801467282225
13619 0.04458266187275998
13640 0.07886325518292193
13696 0.04049010169520328
13754 0.0161104757037275
13872 0.02272239451071639
13874 0.026672244871717973
13965 0.034757896988300424
14041 0.025373576591837907
