12 0.015772333781508073
14 0.020224084821924605
79 0.010110287885180324
194 0.009537982816558965
249 0.015259893558439593
284 0.022750945258666
296 0.02564924910750632
300 0.034867886767905
313 0.04842834714045666
318 0.01685846179691747
320 0.054646690560623025
322 0.013295446458759767
337 0.011473907536759928
370 0.020867418502119095
390 0.01685846179691747
485 0.022750945258666
548 0.015510106309696844
591 0.03444003641809516
637 0.013647957362272834
693 0.022750945258666
703 0.01479143318320559
902 0.0306540503964155
906 0.024653404523798758
907 0.0358848108797378
940 0.01755669064529804
941 0.02564924910750632
961 0.07124313621069893
968 0.022010894323051852
976 0.011556044772681295
997 0.013647957362272834
1002 0.012076631191530247
1012 0.06104503155838493
1056 0.03222537656715809
1072 0.2769849402366741
1075 0.08598213345572799
1085 0.01534203079436096
1101 0.0420743940929852
1107 0.00907226530610576
1112 0.0505753853907524
1119 0.023082078353056174
1120 0.03444003641809516
1122 0.03444003641809516
1127 0.02107909958577757
1131 0.018652758651182016
1166 0.03444003641809516
1203 0.10332010925428549
1209 0.0306540503964155
1210 0.05687878109095685
1212 0.03444003641809516
1214 0.06888007283619033
1217 0.0523018301518575
1225 0.14792042714279255
1240 0.01479143318320559
1249 0.06916564213009815
1255 0.011473907536759928
1271 0.03444003641809516
1290 0.021596770074354395
1297 0.06888007283619033
1307 0.03416286496087886
1310 0.026224730694541346
1319 0.025424601943423247
1348 0.03444003641809516
1412 0.068252835775998
1445 0.07030376776970772
1461 0.009369040794794935
1471 0.01534203079436096
1489 0.20388573969807536
1493 0.0523018301518575
1494 0.03444003641809516
1526 0.022143428252768958
1545 0.023029643519930535
1550 0.0681178331535149
1566 0.025103778712777712
1604 0.009369040794794935
1605 0.024653404523798758
1610 0.0426853533339554
1615 0.01696880945416744
1618 0.014500056195853673
1653 0.034729234227058606
1655 0.012404920222717213
1662 0.024216209392824418
1689 0.007938134266337514
1842 0.020644447818597138
1862 0.018652758651182016
1871 0.0308142636007558
1901 0.014500056195853673
1917 0.022143428252768958
1940 0.010608690251016685
1942 0.010785470187729967
1963 0.014401575075737165
1979 0.06888007283619033
2006 0.013352640942180114
2015 0.03222537656715809
2017 0.012076631191530247
2046 0.029000112391707345
2056 0.03444003641809516
2059 0.02564924910750632
2064 0.13770704623618374
2071 0.03444003641809516
2182 0.009595478329120909
2184 0.05129849821501264
2204 0.12701014826140022
2209 0.03209557655391342
2256 0.028439390545478425
2265 0.02343458925656924
2352 0.023533919811457374
2359 0.016142782380152217
2382 0.015259893558439593
2396 0.022750945258666
2424 0.0174339433839525
2470 0.02943523512918599
2488 0.01633787537806852
2533 0.02564924910750632
2558 0.008359350770826198
2597 0.03151591506236298
2621 0.02243874467286168
2648 0.009771687908891331
2659 0.010206396345874006
2692 0.017196426691145596
2693 0.011514821759965268
2738 0.020644447818597138
2776 0.011042986988047529
2793 0.009452858653270595
2927 0.008815785172338305
2934 0.01568351843831349
2935 0.016540195665505526
2975 0.0919621511892465
2985 0.03444003641809516
3010 0.016005040709647193
3092 0.0868583856280022
3117 0.021596770074354395
3137 0.023448240576034358
3159 0.04786325425307959
3184 0.01280598276376555
3185 0.017810784052674732
3188 0.01929609233137651
3205 0.02564924910750632
3208 0.025508419287651726
3262 0.06888007283619033
3271 0.02943523512918599
3290 0.027597415946971137
3301 0.019469504459993153
3304 0.021596770074354395
3308 0.017196426691145596
3313 0.020430223371144755
3314 0.021596770074354395
3325 0.027597415946971137
3326 0.026868064374735837
3331 0.03444003641809516
3381 0.03444003641809516
3417 0.01755669064529804
3432 0.021409305278542966
3437 0.03511338129059608
3457 0.03444003641809516
3495 0.022750945258666
3538 0.03444003641809516
3573 0.026224730694541346
3583 0.05887047025837198
3633 0.004772859308667342
3721 0.010337229505451778
3738 0.01534203079436096
3751 0.014291291042467326
3756 0.012858251327785425
3758 0.020094284808679936
3786 0.011080786607822688
3852 0.0398863393762793
3853 0.028439390545478425
3865 0.009831710746526093
3867 0.03761325727276458
3873 0.026868064374735837
3890 0.015772333781508073
3893 0.01929609233137651
3899 0.04616415670611235
3908 0.012214917647590933
3915 0.010206396345874006
3931 0.03893900891998631
3952 0.024216209392824418
3984 0.013785462255449282
4028 0.029142912418819264
4040 0.02943523512918599
4107 0.02943523512918599
4155 0.020224084821924605
4184 0.0174339433839525
4262 0.012404920222717213
4283 0.01696880945416744
4299 0.022750945258666
4383 0.029495132239578278
4404 0.011724120288017179
4434 0.022750945258666
4450 0.014500056195853673
4458 0.020224084821924605
4459 0.01929609233137651
4509 0.026868064374735837
4569 0.019128016816040625
4577 0.007667578760621932
4586 0.017196426691145596
4609 0.024216209392824418
4614 0.03222537656715809
4624 0.01542542208223557
4663 0.01755669064529804
4689 0.014643801945980394
4695 0.03444003641809516
4735 0.017313894084261396
4747 0.023195162542787626
4748 0.03444003641809516
4763 0.0179424054398689
4784 0.029733545259004707
4795 0.017810784052674732
4820 0.018652758651182016
4824 0.01755669064529804
4835 0.014643801945980394
4843 0.020025443903611807
4881 0.009861971340593167
4899 0.012261802255277046
4909 0.026224730694541346
4917 0.019469504459993153
4928 0.009892400518226622
4970 0.15818961681484256
5031 0.02564924910750632
5039 0.022750945258666
5050 0.02343458925656924
5051 0.026820881338931863
5053 0.0179424054398689
5059 0.018627736747163608
5062 0.0179424054398689
5063 0.015510106309696844
5247 0.0059857018872116665
5279 0.026590892917519534
5299 0.017313894084261396
5358 0.012356796358472553
5528 0.025508419287651726
5551 0.026075773386462792
5689 0.09391734573990457
5798 0.0853297760382703
5801 0.022750945258666
5816 0.014223438949307861
5830 0.02109988010594106
5844 0.013410440669465932
5903 0.025203542388035936
5938 0.02149930702686503
5962 0.011005447161525926
5970 0.013072475775237803
5981 0.022750945258666
6031 0.02243874467286168
6044 0.018303236258560104
6097 0.019648603234889577
6098 0.02564924910750632
6102 0.010370433396509572
6109 0.04093622537602212
6154 0.011313248211644653
6165 0.026868064374735837
6172 0.02564924910750632
6207 0.013295446458759767
6215 0.03444003641809516
6237 0.04219976021188212
6304 0.015020642614702625
6412 0.01442957749852801
6419 0.015772333781508073
6451 0.026224730694541346
6474 0.03222537656715809
6489 0.025128662688657367
6528 0.011853660508008288
6530 0.03444003641809516
6563 0.011313248211644653
6579 0.015862617213209914
6606 0.03591088779935518
6679 0.026224730694541346
6695 0.010505305020787661
6712 0.019469504459993153
6720 0.023707321016016577
6726 0.025128662688657367
6752 0.03873307472971638
6781 0.068252835775998
6798 0.028439390545478425
6808 0.028439390545478425
6813 0.037243352856716476
6821 0.022626496423289306
6832 0.026868064374735837
6851 0.18214767858368006
6853 0.03444003641809516
6866 0.010437452927628196
6911 0.016239457881932144
6919 0.027597415946971137
6935 0.02109988010594106
6993 0.06888007283619033
7006 0.012911024909905458
7025 0.0121684320626802
7034 0.024653404523798758
7035 0.02943523512918599
7085 0.017810784052674732
7104 0.026868064374735837
7153 0.029886331616930644
7170 0.015596124201737652
7188 0.05244946138908269
7201 0.025400703676029725
7242 0.008111546394954159
7245 0.02223769928341391
7321 0.023082078353056174
7342 0.13770704623618374
7401 0.024713592716945107
7418 0.010505305020787661
7422 0.05671715191962357
7466 0.019723942681186334
7468 0.0352682671786798
7533 0.012214917647590933
7540 0.026705281884360228
7561 0.026224730694541346
7580 0.02504462553064122
7604 0.05609919212398027
7633 0.03546450702754244
7663 0.024216209392824418
7678 0.03444003641809516
7688 0.05244946138908269
7699 0.020867418502119095
7717 0.010821523277430247
7718 0.011514821759965268
7737 0.03444003641809516
7744 0.055194831893942274
7749 0.05244946138908269
7775 0.03444003641809516
7865 0.015540117502003263
7891 0.02761550341749805
7979 0.028439390545478425
8007 0.027597415946971137
8097 0.010110287885180324
8101 0.03444003641809516
8115 0.009396837410808115
8124 0.06171049620636812
8139 0.02243874467286168
8140 0.0306540503964155
8156 0.028312838836378473
8196 0.03444003641809516
8197 0.03444003641809516
8202 0.011810138180057987
8247 0.1457245081616614
8248 0.06445075313431618
8250 0.01481958959369838
8264 0.0095094604370801
8293 0.030330863655540972
8318 0.0306540503964155
8345 0.016540195665505526
8392 0.061308100792831
8412 0.012502458944294801
8433 0.007811595249714149
8479 0.026868064374735837
8499 0.018357442231089295
8585 0.04786325425307959
8651 0.03444003641809516
8666 0.01696880945416744
8673 0.008499410323236933
8691 0.012261802255277046
8715 0.031020212619393688
8739 0.04705055531494046
8861 0.06888007283619033
8867 0.02564924910750632
8875 0.01435999664344294
8931 0.011005447161525926
8960 0.05687878109095685
8981 0.012404920222717213
8983 0.0306540503964155
8996 0.02400258349046697
8997 0.07766206768190935
9028 0.01435999664344294
9079 0.021596770074354395
9081 0.03444003641809516
9094 0.015335157521243864
9134 0.012261802255277046
9150 0.01396015794807715
9180 0.03222537656715809
9204 0.019969437203877418
9249 0.028439390545478425
9289 0.026868064374735837
9299 0.019469504459993153
9355 0.027597415946971137
9385 0.015772333781508073
9391 0.025128662688657367
9409 0.03358734245558656
9489 0.03511338129059608
9496 0.023620276360115974
9497 0.004459330894180575
9521 0.023082078353056174
9528 0.015259893558439593
9647 0.011556044772681295
9652 0.008111546394954159
9708 0.009741922040902065
9719 0.01788503987169716
9722 0.04005792282654034
9725 0.025569320321017643
9779 0.020430223371144755
9783 0.016718701541652396
9813 0.01675029938604926
9827 0.03325733452974266
9882 0.028439390545478425
9902 0.015124000595572616
9905 0.02622339663514676
9912 0.03444003641809516
9917 0.0213426766669777
9918 0.015954418084359864
9932 0.0365052961880406
9957 0.015510106309696844
9959 0.019128016816040625
9966 0.013018126836689504
9989 0.016644237349465088
9990 0.018652758651182016
10002 0.10798385037177197
10037 0.027541409247236748
10054 0.022750945258666
10110 0.015259893558439593
10156 0.026750809925896474
10234 0.013770704623618374
10316 0.030716436027946204
10335 0.013018126836689504
10362 0.011080786607822688
10382 0.014024798030995067
10390 0.07396021357139627
10432 0.015862617213209914
10445 0.035825278701756474
10488 0.026224730694541346
10494 0.027597415946971137
10495 0.013018126836689504
10503 0.025128662688657367
10508 0.020025443903611807
10529 0.045501890517332
10567 0.03831283164900229
10583 0.01442957749852801
10600 0.01929609233137651
10628 0.021936327163101402
10636 0.02243874467286168
10657 0.008382446041000533
10661 0.028439390545478425
10664 0.01880662863638229
10684 0.03643112704041535
10732 0.0185184953716457
10754 0.01604778827695671
10762 0.017810784052674732
10887 0.01542542208223557
10925 0.01807727706414699
10930 0.008840897967189459
10985 0.028439390545478425
10992 0.016239457881932144
10994 0.017682259928539654
10999 0.03340739049127475
11000 0.017717278807496625
11002 0.022750945258666
11003 0.008133615205818548
11012 0.03444003641809516
11017 0.027597415946971137
11020 0.3643112704041535
11048 0.12958062044612637
11098 0.06823978681136417
11150 0.01633787537806852
11228 0.02943523512918599
11232 0.01040384037073217
11245 0.014090212265038697
11255 0.006805336891148805
11262 0.011473907536759928
11314 0.014943165808465322
11317 0.03530087971718606
11320 0.016438098800244938
11328 0.016142782380152217
11359 0.009178327342689929
11360 0.020644447818597138
11369 0.03792991847397267
11386 0.017810784052674732
11437 0.02343458925656924
11482 0.01890571730654119
11495 0.01755669064529804
11525 0.014500056195853673
11604 0.021863263085826656
11631 0.017313894084261396
11636 0.014090212265038697
11662 0.025128662688657367
11794 0.025128662688657367
11830 0.03222537656715809
11831 0.026224730694541346
11842 0.03692727838605663
11861 0.016438098800244938
11880 0.030357946430613344
11886 0.019648603234889577
11905 0.012031302937539904
12041 0.011853660508008288
12064 0.014225739787279975
12117 0.02278597438725401
12149 0.03444003641809516
12245 0.02693771717475282
12256 0.02958286636641118
12262 0.016438098800244938
12318 0.01807727706414699
12323 0.03444003641809516
12333 0.053410563768720457
12335 0.011639436060555905
12338 0.028439390545478425
12342 0.027597415946971137
12377 0.016239457881932144
12378 0.022821003515842025
12413 0.03335654892512086
12472 0.01929609233137651
12484 0.027597415946971137
12513 0.011681614055922914
12560 0.03222537656715809
12610 0.01479143318320559
12611 0.010142136507535475
12641 0.03615455412829398
12642 0.03444003641809516
12645 0.02564924910750632
12667 0.0642482913988295
12710 0.03222537656715809
12735 0.00857081033679289
12764 0.02121738050203337
12810 0.04307998993032882
12834 0.004527465123927222
12947 0.0426853533339554
12981 0.027597415946971137
12985 0.0213426766669777
12999 0.014943165808465322
13024 0.042270636795116084
13026 0.0753859880659721
13051 0.06071589286122669
13057 0.01542542208223557
13064 0.03085084416447114
13065 0.0306540503964155
13075 0.020224084821924605
13079 0.007832482553402891
13105 0.02943523512918599
13125 0.017682259928539654
13209 0.02343458925656924
13336 0.011676937252213205
13338 0.01534203079436096
13384 0.03222537656715809
13396 0.027597415946971137
13600 0.017810784052674732
13632 0.025128662688657367
13643 0.01880662863638229
13754 0.007035537255750581
13786 0.007390460181055266
13787 0.0475473021854005
13813 0.028439390545478425
13816 0.02885915499705602
13817 0.03444003641809516
13822 0.0089682236221462
13827 0.026144951550475606
13874 0.01747188375505789
13912 0.010505305020787661
13919 0.04885967059036373
14072 0.024534066430735788
14147 0.03444003641809516
14161 0.04086044674228951
14163 0.013243127149407239
14170 0.11575107630394164
14171 0.268677123286227
14173 0.03444003641809516
