976 0.14823152955920357
1010 0.19786474994900521
1461 0.12017842391872248
1959 0.1669859273615866
2311 0.16426471599255688
3432 0.06865528237958735
3437 0.2252029270864839
3841 0.12308298016811521
3860 0.30543362787601847
4489 0.09094560513611227
4864 0.20117539977666335
5689 0.08031301415560059
7714 0.18331704075850075
8097 0.1296865378236534
8268 0.29331405534482086
9383 0.12382833172274564
9827 0.0853195996273738
9902 0.04849959015899234
10068 0.2695069917691262
11338 0.17744010390347587
11714 0.15093697708850937
11797 0.23734275719396328
11910 0.15974299325420552
12865 0.08684988416630758
13079 0.10046870637619558
13391 0.3162337922092147
13918 0.15149083282145787
14211 0.3738215426322862
