11 0.028883961869338684
313 0.04337511996556094
318 0.04529812678235622
922 0.07909149890496738
947 0.05329269262967665
968 0.029571270903877966
971 0.03173344893750815
1027 0.03294705530259477
1184 0.04100282703264482
1310 0.07046498014734019
1363 0.07415333981774647
1458 0.050799034323503856
1471 0.04122352705683082
1483 0.04078539675895419
1519 0.02609667448025105
1690 0.05380770249066459
1692 0.05380770249066459
1718 0.027598967531490222
1942 0.028980200083286826
2058 0.04389932836965024
2160 0.04717424450163858
2332 0.048210647340567576
2352 0.03161743034883895
2365 0.04262232546953681
2371 0.036349039544695184
2384 0.032821077919326334
2425 0.054675323926849845
2513 0.0518479590463329
2776 0.05934427834121288
2793 0.025399517161751928
2848 0.025174301360595605
2875 0.07219359637341477
2951 0.04389932836965024
2986 0.0823664150369557
3021 0.05734706316517951
3165 0.03896116928242934
3249 0.0666632170529822
3396 0.038584833918111495
3432 0.014381523007735698
3544 0.034409250250327574
3679 0.05329269262967665
3832 0.039153018746827764
3841 0.025782731492700398
3866 0.05802980370939778
3889 0.06891868024142643
3890 0.04237973688791877
3905 0.048573042914344555
3999 0.07641569759214795
4103 0.05139634572037176
4197 0.049325837410368695
4384 0.025782731492700398
4388 0.05669467687177705
4420 0.07536833276463181
4421 0.039544409275780325
4489 0.07620309857505277
4571 0.07909149890496738
4577 0.04120505880030668
4735 0.04652185820823612
4808 0.02586058989831302
4834 0.14438719274682954
4903 0.04652185820823612
4997 0.04100282703264482
5002 0.038217907930642815
5051 0.036033408561853955
5085 0.09253923370049665
5123 0.05547094544589716
5350 0.04057114076342836
5358 0.03320230130202
5422 0.4190626760104909
5426 0.049325837410368695
5474 0.039544409275780325
5520 0.03683559045738663
5689 0.03364703838849216
5938 0.028883961869338684
6150 0.07641569759214795
6164 0.0823664150369557
6278 0.047510398257194456
6310 0.020877889729748952
6591 0.108682888077983
6633 0.04529812678235622
6746 0.060292161483799254
6770 0.21958132588993112
6840 0.060292161483799254
6936 0.0414475966769535
6937 0.04971722793932125
7078 0.04237973688791877
7466 0.026498789361188112
7468 0.018952932447798592
7491 0.021914292568677957
7492 0.05802980370939778
7536 0.039153018746827764
7585 0.05095821542249512
7851 0.03269617269699914
7865 0.041755779459497905
7929 0.05802980370939778
7941 0.04262232546953681
8192 0.07641569759214795
8293 0.027166007667007826
8383 0.05279514413307774
8412 0.033593691830972564
8425 0.1528313951842959
8433 0.02098949692187836
8517 0.2898020008328683
8711 0.06506815013602371
8744 0.07749399577533163
8899 0.07415333981774647
8973 0.06296796279661868
8996 0.01612353610834869
9028 0.038584833918111495
9087 0.06891868024142643
9094 0.02060252940015334
9105 0.02593886355071894
9134 0.03294705530259477
9151 0.1528313951842959
9298 0.04620622722539489
9312 0.05547094544589716
9337 0.25059671410129164
9409 0.0300826911170462
9457 0.03542180860791444
9497 0.03594622189896436
9538 0.16762507040419636
9645 0.047510398257194456
9676 0.04057114076342836
9719 0.024028253982334546
9725 0.09160521899666364
9730 0.0475116449940897
9827 0.05361681181068282
9835 0.048573042914344555
9898 0.04971722793932125
9902 0.07111595252301761
9905 0.0234871318580222
9920 0.0518479590463329
10040 0.031162315585419292
10041 0.06891868024142643
10083 0.09253923370049665
10422 0.0518479590463329
10432 0.04262232546953681
10440 0.09241245445078979
10567 0.029412944521510394
10598 0.0750209612539317
10608 0.04363488382712367
10745 0.050532786358676265
10827 0.09118925454291074
10831 0.07219359637341477
10924 0.025174301360595605
10999 0.008976454840133442
11000 0.011901434889615512
11019 0.06296796279661868
11135 0.036349039544695184
11325 0.029978971427142304
11332 0.04190626760104909
11402 0.12058432296759851
11606 0.04620622722539489
11647 0.0823664150369557
11733 0.024306485538592507
11918 0.09253923370049665
11921 0.04190626760104909
11987 0.04190626760104909
11995 0.05669467687177705
12010 0.04717424450163858
12064 0.009556022551459062
12165 0.06398052115420554
12211 0.06113103408603606
12316 0.041675140382791964
12318 0.048573042914344555
12378 0.020439759431872324
12448 0.048573042914344555
12472 0.0518479590463329
12513 0.031388108885741006
12554 0.05802980370939778
12565 0.04717424450163858
12585 0.07641569759214795
12627 0.06751988182872044
12648 0.10038619549074819
12733 0.05502269543754995
13038 0.05607006026506607
13112 0.026498789361188112
13252 0.06296796279661868
13344 0.04894461402767502
13516 0.09865167482073739
13526 0.05734706316517951
13617 0.048210647340567576
13628 0.0421410930113474
13661 0.05139634572037176
13690 0.09253923370049665
13700 0.08573798272108016
13723 0.026256200779570082
13764 0.0518479590463329
13827 0.035125308118815285
13872 0.10665108717538277
13874 0.015648790401662782
13970 0.059498656073909625
14161 0.05489533147248278
14163 0.035583842691887885
