194 0.1173001017677373
548 0.19074652193724856
968 0.13534728431311868
1012 0.12512408811399367
1099 0.14964991516111112
1620 0.14964991516111112
1653 0.08542147301999967
2204 0.19524966131639218
2659 0.12552039074492724
2793 0.11625322705547801
3092 0.08901687835448902
3291 0.2723244985330626
3341 0.1463183348195198
4784 0.1828346701747968
4827 0.106895099684821
5938 0.13220148068461912
5970 0.16076803327109407
6695 0.1291964319646451
6775 0.10841836452908017
6813 0.1832106081248185
7201 0.06247663019475533
7851 0.14964991516111112
8433 0.09606862744280122
8744 0.039409879018715496
9906 0.14796347258267079
10031 0.19287918045904603
10156 0.10966234639709384
10180 0.21440627148124575
10628 0.13488876307131412
10999 0.04108510551746644
11003 0.10002889601832333
11849 0.16421356292093298
11875 0.16492439602088396
12413 0.41022579499139705
12667 0.11287698374608188
13088 0.12712940422589344
13480 0.10252220454483504
14094 0.2759563614538492
14171 0.14366292579100465
