293 0.0660571576235705
296 0.0802998160517369
351 0.1078210351342731
451 0.05496453418131844
682 0.07226280340892167
762 0.0521079268980376
988 0.08903488050872797
998 0.13689414428657287
1001 0.04777397734240795
1101 0.08781455529800157
1319 0.039798257849350496
1470 0.07122612875007593
1604 0.058663101539536314
1620 0.038095573565361016
1871 0.03215662296830214
2570 0.07336640533464225
2659 0.0958591511614606
2927 0.027599479607503405
2940 0.03643945172395188
2972 0.1812301785014136
2995 0.09526061246509622
3094 0.08411554731737214
3151 0.044741584326385475
3273 0.06269343227454591
3321 0.026609008421397552
3341 0.07449494217323355
3554 0.07122612875007593
3636 0.13689414428657287
3668 0.06844707214328644
3790 0.06708483827698439
3908 0.038241105463848325
3978 0.06151366142619178
4489 0.022196793295785486
4681 0.06932418208421595
4747 0.10892525221708531
4762 0.05347664878337656
4784 0.046543238066281925
4852 0.05937338484162546
4919 0.08903488050872797
4970 0.07619114713072203
5160 0.057927462396908214
5210 0.05458025070909715
5359 0.0660571576235705
6062 0.046307373708081315
6067 0.0435049086173383
6263 0.07454617618299637
6315 0.06745548781852362
6352 0.10088762441717845
6376 0.10088762441717845
6563 0.03541825908957492
6606 0.022485162606174544
6633 0.15833579090760208
6789 0.0376662649537152
6866 0.03267641663209265
6898 0.06761276546590174
6935 0.0660571576235705
7085 0.11152004311490253
7117 0.09596829122582262
7242 0.025394727178166304
7338 0.05383665986705455
7479 0.029418573323269182
7480 0.10088762441717845
7520 0.1516268294298771
7566 0.03604932313293923
7695 0.1078210351342731
7718 0.03604932313293923
8042 0.056594328234835956
8144 0.07454617618299637
8507 0.05747143817576547
8567 0.05178220476681074
8744 0.010032360818535238
8903 0.05702726008939344
8996 0.01878615462554511
9274 0.07581341471493855
9381 0.21367838625022778
9479 0.6065073177195084
9486 0.0771821366002775
9490 0.09596829122582262
9497 0.013960777136814252
9621 0.0802998160517369
9902 0.03551140407757864
9961 0.04092585306075022
10108 0.057927462396908214
10186 0.07122612875007593
10209 0.046307373708081315
10362 0.03469049415783145
10374 0.055760021557451266
10499 0.033542419138492194
10582 0.05053802745867083
10592 0.06844707214328644
10672 0.1563237806941128
10723 0.08210146979163335
10794 0.050840688366095434
10849 0.07454617618299637
10999 0.010458814213133574
11000 0.027733642868378556
11326 0.08324780974985219
11356 0.030131172050153598
11504 0.09215255996018737
11633 0.05747143817576547
11876 0.07449494217323355
11912 0.050840688366095434
11957 0.030406243314372028
12064 0.011134090937034026
12078 0.03752552428385481
12328 0.04162390487492609
12354 0.05780591908182354
12413 0.06961931534086874
12648 0.0779758889152899
12735 0.026832539641769886
12834 0.014174084204500744
12981 0.08639892009144684
13336 0.018278428141703124
13848 0.1078210351342731
13948 0.09616360122165094
13982 0.03469049415783145
14163 0.013820036466953872
14189 0.042538555763661834
