703 0.056563872875462
979 0.07379012568331915
1027 0.14067095772282015
1064 0.12978074117973373
1107 0.06938644215351393
1184 0.0583553107154418
1249 0.05289922268301394
1319 0.048613069958287486
1329 0.06364917543035047
1483 0.05804586348708218
1519 0.03714084267219756
1604 0.035828119284851336
1612 0.0846786139789797
1618 0.05544961905926506
2456 0.14504768132775786
2513 0.1475802513666383
2934 0.05997529327935431
2995 0.029089909133488686
3052 0.12323296065578329
3127 0.08068798480968341
3208 0.04877333277883288
3287 0.09105721390178814
3396 0.05491401776766406
3425 0.2634040687810123
3527 0.04583695457569436
3571 0.10553519107858489
3576 0.12323296065578329
3633 0.01825187619374534
3763 0.06489037058986687
3840 0.056563872875462
3841 0.11008211503207824
3865 0.11279224195385783
3866 0.08258814016706528
4311 0.06811016299026854
4452 0.037028242367834696
4489 0.0813393090789734
4492 0.0543918079212245
4576 0.07252384066387893
4590 0.06666908778032131
4698 0.08700181784067569
4702 0.059312148506522396
4903 0.06621000763288665
4928 0.03782949754871956
4981 0.08360723524976701
5195 0.09609443954798308
5297 0.0613682964177368
5358 0.04725358589066335
5422 0.3578465355332741
5551 0.03323876085778067
5689 0.09577307331768176
6044 0.03499667395699821
6114 0.11256318960336052
6154 0.043262956721367055
6166 0.07020063680218294
6263 0.09105721390178814
6488 0.05062662406926989
6629 0.05062662406926989
6693 0.10256564753885529
6729 0.0773388588327441
6770 0.07812715260714721
6936 0.05898830782000158
6941 0.10274608003691266
7070 0.09260512978394397
7085 0.06811016299026854
7426 0.0846786139789797
7469 0.0719183691146425
7486 0.04635699735195767
7585 0.07252384066387893
7693 0.03352166323044718
7803 0.11256318960336052
8411 0.034693221076756965
8737 0.054135518744143865
8744 0.012254402194295926
8893 0.05714411312804255
8997 0.06599717055729817
9134 0.04689031924094004
9235 0.1172240572137094
9337 0.35664977695335104
9409 0.04281375003470479
9500 0.05041239341307013
9507 0.09105721390178814
9538 0.059641089255545676
9553 0.0773388588327441
9890 0.08934324676389942
9902 0.043376732149307366
9905 0.03342693605731675
9941 0.06861349592094061
9966 0.04978257768173637
10004 0.1516925471890671
10054 0.08700181784067569
10106 0.08258814016706528
10440 0.13152160189244883
10451 0.04725358589066335
10561 0.06666908778032131
10567 0.020930282627125436
10598 0.053384995876733295
10600 0.07379012568331915
10608 0.06210125954819464
10846 0.10875498347898654
10999 0.012775309636627511
11000 0.04234536867361426
11118 0.05804586348708218
11246 0.040436040590867306
11317 0.044997994176386544
11365 0.032322504050917
11798 0.0719183691146425
11869 0.0617315630674601
11955 0.05544961905926506
12064 0.06800075818554996
12117 0.04356788631028543
12256 0.056563872875462
12333 0.05106179201503731
12378 0.029089909133488686
12520 0.10028590974426371
12984 0.06621000763288665
12991 0.1172240572137094
13336 0.02232686941583414
13379 0.08580793256746695
13516 0.07020063680218294
13676 0.040702124518830866
13874 0.04454278362234922
13919 0.04671102796090476
14126 0.13170203439050615
14163 0.016881000222100852
