931 0.0664788922257988
960 0.14292785321212925
976 0.09289286179385779
2273 0.1384225141946746
2488 0.0656657199480568
2694 0.08899958683049497
2981 0.4123611840086327
3281 0.046446430896928896
3443 0.11500611199586395
3790 0.0430623392136752
3940 0.052984832581380766
4184 0.21021321634837503
4188 0.05389967918125272
4384 0.038566458498852374
4439 0.08211381806515147
4747 0.18645350297247948
4804 0.1384225141946746
4817 0.04872249812745806
4887 0.05064944853152023
5528 0.0512621341055477
6681 0.12504354931045128
6706 0.0782524653795282
6737 0.058566070589992796
6921 0.1297631916547057
7099 0.025102050040063165
7408 0.1511764266315247
7423 0.0633926767744893
7453 0.17835062758697565
7536 0.058566070589992796
8074 0.05254131968939065
8250 0.029781688178110586
8411 0.036463543704398194
8474 0.22976008656561958
8517 0.21674656234870854
8744 0.03863915624851101
8968 0.18910712177783134
9283 0.12952128131178353
9522 0.24641151214884702
9755 0.24799343197154455
9961 0.05254131968939065
9979 0.07622458081385389
10009 0.09908776507128138
10046 0.06911643730150381
10567 0.04399662248893355
10569 0.060060057896712045
10949 0.046951123043038105
10950 0.08555813788351649
10999 0.04028162103268719
11000 0.017802465765782077
11245 0.11326367856211293
11314 0.060060057896712045
11987 0.06268444950199449
12021 0.06775807780964176
12245 0.05413447437638606
12587 0.08297483592989284
12670 0.08211381806515147
12672 0.08787353788190709
12877 0.030095309818720144
12912 0.1079889979541724
12919 0.06199835799288614
13024 0.056631839281056466
13079 0.03148056855300846
13338 0.12332637803435997
13484 0.1384225141946746
13485 0.2768450283893492
13700 0.12824903185002048
14110 0.07056442190007103
