321 0.06855864196472529
960 0.04789203797325667
1055 0.1015266859456015
1184 0.06165415326977684
1240 0.05976144493174781
1471 0.061986010219712846
1483 0.12265442580060178
1623 0.07359587017231328
2105 0.06522126614153984
2513 0.07796150278181263
2597 0.04244431217144276
2618 0.06855864196472529
2624 0.1189264191939964
2736 0.05640286509895247
2740 0.06682692475985093
2848 0.03785349320694382
2941 0.22300225176909155
3249 0.10023855668216965
3281 0.04668958881520212
3321 0.0686798954088062
3396 0.05801832303860738
3432 0.021624865599287064
3852 0.05371724846043469
3883 0.3905980664489649
4473 0.13914718839985551
4489 0.08593744369329095
4621 0.07598393527417592
4800 0.13914718839985551
4903 0.06995287847059463
5260 0.03842082705592396
5280 0.07144117746399894
5358 0.0499248447370291
5422 0.1890378517253697
5551 0.07023551520155946
5874 0.13914718839985551
6034 0.1301993554829883
6109 0.027565595438721585
6230 0.04507806492873593
6538 0.11490293407847757
6770 0.08254370308918049
7466 0.039845067742219055
7585 0.22987090291443482
7983 0.19568024898738243
8293 0.12254500396493248
8425 0.11490293407847757
8433 0.031560986252159993
8451 0.07359587017231328
8517 0.08715251249877118
8658 0.02633547738308982
8744 0.051788588346368514
9168 0.06724728168466977
9337 0.15072451670517784
9507 0.2886141134401052
9538 0.31506308620894946
9542 0.06767580138794439
9725 0.03443568786022477
9781 0.05031544026650287
9890 0.047196923142621
9902 0.061105108446574206
9932 0.09832760268900163
9941 0.07249223664514684
9966 0.052596801163842605
10260 0.07303715498046422
10567 0.044226955087776354
10657 0.06773475987998016
10836 0.064089322063597
10924 0.03785349320694382
10930 0.035719651400195916
10999 0.013497501576956972
11000 0.008947832916867213
11138 0.0574665925188545
11246 0.0854438032681933
11277 0.08946552046291777
11731 0.13914718839985551
11921 0.06301261724178989
12465 0.07938574346810771
12834 0.018292200244070474
12876 0.08254370308918049
12877 0.030252865797597124
12990 0.09620470448003504
13307 0.09325792418632335
13336 0.023589013786775612
13516 0.14833819811681406
13694 0.13914718839985551
13700 0.06446022274901154
