108 0.019495617369018396
257 0.0484602302851228
365 0.03943651320797824
704 0.033299087450381695
940 0.026401592854709513
976 0.017377875777564934
1550 0.01707249706487043
1604 0.01408907894436166
1689 0.011937294628016352
1768 0.027184446010456276
1800 0.030722785419710744
1942 0.016219092675037565
1959 0.039153083165510104
1962 0.03374318161619685
2249 0.103581231540972
2257 0.03857110919401903
2278 0.03041279613083366
2425 0.030599655739392006
2597 0.03159556565378703
2738 0.031044934209333436
2752 0.051790615770486
2776 0.016606344113967067
2907 0.5016302642394808
2929 0.022131470348038876
2935 0.024872996883091962
2940 0.052509836529731325
3010 0.012034117846472507
3020 0.02621700663151126
3080 0.04609728417870462
3142 0.02118873396892794
3153 0.02782480193982025
3238 0.025859831173654438
3281 0.017377875777564934
3332 0.030503306592185104
3628 0.207162463081944
3756 0.019336122236147987
3852 0.019993572326215917
3882 0.025859831173654438
3905 0.027184446010456276
3940 0.01982421083629899
4103 0.02876453896112769
4155 0.06082559226166732
4188 0.040332999163746115
4219 0.013642790644366607
4270 0.051790615770486
4299 0.034212666037944345
4329 0.051790615770486
4487 0.042766898693341424
4489 0.010661978819692362
4535 0.018368682857202973
4586 0.025859831173654438
4685 0.04179418243434142
4835 0.022021217132188867
4887 0.03790085945403077
4892 0.06276047101955734
5138 0.03857110919401903
5279 0.019993572326215917
5358 0.018582038781455746
5455 0.02061544963979157
5520 0.02061544963979157
5622 0.0674863632323937
5647 0.028519334446162968
5685 0.01719328955436669
5689 0.028246411289180113
5746 0.01982421083629899
5962 0.016549892061830166
5963 0.02782480193982025
5987 0.03471062099514187
6186 0.033299087450381695
6206 0.029278064996455036
6207 0.03998714465243183
6278 0.013294862529361533
6285 0.03943651320797824
6484 0.02678369622624792
6508 0.02621700663151126
6595 0.051790615770486
6618 0.026590422808952092
6629 0.13935918552387846
6681 0.015594964096200837
6789 0.018092564714277153
6967 0.05243401326302252
7099 0.0187838031441628
7284 0.019336122236147987
7401 0.018582038781455746
7566 0.01731588498328819
7580 0.01883094085945341
7649 0.019576541582755052
7717 0.016273308985767856
7865 0.011684544185783557
7891 0.02768529644668106
8171 0.051790615770486
8233 0.051790615770486
8244 0.01750327884324377
8268 0.08596644777183343
8293 0.030407519250778677
8410 0.103581231540972
8427 0.32323162069538597
8428 0.43932329713690144
8433 0.01174700639747103
8442 0.09863333280671295
8507 0.02760575585860032
8744 0.004818931146195954
8933 0.051790615770486
8996 0.02707115123143372
9129 0.034212666037944345
9147 0.33743181616196855
9383 0.029033949427898473
9392 0.02678369622624792
9497 0.01341180306142879
9703 0.09219456835740925
9708 0.014649814395123485
9783 0.012570716203862851
9853 0.0282812383187069
9905 0.01314483568716909
9917 0.03209492444649089
9929 0.07048144741731167
9932 0.01829877825438109
10009 0.03707356710156005
10056 0.040403952586923246
10156 0.01340920880185715
10165 0.03524072370865584
10327 0.022021217132188867
10341 0.07048144741731167
10371 0.05137380783599459
10456 0.02876453896112769
10460 0.04833516593819214
10508 0.030114081711611118
10509 0.07887302641595648
10516 0.01970340158575869
10561 0.02621700663151126
10574 0.09228482947738526
10685 0.103581231540972
10732 0.04177191917557813
10924 0.01408907894436166
10930 0.026589725058723066
10999 0.05526150536562882
11000 0.013321541941452781
11255 0.010233804164417755
11328 0.04855074074647425
11336 0.050703205235104125
11338 0.16641706890631566
11339 0.11121611826805772
11368 0.051790615770486
11505 0.02471946453905228
11576 0.01725435854388924
11604 0.03287777760223765
11631 0.026036477578686247
11714 0.017695048050068662
11733 0.013603396126386585
11797 0.02782480193982025
11869 0.024275370373237126
11883 0.0484602302851228
11950 0.06276047101955734
11957 0.014605295363353284
12064 0.00534813475826372
12175 0.015014929671146753
12215 0.014968392769017892
12245 0.020254347919310463
12417 0.02782480193982025
12523 0.015953252602538742
12648 0.01872741852804836
12735 0.01288870718967437
12763 0.019102540393638526
12865 0.010181818286744434
12877 0.011260123661119243
12932 0.02760575585860032
12948 0.01872741852804836
13022 0.01822946357085084
13079 0.03533524960843466
13111 0.034212666037944345
13112 0.029660686895897008
13695 0.021491114418674895
13709 0.019740821883983115
13723 0.014694576038618644
13754 0.010579977393986478
13786 0.011113707284090016
13827 0.019658271025770682
13853 0.03857110919401903
14044 0.026401592854709513
14072 0.024596071703226793
14163 0.006638298340419084
14212 0.03500655768648754
