11 0.02314513406224495
67 0.07415301888654824
390 0.07259608095931944
439 0.0496981411772162
539 0.07415301888654824
617 0.08985949140797843
926 0.12675431117242933
971 0.07628540709600865
994 0.02453029910558822
1002 0.026002256500544954
1054 0.060393729010459724
1101 0.030196864505229862
1184 0.032856155014143636
1240 0.031847510579781926
1458 0.020352998403902808
1545 0.04958524346933121
1552 0.04831297613387292
1633 0.04230550830676632
1660 0.03435153932972693
1668 0.06337715558621466
1689 0.017091637564773464
1690 0.04311688588156752
1703 0.03753711283353934
1830 0.09753071579400267
1893 0.14830603777309648
1910 0.04831297613387292
1928 0.04083355091180958
1932 0.059420137687788886
1960 0.07415301888654824
1963 0.031008105090913424
1974 0.07415301888654824
2006 0.02874963963309138
2044 0.03606515543858261
2098 0.06123299751021058
2200 0.07415301888654824
2225 0.04354458066064595
2332 0.03863188509155159
2365 0.10246164721096691
2489 0.06123299751021058
2558 0.017998560978950355
2560 0.043988418627249726
2701 0.06600139298343756
2745 0.06337715558621466
2848 0.040345059486652846
2931 0.054104652397135015
3015 0.041184631020797356
3044 0.027350727878345825
3067 0.07415301888654824
3103 0.041184631020797356
3147 0.02874963963309138
3182 0.045953026494024336
3184 0.027572627108006967
3249 0.02670909729578474
3251 0.03807176445809277
3358 0.0470739037799933
3396 0.03091858235528801
3519 0.02746115413817335
3679 0.0427042010729576
3728 0.08479382893337908
3734 0.01936513264250656
3746 0.03048025918844091
3761 0.028146414576549032
3928 0.027913529535471927
3984 0.014840774710258959
4028 0.03137387703031428
4144 0.03922002315402274
4184 0.03753711283353934
4222 0.03677811980087853
4253 0.0470739037799933
4356 0.0530813716070999
4384 0.020660073558775905
4388 0.045430259974338555
4489 0.015265659715040032
4496 0.07415301888654824
4527 0.06337715558621466
4544 0.057849767080326873
4621 0.040492648484344626
4685 0.05984027710996417
4779 0.04650011631145123
4795 0.03834849040834054
4823 0.059420137687788886
4840 0.1042800890607208
4881 0.04246772205463595
4899 0.05280189853347246
5223 0.019035382714943865
5247 0.012887845404787273
5294 0.04898517681492026
5341 0.03952550293342495
5408 0.12675431117242933
5421 0.031847510579781926
5422 0.16790047467556782
5434 0.035612780041284035
5497 0.059420137687788886
5528 0.02746115413817335
5626 0.059420137687788886
5689 0.013480927890398571
5827 0.050457134209877
5903 0.027132938130779643
6022 0.08889933276554081
6150 0.12246599502042116
6151 0.10617886427260578
6154 0.04871722538978042
6196 0.054104652397135015
6230 0.024022580969613568
6245 0.014578173139749045
6315 0.09278389983882306
6495 0.045430259974338555
6520 0.0427042010729576
6622 0.06600139298343756
6650 0.059420137687788886
6681 0.022328633285330225
6720 0.025522177179326137
6729 0.04354458066064595
6741 0.0530813716070999
6752 0.05559758778221794
6821 0.02435861269489021
6855 0.044929745703989214
6936 0.09963766598074843
6937 0.03983912979335085
7432 0.08985949140797843
7466 0.04246772205463595
7468 0.015187257356222733
7486 0.05220133942610046
7491 0.01756023781210325
7571 0.03048025918844091
7580 0.013480927890398571
7585 0.04083355091180958
7604 0.060393729010459724
7633 0.019089702951313896
7644 0.13876924682664252
7718 0.024792621734665603
7776 0.07415301888654824
7781 0.06600139298343756
7783 0.06123299751021058
7891 0.019819693971087564
8013 0.054104652397135015
8244 0.025060929423805462
8250 0.01595406714574533
8264 0.08189947197862868
8292 0.05126851178467821
8411 0.019533540917917678
8412 0.026919108417013195
8429 0.46018188490008655
8433 0.05045755727904323
8434 0.07415301888654824
8451 0.03922002315402274
8642 0.05126851178467821
8689 0.032856155014143636
8716 0.030196864505229862
8744 0.013799345189499799
8795 0.020172529743326423
8995 0.02515174308175511
8996 0.025840042752675322
8997 0.02786909931256265
9114 0.06600139298343756
9168 0.03583679272413904
9204 0.021498148784692285
9286 0.0496981411772162
9329 0.044449666382770404
9332 0.07415301888654824
9336 0.09797035362984052
9354 0.06600139298343756
9367 0.03395949268423562
9450 0.050457134209877
9497 0.009601408198389743
9501 0.0521400445303604
9523 0.045953026494024336
9538 0.2014805696106814
9542 0.07213031087716522
9584 0.03376826391370322
9622 0.06337715558621466
9645 0.019035382714943865
9657 0.0470739037799933
9662 0.0530813716070999
9719 0.019254185496386588
9730 0.03807176445809277
9748 0.11045105936620796
9757 0.03653563058591885
9766 0.06938462341332126
9823 0.0470739037799933
9827 0.02864261495617383
9902 0.024422672384597572
9911 0.04016135023076224
9957 0.03339488937099483
9966 0.028029395598470407
10037 0.02964977468780297
10224 0.056464602036983606
10268 0.03780140059091365
10382 0.030196864505229862
10483 0.04767712883653564
10516 0.014105515914242413
10563 0.07415301888654824
10568 0.0427042010729576
10580 0.04230550830676632
10598 0.030057687611476005
10604 0.044449666382770404
10657 0.018048287523505558
10664 0.040492648484344626
10732 0.019936133637805976
10887 0.033212555326916145
10924 0.020172529743326423
10927 0.04154651527410551
10949 0.02515174308175511
10999 0.007192962365011352
11000 0.02861037283936187
11017 0.059420137687788886
11090 0.050457134209877
11118 0.0326819250086989
11213 0.023858098424540872
11245 0.09101312468321801
11289 0.056464602036983606
11332 0.06716018987022712
11356 0.02072246261897231
11365 0.01819874130601096
11403 0.056464602036983606
11769 0.056464602036983606
11876 0.025616638010592538
11906 0.0470739037799933
11930 0.031529645006432745
11976 0.03539295475753526
11989 0.0941478075599866
11991 0.044929745703989214
12023 0.02345668367933835
12069 0.027572627108006967
12117 0.02453029910558822
12125 0.07415301888654824
12215 0.04286303590677853
12336 0.03983912979335085
12354 0.019877769695359725
12455 0.1469555304447608
12458 0.043988418627249726
12513 0.02515174308175511
12611 0.02183708608386032
12834 0.019496216715169913
12924 0.050457134209877
12940 0.03727863407122787
12948 0.02681363407534616
12962 0.045430259974338555
13012 0.07415301888654824
13088 0.044514283634706185
13101 0.12246599502042116
13249 0.059420137687788886
13307 0.0496981411772162
13467 0.06938462341332126
13617 0.03863188509155159
13619 0.0419198898168139
13628 0.03376826391370322
13696 0.03807176445809277
13751 0.050457134209877
13775 0.031847510579781926
13786 0.01591243768540662
13865 0.04767712883653564
13874 0.012539600813659076
13994 0.07415301888654824
14004 0.04831297613387292
14046 0.04898517681492026
14072 0.017608141382474587
14110 0.03780140059091365
14163 0.009504614974903569
14189 0.029255537428490366
14251 0.07415301888654824
