194 0.016702925917955483
285 0.04491699303023329
296 0.04491699303023329
406 0.028610905192961816
483 0.02206823546832989
936 0.048328624925701294
952 0.035068579219444805
957 0.05154701588336154
958 0.16929934384395814
959 0.05643311461465271
965 0.06642291462770954
971 0.020681926870307933
1008 0.02603470845413542
1015 0.04705138365640054
1054 0.02456024161831224
1064 0.029715797635617314
1065 0.034408655429100723
1107 0.03177472181074682
1111 0.025269091863625585
1127 0.018456871099997975
1255 0.020093119400807782
1341 0.05643311461465271
1402 0.0271613150970158
1458 0.016553856390301783
1461 0.016407074465061774
1519 0.017008221016935745
1567 0.017217302589483747
1604 0.016407074465061774
1617 0.14461031820375117
1620 0.021309371508591995
1655 0.021723509832548095
1657 0.027013015985462647
1667 0.11952444050094904
1703 0.030530340681096415
1996 0.0715548589295163
2017 0.021148609722844238
2215 0.02896520870113054
2232 0.1377743310405605
2655 0.04400534152538556
2659 0.017873452419987505
2859 0.04400534152538556
2965 0.033708710966349344
2995 0.11989249879023031
3142 0.02467479509636147
3181 0.03142075998834433
3193 0.034095017459036654
3206 0.03782028732456874
3220 0.0198813372935195
3242 0.03695013306958577
3281 0.020236958217996506
3454 0.026723142253936027
3633 0.008358236430358325
3751 0.02502692447084855
3755 0.06031142936265703
3758 0.01759456674376597
3824 0.05643311461465271
3865 0.08608651294741873
3991 0.022156393706131105
3992 0.024447043834559274
3993 0.03737531867225731
4129 0.04980309176152447
4188 0.07045313500890875
4202 0.031899114716753836
4266 0.07968296033396603
4358 0.035068579219444805
4384 0.03360722424460724
4421 0.025772634496231243
4435 0.039841480166983016
4535 0.06417233134686383
4577 0.013427472293870358
4619 0.04491699303023329
4689 0.025644241949805236
4815 0.09034320356829349
4928 0.01732358258392153
5002 0.024908101811255044
5195 0.04400534152538556
5223 0.015482190168952678
5260 0.016652977495883244
5358 0.02163923526896126
5374 0.027013015985462647
5467 0.06031142936265703
5528 0.04467037169600458
5540 0.06031142936265703
5571 0.021309371508591995
5581 0.03654304605526798
5685 0.02002200307996386
5730 0.029715797635617314
5814 0.03737531867225731
5938 0.0188248049647179
5957 0.0316569473239768
6050 0.03577742946475815
6055 0.06031142936265703
6067 0.024335170031857787
6109 0.023895854185204134
6230 0.019538465419381385
6315 0.037732311544069544
6385 0.05368140650952879
6419 0.055241056263684744
6488 0.023183879243430027
6563 0.01981177261532497
6618 0.030965192884986028
6681 0.018160714282087848
6734 0.025902773933556302
6737 0.05103510003393114
6775 0.03087642523040329
6779 0.2296238850676008
7099 0.010937097383739014
7362 0.5670171747169769
7401 0.02163923526896126
7442 0.021228652876899033
7466 0.017270294974839923
7469 0.032934188593277555
7479 0.016455751929360826
7540 0.02338315939079832
7580 0.010964543890637727
7617 0.03473292719802678
7663 0.04240745231788639
7693 0.015350859486705327
7717 0.0189506633738682
7733 0.03240265734935949
7865 0.013606935364868263
8020 0.030965192884986028
8202 0.020681926870307933
8224 0.04980309176152447
8306 0.047173359715808195
8433 0.013679674126745875
8474 0.02502692447084855
8658 0.022829498780209956
8661 0.03877759572322206
8737 0.024790737135216092
8744 0.028058811534051188
8801 0.06031142936265703
8836 0.06031142936265703
8872 0.02630416574014931
8878 0.027778632575972486
8893 0.026168488272509633
8895 0.03828697017710504
8903 0.031899114716753836
8976 0.026581434460726527
8993 0.04169860207257305
8995 0.020456855283853475
8997 0.052889626876979595
9056 0.05643311461465271
9126 0.020236958217996506
9362 0.06031142936265703
9497 0.015618370257458698
9652 0.014204948899651921
9687 0.04980309176152447
9704 0.05368140650952879
9708 0.03412012902040207
9716 0.05154701588336154
9718 0.04705138365640054
9724 0.05368140650952879
9725 0.014925673884033784
9803 0.06031142936265703
9890 0.020456855283853475
9902 0.039727749523578056
9906 0.02106923083498584
9920 0.033791337950144044
9949 0.02793939436172024
9961 0.0686776015340439
10180 0.030530340681096415
10324 0.02793939436172024
10345 0.04705138365640054
10361 0.02030969697987412
10507 0.04491699303023329
10508 0.07013715843888961
10561 0.030530340681096415
10567 0.00958478179967522
10614 0.017485250112872573
10616 0.023690087363329282
10628 0.019207460034484758
10732 0.08107402326401733
10752 0.02793939436172024
10924 0.016407074465061774
10950 0.01863906901049734
10999 0.011700611737719272
11000 0.015513258992017253
11057 0.03615257955093779
11209 0.05368140650952879
11252 0.07657394035421008
11253 0.05154701588336154
11255 0.011917513391012435
11317 0.020606313029178404
11326 0.023283000349011488
11366 0.04980309176152447
11395 0.24124571745062812
11513 0.05643311461465271
11608 0.045924777013520164
11634 0.024908101811255044
11733 0.01584148503282234
11740 0.06031142936265703
11798 0.032934188593277555
11871 0.06031142936265703
11880 0.026581434460726527
11905 0.04213846166997168
11921 0.16387169834061704
11922 0.033791337950144044
11955 0.025392514235301575
12010 0.030745295819129066
12017 0.026581434460726527
12064 0.037368196561834356
12135 0.05368140650952879
12182 0.02502692447084855
12241 0.06031142936265703
12285 0.0316569473239768
12333 0.02338315939079832
12513 0.020456855283853475
12523 0.01857794994573031
12565 0.030745295819129066
12610 0.025902773933556302
12680 0.1449858747771039
12694 0.11286622922930542
12733 0.017930218765184
12770 0.030114401189431164
12834 0.01585700373244451
12903 0.015482190168952678
12957 0.051805547867112604
12981 0.048328624925701294
12985 0.2616272307058012
13308 0.06031142936265703
13336 0.010224332630046426
13338 0.02686698107112475
13358 0.04980309176152447
13591 0.03877759572322206
13624 0.11375422546526624
13626 0.030320110216457526
13669 0.03577742946475815
13739 0.06031142936265703
13761 0.022892533844681297
13815 0.06031142936265703
13948 0.053790656295552
14062 0.011826848246869732
14069 0.06031142936265703
14081 0.08084272160654458
14113 0.029522556697809545
14163 0.015460919144915274
