246 0.1551467638617046
368 0.12348646993214199
438 0.13286577943301794
931 0.07963158555477765
976 0.11127149721810574
995 0.06428533199198672
1526 0.2132158938196646
1604 0.09021314967547119
1660 0.15362280281979526
1703 0.08393446983409261
1940 0.051074778221019974
2488 0.07865752904394042
2558 0.04024549464536807
3010 0.07705512040803394
3443 0.13775980224843376
3648 0.05141191770007214
3790 0.15474636690554885
3823 0.08908187085898518
4439 0.19671968980093774
5059 0.04484095117348473
5390 0.042563869079464724
5689 0.03014388827318734
5997 0.12625708475193823
6566 0.09289965236405406
6655 0.09548828362592049
6681 0.0998554153717184
6706 0.09373453261791774
6921 0.15543653560013188
7408 0.1810863290303447
7453 0.07121229402761199
8040 0.10397610032325157
8250 0.035673925523093765
8264 0.04578261513280429
8474 0.13760879113538366
8517 0.1557776176361465
8744 0.015427940977701083
8968 0.07550717449643436
8982 0.07015323066686556
9298 0.08279096275434353
9755 0.3713229405205333
9822 0.16580908484998758
9899 0.15101434899286872
9906 0.057923844952101074
9944 0.05353090401226731
10030 0.273916307502785
10068 0.050577037446208443
10070 0.09641106319005117
10567 0.02635062566888816
10589 0.10275278584030265
10950 0.15372842300765732
10999 0.0482512455330105
11245 0.13567263243546557
11326 0.06400997325428769
11814 0.1052591118106586
11956 0.10275278584030265
11987 0.07508642121348519
12092 0.09641106319005117
12378 0.036623361469811516
12919 0.07426458810410665
13024 0.13567263243546557
13079 0.037708925406387726
13483 0.33161816969997515
13581 0.09939121313577975
13700 0.07681140140989763
13872 0.047773572504500754
13874 0.028039043676401768
