852 0.10374263410292095
960 0.04324037686025809
1027 0.04472921678041459
1055 0.09166559510606588
1184 0.055665804488711744
1318 0.042612777190045165
1397 0.037708663851536185
1483 0.11074123841124016
2372 0.06149714182302491
2624 0.10737532588320858
2886 0.08548586914015413
2933 0.10737532588320858
3150 0.04978570284839126
3249 0.04525128967455611
3250 0.06594319723708332
3297 0.046904973598807485
3396 0.05238311542287
3421 0.0521324876883749
3841 0.07000573347369189
3876 0.09801067174855856
3883 0.11755334365162937
3966 0.09566388690857494
3984 0.025143650044464123
3987 0.10374263410292095
3991 0.046153011068103635
4188 0.09783855510592343
4421 0.05368584350573246
4436 0.0829920383030369
4489 0.05172700388848405
4492 0.05188497342246604
4796 0.09801067174855856
4817 0.04422047487436238
4835 0.10683678925735778
4903 0.12631698109056935
5297 0.05853992632912301
5358 0.09015148206156884
5360 0.06545120576680291
5422 0.22756929391960154
5501 0.07612121500550412
5551 0.031706837658335915
5689 0.09135904014944059
5780 0.08077590732254727
5793 0.0467143057114796
6034 0.23510668730325873
6044 0.06676746251065535
6151 0.05996372061681206
6419 0.11507021923184503
6593 0.08419996219985014
6636 0.0521324876883749
6645 0.0680424678111581
6734 0.05395693125452969
6737 0.05315448822513045
6752 0.04709748371647067
6770 0.07452639269622433
6813 0.027171633808408785
6821 0.04126903380223024
6866 0.03807426387375762
6936 0.0562696277334575
7069 0.07530785137173333
7070 0.08833710224493274
7100 0.047291872011274036
7448 0.06497107067424643
7466 0.03597499329968284
7468 0.025730670504425075
7469 0.06860376245453405
7693 0.0319767014971738
7898 0.09356461633450017
8115 0.034278254439917916
8293 0.1106424445070483
8425 0.2074852682058419
8451 0.0664476455018783
8517 0.11803133602926608
8658 0.07133269004811396
8706 0.03280894210268067
8982 0.05315448822513045
9105 0.035214833014418974
9337 0.40825480686694854
9383 0.035214833014418974
9386 0.07038925265114172
9387 0.06497107067424643
9497 0.016266970720031096
9507 0.08686052741730087
9538 0.28446161739950193
9542 0.061102581559982466
9708 0.035537071447867837
9722 0.04870843281107204
9827 0.024263554325049196
9899 0.057211124555939366
9902 0.1103401746566826
9905 0.031886340153285835
9932 0.04438861631251061
9966 0.047488175492523564
10031 0.057211124555939366
10068 0.03832177813966648
10377 0.07975390678579174
10440 0.18818996130501042
10561 0.06359641239709968
10598 0.05092456379156167
10608 0.11847821663976807
10732 0.06755269549131458
11118 0.05537061920562008
11246 0.03857240587416159
11255 0.02482484896842515
11277 0.08077590732254727
11356 0.035108568004253306
11359 0.06696232492513125
11593 0.1256320908459754
11910 0.045428398771175604
12064 0.03892002490089729
12117 0.041559909656911656
12219 0.06918132875432849
12378 0.08324760032460972
13336 0.08519143382217954
13506 0.08419996219985014
13516 0.06696519777383886
13539 0.09356461633450017
13628 0.057211124555939366
13696 0.0645022339330996
13705 0.0680424678111581
13723 0.035645652872868076
13728 0.06315849054528468
13912 0.03832177813966648
13965 0.05537061920562008
14062 0.04927197677368542
14163 0.016102980969797263
