127 0.02882917183089987
406 0.02865339978484295
485 0.039900655066491354
917 0.02236835937399872
971 0.020712644879253884
1002 0.02118002087649228
1107 0.015910957744172772
1184 0.026762833029750487
1230 0.024483354015710248
1249 0.02426056937598423
1255 0.020122962878418766
1319 0.01114742992888353
1397 0.018129454585324476
1458 0.016578443147226125
1461 0.03286288642575006
1483 0.02662091476382793
1545 0.020194718328087738
1550 0.019910866219942532
1564 0.03194649314998115
1567 0.017242874735555313
1603 0.03414565737561149
1604 0.01643144321287503
1633 0.06891952235831142
1690 0.03512066512695912
1846 0.030159128861612764
1963 0.012628756145687753
2044 0.05875341973394576
2332 0.031467427941116004
2365 0.027819891027824
2372 0.02956640532789307
2422 0.04987706222993681
2513 0.06768305364825687
2558 0.014660646750907886
2575 0.019981044612496213
2648 0.0342752131163924
2848 0.08215721606437516
2854 0.041760535278290836
3137 0.02056178652146501
3151 0.02506409592467904
3249 0.0435115497230118
3250 0.03170396607601075
3251 0.03101118420281724
3321 0.014906283484941128
3396 0.02518459195042636
3432 0.018773842040848112
3437 0.0923728815988819
3633 0.0251119517177188
3746 0.024827557789784294
3761 0.022926535176561357
3776 0.03101118420281724
3832 0.02555545017658877
3879 0.10752227455624715
3921 0.04712126712679186
3984 0.012088486173498662
4079 0.02555545017658877
4478 0.03620627547922479
4489 0.012434574339776962
4577 0.013447415562049921
4681 0.0388351904792522
4795 0.031236590078772362
4799 0.03583056819816791
4840 0.04247043834949963
4899 0.043009548545678546
4913 0.052962136743091734
4967 0.04109963133048742
4987 0.0432371920786051
4997 0.026762833029750487
5223 0.015505185224447028
5247 0.020995472813728974
5421 0.025941246250299588
5422 0.273525150305856
5448 0.05376113727812357
5517 0.03935311703041834
5528 0.02236835937399872
5551 0.01524391518177962
5647 0.03326078491515964
5689 0.054904145366604
6054 0.02865339978484295
6151 0.02882917183089987
6158 0.032450783673592797
6495 0.03700501357106434
6601 0.029957451775941675
6636 0.02506409592467904
6677 0.030159128861612764
6720 0.020788974428443678
6723 0.023725273268400918
6740 0.04048139697546015
6752 0.022643382313479385
6770 0.03583056819816791
6787 0.03935311703041834
6813 0.0130634939248463
6936 0.027053137298718517
7209 0.03935311703041834
7422 0.04973532944167838
7432 0.03659732192727339
7471 0.04048139697546015
7491 0.014303612590265814
7540 0.023417889428471086
7617 0.034784514575502704
7633 0.015549431528236438
7891 0.016144042424338246
8076 0.03700501357106434
8097 0.017731443900153812
8124 0.015461142352657787
8212 0.051623576530005905
8250 0.02599062702152514
8293 0.035462887800307624
8306 0.02362171217609301
8401 0.02192683847407433
8412 0.02192683847407433
8429 0.4685488511815854
8433 0.013699991979856862
8451 0.03194649314998115
8642 0.041760535278290836
8658 0.011431703244360429
8744 0.01124019444963954
8976 0.02662091476382793
8981 0.0217557748615059
8995 0.02048723900329877
8996 0.021047890399036952
8997 0.007566883092585224
9105 0.01693047832132841
9113 0.0634079321520215
9134 0.043009548545678546
9168 0.0291906980468362
9312 0.10861882643767437
9329 0.10861882643767437
9330 0.0604010074294553
9337 0.0981397406372599
9468 0.04407070083562406
9535 0.03512066512695912
9538 0.0547050300611712
9584 0.08251736167283932
9719 0.015683410044231204
9781 0.021840924824295695
9827 0.023330712960099354
9902 0.033155629586395514
9932 0.04268204287011725
10005 0.030159128861612764
10037 0.02415109038162892
10090 0.0604010074294553
10281 0.02865339978484295
10354 0.07870623406083668
10432 0.027819891027824
10451 0.021671375128402004
10556 0.03512066512695912
10561 0.03057568613096895
10564 0.07575292046020815
10580 0.03445976117915571
10598 0.09793341606284099
10657 0.02940230256745382
10924 0.01643144321287503
10999 0.005858995085736918
11000 0.04660890057824114
11008 0.6485578811790765
11118 0.02662091476382793
11289 0.04599298718175006
11331 0.029957451775941675
11357 0.04840040542962255
11365 0.014823702734380618
11403 0.04599298718175006
11577 0.032983104378841444
11987 0.0547050300611712
11989 0.03834383622734247
12023 0.019106536004336767
12064 0.006237282999282319
12117 0.03996208922499243
12464 0.05376113727812357
12465 0.03445976117915571
12553 0.04498370637867419
12610 0.025941246250299588
12670 0.03583056819816791
12672 0.07668767245468494
12768 0.02245915917932297
12770 0.030159128861612764
12834 0.007940277741496441
12928 0.02555545017658877
12962 0.03700501357106434
13043 0.024596719927440645
13079 0.027473248352931506
13261 0.028480794975627412
13307 0.04048139697546015
13516 0.032195320327920475
13540 0.03620627547922479
13617 0.031467427941116004
13619 0.03414565737561149
13696 0.03101118420281724
13761 0.022926535176561357
13786 0.012961404421409783
13806 0.022013529633511237
13865 0.0388351904792522
13872 0.017402978313200597
13874 0.030642226032645974
13875 0.026906885484773872
13912 0.018424225773347326
13970 0.0388351904792522
