150 0.21665275869146206
194 0.09793564130146026
195 0.3308889291356763
422 0.3022398639921349
548 0.1592571759991905
1567 0.10095162840719708
2204 0.08150845782204238
3092 0.148643094710405
3249 0.12737324449736842
3402 0.1828804467179591
3648 0.10964865762686678
3915 0.10479888575335768
4384 0.09852600301661608
4702 0.1592571759991905
5051 0.1376978898325541
5125 0.23700589417633866
6695 0.10786806854926458
7201 0.05216268999146298
7580 0.0642893133084706
7627 0.10751863536231893
8264 0.2929283238126959
8348 0.2444948481129177
8412 0.12837476834503583
8673 0.17454323764251978
8982 0.14961915281364732
10553 0.35555679920577604
10674 0.23360583227866596
11003 0.08351564860215682
11325 0.11456149361451182
12335 0.11951328251492223
12763 0.13043312211750946
13480 0.08559734986094879
13874 0.05980021049193866
14170 0.08489482904588289
