10 0.129860829629555
79 0.02447589913194559
108 0.03138518208629475
313 0.039079907291730616
721 0.0742827508902897
727 0.12489199414568483
729 0.03862389797169616
917 0.030876544001041735
1097 0.20676138165818297
1368 0.04107962832573678
1625 0.04515628481242933
1684 0.03580843896044962
1919 0.20758589784575787
1940 0.025682476647034443
2006 0.032325280601053656
2046 0.03510304720179857
2744 0.07815981458346123
2763 0.033796012703457314
2768 0.03931394808829033
2770 0.03164703143107542
2991 0.0780141055629947
3137 0.028382810543004358
3178 0.0780141055629947
3537 0.06504463977436246
3581 0.12418804312895645
3746 0.034271140217184394
3992 0.033796012703457314
4114 0.0475671154295919
4202 0.0881957666122776
4577 0.018562368002034743
4606 0.05292856425663871
4689 0.03545103991186814
4734 0.033641356439785115
4764 0.0780141055629947
4808 0.023299750099549224
4881 0.023874751986866043
4928 0.023948417691629614
4981 0.05292856425663871
5106 0.048479405396129854
5374 0.037343256615461846
5390 0.021402845234301904
5718 0.03694253019719349
5798 0.022952670861194676
5861 0.05432174212026885
6245 0.016391285018081448
6278 0.021402845234301904
6519 0.025852004094810754
6571 0.05360681342661694
7099 0.015119631012289103
7105 0.0475671154295919
7306 0.275387727645103
7598 0.025682476647034443
7645 0.06348719942810839
7714 0.03459764964095965
7716 0.11326952322610873
7838 0.056732572737431416
7932 0.048479405396129854
8013 0.1216674777757414
8017 0.10966077472616129
8279 0.04479398927802797
8874 0.05292856425663871
9045 0.0550775455290206
9094 0.07424947200813897
9402 0.034110859954077234
9552 0.0440978833061388
9645 0.021402845234301904
9647 0.05595183627461064
9666 0.15917934394153008
9708 0.047168251573509706
9781 0.0301484907804508
9918 0.03862389797169616
10190 0.03138518208629475
10197 0.0475671154295919
10271 0.09342745031736682
10316 0.049574083906807995
10330 0.04630683275298437
10382 0.033952499261243524
10522 0.03955220606230742
10724 0.0780141055629947
10950 0.025766968690459746
10995 0.3805369234367352
11000 0.02144579530818722
11043 0.5184689061241143
11097 0.04618082254265378
11138 0.034433387158335715
11217 0.0780141055629947
11259 0.03260663078548771
11299 0.1216674777757414
11303 0.1414006107611221
11332 0.03775650774203625
11365 0.020462149328149118
11648 0.04630683275298437
11678 0.03862389797169616
11741 0.04945933213318561
12050 0.04630683275298437
12117 0.027581173605502024
12638 0.043763106948799174
12735 0.02074899267605156
12854 0.04055063939413427
12895 0.0550775455290206
12911 0.08337555439004152
12943 0.1611754993013843
13049 0.05587918246652294
13079 0.018961582014970838
13200 0.08337555439004152
13261 0.03931394808829033
13658 0.08337555439004152
13786 0.01789149428626213
13874 0.01409917202788759
13988 0.05051773363947613
13989 0.12968794946979523
13997 0.033641356439785115
14041 0.13412685098375135
14072 0.019798095500173495
14163 0.03206015970875991
14180 0.048479405396129854
14198 0.033488488149857165
