150 0.20688435093652094
422 0.2886125174071894
1567 0.09639993621660205
1653 0.06810403704203398
2209 0.15734858420878337
2648 0.09581141221821501
3092 0.07097054834679525
3402 0.5239042800111412
3633 0.04679789151536203
3648 0.10470483506051521
4188 0.13148938760528772
4660 0.1344166268091665
4702 0.1520766118445656
5496 0.2230730468324388
6235 0.11131590660238833
6606 0.07042125999409772
8211 0.3005630026329942
8264 0.18648054305558787
8348 0.23347110032048538
8669 0.12356038238297262
8673 0.0833367288931149
8997 0.08460851901679237
9138 0.16861098530239485
10553 0.1697627532394138
10561 0.17093983677364608
10930 0.08668501567091833
10999 0.0655119011441608
11138 0.13946083676012186
11482 0.18537058193291953
12335 0.11412468519085205
13480 0.08173794912571572
13858 0.1428731464324687
14170 0.08106710346595061
