79 0.02214530606918817
151 0.04914923039108145
194 0.020891744246468443
319 0.040209653916067706
321 0.03716802956156075
326 0.027936482070616872
338 0.03716802956156075
482 0.03130326434355943
704 0.04850237714768406
936 0.060448646943100356
976 0.025312053558374504
994 0.07486468970335691
997 0.029894123336466325
1075 0.03766659631225563
1085 0.03360477678999085
1290 0.047304991592129274
1319 0.013922343214125547
1519 0.021273602320851653
1653 0.015213998458620965
1689 0.017387478471709145
1742 0.054000162510436184
1942 0.023624207452835003
1963 0.01577241378052525
2064 0.12065194271091695
2114 0.02749332508634681
2144 0.04226564816655821
2157 0.044749818675199116
2204 0.08693739235854572
2597 0.023010541111943075
2659 0.15649073642293673
2693 0.02522175976614445
2730 0.024522940961284545
2738 0.045219050215409715
2793 0.041410581079950624
3092 0.015854358420620586
3208 0.055872964141233744
3291 0.04850237714768406
3321 0.018616882640067604
3341 0.026060039024274003
3443 0.020891744246468443
3490 0.03692632698379336
3519 0.055872964141233744
3734 0.07880130283533489
3758 0.02200699388500739
3789 0.07876373337960406
3790 0.02346781475942233
3915 0.022355819488990965
3992 0.030577959208019565
3993 0.046748432140961936
4144 0.03989888655584438
4304 0.036457095443582756
4384 0.021017680890187115
4404 0.0256802017033255
4420 0.03071954512889657
4535 0.08026569361461991
4783 0.17655328388937272
4808 0.021081149849022925
4827 0.019038560497057176
4841 0.03989888655584438
4881 0.02160140010484997
4887 0.027602584938700714
4892 0.04570743927881983
4985 0.0987754252254316
5044 0.04119353988848523
5421 0.03239876240558621
5577 0.07543654109302361
5628 0.047888710806792134
5677 0.03360477678999085
5798 0.020767119466637896
5800 0.03435276225589036
5903 0.027602584938700714
5989 0.060448646943100356
6067 0.030438029300804515
6102 0.022715121888118122
6207 0.02912199281558713
6538 0.06229288574205252
6606 0.01573165097897332
6636 0.03130326434355943
6637 0.07482943209440696
6693 0.029373873080639275
6695 0.023010541111943075
6813 0.048946110580908524
6821 0.17346166893581844
6923 0.038730752532420865
7006 0.028279966064652703
7064 0.10191877480482554
7093 0.37129779334770824
7097 0.35292804486834434
7201 0.022254810690522632
7326 0.05744195362269781
7342 0.12065194271091695
7376 0.060448646943100356
7401 0.10826399426038649
7406 0.06290751053443158
7453 0.16199381202793103
7479 0.02058258309832805
7520 0.05304254190681546
7580 0.027428541306782076
7633 0.019420128576877665
7862 0.06120254976817272
7905 0.16512346611773487
8124 0.01930986170708436
8433 0.05133093231116756
8658 0.014277380266606321
8691 0.02685792600436212
8706 0.019700325708833722
8744 0.03509549867542067
8931 0.02410603917396986
8961 0.037923893770373716
8982 0.03191693068445136
9134 0.02685792600436212
9150 0.030577959208019565
9385 0.034547301024817706
9484 0.19155484322716854
9497 0.03907039982913564
9531 0.0273850540244957
9559 0.04983306626263469
9600 0.04119353988848523
9652 0.01776731579265765
9680 0.044749818675199116
9748 0.22472573615363395
9862 0.06714381786140726
10031 0.06870552451178072
10032 0.1386498510059702
10068 0.023010541111943075
10156 0.019531421199720143
10335 0.028514559280609402
10362 0.024271060696232395
10514 0.052155923711484004
10516 0.014349669735375731
10531 0.03130326434355943
10583 0.06321232664845605
10836 0.03474505545582106
10999 0.021952398264146085
11000 0.009701864238709458
11054 0.16512346611773487
11138 0.031154642920755645
11188 0.156467771134452
11259 0.05900366027307126
11277 0.09700475429536812
11324 0.054000162510436184
11356 0.021081149849022925
11359 0.02010396444843091
11365 0.01851374518510998
11431 0.07543654109302361
12057 0.045871999240900914
12113 0.05055837139817456
12413 0.04870886590950758
12665 0.04621661700199006
12666 0.16967979638791622
12763 0.027824144431336496
12764 0.023236993374475698
12957 0.03239876240558621
13002 0.07543654109302361
13022 0.026552448881095085
13024 0.3086282672983902
13336 0.01278842661740657
13628 0.06870552451178072
14072 0.017912922506945622
14163 0.00966913132996865
14170 0.018109863096876466
14189 0.11904769810110344
