149 0.02417554428092617
245 0.04106728513440012
406 0.0523174915436475
421 0.022773299150968703
702 0.026482682932628114
874 0.04418651575009369
917 0.020420900507127387
968 0.01762093832531305
997 0.02185188947050175
1029 0.029165132196763723
1107 0.014525700326710012
1112 0.026992262215535526
1127 0.01687498510067893
1135 0.032062950899092245
1150 0.05514230805326471
1180 0.10636223439891634
1185 0.027349262944813352
1192 0.04418651575009369
1249 0.04429673765427083
1350 0.029165132196763723
1398 0.05514230805326471
1426 0.03457881791814451
1451 0.04835108856185234
1545 0.018436503404300378
1550 0.018177364342635016
1625 0.02986512996386562
1656 0.02417554428092617
1685 0.049080525627763986
1820 0.03305404464103625
1822 0.039472827795814805
1901 0.0232161939620166
1959 0.04168692225470698
1963 0.011529257397377056
1982 0.05514230805326471
2046 0.0232161939620166
2086 0.027533381396783685
2204 0.01270983107475964
2234 0.05263842911483432
2251 0.049080525627763986
2311 0.02050379499927992
2319 0.047129067559900845
2384 0.01955743436481454
2445 0.045534610221315525
2565 0.034083134691524554
2649 0.03457881791814451
2665 0.05514230805326471
2686 0.05514230805326471
2768 0.026001168473591522
2793 0.015135072376658246
3041 0.18066895698737462
3103 0.03062607085873916
3119 0.03812473332459297
3130 0.024815320027527045
3157 0.019784597875522208
3281 0.018502506007737708
3296 0.045534610221315525
3332 0.0324773649381475
3353 0.023103349771263
3432 0.008569666510685832
3468 0.04023376869068834
3490 0.026992262215535526
3522 0.037521369727951656
3523 0.02615874577182375
3527 0.0383829373803301
3548 0.034171986265187616
3728 0.021018373026789973
3745 0.054337882042843906
3751 0.022881937857897945
3780 0.03341104537031408
3789 0.01919146869016505
3814 0.030111492831229106
3832 0.02333051328197067
3840 0.023682720750813777
3841 0.04609026676273843
3908 0.01955743436481454
3984 0.01103602500761643
4025 0.02404971040572838
4101 0.04198869481486707
4145 0.05514230805326471
4151 0.04198869481486707
4154 0.030364997637286145
4164 0.3592691238936634
4165 0.05514230805326471
4190 0.028110203839686897
4217 0.039472827795814805
4276 0.03812473332459297
4376 0.03545407813297212
4452 0.015503350094531836
4489 0.034055944988468485
4499 0.045534610221315525
4542 0.040193926692646056
4585 0.03545407813297212
4586 0.027533381396783685
4632 0.05159639264681625
4639 0.05159639264681625
4698 0.03642678006278687
4720 0.026819082230837687
4721 0.026482682932628114
4734 0.022249471727097535
4742 0.04023376869068834
4750 0.05159639264681625
4798 0.03457881791814451
4808 0.06163926618312895
4825 0.04301874320226326
4827 0.013916732562338174
4854 0.03877283002871291
4887 0.04035365937256635
4899 0.01963250180808315
4913 0.04835108856185234
4974 0.020257432131916435
4985 0.05415185578786441
5050 0.037521369727951656
5056 0.04198869481486707
5207 0.05514230805326471
5247 0.04791885429107933
5260 0.030451396187623814
5280 0.028311254152598258
5392 0.03545407813297212
5432 0.037521369727951656
5474 0.023563735195029547
5487 0.025694284233583876
5689 0.050124019880669834
5759 0.03062607085873916
5826 0.03642678006278687
5889 0.05514230805326471
6109 0.02184780839388103
6133 0.03695696077676254
6150 0.045534610221315525
6207 0.021287480519312632
6210 0.019708219194010765
6271 0.025544788226649837
6515 0.049080525627763986
6571 0.03545407813297212
6606 0.022998921527944097
6619 0.03117283035198174
6626 0.049080525627763986
6629 0.04239370960431794
6672 0.04023376869068834
6677 0.027533381396783685
6756 0.06291917460490187
6935 0.03378324211287535
7006 0.020671979094984874
7008 0.05159639264681625
7016 0.05514230805326471
7046 0.02939229570747139
7099 0.009999709831385808
7104 0.04301874320226326
7201 0.008133867280914989
7276 0.19144484061369346
7284 0.4117496550442147
7402 0.030895178351261814
7406 0.04598388625051133
7441 0.05514230805326471
7468 0.02258735884785304
7479 0.015045376170420507
7497 0.04886555526505719
7547 0.032062950899092245
7566 0.018436503404300378
7580 0.020049607952267935
7598 0.01698568662244124
7616 0.021107158595921233
7627 0.03353133476840723
7633 0.014195649706415712
7693 0.014035180920822305
7718 0.036873006808600756
7723 0.05514230805326471
7770 0.03877283002871291
7785 0.03457881791814451
7799 0.05159639264681625
7810 0.028311254152598258
7851 0.019483005801149113
7862 0.014912533563807808
7863 0.05514230805326471
8027 0.0232161939620166
8097 0.01618768930159681
8124 0.014115047260782453
8247 0.08749539659029118
8250 0.023727802278667554
8268 0.14644779251242634
8279 0.029625517620530267
8293 0.03237537860319362
8401 0.020017819788581085
8428 0.10023313611094224
8658 0.020872847281902137
8662 0.08204778883444007
8663 0.05514230805326471
8695 0.05514230805326471
8732 0.03877283002871291
8744 0.02565397049231837
8751 0.030111492831229106
8847 0.04106728513440012
8872 0.02404971040572838
8931 0.01762093832531305
8981 0.019861649505627285
8997 0.02072426021941954
9028 0.04598388625051133
9064 0.05514230805326471
9101 0.03341104537031408
9104 0.028311254152598258
9105 0.03091291654941956
9134 0.01963250180808315
9135 0.05159639264681625
9245 0.05514230805326471
9315 0.05159639264681625
9375 0.025544788226649837
9376 0.04418651575009369
9378 0.05514230805326471
9383 0.0772822913735489
9409 0.0179256835648345
9427 0.047129067559900845
9457 0.021107158595921233
9500 0.04221431719184247
9511 0.0317560666590846
9682 0.05159639264681625
9719 0.014317963636529067
9721 0.037521369727951656
9725 0.02729287353702008
9732 0.024697807109848317
9757 0.027168941021421953
9758 0.021379055214107528
9773 0.04023376869068834
9827 0.021299468599934507
9843 0.0317560666590846
9873 0.03592691238936634
9901 0.05514230805326471
9902 0.030268997458167836
9906 0.01926344690261125
9932 0.019483005801149113
9960 0.05514230805326471
9961 0.04186095958006961
9980 0.05514230805326471
10003 0.020587482752210735
10032 0.03378324211287535
10048 0.021018373026789973
10050 0.03117283035198174
10052 0.047129067559900845
10054 0.03642678006278687
10068 0.016820155432397222
10079 0.018840204467123887
10159 0.09033447849368731
10162 0.0232161939620166
10165 0.037521369727951656
10174 0.024971120086195325
10327 0.02344634680908707
10422 0.030895178351261814
10456 0.12250428343495665
10459 0.04939561421969663
10460 0.017154411536515878
10468 0.037521369727951656
10481 0.04198869481486707
10495 0.04168692225470698
10516 0.010489265514373845
10537 0.03592691238936634
10574 0.024564288433238435
10577 0.05514230805326471
10598 0.02235175714392228
10602 0.02986512996386562
10621 0.049080525627763986
10675 0.03545407813297212
10762 0.028517035492643786
10928 0.05514230805326471
10930 0.028310511246620006
10999 0.005348892769340069
11000 0.010637746219345377
11203 0.03642678006278687
11218 0.024697807109848317
11232 0.016657699303665115
11245 0.022559988491952516
11246 0.01693016069975494
11255 0.021792194334661473
11262 0.01837099520702787
11317 0.05652061340137166
11325 0.017863879042977527
11331 0.027349262944813352
11336 0.08097678664660658
11337 0.049080525627763986
11338 0.2879287947527604
11339 0.07104816225244133
11413 0.05159639264681625
11430 0.028943720283398672
11492 0.05514230805326471
11576 0.01837099520702787
11631 0.027721459687374633
11663 0.039472827795814805
11681 0.047129067559900845
11705 0.032062950899092245
11714 0.018840204467123887
11797 0.05925103524106053
11930 0.02344634680908707
11938 0.05159639264681625
11950 0.03341104537031408
12006 0.05514230805326471
12021 0.026992262215535526
12050 0.03062607085873916
12064 0.005694245761770039
12197 0.047129067559900845
12315 0.03877283002871291
12345 0.05159639264681625
12378 0.012179650360783974
12425 0.047129067559900845
12544 0.03271104760321219
12668 0.056622508305196516
12725 0.04966679185152218
12735 0.013722815450021486
12768 0.02050379499927992
12770 0.027533381396783685
12810 0.022991943125255664
12827 0.09816105125552797
12865 0.010840746960764643
12985 0.034171986265187616
13022 0.01940920533411513
13043 0.022455253067143063
13051 0.024303215211785422
13079 0.012540670995186232
13112 0.01579010704500103
13252 0.037521369727951656
13261 0.026001168473591522
13263 0.039472827795814805
13301 0.047129067559900845
13336 0.01869606824056302
13362 0.04301874320226326
13376 0.05159639264681625
13389 0.05159639264681625
13464 0.02156513252003256
13522 0.047129067559900845
13621 0.11028461610652943
13660 0.02033878437850563
13709 0.021018373026789973
13723 0.04693665985114978
13786 0.023665888561315043
13787 0.015225698093811907
13806 0.020096963346323028
13822 0.014359118081626666
13851 0.0317560666590846
13874 0.018649612418064145
13918 0.09454668830347301
13919 0.05867230309444363
14076 0.026482682932628114
14109 0.039472827795814805
14163 0.014135807678327205
14212 0.11181614810608557
14246 0.0317560666590846
14247 0.03457881791814451
