1198 0.1537168063342053
1397 0.12390272317615231
1461 0.0561489743171191
1567 0.05892177078647463
1909 0.11775473525699652
1959 0.07801806880981528
2010 0.17640634697686788
2301 0.16539223525274993
2365 0.09506519461433395
2372 0.1010333244559184
2425 0.060974152072282684
2700 0.1837107475698296
2730 0.06709668827452579
2778 0.13270630489179197
2927 0.052833294898434364
2965 0.057679678066409425
3021 0.12790737390090925
3332 0.0607821627373744
3544 0.07674668229725427
3633 0.02860390520345162
3761 0.07834378381325582
3832 0.08732722360646682
3847 0.16431682396438788
4112 0.14270269461008736
4384 0.057506022021123586
4577 0.09190411106840991
4985 0.13512865210574967
5346 0.15716568670073722
5358 0.14810938634384122
5459 0.2020666489118368
5625 0.19312775777794597
6105 0.13833166628450447
6310 0.04656622153837533
6429 0.07643640426074219
6789 0.0721040002319889
6921 0.09674423381458318
7046 0.11001676424912937
7284 0.15411985909336376
7468 0.08454556112617843
7668 0.12120361562352842
7714 0.08564818440621758
7851 0.07292581965772019
7862 0.05581832415457199
8042 0.10833772504888015
8268 0.27408053498096613
8331 0.19312775777794597
8744 0.01920480694531172
9105 0.11570852056329843
9375 0.19123072060076554
9497 0.05344983789332751
9645 0.05298379671649795
9719 0.0535928205678474
9756 0.17640634697686788
9827 0.039862463260994484
9902 0.022659660140573853
10041 0.1537168063342053
10516 0.03926182094541359
10561 0.10448220482245031
10753 0.16102120692716704
10999 0.02002116066928291
11338 0.08290240054771655
11365 0.05065505770455757
11714 0.14103956723176828
12078 0.07183458235090265
12117 0.06827855266524442
12215 0.059653289223173984
12584 0.17729110591099137
12611 0.1215643254747488
12735 0.05136515252925803
12764 0.06357823490036849
12834 0.027133249660549273
12865 0.04057743275778693
12892 0.10674062353287858
13219 0.12001315396742478
13709 0.07867277238915427
13935 0.12505913584995826
14060 0.08071931924169401
14072 0.04901115977205821
