1008 0.14146496401940775
1135 0.19055236613193163
1319 0.06048203078045138
1653 0.1982798819672358
2064 0.13103531497052798
3092 0.0688751727530595
3602 0.20308651124322194
3915 0.0971190942257124
4028 0.13865487686842431
4404 0.11156101569833969
5685 0.1087936878683829
5844 0.12760721873324996
6165 0.25566340824372763
6180 0.32771460451642165
6813 0.07087791954767879
6910 0.28009135420486275
7034 0.23458978426791469
7342 0.13103531497052798
7475 0.1509409358200088
8202 0.11237952004395875
8247 0.17333042632708057
8250 0.07050799662109002
8433 0.074331333940094
8585 0.1518144681768841
8673 0.08087624701926603
8683 0.29197457826212403
8744 0.06098533841597745
9150 0.13283806048872693
9528 0.14520571121809847
9652 0.15437104575431418
9932 0.1157888700405371
10568 0.18872853156829167
11482 0.08994879672887247
11875 0.12760721873324996
12413 0.10580155516604085
12614 0.11991231405563206
12666 0.12285502172199371
12667 0.08733649055177888
12810 0.13664273067929955
12877 0.07125049427414959
12900 0.12185549184455982
14083 0.1500818426774996
