337 0.031138822607151593
428 0.08745584546141101
438 0.07489610987672117
670 0.049059583399759535
931 0.04488812700169231
965 0.051468647410692014
976 0.06272346662442053
989 0.08319145281819253
1093 0.06690641245534211
1107 0.024621050771655172
1255 0.062277645214303186
1483 0.041193930907657564
1526 0.06009463489818852
1566 0.034064337262696615
1567 0.026682095518032547
1653 0.018850203566900547
1656 0.04097752877901321
1718 0.02787541747685195
2035 0.09346616932122699
2161 0.13381282491068422
2215 0.04488812700169231
2284 0.07988373290886291
2488 0.04433905376573107
2558 0.022686285376604852
2574 0.046987852638829174
2617 0.040553977605998076
2648 0.026519200663991004
2741 0.06960901640582845
2793 0.05130787184603574
2832 0.32859958391896493
2955 0.05021522935664528
3010 0.021717889998731792
3011 0.07489610987672117
3165 0.03935143073358933
3220 0.030810618442398883
3313 0.05544520028075854
3633 0.025905946839005663
3648 0.02898077031925847
3790 0.14538357115277437
3823 0.05021522935664528
3832 0.03954520189211961
4182 0.045170483777724084
4438 0.05191116631827918
4452 0.026278166368772126
4601 0.07988373290886291
4660 0.037204560671859066
4692 0.051038956961322636
4725 0.06690641245534211
4808 0.026119627076289103
4835 0.03974153963061395
4922 0.07259852166416751
4974 0.034336331729641255
5260 0.025807546443204286
5302 0.0681962066811296
5314 0.04461104823267572
5358 0.03353487803230363
5837 0.04833635301083629
6062 0.04014219327824896
6067 0.03771283729625513
6175 0.05488576473571017
6278 0.02399314728711673
6310 0.021087016809175813
6314 0.08319145281819253
6446 0.24085315966949383
6519 0.08694231095777542
6573 0.06571991678379299
6629 0.035928652426052324
6655 0.05382650832219643
6775 0.023924994143862385
6911 0.044071960367617805
7020 0.030919214404623106
7064 0.12627776041816413
7423 0.04280424102684143
7453 0.04014219327824896
7489 0.0635986925460125
7566 0.03124985895064824
7617 0.05382650832219643
7851 0.03302367970048794
7891 0.024981732374656156
7963 0.06089608859552614
8040 0.11722213902774149
8087 0.07310576574361316
8264 0.025807546443204286
8411 0.024621050771655172
8433 0.04239948386901602
8474 0.15513946758690034
8673 0.02306639037073891
8706 0.02440878056848578
8968 0.04256320673162255
8996 0.016285040362850424
9094 0.02080889828407942
9174 0.046669060082358015
9204 0.027097340668991783
9301 0.052837923234657004
9391 0.0681962066811296
9450 0.0635986925460125
9484 0.059334299902794
9492 0.054346676870652255
9523 0.05792149017809515
9549 0.08745584546141101
9557 0.0681962066811296
9676 0.04097752877901321
9749 0.05602657999346437
9755 0.5442159302891281
9783 0.022686285376604852
9944 0.09052571292198348
9963 0.06960901640582845
10031 0.04256320673162255
10040 0.031474458437542464
10072 0.051038956961322636
10281 0.04433905376573107
10322 0.046987852638829174
10356 0.07117080509856061
10489 0.04256320673162255
10499 0.029076714230554874
10526 0.06462139337368672
10548 0.04869355782654669
10556 0.054346676870652255
10582 0.08761918907067619
10645 0.03623748198278998
10657 0.022748963197453485
10949 0.06340502687287831
10950 0.028885443414873656
11000 0.030051619299079842
11138 0.03860072437285975
11326 0.07216452589247749
11382 0.07988373290886291
11434 0.06462139337368672
11495 0.0476467736750607
11553 0.054346676870652255
11560 0.07117080509856061
11633 0.09963983679030812
11814 0.059334299902794
11849 0.03623748198278998
11875 0.036394343579323564
11910 0.03379724386458335
12022 0.06960901640582845
12041 0.03216942707806583
12175 0.027097340668991783
12235 0.0635986925460125
12264 0.04943487642094257
12328 0.07216452589247749
12378 0.020644497901588652
12591 0.04798755379928958
12672 0.059334299902794
12807 0.023789620759662157
12919 0.08372552773678892
13022 0.0328985879661862
13024 0.19119581485752904
13088 0.056108026805761296
13112 0.053528438354186296
13464 0.03655288287180658
13487 0.049059583399759535
13581 0.11205315998692875
13676 0.05777088682974731
13822 0.024338693995623408
13872 0.026929844168824605
13874 0.01580553928172798
13973 0.03216942707806583
14072 0.02219418101378236
14163 0.011980091517738057
