11 0.022410174744036743
12 0.03288113014277097
75 0.07179833595157925
175 0.030993275466106203
482 0.02979354908317533
736 0.042161849619730705
831 0.063905559852489
960 0.024711736337270064
969 0.07179833595157925
994 0.0237513547340585
1010 0.03215791131606806
1101 0.029237981878363076
1111 0.030081839644464686
1461 0.01953196362403681
1471 0.0639681252238308
1480 0.04616317130189406
1593 0.0336534171582478
1617 0.04303819490840321
1656 0.03147789621750248
1657 0.03215791131606806
1718 0.021413187288280174
1721 0.04616317130189406
1724 0.07179833595157925
1784 0.05753328822018986
1919 0.02979354908317533
1940 0.0221163037518898
2110 0.06718135790702325
2182 0.02000402578925106
2214 0.04677882766428672
2425 0.02121044836110587
2502 0.05753328822018986
2593 0.045579101281355845
2599 0.16539262304996763
2618 0.03537546438971021
2638 0.12725131309309856
2730 0.023340231778228786
2744 0.0336534171582478
2764 0.04742968303132927
2806 0.059288581807932984
2953 0.1228863697103995
2995 0.14272720771471423
3071 0.08518318757622191
3130 0.032310919636539474
3151 0.05958709816635066
3153 0.03857406303710803
3213 0.063905559852489
3392 0.06718135790702325
3397 0.0496405121210996
3443 0.01988416290419145
3478 0.04616317130189406
3481 0.02897004318833067
3633 0.05970086998745516
3687 0.10279161141768545
3691 0.04174773602200934
3739 0.059288581807932984
3756 0.026806041589930437
3757 0.07179833595157925
3841 0.06001207736775318
3991 0.026376297421550194
4004 0.07179833595157925
4021 0.10477318570930386
4170 0.07179833595157925
4219 0.01891326549084018
4321 0.06718135790702325
4326 0.063905559852489
4331 0.06718135790702325
4365 0.063905559852489
4383 0.020496507686238816
4444 0.03827039520280381
4450 0.030228769024172274
4489 0.029561816395360888
4621 0.03920682964905671
4624 0.03215791131606806
4775 0.053471877380446106
4835 0.030528440764756946
4881 0.041119185988126625
4887 0.02627134857783285
4924 0.06136465347953637
5062 0.0374051536389868
5139 0.05753328822018986
5210 0.03634514519224383
5280 0.03686281928742093
5281 0.053471877380446106
5297 0.033455379663401646
5386 0.17786574542379896
5387 0.1435966719031585
5412 0.0374051536389868
5663 0.019190331932012254
5668 0.04398765036114874
5687 0.06539194744551317
5697 0.02993678202755197
5746 0.027482688290619957
5938 0.022410174744036743
5974 0.05958709816635066
6102 0.02161960144080629
6182 0.03987683871100566
6183 0.03306934713770958
6207 0.02771747741157196
6208 0.056012783753398736
6315 0.044918802440921064
6323 0.048854899335890094
6412 0.030081839644464686
6446 0.030836212714779418
6455 0.11857716361586597
6519 0.022262291250713693
6529 0.063905559852489
6563 0.023585120118412222
6606 0.014972934146973685
6608 0.1985620484843984
6624 0.04058874982184684
6758 0.03987683871100566
6866 0.04351863875398838
6923 0.03686281928742093
6949 0.034919928887683006
6976 0.045579101281355845
7006 0.0538321210063268
7020 0.0237513547340585
7025 0.025367951492096683
7030 0.048854899335890094
7064 0.03233445545612797
7099 0.013020175455815746
7108 0.06136465347953637
7170 0.06502755986579464
7201 0.010590745223369682
7218 0.0504843698872012
7344 0.11963051613301699
7401 0.025760641059157548
7468 0.029409990913882567
7479 0.019589912191529696
7566 0.024005347471414418
7580 0.05221139768266049
7598 0.0221163037518898
7693 0.018274582085338265
7718 0.024005347471414418
7719 0.17259986466056956
7733 0.03857406303710803
7770 0.0504843698872012
7771 0.063905559852489
7822 0.0496405121210996
7862 0.019416943767918395
7865 0.01619851041373489
8097 0.021077267089240417
8104 0.031644130833148765
8115 0.05876973657458909
8264 0.0198247013124817
8265 0.048120007654308475
8301 0.037686325182265584
8349 0.06328826166629753
8355 0.03987683871100566
8411 0.01891326549084018
8517 0.0224848430046233
8706 0.018750204915336265
8744 0.02004173336509796
8900 0.07179833595157925
8976 0.031644130833148765
8981 0.025860966544600725
8996 0.05003901657458506
9028 0.02993678202755197
9137 0.11857716361586597
9252 0.05238659285465193
9409 0.04668046355645757
9481 0.06136465347953637
9588 0.08607638981680642
9589 0.042591593788110955
9654 0.024621003833807067
9708 0.02030932206387797
9719 0.018642780826747533
9902 0.01576476375504463
9981 0.04303819490840321
10068 0.021900772984085073
10108 0.03857406303710803
10234 0.028708264557381156
10327 0.030528440764756946
10331 0.053178284580625255
10361 0.02417787908934306
10382 0.05847596375672615
10561 0.03634514519224383
10567 0.03423089409161433
10575 0.07524622097590304
10777 0.06136465347953637
10797 0.02820209816296823
10821 0.035610253510662215
10827 0.03537546438971021
10861 0.05753328822018986
10897 0.063905559852489
10934 0.07179833595157925
10945 0.0336534171582478
10999 0.013929108649245743
11000 0.04155280240100408
11138 0.029652095476084446
11150 0.06812026856703757
11218 0.03215791131606806
11245 0.05874870639235311
11255 0.014187321361764177
11261 0.063905559852489
11292 0.07179833595157925
11306 0.1435966719031585
11310 0.06613869427541916
11311 0.4464575572259939
11316 0.21539500785473775
11317 0.024530988590836078
11324 0.05139580570884272
11356 0.02006443372369454
11359 0.03826875337900498
11364 0.037686325182265584
11450 0.05238659285465193
11461 0.0496405121210996
11511 0.028078995678200575
11520 0.035610253510662215
11617 0.034919928887683006
11667 0.05467160376337698
11683 0.05753328822018986
11745 0.03857406303710803
11869 0.0336534171582478
11930 0.06105688152951389
11957 0.020247604465974886
11970 0.056012783753398736
12009 0.11857716361586597
12016 0.063905559852489
12254 0.036094874262058485
12383 0.035610253510662215
12387 0.026589142290312628
12523 0.0221163037518898
12582 0.025176571038619325
12735 0.08933932480033645
12793 0.05753328822018986
12877 0.015610128001955197
12885 0.03686281928742093
12895 0.04742968303132927
12940 0.036094874262058485
12966 0.036094874262058485
13006 0.037686325182265584
13021 0.056012783753398736
13043 0.029237981878363076
13079 0.01632864747519937
13088 0.04310076027974502
13120 0.07179833595157925
13219 0.04174773602200934
13358 0.059288581807932984
13628 0.03269597372275659
13754 0.014667228029492625
13942 0.07179833595157925
13948 0.021345205779272822
13971 0.036094874262058485
13987 0.04022723155521822
13989 0.02233599292508202
14038 0.06136465347953637
14040 0.026482222547596513
14062 0.028158776293332726
14088 0.03537546438971021
14163 0.009202801845500201
