210 0.056246415842146645
337 0.03675898765236709
407 0.09430173994271301
429 0.09111135003945604
976 0.03702213093039682
986 0.1822227000789121
1045 0.048888160994324886
1255 0.03675898765236709
1354 0.08401623846966404
1458 0.030284148046504828
1460 0.04259465667162486
1483 0.09725783255782273
1566 0.08042504166730757
1627 0.1551630670207298
1660 0.051113211038590685
1749 0.08841391381112855
1838 0.05234169417561159
1855 0.09820646160924806
1905 0.08841391381112855
1940 0.033987088766015104
1963 0.023069181910679387
2215 0.05298986821082091
2488 0.05234169417561159
2523 0.09111135003945604
2574 0.05546856786310467
2659 0.03269825872756613
2832 0.0775815335103649
3090 0.056246415842146645
3142 0.04514084996854074
3177 0.1351954824101249
3235 0.08841391381112855
3281 0.03702213093039682
3321 0.027229583132277323
3443 0.030556860551569937
3633 0.030581643756793165
3860 0.07628474046917075
4056 0.09111135003945604
4184 0.055853170119213376
4438 0.06128047761431242
4450 0.046453868044027125
4663 0.056246415842146645
4798 0.06918962889937874
4817 0.038836368480791854
4913 0.04837345629331265
4922 0.028567213294060496
5053 0.05748213134059743
5279 0.04259465667162486
5528 0.04086069486886311
5661 0.04691438668051254
5938 0.06887738627865467
5974 0.04578504657488181
6044 0.029319062990146784
6062 0.04738735326220047
6230 0.035744286129527916
6505 0.05472383001358265
6681 0.03322378465668184
6752 0.08272616869573242
6799 0.07507745503096319
7064 0.09937953648283375
7330 0.06685300335554045
7489 0.07507745503096319
7674 0.04941846515991424
8040 0.13837925779875748
8213 0.08607728826729026
8250 0.02373877901415167
8382 0.0775815335103649
8474 0.09157009314976362
8516 0.07288726296282695
8669 0.04037232740762272
8673 0.027229583132277323
8811 0.09111135003945604
8924 0.09430173994271301
8981 0.03974167543485597
8996 0.019224284911749816
9443 0.07628474046917075
9755 0.39534772127931395
9902 0.012113200088242059
9944 0.03562148774326347
9977 0.10324052338141385
9979 0.060758089620869156
10040 0.03715520152020281
10068 0.033655873232924016
10113 0.04762871844379064
10281 0.05234169417561159
10322 0.11093713572620933
10335 0.08341241414290657
10499 0.034324694702069336
10526 0.07628474046917075
10567 0.017534702740617268
10569 0.047873459471485705
10657 0.026854864354675084
10763 0.08050476252606223
10812 0.18860347988542603
10949 0.07484883514455198
11000 0.028380446279168067
11326 0.08518931334324972
11359 0.029404631367161548
11371 0.03715520152020281
11493 0.08607728826729026
11502 0.055092237267859286
11581 0.05706045555742094
11600 0.05472383001358265
11886 0.06294828168900539
11987 0.04996534398762892
12031 0.11033563495120587
12064 0.04557503984680691
12100 0.0635415147113247
12173 0.048888160994324886
12288 0.09937953648283375
12368 0.11033563495120587
12513 0.03742441757227599
12587 0.06613867159226236
12591 0.2265948099361032
12668 0.0566487024840258
12795 0.2064810467628277
12834 0.014504651885486563
12919 0.29651079095948546
12957 0.04738735326220047
12979 0.08841391381112855
12999 0.047873459471485705
13024 0.04514084996854074
13079 0.025092944887825066
13218 0.09820646160924806
13222 0.10324052338141385
13271 0.06837558918410444
13300 0.07628474046917075
13332 0.0508191083470476
13336 0.05611415172595766
13338 0.049151304272354625
13438 0.07094095913853465
13581 0.13227734318452472
13695 0.04578504657488181
13793 0.11033563495120587
13794 0.08217256660075521
13822 0.028731521526905314
13858 0.04668261245461905
13872 0.03179034165070332
13919 0.039132963686865266
13973 0.0379756032418117
14163 0.028284694108737473
