337 0.10738678653473648
675 0.2514640356275763
931 0.1548032747766058
1319 0.05948858949930207
1460 0.12443496395422682
1660 0.1493208554820638
2215 0.1548032747766058
2424 0.16316805330992448
2488 0.15290971537245013
2574 0.1620444859046381
2793 0.088471352160509
2955 0.1731745668019068
3443 0.08926804764743963
3633 0.04467022434145609
3690 0.2754907429130531
4438 0.17902325359308696
4692 0.17601531198878295
5279 0.12443496395422682
5837 0.16669498677352715
6681 0.09705913298113905
7856 0.15881476408671397
8997 0.0403808954131812
9755 0.4331096018630659
9921 0.18742246813919883
9944 0.10406372276928684
10072 0.17601531198878295
10281 0.15290971537245013
10499 0.10027530403448853
10950 0.19923135727308044
11326 0.24886992790845364
11371 0.10854427581191022
11814 0.20462301604126784
12919 0.14436986728768864
13079 0.07330590117661348
13973 0.11094097686865084
14163 0.04131509873422366
