194 0.09805682230933443
548 0.15945423342223192
1012 0.10459727050455102
1329 0.1711138566340692
1567 0.10107654125725202
1653 0.07140793635379032
1934 0.2837198350798908
2114 0.12904179090457676
2176 0.12509959427499917
2209 0.16498196251721425
3092 0.2232405281443298
3130 0.07966908440444023
3142 0.14485677600247152
3722 0.16899461491590506
3940 0.13552821384942923
4747 0.119230867555432
4808 0.09894581038495748
4827 0.08935877836054906
4970 0.12509959427499917
5844 0.13786827079754613
6235 0.11671612314144861
6412 0.14834567685690112
7201 0.05222723367813917
8250 0.07617763060778944
8293 0.1039404999694691
8433 0.08030840714284337
8673 0.08737960466366651
8982 0.14980428459503248
8997 0.04435654627353885
9428 0.2220291948901341
9496 0.12141609428778878
9497 0.04584489461965125
9528 0.15688187952293928
9533 0.16215010665901097
9719 0.0919350669016551
9765 0.2078809999389382
9932 0.12509959427499917
10031 0.16123702571794932
10999 0.06869004937887489
11003 0.08361898698169243
11087 0.2020007409412877
11255 0.06996340034624673
11325 0.11470324667882315
11482 0.0971816891586113
12217 0.2058749142547135
12335 0.1196611626925271
13022 0.12462572445339738
13024 0.14485677600247152
13112 0.10138764033894239
13480 0.08570326404080877
13874 0.05987420449128559
14060 0.13846884594078124
14090 0.13383502304171396
14170 0.16999974791831665
14171 0.12009478060488968
