14 0.05433846948666232
15 0.05546790906670452
194 0.025626840116890755
335 0.08658377655696974
458 0.06201738280471338
802 0.6326973566353119
920 0.07206287231652579
1001 0.04100058261207762
1067 0.07414928079808714
1318 0.031386390757449686
1375 0.18481479192046166
1653 0.01866223812803991
1695 0.05949539922512437
2046 0.03895903661851351
2425 0.027336165549269837
2503 0.06397701897623462
2558 0.04492013663791783
2705 0.2776025048108128
2850 0.0465193116858877
2852 0.12107327539057547
3092 0.038895470249671
3157 0.03320048386811815
3173 0.06751618591254982
3432 0.028761471578372187
3633 0.03847143722819966
3693 0.04389692539984036
3728 0.0352708788422424
3789 0.03220515527594475
3890 0.042377417097797264
3956 0.027685598049976244
3984 0.03703905154290094
3985 0.031386390757449686
3987 0.15282302947023443
3992 0.03750842737112235
4219 0.07312662340740023
4922 0.047916402042446835
4956 0.05139353237739611
4959 0.09253416827027092
4981 0.05874264593570895
4990 0.065141077179591
5002 0.03821581595150862
5059 0.02502468501674834
5064 0.04717166226884479
5412 0.048208008376957504
5434 0.04444052353356211
5685 0.030719208973952868
5798 0.05094793847573179
5962 0.02956965222601065
6072 0.047509044292603386
6109 0.018331376121427434
6131 0.15282302947023443
6278 0.023753898811976135
6310 0.041753493823677136
6601 0.045894729269559675
6606 0.038594432294089216
7020 0.030610902418274265
7099 0.03356097576828047
7201 0.05459768879700908
7242 0.1089713132022745
7319 0.09253416827027092
7359 0.08658377655696974
7491 0.021913093019951285
7671 0.023889783779893935
7717 0.08722644573351193
7791 0.1647238128968368
8124 0.07105927578024589
8484 0.1657813116420027
8486 0.09253416827027092
8673 0.045672766166719614
8744 0.008609972654912142
9298 0.046203697980115414
9301 0.05231104810601244
9323 0.1443792892531318
9515 0.04717166226884479
9708 0.026174788042182665
9942 0.09253416827027092
9974 0.05095542606197928
10106 0.05802662726293343
10234 0.03699940044699227
10327 0.03934525553155082
10361 0.031160609816644712
10567 0.044117001765214194
10980 0.11338314701548041
11003 0.10926778778105532
11047 0.08380794745555943
11061 0.18506833654054183
11356 0.05171834867282077
11612 0.07414928079808714
11633 0.049323137403271856
11798 0.05053002028537768
11844 0.0823619064484184
11869 0.04337274568997067
12114 0.09253416827027092
12227 0.0721896446265659
12378 0.020438640596421753
12667 0.024660510704973073
12763 0.03413046284307593
12854 0.0450050343486781
13031 0.06506458842321013
13075 0.05433846948666232
13097 0.07414928079808714
13480 0.06719483030382896
13591 0.05949539922512437
14040 0.10239138852922779
14090 0.03497735962430734
14107 0.1076095143087642
14116 0.04785436544108091
