337 0.11549850967561369
1185 0.17194490963908265
1319 0.06398220536798757
1460 0.13383446280518851
1703 0.17549335064487978
2215 0.16649671813970318
2424 0.17549335064487978
2488 0.16446012410220975
2574 0.17428491183207764
3341 0.23952559466529383
3432 0.053877522651717094
4438 0.1925462121970902
5260 0.09572401597129433
5279 0.13383446280518851
5793 0.12890742926138193
6420 0.19423809192263808
7810 0.17799295165140083
8293 0.1017720579836125
9097 0.22901529079511987
9652 0.16330470099750546
9755 0.46582559321859746
9944 0.11192443017429335
10281 0.16446012410220975
10499 0.10784984397969814
10950 0.32142117649987373
10999 0.03362850712829685
11246 0.10643997820228565
11326 0.13383446280518851
11987 0.15699351735626232
12064 0.03579974257243957
12328 0.13383446280518851
12900 0.12890742926138193
12919 0.1552751977395325
14163 0.04443593560144496
