266 0.04194983626836205
322 0.016194576431013956
337 0.013975843018345624
363 0.0838996725367241
407 0.03585371627369453
430 0.04194983626836205
465 0.03272676276195177
675 0.03272676276195177
750 0.03464072344383451
763 0.024634034547984573
968 0.05362093127678025
971 0.01438539021694698
976 0.01407589063608353
1002 0.029419986379103143
1027 0.014935541609754034
1083 0.04831723023232863
1111 0.017576009680606797
1202 0.04194983626836205
1240 0.036033539144800404
1255 0.04192752905503687
1319 0.023226410298331678
1354 0.031943147372512116
1378 0.024392079112796918
1460 0.03238915286202791
1461 0.011412000921310008
1469 0.026971899168370776
1483 0.03697762879074134
1526 0.08091569750511232
1566 0.04586665039783064
1614 0.08199483185792092
1627 0.14748329629169737
1630 0.039252260197039646
1653 0.008460418983675874
1660 0.019433348393448305
1689 0.009669078995926074
1703 0.02123549062463945
1721 0.026971899168370776
1749 0.23530606833445036
1838 0.039800840438297375
1855 0.11201489854547073
1871 0.01251114930202455
1905 0.06723030523841439
1942 0.026274577817510716
1948 0.030608076967021346
2006 0.016264242420498114
2038 0.031943147372512116
2215 0.02014685732591351
2229 0.04194983626836205
2485 0.03310087771195897
2488 0.039800840438297375
2497 0.03464072344383451
2523 0.03464072344383451
2558 0.010182143592673948
2574 0.021089264052604605
2597 0.01279603250766883
2617 0.01820158815705391
2648 0.011902446991262406
2659 0.037295836485335285
2667 0.020806113184219092
2763 0.017004231153908284
2790 0.03272676276195177
2793 0.023028191257331042
2832 0.058993318516678946
2926 0.02218754643381194
2940 0.014177465757261675
2947 0.037338299515156916
2955 0.04507557472372215
2965 0.023446217753403914
2986 0.037338299515156916
2995 0.018531481777920775
3010 0.029242514253791707
3090 0.021385003460611073
3102 0.025417649937424232
3130 0.03775680231216338
3142 0.017162644380778854
3150 0.01662395387143431
3165 0.017661856564661356
3168 0.023503689255541495
3208 0.015535320572708367
3214 0.020806113184219092
3215 0.023503689255541495
3219 0.050292119051643734
3236 0.014821811640243165
3251 0.06461386101791038
3321 0.01035274374013382
3323 0.024634034547984573
3341 0.01449184114721454
3343 0.024392079112796918
3353 0.017576009680606797
3424 0.03585371627369453
3432 0.006519424371037951
3443 0.03485334445885256
3448 0.03272676276195177
3490 0.020534522772616727
3497 0.052612079589359324
3546 0.06121615393404269
3633 0.01162720411209116
3668 0.02663064276728425
3746 0.017243288291857888
3756 0.015662048998724056
3758 0.03671389661529491
3761 0.015922986019411584
3768 0.039252260197039646
3776 0.021537953672636792
3789 0.014600023062584804
3790 0.026100639622912435
3852 0.03238915286202791
3897 0.04581499174266908
3927 0.030029186690629373
3940 0.01605739546364207
3984 0.008395721152547017
3986 0.022720073866101833
4025 0.0182959591181294
4056 0.03464072344383451
4079 0.0177488256619605
4103 0.023298964142493814
4141 0.029003615866002058
4157 0.03585371627369453
4219 0.01105051224551892
4222 0.020806113184219092
4266 0.027711887901780946
4352 0.04194983626836205
4438 0.023298964142493814
4577 0.028018583053575994
4598 0.029003615866002058
4607 0.04194983626836205
4624 0.018789002510466814
4663 0.021385003460611073
4692 0.04581499174266908
4747 0.042379453047416485
4812 0.03464072344383451
4815 0.020946182383112237
4835 0.035673893402588655
4887 0.015349642255391482
4899 0.014935541609754034
4922 0.021722626980108142
4956 0.023298964142493814
4974 0.015410961041574293
5056 0.031943147372512116
5059 0.011344797913498902
5150 0.04194983626836205
5247 0.014581820476114532
5260 0.034749119033426444
5279 0.03238915286202791
5289 0.03585371627369453
5358 0.030102499181276197
5417 0.043709650090126055
5455 0.01669829030070643
5474 0.01792625060865594
5507 0.03464072344383451
5528 0.015535320572708367
5548 0.017576009680606797
5557 0.04194983626836205
5613 0.029871083219508068
5663 0.011212394713804323
5665 0.03124217952048939
5689 0.022879286355679488
5793 0.015598383046807001
5837 0.02169450304147452
5870 0.024158615116164316
5938 0.026187324505451737
5945 0.022360362415165636
5962 0.013405232819195062
5974 0.05222270778262191
6032 0.023298964142493814
6044 0.011147168297190365
6062 0.018016769572400202
6072 0.043075907345273584
6155 0.02169450304147452
6175 0.024634034547984573
6207 0.016194576431013956
6230 0.013590051403848771
6245 0.00824716222599057
6310 0.00946435388287839
6315 0.00874828263911453
6411 0.02854460344916699
6412 0.017576009680606797
6420 0.023503689255541495
6446 0.036033539144800404
6528 0.014438402777949205
6567 0.022360362415165636
6606 0.00874828263911453
6681 0.07579050923191648
6752 0.01572633009013624
6776 0.037338299515156916
6781 0.027711887901780946
6789 0.014654780912475506
6813 0.009072885611719119
6819 0.024634034547984573
6866 0.02542676994050379
6899 0.033615152619207195
7020 0.013877277642165526
7064 0.09446076251168177
7067 0.06248435904097878
7069 0.025146059525821867
7095 0.04194983626836205
7099 0.007607338266518737
7153 0.01820158815705391
7200 0.0838996725367241
7206 0.014935541609754034
7330 0.025417649937424232
7331 0.029496659258339473
7418 0.01279603250766883
7422 0.023028191257331042
7442 0.014765667499420952
7453 0.12611738700680142
7475 0.019321529942756713
7489 0.02854460344916699
7491 0.009934175467330348
7497 0.018587379771550762
7500 0.04194983626836205
7533 0.0297568672185688
7558 0.02663064276728425
7580 0.015252857570452992
7598 0.012921961337360654
7693 0.010677346712738407
7822 0.029003615866002058
7865 0.05678612329727034
7925 0.029496659258339473
7965 0.016926416919431655
8040 0.026306039794679662
8097 0.012314880166226517
8115 0.011445858710436931
8250 0.018051065610759115
8355 0.023298964142493814
8379 0.03464072344383451
8433 0.00951494759593369
8474 0.06963027704349588
8516 0.027711887901780946
8517 0.026274577817510716
8595 0.04194983626836205
8669 0.030699284510782965
8673 0.01035274374013382
8677 0.04194983626836205
8744 0.007806563778553566
8795 0.011412000921310008
8811 0.03464072344383451
8829 0.04194983626836205
8847 0.03124217952048939
8902 0.039252260197039646
8931 0.013405232819195062
8968 0.019103377900419678
8995 0.014228840848109256
8996 0.014618225649055079
8997 0.01051073550938784
9028 0.017491256417201485
9094 0.01867905536905066
9101 0.025417649937424232
9113 0.08807642405631644
9125 0.03464072344383451
9350 0.025996540213816206
9366 0.016477727299399465
9443 0.029003615866002058
9491 0.037338299515156916
9497 0.010863414812130455
9557 0.09182423090106405
9641 0.030029186690629373
9652 0.0098803043940094
9672 0.02854460344916699
9708 0.011866190546194326
9725 0.010381607304731942
9755 0.45093606025120353
9783 0.010182143592673948
9888 0.039252260197039646
9890 0.014228840848109256
9898 0.022537787361861076
9899 0.038206755800839355
9902 0.02302731844577605
9908 0.035673893402588655
9940 0.028115226008746632
9944 0.040630089611380905
9949 0.019433348393448305
9961 0.06369194407764633
9964 0.023503689255541495
9965 0.052612079589359324
9979 0.04620070229715161
9981 0.025146059525821867
9994 0.024634034547984573
9995 0.04194983626836205
10030 0.023100351148575806
10037 0.03354693341481186
10046 0.020946182383112237
10048 0.031979702635932535
10068 0.06398016253834415
10070 0.024392079112796918
10072 0.02290749587133454
10094 0.025700800805809745
10113 0.10865122267738017
10156 0.021722626980108142
10264 0.037338299515156916
10281 0.019900420219148687
10319 0.02733161061930697
10322 0.06326779215781381
10335 0.015856786058244803
10356 0.031943147372512116
10361 0.01412648434913883
10362 0.04049100107907466
10382 0.017082966288269382
10396 0.0177488256619605
10432 0.019321529942756713
10464 0.08848997777501842
10467 0.029496659258339473
10495 0.031713572116489605
10496 0.02169450304147452
10499 0.026100639622912435
10516 0.007979770641416008
10519 0.02201910601407911
10557 0.024158615116164316
10564 0.026306039794679662
10567 0.020000190581454247
10589 0.05199308042763241
10602 0.022720073866101833
10608 0.01978054235959178
10657 0.020420549774076046
10810 0.08701084759800617
10812 0.03585371627369453
10894 0.037338299515156916
10949 0.1992037718735296
10950 0.09075131049181161
10999 0.02034600870116796
11000 0.04585879321248079
11019 0.02854460344916699
11112 0.02663064276728425
11245 0.13730115504623083
11255 0.016578540444558917
11262 0.027951686036691247
11297 0.02854460344916699
11317 0.014332796731955401
11326 0.016194576431013956
11359 0.011179701570843126
11365 0.020590779162894694
11371 0.01412648434913883
11382 0.03585371627369453
11402 0.02733161061930697
11493 0.06545352552390354
11502 0.020946182383112237
11606 0.020946182383112237
11745 0.022537787361861076
11833 0.033615152619207195
11875 0.016334645629907094
11905 0.02930956182495101
11930 0.017836946701294328
11933 0.03272676276195177
11956 0.025996540213816206
11957 0.011830130613988417
11987 0.03799385394030424
11993 0.18669149757578457
12030 0.039252260197039646
12064 0.03898737960561893
12069 0.07799191523403501
12100 0.024158615116164316
12173 0.018587379771550762
12328 0.016194576431013956
12333 0.016264242420498114
12383 0.020806113184219092
12436 0.037338299515156916
12513 0.028457681696218512
12523 0.012921961337360654
12587 0.0754381785774656
12591 0.043075907345273584
12611 0.03706102055794709
12670 0.04977024501026868
12672 0.0532612855345685
12680 0.033615152619207195
12681 0.04194983626836205
12733 0.012471429535064242
12834 0.005514698601180255
12877 0.009120577867595975
12919 0.03757800502093363
12935 0.023298964142493814
12979 0.06723030523841439
12999 0.01820158815705391
13024 0.12013851066545199
13041 0.11798663703335789
13088 0.012591307394621148
13130 0.04194983626836205
13218 0.07467659903031383
13271 0.05199308042763241
13332 0.019321529942756713
13336 0.014223144246993632
13338 0.056062282167866004
13340 0.037338299515156916
13341 0.03272676276195177
13498 0.12584950880508614
13540 0.025146059525821867
13581 0.3268987738356843
13583 0.03272676276195177
13591 0.026971899168370776
13619 0.023714914653624818
13695 0.01740756926087397
13787 0.011583039677808816
13822 0.02184756763900646
13858 0.0177488256619605
13872 0.07252052128500774
13874 0.0070939013529366
13880 0.02854460344916699
13919 0.0148784336092844
13948 0.012471429535064242
13973 0.05775361111179682
14014 0.053246476985881495
14062 0.024678623244542487
14088 0.020668932216847208
14107 0.024392079112796918
14110 0.021385003460611073
14113 0.020534522772616727
14163 0.016130848668523576
14227 0.04194983626836205
