337 0.08882222423761418
976 0.08945806795204991
995 0.10336594260769012
1319 0.04920445993955876
1524 0.13403093739875452
1703 0.1349602673399772
2161 0.19084781865444822
2215 0.12804155547085838
2488 0.12647534641078229
2574 0.13403093739875452
2659 0.07901012118031983
3341 0.09210160434001101
3368 0.24946424000885364
3443 0.14767154882374872
3860 0.18432989471690633
4439 0.15815517736068488
5176 0.24946424000885364
5279 0.10292318662284008
5793 0.09913413272523264
6062 0.11450397266887646
6154 0.08757852251215278
6315 0.0555989303289584
6508 0.1349602673399772
6681 0.08027997067563339
7453 0.11450397266887646
8433 0.060471401107309565
8474 0.11063225440436973
8669 0.09755328280275218
8744 0.0248069600364616
8919 0.1985568864359779
8968 0.24281963003442747
8996 0.04645241488660169
9492 0.15502168403970362
9755 0.3582354907668385
9944 0.17214727467097857
10068 0.08132404372716702
10281 0.12647534641078229
10499 0.08294014401450805
10645 0.10336594260769012
10657 0.06489049171157087
10950 0.1647891035937609
10999 0.025861448856049223
11245 0.10907565616606509
11326 0.10292318662284008
11922 0.1493756015094418
11987 0.12073327562090565
12328 0.10292318662284008
12919 0.11941183025561283
13341 0.20799202286384716
13822 0.06942513411645294
13948 0.07926105847589923
13973 0.09176198154863109
14113 0.13050532865370312
14163 0.03417272350340182
