52 0.07246998046246085
326 0.030152534877096432
971 0.02792063274182673
995 0.031567300754330355
1027 0.05797684536842772
1042 0.08142052140155837
1054 0.0331563635523683
1091 0.037501196241891764
1127 0.02491680406655487
1162 0.03461976564915676
1185 0.04038262683462676
1249 0.0327032328127698
1255 0.027125741762149207
1319 0.060106915147538874
1397 0.024438493791465284
1478 0.08142052140155837
1480 0.052349813225260375
1482 0.057250125150771575
1550 0.02683983559509011
1566 0.02967422460200685
1567 0.023243384691395568
1603 0.046028325444212315
1625 0.04409743696318271
1655 0.02932677132558716
1719 0.047812247091738654
1725 0.07618479059101681
1808 0.0349687842205691
1954 0.08142052140155837
1959 0.09232940364935042
1963 0.05107066688759885
1996 0.09659916842334815
2006 0.031567300754330355
2049 0.04273692705243332
2250 0.11258635248220976
2258 0.06723424965191928
2365 0.037501196241891764
2425 0.048106010865954715
2428 0.047342635302007365
2449 0.06351943952336335
2479 0.03103473451275623
2564 0.03985549645969832
2565 0.025162771522937485
2575 0.02693443602571236
2594 0.048299584211674074
2659 0.024129187960887286
2694 0.052349813225260375
2716 0.0663127271047366
2730 0.026468215674221484
2736 0.03300354637207486
2780 0.04374363672127465
2793 0.02234773131308708
2965 0.11376702772832771
2995 0.1798389508661485
3010 0.018918951533802082
3130 0.01832056334526392
3137 0.02771727576697331
3142 0.03331101092202432
3157 0.05842600107304758
3225 0.03934904327257656
3274 0.06063800893062834
3282 0.04688950456240889
3432 0.1012285107636083
3517 0.03394881468300198
3633 0.03385089569334461
3701 0.08142052140155837
3758 0.023752691873672297
3799 0.04339927228616287
3840 0.0349687842205691
3841 0.022684901931285167
3895 0.05456889858426584
3911 0.05940727801203439
3940 0.0311658310806514
3978 0.04645173718098927
3984 0.016295272034184783
3992 0.03300354637207486
4025 0.03551066377017486
4028 0.034448731347065366
4134 0.053786058843004886
4188 0.031703946484763046
4219 0.08579184557752617
4278 0.04483551790390737
4346 0.057250125150771575
4404 0.02771727576697331
4405 0.042418073789977785
4420 0.0663127271047366
4444 0.04339927228616287
4452 0.022891512755475733
4458 0.047812247091738654
4489 0.016761798672539276
4555 0.04180305750731284
4576 0.08967103580781474
4577 0.018127108026208105
4663 0.041506196133839365
4720 0.07919957418673162
4721 0.0782061516323879
4740 0.08142052140155837
4788 0.04988273586242357
4823 0.06524371718020239
4835 0.03461976564915676
4893 0.05105744543056332
5158 0.0349687842205691
5208 0.04038262683462676
5247 0.05660376925211404
5260 0.022481544956431742
5280 0.04180305750731284
5311 0.06958854986972586
5439 0.07246998046246085
5502 0.05629317624110488
5571 0.028767683958147793
5661 0.03461976564915676
5677 0.0362704653232978
5687 0.03707778450511481
5689 0.014802150934574787
5798 0.022414464800248935
5886 0.04483551790390737
5938 0.02541351534372674
5974 0.033786386113335815
5987 0.05456889858426584
6031 0.05304797790228022
6068 0.0663127271047366
6278 0.02090098028375883
6310 0.01836938344510278
6315 0.08489779665506164
6520 0.04688950456240889
6521 0.04688950456240889
6563 0.026745923173686986
6597 0.06723424965191928
6606 0.016979559331012327
6629 0.03129827225218459
6648 0.06063800893062834
6752 0.030523265632805403
6771 0.04988273586242357
6775 0.06252483155785336
6787 0.10609595580456044
6788 0.05540227812008678
6789 0.056886987366825785
6815 0.053786058843004886
6866 0.02467543440300207
7024 0.057250125150771575
7099 0.014765098108502513
7206 0.05797684536842772
7242 0.019176702626919784
7276 0.08076525366925352
7284 0.06079700466695811
7423 0.037287755001765094
7442 0.0286587136825514
7479 0.022215290141553892
7486 0.0286587136825514
7571 0.06693506570176057
7810 0.04180305750731284
7856 0.04011637201974891
7862 0.022019141037959964
7865 0.07347753378041112
7959 0.04273692705243332
7983 0.057250125150771575
8085 0.0356964641127845
8131 0.04339927228616287
8202 0.02792063274182673
8204 0.048299584211674074
8250 0.08758837367561988
8268 0.2702973462080863
8270 0.16284104280311673
8292 0.05629317624110488
8293 0.023901975629117823
8294 0.04409743696318271
8412 0.05911472994327117
8433 0.01846758088430733
8517 0.025498190407967847
8658 0.015409929043829299
8669 0.02979215145838196
8688 0.023314924492252684
8689 0.036076282701246715
8716 0.0331563635523683
8738 0.05456889858426584
8840 0.11080455624017356
8893 0.03532749898243223
8995 0.08285035727302131
8996 0.02837254349927815
8997 0.08160123057583
9094 0.018127108026208105
9101 0.049333167773724276
9102 0.034448731347065366
9168 0.03934904327257656
9204 0.023605114255644346
9270 0.047342635302007365
9355 0.06524371718020239
9375 0.03771822489724531
9383 0.022822274514383397
9385 0.037287755001765094
9386 0.04561835764516833
9393 0.06723424965191928
9457 0.0623316621613028
9458 0.10091347414587373
9497 0.0737968826365251
9523 0.050456737072936866
9645 0.02090098028375883
9654 0.02792063274182673
9708 0.04606222609026209
9719 0.02114122723279316
9725 0.02014968245239604
9758 0.06313460150866071
9783 0.019762542933362912
9821 0.04273692705243332
9827 0.031449786927809115
9835 0.04273692705243332
9862 0.07246998046246085
9898 0.04374363672127465
9902 0.044693768584475456
9905 0.04133024330624119
9908 0.03461976564915676
9935 0.15236958118203361
9941 0.042418073789977785
9957 0.03666781670607082
9963 0.06063800893062834
9966 0.030776467883116804
10003 0.030398502333479054
10040 0.08225436547021452
10162 0.034279932851580895
10167 0.05629317624110488
10316 0.024205822613270787
10349 0.049333167773724276
10371 0.04038262683462676
10380 0.07618479059101681
10446 0.06351943952336335
10460 0.02532939191248339
10575 0.028443493683412892
10614 0.023605114255644346
10652 0.053786058843004886
10752 0.03771822489724531
10754 0.037938963623311374
10837 0.047812247091738654
10866 0.04483551790390737
10924 0.02214957549068892
10949 0.02761678575767377
10992 0.038392094362909863
10999 0.007897921824019652
11000 0.0890074237792066
11052 0.0782061516323879
11057 0.048806037398795826
11200 0.03129827225218459
11246 0.024998273743904478
11255 0.04826598362998266
11259 0.03184205369457324
11272 0.04483551790390737
11317 0.08345566182377326
11333 0.07618479059101681
11337 0.07246998046246085
11338 0.19621939687661885
11438 0.04483551790390737
11557 0.06723424965191928
11714 0.027818553941257748
11849 0.031567300754330355
11905 0.028443493683412892
11910 0.029441553423812352
11921 0.03687117368092424
11922 0.04561835764516833
11956 0.15137021121881064
12041 0.056047049855731605
12064 0.025223561106514907
12117 0.05386887205142472
12215 0.047063906295212454
12217 0.047342635302007365
12334 0.08142052140155837
12378 0.053951685259844555
12387 0.030152534877096432
12513 0.02761678575767377
12523 0.025080260692511236
12610 0.0349687842205691
12611 0.04795453945196445
12627 0.05940727801203439
12725 0.03666781670607082
12733 0.07261746783981238
12735 0.04052491919485257
12807 0.16578946930327473
12834 0.010703489582370013
12903 0.02090098028375883
12966 0.04093219492332606
12984 0.04093219492332606
13030 0.046028325444212315
13051 0.03588497696480987
13079 0.01851696106313073
13097 0.06524371718020239
13112 0.023314924492252684
13174 0.04561835764516833
13309 0.057250125150771575
13336 0.027605729213136056
13338 0.0362704653232978
13446 0.08243201274089541
13582 0.06351943952336335
13608 0.0321227799903181
13660 0.06006257217859619
13661 0.09044201252479062
13705 0.04409743696318271
13709 0.03103473451275623
13723 0.023101483252126024
13726 0.0362704653232978
13744 0.03532749898243223
13754 0.03326576689694362
13787 0.022481544956431742
13806 0.02967422460200685
13822 0.021201993937998927
13827 0.030904955520600807
13884 0.03985549645969832
13948 0.12102911306635396
13997 0.03285251656821533
14062 0.031932526254914724
14072 0.01933385954881888
14163 0.020872264368945133
14211 0.034448731347065366
14212 0.11006828696297619
