337 0.02531298757070873
762 0.03671943248637242
961 0.03929299185177544
968 0.02427950079929481
976 0.025494193391420533
994 0.025134466379616794
1001 0.13466153347936002
1082 0.30391746176897555
1185 0.037683943912046054
1198 0.05658570297662179
1249 0.030517747052608048
1255 0.05062597514141746
1319 0.028045050516671045
1458 0.020854281144527545
1460 0.05866309622582956
1604 0.020669367643786806
1655 0.027366927126375028
1703 0.03846163051014508
1718 0.0226601405268873
1940 0.023404201542076876
1942 0.0475884038513619
2006 0.029457726857452685
2046 0.031989079664822624
2161 0.054388735510308615
2215 0.07297980499784675
2340 0.03421738644658749
2384 0.08084326745708098
2485 0.029976084626970524
2488 0.03604355665686498
2574 0.07639357112672644
2659 0.045033373855789566
2680 0.050922178044850046
2744 0.10683946557081238
2776 0.04872463743957989
2793 0.06256284343358263
2814 0.057855292975767185
2879 0.04885138932307478
2940 0.0513563316397632
2972 0.04256978224571877
2995 0.05034621174145655
3010 0.01765463924360642
3103 0.042198984989683094
3142 0.031084908675696854
3181 0.039583366384375714
3182 0.047084823323355805
3281 0.025494193391420533
3284 0.051699864642949074
3341 0.052495122384331176
3389 0.06274113130943988
3443 0.06312622958961939
3588 0.05658570297662179
3633 0.0105295713748757
3664 0.07597936544224389
3727 0.07597936544224389
3852 0.02933154811291478
3865 0.04338015991993881
3984 0.015206294525674771
4182 0.11015829745911725
4219 0.04002928177621972
4222 0.037683943912046054
4376 0.04885138932307478
4381 0.059274573843981326
4439 0.13521548485651108
4577 0.05074713873453297
4692 0.04148995931808862
4741 0.04764538765090672
4762 0.037683943912046054
4763 0.039583366384375714
4789 0.044617058842963186
4808 0.021232845052458878
4990 0.026743514319346174
4997 0.033665383369840006
5260 0.0209791523137835
5392 0.04885138932307478
5414 0.1948142963272592
5426 0.0404989935239435
5551 0.0191755576878372
5588 0.047084823323355805
5663 0.02030784172774759
5685 0.02522339637734109
5793 0.028251725185284626
5837 0.03929299185177544
5938 0.0948607420456106
6044 0.02018970391875362
6062 0.13052758639370435
6068 0.03094059605264416
6102 0.022878574786113166
6154 0.024958551430559233
6175 0.044617058842963186
6420 0.04256978224571877
6505 0.037683943912046054
6681 0.022878574786113166
6693 0.02958524085159015
6706 0.042952352790428146
6758 0.042198984989683094
6813 0.01643277192069478
6858 0.050191653777010625
6866 0.04605285782205585
6911 0.03582643438631688
7006 0.05696692465448194
7069 0.04554443631013096
7070 0.05342422408463497
7099 0.027556757575738756
7206 0.02705118958714948
7242 0.08947582696517155
7442 0.026743514319346174
7453 0.03263189659842609
7489 0.10339972928589815
7497 0.06733076673968001
7580 0.027625910908690987
7581 0.06762696964311261
7693 0.01933876505860243
7718 0.02540324986541033
7810 0.039009450299227234
8040 0.04764538765090672
8131 0.0404989935239435
8156 0.031230970585244443
8250 0.016347006718786163
8294 0.04115050137750463
8442 0.04823330717749051
8474 0.1261140623169118
8517 0.07138260577704283
8669 0.027801206919362196
8724 0.16631165736746126
8744 0.007069607594943599
8779 0.055437219122487086
8931 0.02427950079929481
8995 0.025771216166423253
8996 0.02647646826560798
9094 0.01691571291151099
9113 0.03988091137835923
9125 0.06274113130943988
9204 0.022027635925961967
9366 0.08953316929269584
9386 0.08513956449143754
9409 0.02469940251791744
9652 0.03579033078606862
9670 0.050191653777010625
9755 0.4423973010471674
9783 0.11065113161311266
9827 0.014674033111896643
9859 0.09646661435498102
9902 0.04170698145647032
9905 0.019284116620270436
9944 0.04905936393149379
9966 0.057439487246222866
9989 0.03671943248637242
10030 0.041839257977879345
10037 0.030380031725093248
10046 0.03793763665072143
10094 0.09309836272498899
10106 0.04764538765090672
10113 0.16399052789186674
10260 0.07976182275671846
10281 0.03604355665686498
10319 0.0495028971766359
10335 0.028719743623111433
10499 0.023636683865691354
10545 0.07597936544224389
10696 0.07109352710857117
10930 0.03900842666552739
10949 0.07731364849926976
10950 0.1878495868285474
10999 0.02948048369977533
11000 0.02442919166836356
11226 0.06493809877575307
11245 0.09325472602709058
11246 0.023327693602524822
11255 0.0450404731574419
11326 0.17598928867748867
11359 0.04049725609188816
11386 0.03929299185177544
11606 0.07587527330144286
11861 0.07252932608766383
11922 0.04256978224571877
11933 0.059274573843981326
11956 0.047084823323355805
11978 0.043755981185412046
12057 0.023101041904830047
12064 0.03922987583631434
12245 0.05942823731524831
12328 0.02933154811291478
12378 0.016782070580485513
12513 0.025771216166423253
12695 0.02684520234896523
12733 0.06776460076053865
12834 0.03995279482307891
12865 0.044811675684841006
12874 0.07109352710857117
12912 0.059274573843981326
12919 0.06806112323802574
13020 0.10184435608970009
13024 0.09325472602709058
13079 0.06911805167921624
13312 0.06762696964311261
13336 0.025760898506655194
13445 0.057855292975767185
13450 0.039583366384375714
13695 0.09458554673768384
13754 0.03104268821018632
13884 0.03719204051099968
13918 0.0521095154379429
13973 0.026150773844508868
14072 0.036083639720848326
14161 0.04507182828550369
14163 0.009738708219970053
