210 0.039429203648015165
337 0.025768354984745657
675 0.06034089244166075
701 0.061978886312696324
931 0.03714633676978843
961 0.039999852234783806
976 0.025952820603446756
1027 0.02753782634681736
1052 0.05438529794841313
1075 0.03862011490217455
1100 0.05262991818177992
1185 0.07672371672749648
1255 0.025768354984745657
1318 0.026234826873358166
1319 0.02854956631492038
1543 0.07237246249712467
1545 0.025860241050944345
1604 0.021041198762789974
1689 0.017827637274940203
1703 0.03915353513721152
1871 0.023067784609381244
1882 0.039429203648015165
1902 0.06610630122634834
1958 0.061978886312696324
1963 0.016171687705436026
2064 0.03092655261467105
2161 0.05536716043043646
2215 0.07429267353957686
2260 0.11779215890511255
2265 0.05262991818177992
2312 0.07237246249712467
2488 0.03669196139935863
2574 0.07776785153656941
2599 0.044543128413505585
2617 0.06711938368246327
2659 0.022921750355133195
2667 0.03836185836374824
2793 0.06368831628223659
2926 0.04090891490384474
2955 0.041554681499270135
2995 0.05125191377221139
3097 0.06884354347500486
3105 0.04223634199735157
3145 0.04090891490384474
3150 0.03065088410386741
3173 0.056434505714703376
3208 0.05728737147288864
3249 0.027859243839321826
3307 0.04090891490384474
3313 0.04588264691506903
3321 0.019088163441138218
3332 0.0227774341908043
3341 0.053439482194208646
3432 0.024040745344461423
3443 0.021420612486903478
3517 0.03224999764923033
3527 0.0807576136698822
3594 0.07237246249712467
3758 0.04512818867118614
3816 0.056434505714703376
3832 0.09817469463975866
3865 0.11040136579981748
3927 0.05536716043043646
3984 0.015479847815103679
3985 0.026234826873358166
4025 0.03373369096400746
4062 0.05438529794841313
4241 0.03761819234621183
4304 0.037379995881724914
4438 0.04295812267013498
4624 0.03464275363306839
4660 0.030787943993225646
4747 0.026046104189724445
4787 0.07237246249712467
4835 0.03288737386643518
4922 0.02002585327017006
5247 0.013442821512058998
5260 0.02135655629706002
5268 0.05760365019300422
5279 0.05971841466080826
5358 0.027751166202028592
5390 0.019855083934795778
5474 0.03305203046592603
5574 0.05760365019300422
5575 0.07237246249712467
5676 0.06034089244166075
5689 0.014061443302248962
5760 0.04850250326812792
5793 0.057519917905566334
5798 0.02129283286814488
5870 0.044543128413505585
5925 0.04738657680162881
5938 0.02414180930164343
6062 0.06643785471982631
6078 0.07237246249712467
6175 0.045419696407987875
6182 0.04295812267013498
6315 0.0322597860115741
6385 0.06884354347500486
6420 0.08667118074994506
6496 0.045419696407987875
6508 0.03915353513721152
6563 0.025407542723716307
6663 0.07237246249712467
6706 0.08745008632758508
6723 0.060762549469881195
6763 0.06884354347500486
6826 0.10367648281663329
6867 0.06884354347500486
6884 0.14550750980438376
6916 0.04588264691506903
7100 0.02911554131286772
7338 0.03862011490217455
7342 0.03092655261467105
7388 0.07237246249712467
7422 0.021229438760745532
7497 0.03427100601808977
7533 0.027432531859276334
7536 0.03272489821325289
7540 0.029987655964596353
7588 0.041227549246596995
7691 0.05760365019300422
7810 0.039711209917926565
7891 0.020673169184508823
8087 0.060497320238448275
8097 0.022705907851238345
8115 0.02110362501701134
8293 0.022705907851238345
8433 0.03508690631276068
8474 0.06419139418594377
8517 0.024222247179908778
8547 0.07237246249712467
8673 0.019088163441138218
8700 0.04372504316379254
8737 0.03179279942008822
8931 0.024716276326569045
8968 0.035222392130448435
8981 0.027859243839321826
8996 0.013476383044568403
8997 0.009689732612234875
9150 0.03135203107543548
9282 0.0497302002799411
9579 0.05438529794841313
9593 0.06386981146378057
9652 0.01821709006376021
9676 0.06782038751412083
9755 0.450355797229889
9783 0.01877361460466193
9902 0.025474360950332682
9906 0.02702016588771368
9944 0.09988383248569374
10006 0.06610630122634834
10018 0.10877059589682626
10037 0.03092655261467105
10068 0.02359304605962778
10072 0.04223634199735157
10108 0.08310936299854027
10113 0.06677625270504789
10281 0.07338392279871726
10361 0.026046104189724445
10371 0.03836185836374824
10395 0.06386981146378057
10420 0.05760365019300422
10460 0.024061895452362505
10495 0.05847279359529983
10496 0.07999970446956761
10499 0.09624758180945002
10548 0.08059090090686465
10580 0.04412726714843582
10595 0.029358454844315356
10614 0.022423901581326938
10629 0.04412726714843582
10645 0.029987655964596353
10657 0.03765096494510771
10670 0.04636375691100358
10708 0.037861105877659465
10863 0.14474492499424935
10894 0.13768708695000972
10924 0.021041198762789974
10949 0.13117413436679082
10950 0.1912289026972521
10992 0.036470933212663995
11000 0.04973732011224293
11019 0.15788975454533977
11126 0.061978886312696324
11245 0.031644109933141706
11246 0.02374734661588622
11310 0.07124923223018342
11325 0.025057040807887523
11326 0.05971841466080826
11356 0.021614812835486327
11402 0.05039342841921216
11450 0.056434505714703376
11570 0.23181878455501786
11576 0.025768354984745657
11634 0.03194331336341947
11730 0.061978886312696324
11747 0.04793185468135927
11814 0.049100999159660104
11917 0.13768708695000972
11957 0.06543641155177618
12064 0.0718840814313572
12206 0.0497302002799411
12219 0.04259192435743612
12328 0.02985920733040413
12522 0.051838241408316645
12544 0.04588264691506903
12591 0.039711209917926565
12610 0.03321892735991316
12651 0.10367648281663329
12666 0.028995864924782754
12735 0.03849703033736897
12801 0.07237246249712467
12823 0.05536716043043646
12834 0.010167881179157281
12919 0.06928550726613678
13001 0.07237246249712467
13024 0.06328821986628341
13079 0.017590362324368777
13088 0.023215578354790226
13336 0.026224323604284432
13341 0.06034089244166075
13464 0.09074598035767241
13479 0.061978886312696324
13581 0.04636375691100358
13672 0.058896079452556274
13674 0.041227549246596995
13695 0.03209569709297189
13768 0.07237246249712467
13872 0.022285292959881534
13874 0.03923874246067692
13887 0.07237246249712467
13948 0.04598910033619118
14113 0.037861105877659465
14116 0.039999852234783806
14163 0.009913902489939183
