313 0.07680456122288008
637 0.06493461610972028
960 0.056397662606288174
1111 0.0686534292730481
1545 0.05478552655960817
1800 0.1944069249964586
1830 0.07183953997408897
1838 0.07773277989979423
1959 0.061937991610731796
2179 0.19644541059359133
2396 0.1082450550870357
2494 0.14004774798730316
2989 0.10038957319927015
3030 0.15332275745262944
3150 0.06493461610972028
3159 0.07590835654467193
3165 0.06898875470184859
3238 0.08181761827123182
3298 0.13530969202540893
3490 0.08020963986957516
3751 0.06799548627842118
3786 0.05272046251856629
3847 0.0652249806965739
4388 0.10038957319927015
4434 0.1082450550870357
4452 0.046069429747115816
4489 0.13493324178763724
4881 0.046921550682499785
4985 0.053638839362314866
5358 0.0587914957956596
5459 0.08020963986957516
5620 0.32771945050118023
6044 0.04354181319838131
6050 0.1944069249964586
6519 0.05080748570901001
6775 0.04194397818489523
6882 0.14004774798730316
7284 0.12235466328757665
7341 0.13530969202540893
7468 0.0671201214749762
7693 0.041706649045353254
7862 0.044313771744835036
8011 0.07299472393790003
8130 0.10982052896892867
8132 0.16385972525059012
8268 0.27198824155879786
8784 0.13530969202540893
8982 0.0693284635936203
9105 0.0459300869995268
9168 0.0791903970710088
9367 0.0750420309846309
9375 0.07590835654467193
9497 0.021216723648351817
9725 0.08110293016308437
9758 0.06352955175755379
9827 0.06329305384528978
9902 0.08994671754245771
9905 0.041588792334674864
10362 0.05272046251856629
10451 0.0587914957956596
10574 0.07299472393790003
10628 0.052184621675723235
10752 0.15181671308934386
10949 0.055579095400760004
11336 0.16041927973915032
11337 0.14584665982336964
11338 0.06581562794320278
11339 0.14075015183137735
11356 0.04579148741679084
11366 0.13530969202540893
11714 0.11197031232953933
11919 0.08294768153694076
11968 0.11149771476212195
12034 0.15332275745262944
12074 0.0972034624982293
12117 0.05420585880537423
12335 0.05537841980772181
12590 0.16385972525059012
12648 0.05925146108047556
12865 0.032214136136379856
13198 0.16385972525059012
13216 0.12203468256008265
13709 0.06245775613993933
14163 0.042005669405938875
14212 0.16613525942316545
