277 0.06426999998653346
337 0.03241307246133675
482 0.04037200497227943
670 0.05106717911981
931 0.04672502013051006
1307 0.04825398034262535
1450 0.06029172913493591
1460 0.07511761239018955
1483 0.042879651691472315
1566 0.03545830380207168
1604 0.026466955324677747
1620 0.034375060887050196
1627 0.2052278390619241
2038 0.07408322697022933
2144 0.05451025615761309
2161 0.06964432863768649
2215 0.04672502013051006
2488 0.09230695589920451
2574 0.04891066986056159
2659 0.028832432479350092
2741 0.07245752741487116
2770 0.03692892793447634
2793 0.02670373554202058
2832 0.2052278390619241
2873 0.10062870599976774
2929 0.04157494178889451
2955 0.052270115936425075
2972 0.10902051231522618
2995 0.021489303396411162
3105 0.05312755177706853
3109 0.09103467693274765
3147 0.0754407540800721
3165 0.04096175349713329
3206 0.06100952714741444
3281 0.032645105024887024
3341 0.16804893149781874
3443 0.02694420598890512
3527 0.033860684099238494
3633 0.04044908871471162
3938 0.045070235034580776
3992 0.03943657465366923
4024 0.07408322697022933
4079 0.04116345407783914
4219 0.05125716619437146
4384 0.0542132544447556
4426 0.06840927968730803
4438 0.05403545331994817
4452 0.027353510484576005
4535 0.03450637976227139
4598 0.06726580296240219
4660 0.03872703011809468
4692 0.10625510355413706
4773 0.05894915449015592
4922 0.10075915727338795
4974 0.035741428712649854
5260 0.026863632047564198
5279 0.037558806195094774
5283 0.09729095274773539
5302 0.07098690328246648
5339 0.07796097710993276
5359 0.05960584400809216
5360 0.10137235040284805
5390 0.024974984809291695
5503 0.07408322697022933
6062 0.041784875295382565
6067 0.03925610622558917
6109 0.019273713498149537
6154 0.03195921989804327
6175 0.05713177700771101
6314 0.08659577860020481
6446 0.1253546258861477
6508 0.049249801637365094
6706 0.0550001345946249
6723 0.03821549571303101
6775 0.04980808546331905
6921 0.04560235241038198
7069 0.05831927622953749
7242 0.02291461215203317
7442 0.03424485020120026
7453 0.041784875295382565
7468 0.01992613058778655
7479 0.026545479029538417
7856 0.04793582732459956
7963 0.06338805282269874
8041 0.06338805282269874
8097 0.0571218641561172
8115 0.026545479029538417
8399 0.08033950278521708
8463 0.031847812376479934
8474 0.08074400994455885
8673 0.024010303534614974
8893 0.04221351048888887
8968 0.044304960447094324
8995 0.03299983041060143
8996 0.01695144996251832
8997 0.012188360703555667
9094 0.0216604313024843
9282 0.06255380237290029
9366 0.11464648713909305
9443 0.06726580296240219
9492 0.05657062881487161
9559 0.06426999998653346
9618 0.056029174146982705
9652 0.02291461215203317
9725 0.024077244527697352
9749 0.05831927622953749
9755 0.5664861066077693
9827 0.018789978750131532
9835 0.05106717911981
9890 0.03299983041060143
9902 0.04272435747273116
9905 0.024693152778575526
9906 0.10196303900900107
9908 0.041367826267019174
9937 0.06176235326734058
9944 0.06282011214901712
10072 0.05312755177706853
10110 0.04310824660886733
10113 0.16799081811055042
10281 0.046153477949602256
10331 0.03602984598297948
10499 0.030266579349602713
10526 0.06726580296240219
10557 0.056029174146982705
10582 0.1824094096415279
10645 0.03772037704003605
10657 0.02367988673951962
10949 0.0989994912318043
10950 0.030067481429728555
10999 0.009437379247380957
11000 0.06256275814987745
11245 0.03980396997963632
11326 0.037558806195094774
11359 0.051856403457907985
11365 0.023877286549591363
11493 0.07590060445267424
11525 0.04096175349713329
11814 0.06176235326734058
11875 0.03788365766111118
11886 0.05550607745235284
11910 0.03518028051981047
11930 0.041367826267019174
11987 0.04405807718489612
12064 0.020093413384409897
12117 0.032184477543941735
12175 0.02820620669234419
12264 0.05145782972478971
12328 0.07511761239018955
12333 0.03772037704003605
12378 0.021489303396411162
12523 0.08990666293704036
12591 0.04995128037311975
12735 0.02421200411532082
12807 0.049526259309082214
12877 0.04230527645789871
12919 0.04357585435444379
12985 0.06029172913493591
12999 0.04221351048888887
13057 0.04357585435444379
13079 0.022126274221946057
13112 0.027859453342303934
13166 0.09103467693274765
13261 0.04587545466734105
13271 0.06029172913493591
13336 0.016493309366050028
13581 0.11663855245907498
13695 0.04037200497227943
13822 0.025334671835448908
13872 0.0280318559705641
13874 0.01645232693902476
13965 0.042879651691472315
13973 0.03348585089667325
13989 0.030266579349602713
14088 0.04793582732459956
14107 0.05657062881487161
14163 0.024940671608354687
