931 0.057305495032088365
957 0.10198190847171974
1047 0.07394426743461248
1085 0.05315430888776779
1107 0.06286390620070595
1185 0.17754202500581912
1318 0.040472355332805195
1369 0.24357584977462507
1435 0.0888649050489982
1451 0.05231311103233308
1493 0.06040199137803034
1604 0.032460167435700335
1610 0.07394426743461248
1653 0.04812944174819986
1695 0.07671856750635805
1768 0.06263089820355511
2046 0.05023718673591026
2064 0.0954205211783388
2086 0.059579086260404084
2204 0.027502619857898244
2340 0.053736626703341325
2479 0.09096270752728924
2909 0.1415659267370352
3078 0.055928608959513355
3092 0.02507760935219347
3095 0.09308763697150595
3208 0.044188491609366824
3249 0.0429783364460971
3281 0.04003730546504624
3316 0.06040199137803034
3402 0.061707601148680576
3454 0.052869734565901834
3527 0.04152814186087422
3666 0.04454895652307451
3722 0.05695176817641494
3756 0.04454895652307451
3790 0.037120183313188726
3908 0.04232004969754973
3992 0.04836664439279192
4030 0.04491642119117651
4045 0.07152516970376889
4107 0.10198190847171974
4197 0.06360156408363651
4219 0.031431953100352975
4404 0.040619623280619785
4489 0.024564389130746347
4535 0.04232004969754973
4577 0.02656524780364724
4645 0.09085873014598117
4779 0.07482460457140211
4817 0.04199929903931899
4887 0.08732070057192269
4989 0.08119194992487502
5020 0.09853168527010432
5189 0.061262313879649886
5571 0.08431798960764136
5800 0.05433743385676996
6155 0.061707601148680576
6245 0.023458135744200997
6315 0.02488351702725682
6601 0.05918067500193971
6681 0.03592961241224344
6752 0.04473179693857891
6805 0.11164868869282588
6862 0.05124669731479554
7099 0.02163822764946485
7342 0.0954205211783388
7479 0.09766941645413992
7540 0.04626182873840722
7580 0.021692528506778233
7616 0.04567347557410152
7621 0.08389996679123912
7627 0.03627898545775403
7810 0.12252462775929977
7862 0.032269015953959944
7865 0.026920302042324703
7914 0.0799706335487844
8202 0.04091764260183588
8264 0.03294666815649663
8364 0.1861752739430119
8433 0.08119263069700165
8658 0.04516645270653019
8662 0.05918067500193971
8683 0.10630861777553557
8744 0.03330735369239266
8839 0.07774172672325962
8995 0.040472355332805195
8996 0.06236987564053408
8997 0.10463816371982378
9150 0.09673328878558383
9164 0.08249755969552526
9223 0.11164868869282588
9317 0.059579086260404084
9497 0.015449887629554395
9783 0.028961975042900656
9826 0.0888649050489982
9855 0.08706127085733402
10037 0.0954205211783388
10221 0.08389996679123912
10614 0.034593257166447865
10886 0.22329737738565175
10999 0.06944635076447034
11098 0.04728498795530879
11246 0.10990479050107145
11255 0.07073372176981974
11320 0.05695176817641494
11849 0.04626182873840722
11912 0.056263552850082194
11929 0.05559949047634447
12057 0.07255797091550806
12064 0.024643392290935102
12285 0.06263089820355511
12387 0.044188491609366824
12558 0.10517875263059935
12614 0.043660350285961345
12635 0.11164868869282588
12667 0.09539825330536492
12695 0.04215899480382068
12768 0.44367865803451284
12834 0.031371893708397075
12865 0.023458135744200997
12885 0.12252462775929977
12900 0.22183932901725642
13043 0.048590597725959035
13079 0.027136576805376615
13480 0.028882295616597456
13660 0.04401080170488246
13738 0.1292494466010762
13786 0.025605137191547563
13806 0.08697505733332328
13822 0.031071488186645284
13855 0.0799706335487844
13948 0.035473594303237495
14044 0.060827264011890946
14072 0.028333740228872216
14163 0.030588270030862265
14178 0.052589376315299675
14212 0.04032622460056676
