368 0.12953561107937528
994 0.05753765156867985
1483 0.07665789991593948
1566 0.06339041939066778
1604 0.04731617754167266
2215 0.08353243964076405
2488 0.08251066773792741
2574 0.08743982488407544
2793 0.047739480285215026
2955 0.09344565914106764
2972 0.09745045950906253
3147 0.26973772163374593
3282 0.10016589815225405
3341 0.06008574073516703
3443 0.048169380219632685
4367 0.11489839661045874
4439 0.20635625298635996
4808 0.04860608623984532
4892 0.10538607956869962
4957 0.0732291862480101
5279 0.06714558287418038
5837 0.0899492529545758
5974 0.07217486603759637
6044 0.09243626912995692
6175 0.10213707134071418
6278 0.04464891412104319
6420 0.09745045950906253
6508 0.08804610615687056
6681 0.10474695937837
6706 0.0983262374296863
7330 0.10538607956869962
7536 0.07358977553264302
7856 0.0856970546280745
8087 0.0680213607948041
8474 0.14434973207519275
8517 0.10893905437076676
8706 0.04542236724345446
8744 0.016183698208728763
8968 0.07920598908242667
9251 0.10317812649317998
9294 0.325493649220957
9366 0.2732783061472632
9755 0.3116101320868552
9902 0.03819013669563917
9905 0.08829014041107525
10094 0.10656007323133505
10113 0.1501624058676349
10162 0.0732291862480101
10281 0.08251066773792741
10374 0.26984775886372736
10657 0.04233360850876233
10949 0.05899529490259255
10950 0.10750600302207627
10999 0.05061489391424112
11000 0.033553884862867644
11245 0.07115936409443469
11326 0.06714558287418038
11814 0.11041536273211565
11846 0.30962240910168287
11987 0.07876462466695323
12064 0.017960953639206252
12182 0.07217486603759637
12328 0.06714558287418038
12513 0.05899529490259255
12919 0.0779025330217138
13008 0.09497853611799181
13024 0.07115936409443469
13271 0.10778626120939357
13336 0.029485837892585687
13700 0.0805741052032816
13872 0.050113821467371866
