337 0.08705386326628722
1241 0.15832351717877338
1319 0.04822484872942326
2215 0.12549237713912753
2424 0.13227334442747032
2574 0.13136251650881745
2659 0.07743710929242428
2793 0.07171993168333794
3147 0.30392409258144193
3341 0.09026795421573838
3443 0.07236577855353639
4439 0.15500646716502764
4808 0.07302185033622507
5279 0.10087408970108841
5358 0.09375244284943839
6044 0.06943438499388442
6175 0.15344247015527057
6681 0.07868167736401484
6706 0.14771738169342333
7856 0.1287443195164457
8474 0.21685935542426127
9366 0.20527560553994986
9755 0.5851723052802738
9902 0.02868688534547001
9905 0.1326399617415967
9944 0.08435999795941326
10113 0.11279592305875824
10281 0.12395734972304373
10374 0.13513247815702323
10499 0.08128888933258148
10567 0.04152626914627208
10949 0.17725951329062548
10950 0.08075415930617001
10999 0.07603972041591361
11245 0.10690406977604237
11326 0.10087408970108841
11987 0.11832959777585055
12181 0.11516462500455923
12288 0.11767697008226106
12328 0.10087408970108841
12892 0.13513247815702323
13079 0.05942595084150904
13695 0.10842967771213063
14163 0.03349237901702977
14178 0.11516462500455923
