1091 0.05567988277888338
1099 0.042712804687022723
1104 0.07246474015757062
1133 0.10680071849620118
1195 0.10332156538437284
1318 0.04100400914675574
1375 0.06036173031908475
1378 0.0702919546100917
1620 0.042712804687022723
1689 0.02786390035716367
1909 0.13793838812126963
1914 0.08358126589184312
1959 0.13708603691146426
1963 0.025275715894491676
2116 0.09687057717359454
2456 0.06656951327945576
2486 0.12088907932942361
2514 0.199652038574874
2583 0.11311533056918845
2778 0.15545271916541387
2781 0.09431045676592077
2848 0.03288657137677947
3036 0.1775262866274576
3232 0.05536297600199619
3241 0.12690726307823713
3321 0.029834053493603723
3391 0.07098921048521523
3455 0.07674294282086999
3532 0.07772635958270693
3544 0.08990138380961146
3606 0.04337398825896891
3823 0.06494834322756432
3847 0.14436105980825537
3867 0.06601375194679233
4278 0.06656951327945576
4383 0.03451060405256321
4536 0.09003225410262142
4734 0.04877775790699092
4990 0.042551011123626685
5223 0.03103272025395897
5322 0.2906117315207837
5459 0.059175428875819204
5962 0.03863057398703739
6734 0.05191988526878882
6787 0.0787629592454504
6995 0.058423472753938735
7338 0.06036173031908475
7468 0.024759255751161842
7580 0.021977486360602753
7627 0.03675555423726455
7633 0.031121276639960962
7645 0.09205227052720183
7798 0.0865367080056856
7865 0.027273933085929958
8268 0.04013238525841301
8520 0.2151995360953444
8683 0.0538525556494328
8739 0.16515366722936417
8744 0.06748977291915056
8872 0.052724440665040916
9375 0.05600211596877414
9409 0.03929867027709814
9497 0.03130568154332754
9600 0.26405500778716934
9719 0.18833656076421934
9827 0.023347527879725775
9871 0.12088907932942361
9906 0.04223146333516661
9989 0.058423472753938735
10331 0.08953792282324434
10503 0.08820492697317082
10557 0.0696191689660922
10567 0.09605935886288097
10613 0.05879576451922058
10652 0.07985882456120719
10662 0.1075997680476722
11000 0.05441624132164629
11128 0.08500209531744157
11135 0.047484745111342215
11320 0.05769989920346381
11339 0.05191988526878882
11714 0.0413035843586503
11958 0.10332156538437284
12074 0.07171278403569016
12215 0.03493905592678754
12398 0.17417481808012078
12472 0.06773183420241793
12584 0.05191988526878882
12591 0.062067069188742344
12611 0.1424009579949349
12733 0.07187916657270735
12763 0.04458893733323952
12787 0.07985882456120719
12794 0.0787629592454504
12807 0.09230843754859734
12986 0.11311533056918845
13079 0.027493048882118988
13112 0.03461682273689678
13122 0.05567988277888338
13379 0.0787629592454504
13446 0.06119544530039962
13650 0.30996469615311856
13656 0.12088907932942361
14212 0.04085595880888795
14213 0.08102114548416936
