337 0.08844976169643222
1604 0.07222381938923786
1963 0.05550924475472713
2172 0.12022699892012538
2215 0.1275046326056981
2488 0.125944991206042
2574 0.13346889896784342
2955 0.1426362559099099
2972 0.29749843510845714
3147 0.20586498637365938
3281 0.08908293909657886
3341 0.1834307804303613
3443 0.07352615527765842
4367 0.17538189845530444
4439 0.15749197758420486
4692 0.1449760524801165
4808 0.07419274709400392
4942 0.24841814951106156
5279 0.10249159383212662
6044 0.07054775716801263
6419 0.12158535877176171
6508 0.1343943319047468
6681 0.07994332878065147
8087 0.10382838876465267
8097 0.07793792579045393
8474 0.2203366696116055
8706 0.06933309110047181
8968 0.12090070135096766
9366 0.3128507634961693
9755 0.3567332845073371
9902 0.029146876168588354
9905 0.13476682788426553
9944 0.0857127005770831
10113 0.11460459238159865
10281 0.125944991206042
10374 0.13729931150644037
10582 0.12444106334894056
10949 0.18010184867985193
10950 0.0820490427263159
10999 0.05150600557632389
11326 0.10249159383212662
12328 0.10249159383212662
12865 0.05219431361694219
12919 0.11891109483577902
13008 0.1449760524801165
13695 0.11016833480580275
13786 0.05697138832146289
13872 0.07649416708220483
14163 0.034029425364400755
