337 0.11220458447129993
1909 0.1921458190550131
2488 0.15976985277830874
2793 0.09244052855211285
3147 0.13057692191712267
3281 0.11300781339716076
3473 0.2997692787807981
3852 0.13001761086936753
4439 0.19978936701998817
4808 0.09411858436700288
5730 0.16593982544112262
5761 0.28785035228007244
5974 0.1397560829073298
6067 0.1358931675563159
7330 0.20406474555573886
8097 0.09886960021313024
8744 0.03133736704725063
9366 0.39687263420894614
9755 0.15084687317607678
9902 0.03697480995321674
9905 0.08548047859737287
10113 0.14538377967386518
10374 0.17417358622908674
10499 0.10477405260919666
10582 0.31572403444469205
10949 0.11423576901762789
11326 0.13001761086936753
11987 0.15251618769039868
12892 0.17417358622908674
13695 0.1397560829073298
13761 0.1278371564066041
14072 0.07997376425402558
14110 0.17168877927903445
14163 0.04316865822560738
14178 0.14843682301499725
