931 0.08058309005406113
1027 0.05973894960763636
1047 0.10398056169532068
1107 0.044199668912073345
1185 0.16643994299223971
1369 0.11417226583240273
1604 0.045645545757457495
1644 0.1677903098771888
1653 0.0676797074429799
1768 0.08807168155999247
2046 0.07064362223091701
2064 0.06709025414416096
2204 0.03867423344812974
2331 0.11245484855044921
2340 0.07556454099928946
2479 0.12791192272448373
2909 0.19907026047762588
2995 0.0370609678916181
3003 0.25553141908821997
3078 0.07864691038545578
3092 0.035264179318873386
3095 0.13090000232602905
3208 0.06213793627848126
3249 0.06043621391404579
3402 0.08677333958287592
3454 0.07434551571839226
3527 0.05839694768326824
3790 0.05219846845533715
3992 0.06801326222790097
4030 0.06316155216402834
4045 0.10057882212069547
4219 0.044199668912073345
4404 0.0571193872237096
4535 0.059510529905734126
4577 0.03735609918160657
4887 0.061395263000789076
4989 0.11417226583240273
5020 0.13855543282285945
5571 0.11856810844972715
5746 0.06422612339722172
6245 0.03298687262219521
6315 0.034991246342892385
6601 0.08321997149611986
6805 0.1570005865984393
6862 0.07206319782036594
7342 0.06709025414416096
7475 0.077281958281243
7479 0.1373429088649256
7561 0.12776570954410998
7616 0.06422612339722172
7718 0.05609969419980158
7811 0.14340714288673206
7865 0.03785537708983162
7914 0.11245484855044921
8115 0.04578096962164186
8184 0.14340714288673206
8202 0.05753846252854658
8433 0.07611548209026005
8658 0.031756573465029685
8662 0.08321997149611986
8744 0.015612286864483214
8839 0.10932055576853011
8995 0.056912298770949964
8996 0.08770463116298802
8997 0.04204067822518388
9150 0.06801326222790097
9164 0.11600821663720524
9223 0.1570005865984393
9317 0.08378021812345306
9497 0.021725659737872712
9783 0.04072638133077276
9826 0.12496198911115221
9855 0.12242571547090055
10037 0.13418050828832193
10567 0.026665484888483065
10884 0.12791192272448373
10994 0.08614717582527931
10999 0.048827791596998
11000 0.010789723278749474
11246 0.15454831382856668
11255 0.033155295538089845
11320 0.08008567871420078
11849 0.06505346667374852
11912 0.07911790908604553
12057 0.10203114903990133
12064 0.03465358250733202
12182 0.0696265277844126
12285 0.08807168155999247
12387 0.06213793627848126
12558 0.07395127544277783
12631 0.14934515610160895
12666 0.06290193320837836
12695 0.059284054224863575
12768 0.31195086296209595
12808 0.1677903098771888
12834 0.0441152132872181
12865 0.03298687262219521
13043 0.06832818580729605
13079 0.03815950305013741
13480 0.040614335978374154
13660 0.06188806841560453
13738 0.09087540199295026
13786 0.03600598991419049
13806 0.12230448185856817
13948 0.049883032031716186
14044 0.08553540791974083
14163 0.021506640132108512
14178 0.07395127544277783
14212 0.056706809472776336
