337 0.02553121344370036
482 0.03180032615935753
670 0.04022472882293915
913 0.059785586050153224
931 0.036804485706692244
994 0.05070230640606599
995 0.02971168495472823
1027 0.027284400678753262
1099 0.027076637603372693
1127 0.02345212339393996
1171 0.04864913148652076
1255 0.02553121344370036
1354 0.058354069415393506
1460 0.08875325523071313
1483 0.03377555586661461
1566 0.027929889207575876
1604 0.020847560391112685
1627 0.1077695996459341
1645 0.055915149098371565
1768 0.04022472882293915
1871 0.02285549593228067
1939 0.06549793681368399
1950 0.06820998871373483
2038 0.058354069415393506
2078 0.06820998871373483
2144 0.04293678072299
2215 0.07360897141338449
2574 0.07705216797166661
2659 0.04542161121007208
2667 0.038008821073819324
2694 0.049272542181942304
2741 0.05707353415010238
2796 0.06328202906456416
2832 0.05388479982296705
2905 0.06820998871373483
2940 0.025899539932171364
2955 0.041172261231689336
3105 0.041847648530682964
3147 0.2079817946830976
3151 0.03180032615935753
3184 0.028495286217930675
3276 0.049272542181942304
3307 0.04053243751021477
3341 0.05294768824121089
3432 0.011909751342265372
3443 0.0848939297555744
3546 0.055915149098371565
3633 0.010620347894205597
3634 0.04372117183735009
3758 0.04471288205916518
3790 0.02384045815178892
3847 0.06100921615284049
3908 0.02718007519746249
4079 0.03242373685477908
4384 0.04270283763928036
4438 0.08512557357123858
4450 0.03226486081537053
4570 0.055915149098371565
4660 0.030504608076420244
4663 0.039066343771208344
4692 0.041847648530682964
4808 0.021415895596561013
4843 0.0445597004307338
4881 0.021944406861016192
4899 0.027284400678753262
4922 0.03968311788126224
4957 0.03226486081537053
4964 0.037512676922888295
4974 0.02815290177547799
4985 0.0501719358119312
4990 0.026974072910776803
5167 0.07663439137731645
5254 0.07663439137731645
5260 0.042320031493312205
5279 0.02958441841023772
5302 0.055915149098371565
5330 0.059785586050153224
5358 0.08248733161682523
5360 0.03992461866291646
5390 0.07868944465907055
5414 0.06549793681368399
5596 0.049272542181942304
5613 0.027284400678753262
5647 0.042199958530196216
5661 0.03258471727371763
5689 0.013932038366000977
5747 0.04372117183735009
6006 0.050624361193777834
6044 0.020363761435702392
6062 0.06582643907993273
6083 0.04293678072299
6109 0.015181568910536123
6154 0.025173721673081014
6175 0.04500170710264122
6245 0.015066000585452561
6278 0.03934472232953527
6315 0.0159814524985621
6419 0.07019174923466072
6420 0.04293678072299
6446 0.032913219539966364
6505 0.038008821073819324
6508 0.038793212188179424
6579 0.03529676917376848
6706 0.08664529889553735
6723 0.030101681322251685
6734 0.032913219539966364
6768 0.058354069415393506
6775 0.01961648132405439
6787 0.04992966675181189
6788 0.052145574500931706
6813 0.016574440539938114
6911 0.03613529776715219
7025 0.027076637603372693
7064 0.034512378059408384
7069 0.09187415917293983
7201 0.011304096448314762
7296 0.06820998871373483
7442 0.026974072910776803
7453 0.06582643907993273
7479 0.020909412147732773
7489 0.052145574500931706
7530 0.05388479982296705
7533 0.02718007519746249
7536 0.09727121056433724
7580 0.013932038366000977
7718 0.025622253898941273
7891 0.020482917722915456
7955 0.06820998871373483
7963 0.04992966675181189
8041 0.04992966675181189
8085 0.03359812433666263
8087 0.02997028713501639
8115 0.0627282364431983
8474 0.06360065231871506
8577 0.06549793681368399
8658 0.014504089547857991
8669 0.028040883987636
8706 0.02001314546977542
8744 0.00713055541016317
8758 0.035501040266954303
8893 0.06650169605397893
8968 0.06979649356837413
8996 0.013352362312752284
9094 0.03412309002955459
9134 0.027284400678753262
9204 0.022217538444045108
9282 0.049272542181942304
9365 0.07663439137731645
9366 0.15050840661125842
9443 0.052984103094315414
9492 0.0445597004307338
9641 0.05485762640098256
9652 0.018049441457023828
9755 0.5491830815320476
9781 0.02771089510357058
9783 0.0186008444025681
9842 0.04643322373740094
9902 0.04206654163927213
9905 0.01945036697584682
9906 0.026771504155845068
9908 0.06516943454743526
9944 0.12370577440220276
9946 0.196493810441052
9966 0.02896733949091416
10003 0.028611591832222213
10031 0.03489824678418706
10040 0.025806406572649782
10046 0.03826470092372424
10072 0.041847648530682964
10113 0.2315660299725406
10156 0.01984155894063112
10162 0.03226486081537053
10174 0.03470378113239246
10180 0.07758642437635885
10281 0.03635429187115749
10322 0.038526083985833307
10374 0.11889522234468941
10495 0.02896733949091416
10499 0.02384045815178892
10516 0.029155053789647185
10526 0.052984103094315414
10602 0.04150526408823027
10657 0.03730446987958215
10732 0.02060325379452969
10949 0.07798017742600319
10950 0.09473452873220617
10999 0.0371682974826655
11000 0.05913551579004804
11102 0.03377555586661461
11163 0.05388479982296705
11245 0.031352894875021214
11255 0.06057169562071355
11265 0.07170643172814578
11326 0.05916883682047544
11332 0.03470378113239246
11359 0.06126958066158697
11371 0.025806406572649782
11402 0.04992966675181189
11493 0.059785586050153224
11560 0.058354069415393506
11576 0.02553121344370036
11798 0.041847648530682964
11814 0.04864913148652076
11849 0.05942336990945646
11875 0.029840298260142627
11886 0.04372117183735009
11910 0.02771089510357058
11957 0.02161140400447526
11987 0.03470378113239246
12040 0.06328202906456416
12064 0.01582723225457281
12170 0.049272542181942304
12264 0.04053243751021477
12328 0.05916883682047544
12378 0.01692675053945138
12591 0.07869150957617335
12651 0.05136118338657161
12807 0.039010973087988524
12834 0.010074307995559872
12865 0.015066000585452561
12919 0.03432394259575298
12985 0.04749074643478995
12999 0.033250848026989466
13024 0.06270578975004243
13189 0.06140850575789703
13271 0.04749074643478995
13336 0.012991492932979397
13466 0.05388479982296705
13479 0.06140850575789703
13487 0.04022472882293915
13581 0.09187415917293983
13676 0.023683632183051542
13695 0.03180032615935753
13754 0.015655155211264482
13822 0.019955680379529016
13872 0.02208020541283863
13874 0.012959211787985475
13948 0.022782935454399907
13973 0.02637622235925583
14116 0.03963174078156313
14163 0.009822666626585517
