337 0.0994659667642745
968 0.09540493838626798
1054 0.12157933906625702
1127 0.09136612841364458
1319 0.05510072753762068
1604 0.08121912237157183
2215 0.14338502790517935
2574 0.1500921292966617
2617 0.12954056226232893
2895 0.1359585928973497
2972 0.16727557480867172
3147 0.11575248762595697
3341 0.20627664292019451
3751 0.12388953591393848
4384 0.0831820829576924
4439 0.1771072245711009
4692 0.163032471100311
5279 0.11525667531713696
5793 0.11101357160877627
6245 0.0586949898330399
6420 0.16727557480867172
6866 0.09048106259154244
7442 0.10508714149277747
7533 0.10588969702528385
8087 0.11675996484306737
8474 0.12388953591393848
9366 0.11727185785940927
9755 0.4011635570291031
9902 0.032777049487338235
9905 0.07577585606883415
9944 0.09638801126606371
10113 0.5155132748004283
10281 0.14163113692065857
10361 0.10053807995146002
10499 0.09287902525275459
10657 0.07266644747190701
10949 0.10126655036368029
10950 0.09226805364231372
10999 0.02896047734078755
11326 0.11525667531713696
11987 0.13520098244922715
12328 0.11525667531713696
13695 0.12388953591393848
13872 0.08602133159807428
14163 0.038267708441314836
