11 0.035006457336338975
337 0.03736500475710948
482 0.04653986935803914
675 0.08749637819199499
968 0.035839454364354734
994 0.03710148607383427
1027 0.03993079934898458
1054 0.04567202964349589
1099 0.0396267374869401
1319 0.020698928623924764
1354 0.0854013494544997
1483 0.04943062375053181
1689 0.05170137961701461
1963 0.02344950573685487
1996 0.19959426838832614
2215 0.05386347133660598
2488 0.053204611355529445
2574 0.056383035400091944
2744 0.05256928718441626
2790 0.08749637819199499
2926 0.059319339589012296
2955 0.06025572345691293
2995 0.049544696794273466
3105 0.06124415472342661
3147 0.17393254764380758
3284 0.07631519918103534
3341 0.11623364244163734
3443 0.03106062796585799
3546 0.08183198251278775
3633 0.015542909876344503
3758 0.03271871614188816
3927 0.08028429498489857
4384 0.06249572645860611
4438 0.12458152325798762
4576 0.06175976142722934
4692 0.12248830944685322
4788 0.06871217307678948
4899 0.03993079934898458
5260 0.03096774427810843
5358 0.04024014950771872
5359 0.06871217307678948
5390 0.057581114985076336
5661 0.047687828023777024
5793 0.0834058676792653
6044 0.029802423789826053
6062 0.09633718408210455
6175 0.06586012857070574
6278 0.0863716724776145
6315 0.07016670593637221
6420 0.12567620567719984
6508 0.05677397829724138
6519 0.03477545167668254
6768 0.0854013494544997
6911 0.052884112850592316
6916 0.06653142279610871
7099 0.020338539159626395
7147 0.11215465354539007
7533 0.03977811870521834
7540 0.043483136910951896
7718 0.037498242726807525
7891 0.029976809360976978
8041 0.07307221177780215
8306 0.0438616019501469
8474 0.04653986935803914
8658 0.04245355405048143
8673 0.027678496287591118
8696 0.11215465354539007
8698 0.19171284012965858
8744 0.010435588477183016
8968 0.051073685157243316
8996 0.019541220883793956
9269 0.07408889910392688
9282 0.0721105080682102
9366 0.0881077954467888
9584 0.051073685157243316
9641 0.08028429498489857
9652 0.026415409803848242
9722 0.043483136910951896
9755 0.5023318931554794
9781 0.040554975173894774
9902 0.07387740650553598
9905 0.028465668354645524
9906 0.039180173803487914
9944 0.03620875176350641
9946 0.09585642006482929
10113 0.3388975549708496
10374 0.1740035019605803
10395 0.0926134326615961
10499 0.1046717384840626
10516 0.021334252795037954
10567 0.017823783873315527
10614 0.032515431805997606
10949 0.0380414051073601
10950 0.13864425694246887
11000 0.07212083207096417
11057 0.13445809781514195
11246 0.034434472817399156
11255 0.04432342591167739
11326 0.043296881954805966
11560 0.1708026989089994
11570 0.13445809781514195
11921 0.05078908411309701
11955 0.047219717171385074
11957 0.03162835229965461
12064 0.01158160010271485
12328 0.043296881954805966
12807 0.02854633600213437
12877 0.024384248947485088
12919 0.05023318931554793
13174 0.06283810283859992
13271 0.06950284483609022
13338 0.049961623952296266
13341 0.08749637819199499
13464 0.0438616019501469
13695 0.04653986935803914
13872 0.032314444517412444
13874 0.018965843953098305
13884 0.05489991123087344
13948 0.10002867590039505
13973 0.03860167775031266
14062 0.02199311277611449
14113 0.05489991123087344
14163 0.014375501032851568
