337 0.10630447626934135
2488 0.15136859695400567
2793 0.08757968330881344
2895 0.14530605273783442
2955 0.1714292067124285
2995 0.07047801919035528
3147 0.12371073216543049
3341 0.22045862726290036
4384 0.08890103873183719
4439 0.3785674912538983
5689 0.05800891701164088
5793 0.11864600498608609
6245 0.06273040273788098
6315 0.06654207570781139
6420 0.1787761477735493
6508 0.16152354503492602
6681 0.09608091117782758
6752 0.11961920877876403
7468 0.06535131400257864
8669 0.11675400752135083
8968 0.14530605273783442
8996 0.05559531613119836
8997 0.03997391184432848
9126 0.10706546861818662
9366 0.12533456252852498
9755 0.2858296374503711
9902 0.0700610910999009
9944 0.10301490439001633
10113 0.1377389937239211
10374 0.16501493188784966
10499 0.19852933535146192
10950 0.3944467615574661
10999 0.03095157546217416
11000 0.020518577024814105
11317 0.10901957385078055
11326 0.12318083164235095
11955 0.1343414067821152
11957 0.08998354070428069
11987 0.14449635486303553
12610 0.1370409821393462
12865 0.06273040273788098
12919 0.14291481872518555
13464 0.1247874757130203
13695 0.13240722087178572
13872 0.0919354921185874
13948 0.09486145367508116
14163 0.04089869968813247
