337 0.10615733091133724
2488 0.15115907439041254
2793 0.0874584565805832
2895 0.14510492187391766
2955 0.17119191649776105
2995 0.07038046437677517
3147 0.12353949328055688
3341 0.22015347112298858
4384 0.08877798299956502
4439 0.3780434827550639
5390 0.08179655693140847
5689 0.057928621777040584
5793 0.11848177663473047
6245 0.06264357208039088
6315 0.06644996897913935
6420 0.17852868801277605
6508 0.1612999661161979
6681 0.09594791715378664
6752 0.11945363333060206
7468 0.065260855511719
8669 0.11659239804978336
8968 0.14510492187391766
8996 0.055518361773465114
8997 0.03991858044366144
9126 0.10691726990386546
9366 0.12516107595749085
9755 0.28543399555638105
9902 0.06996411339309265
9944 0.10287231241723972
10113 0.13754833709069259
10374 0.16478652023407186
10499 0.1982545334696428
10950 0.39390077316657385
10999 0.030908732669358608
11000 0.020490175461041742
11317 0.10886867028785734
11326 0.12301032623931096
11955 0.13415545304724477
11957 0.08985898658599632
11987 0.1442963447730301
12610 0.1368512916852299
12919 0.14271699777819052
13464 0.12461474641287588
13695 0.13222394441343466
13872 0.09180823613298995
13948 0.09473014760922516
14163 0.040842088207424306
