11 0.02974675313339754
337 0.0635018597659789
368 0.07097734641443125
968 0.060909185477928306
1053 0.07636837022406531
1083 0.10976919154237354
1112 0.04665122467948145
1319 0.03517784813160985
1445 0.12969775082083376
1577 0.07869830676528415
1655 0.034327255203487096
1793 0.059763208839968426
1871 0.05684674959825312
1940 0.02935667550320022
2488 0.045210642834983064
2659 0.028243436135215367
2793 0.05231644953251197
3128 0.059763208839968426
3147 0.18474907739565724
3326 0.07435008738921597
3341 0.03292319694322795
3443 0.07918134846306414
3527 0.033168969338139655
3590 0.04577050940526333
3758 0.08340823202102202
3761 0.03617453429939891
3790 0.059296571768904134
3847 0.03793590438927906
3852 0.03679154524495402
3984 0.05722129676508207
4188 0.0742195211233925
4190 0.04858338380976779
4219 0.05021007162401868
4384 0.026552886071774643
4435 0.12591415180318263
4439 0.11307021390451388
4577 0.02121794644246835
4584 0.06701179733233946
4681 0.06127593721408124
4747 0.03209316343020495
4763 0.0496507449818894
4914 0.05541498946390025
4928 0.027374537769489247
5208 0.04726823562503654
5223 0.024464789397994763
5247 0.016563807954042758
5280 0.048930862774095196
5358 0.034194085449901816
5528 0.0352938190251808
5689 0.017326053626924805
6038 0.08917499714536668
6175 0.055964674377172896
6278 0.024464789397994763
6425 0.06953676456993285
6519 0.02955045596844322
6606 0.019874730154487645
6730 0.06295707590159132
6737 0.08064511290783236
6789 0.033293370610402134
6826 0.06387339700913344
6879 0.17834999429073337
7099 0.017282682953676378
7221 0.08917499714536668
7242 0.04489301312629083
7442 0.06709057519238613
7453 0.04093128311904669
7580 0.051978160880774414
7598 0.02935667550320022
7610 0.19060693629876208
7617 0.05488459577118677
7674 0.08537135119477934
7718 0.03186414890868299
7907 0.0848267777692985
7982 0.4765173407469052
8020 0.048930862774095196
8040 0.059763208839968426
8115 0.05200640231700401
8131 0.05079924683399871
8250 0.020504599177599357
8301 0.05002396565426618
8474 0.11864182582255092
8517 0.029845866073833643
8701 0.0725698357612698
8706 0.024888592935471954
8757 0.19060693629876208
8931 0.030454592738964153
8932 0.05906007418985031
9185 0.08145403679451378
9366 0.18717409870284335
9409 0.030981289557681892
9654 0.032681357075789
9673 0.0725698357612698
9719 0.024746000658511704
9722 0.036949815479131454
9755 0.1707427023895587
9899 0.04339988732331048
9902 0.04185157331291507
9905 0.024188714704467217
9944 0.030768403372808756
9964 0.053396706629050904
9982 0.06589167984398278
10030 0.10496077104301756
10031 0.08679977464662096
10113 0.16455905848408875
10156 0.024675205825308157
10174 0.04315804745587153
10183 0.09530346814938104
10331 0.0352938190251808
10335 0.10807241501868835
10362 0.06132614848187931
10456 0.05293160318583596
10495 0.07204827667912557
10613 0.09270382903498886
10752 0.04414952868475499
10949 0.1939542083399898
10950 0.17671953112846506
10999 0.018489180075119287
11000 0.006128471004014359
11118 0.04200369514142626
11128 0.06701179733233946
11245 0.038990844246424426
11297 0.06484887541041688
11314 0.041351162042608594
11326 0.11037463573486204
11356 0.026633070181613715
11869 0.04467077582998435
11875 0.0742195211233925
11905 0.033293370610402134
11910 0.034461608703735186
11912 0.04493829908381772
11987 0.08631609491174307
12064 0.009841469984669409
12165 0.06589167984398278
12197 0.08145403679451378
12378 0.02105031438126119
12387 0.0352938190251808
12416 0.06589167984398278
12640 0.05653510695225694
12648 0.034461608703735186
12695 0.03367283830467246
12733 0.02833313769972083
12735 0.047434790139638576
12763 0.035151896205390686
12865 0.018736262937937797
12919 0.04268567559738967
13022 0.03354528759619307
13057 0.04268567559738967
13336 0.016156379801531184
13479 0.07636837022406531
13540 0.05712791505956399
13695 0.03954727527418364
13786 0.020451095867726882
13816 0.03992994556816004
13822 0.024817128645098264
13858 0.04032255645391618
13874 0.016116234574062662
13918 0.032681357075789
14163 0.02443117715594917
