126 0.05766175247771008
328 0.037354198078853214
960 0.028704821185123106
994 0.02758925480753545
1002 0.02924476693400789
1065 0.047581052453281744
1111 0.03494266109547271
1162 0.03546142696137954
1249 0.03349830017752516
1378 0.04849360971807315
1468 0.07803696346445782
1604 0.045376133475228134
1618 0.03511333229047841
1667 0.05509368308644624
1757 0.06886882070482088
1808 0.03581893072682185
1959 0.0630493850840364
1963 0.0174374252178841
1997 0.06350580098917512
2017 0.02924476693400789
2276 0.05433765822953818
2479 0.28610314238075857
2558 0.02024300163971925
2575 0.08276776442260636
2831 0.09345482428311176
2965 0.069919730571595
2995 0.018421112047898522
3010 0.019378901197678763
3130 0.018765965244921523
3142 0.034120854334837296
3157 0.02992321482898058
3241 0.043775929409290606
3332 0.024560195113334796
3432 0.02592238403078527
3536 0.042515277473598075
3738 0.07430451551590458
3758 0.04866031483577647
3786 0.026833229950627393
3790 0.02594518953084148
3840 0.10745679218046557
3841 0.02323640781149888
3852 0.03219624966627318
3908 0.029579641379826938
3910 0.07423184042046667
3934 0.07423184042046667
3941 0.08339998318010361
3974 0.04480711378398324
4120 0.0918510806536186
4188 0.03247471961683526
4444 0.044454377304263284
4489 0.017169304535199187
4492 0.03444347603860969
4577 0.01856780672078503
4720 0.04056252061116353
4835 0.07092285392275909
4990 0.029355452384052717
5002 0.03444347603860969
5066 0.060851562992871935
5360 0.04344932431922293
5412 0.04344932431922293
5571 0.029467071899568327
5613 0.029693177133534015
5663 0.022291231950414356
5677 0.4458270930954275
5685 0.02768687026235326
5718 0.036953354248933264
5938 0.02603135813588082
6067 0.0336512132574085
6090 0.06211221492856447
6278 0.02140911620445359
6519 0.05171915731061594
6563 0.027396158909627724
6606 0.017392359300033855
6681 0.025113038799949073
6775 0.02134830306701186
6819 0.09794927702778482
6821 0.05479231781925545
7024 0.058641966330392356
7039 0.042515277473598075
7052 0.08339998318010361
7166 0.06682989523734702
7206 0.029693177133534015
7276 0.0413643924259101
7422 0.0457820800835418
7479 0.11377689507839817
7562 0.04897463851389241
7580 0.015162014658251306
7865 0.01881597223867843
8019 0.10724504012780042
8027 0.03511333229047841
8086 0.05509368308644624
8181 0.06506369766082974
8186 0.05362252006390021
8251 0.06350580098917512
8268 0.38761618367294565
8401 0.060551902617401065
8474 0.06921557329930733
8517 0.05223618356997886
8658 0.03156913763112687
8662 0.0827287848518202
8688 0.02388174721836211
8706 0.021779986316356182
8795 0.022688066737614067
8893 0.036186366412455616
8970 0.041642862376472196
8996 0.04359348742584813
9375 0.03863521465920526
9409 0.02711169990118948
9497 0.08638971621383576
9535 0.04849360971807315
9645 0.02140911620445359
9647 0.02798411499831536
9725 0.02063955313337129
9827 0.06442876207734333
9902 0.06409248279981039
9905 0.0635025704312942
9908 0.03546142696137954
10040 0.11233879909092447
10068 0.025439643890016742
10113 0.07200274542052865
10157 0.0712803576882014
10159 0.045542126985807875
10276 0.06211221492856447
10371 0.0413643924259101
10519 0.043775929409290606
10575 0.02913500004600333
10602 0.04516951546990126
10628 0.05312100411934156
10678 0.055895554901192815
10680 0.05970067794518396
10732 0.06726657532095165
10752 0.03863521465920526
10762 0.04313059000242737
10836 0.07682581938728965
10924 0.022688066737614067
10930 0.04281823240890718
10949 0.05657638708352544
10950 0.12887259167917894
11000 0.08580831545033249
11108 0.03178923804230651
11150 0.07912758948266559
11246 0.02560602135536503
11262 0.055570422978592666
11272 0.0459255403268093
11285 0.0712803576882014
11338 0.1004949005325755
11364 0.043775929409290606
11574 0.04947382357075543
11636 0.06824170866967459
11714 0.02849486702932482
11921 0.037767570286781585
11956 0.10336684046647
12021 0.04082444667702532
12041 0.028704821185123106
12064 0.008612261936810259
12069 0.031010964510525166
12117 0.02758925480753545
12215 0.024104052183922545
12245 0.0326161844315644
12333 0.032334751812361076
12378 0.05526333614369557
12387 0.09265677221047121
12424 0.05433765822953818
12475 0.07803696346445782
12513 0.02828819354176272
12523 0.025690001536492448
12620 0.0712803576882014
12725 0.037559269381918954
12763 0.030761394199035463
12807 0.08491003688823573
12834 0.021927416719318325
12877 0.018132515127931622
12903 0.04281823240890718
13049 0.055895554901192815
13051 0.03675739756717238
13057 0.037354198078853214
13088 0.025032632266050077
13161 0.07423184042046667
13215 0.0712803576882014
13336 0.014138434097561403
13433 0.07423184042046667
13608 0.09871120688399651
13661 0.04632040051758922
13681 0.10867531645907635
13695 0.034607786649653666
13712 0.05362252006390021
13723 0.023663116883772248
13744 0.036186366412455616
13754 0.05111176553381623
13775 0.03581893072682185
13786 0.017896736441004174
13961 0.0712803576882014
14005 0.058641966330392356
14044 0.042515277473598075
14060 0.0326161844315644
14062 0.03270885652308205
14072 0.039607792566828705
14076 0.04005373349646067
14182 0.060851562992871935
14204 0.05433765822953818
14211 0.07057246908925272
14212 0.08455816595764887
