390 0.10761517061669884
1104 0.13178282817546805
1538 0.12660793320486233
1620 0.07767659400589434
2214 0.14323663484150634
2565 0.06794284831875423
2793 0.060341863275643504
2995 0.14567676556651668
3165 0.09256040321269611
3257 0.09741078804617942
3281 0.07376744953645172
3282 0.12660793320486233
3341 0.0759473192962281
3940 0.0841519119589184
4244 0.3274614673800439
5001 0.1519991043611317
5051 0.08560489551624294
5062 0.11453447212120699
5063 0.09900800896949911
5350 0.19277045412266575
5837 0.11369427340021235
6296 0.13469005802225223
6315 0.04584708099799903
6813 0.04754822617027025
7088 0.16040759561490944
7209 0.14323663484150634
7431 0.1062476792796736
7792 0.2325563268725852
8182 0.22104480092696613
8259 0.42970990452451896
8433 0.04986493819621744
8744 0.020455909841729628
8997 0.027541779462684556
9366 0.17270948580942774
9497 0.02846592179016628
9675 0.20570912336119487
9902 0.02413583048242871
10568 0.12660793320486233
10999 0.021325445173382182
11255 0.04344153692473908
11356 0.061437237957473766
12215 0.06353942060374417
12409 0.11906897728273715
12614 0.08044279326627604
12834 0.057801706661241105
13775 0.09442039403424246
13899 0.20570912336119487
13948 0.06535895828267399
13950 0.27912615226250553
14189 0.08673580199499863
