337 0.08322250058618812
1027 0.08893725543004331
1127 0.07644542070839577
1319 0.04610240546564578
1460 0.09643447946245365
1483 0.11009606825412088
1703 0.12645180892753388
2215 0.11996928152489793
2488 0.1185018128194129
2574 0.12558106782369405
2793 0.20569031054832326
2972 0.1399583402789558
2995 0.05517507069525266
3165 0.10517175002439988
3341 0.08629513488280235
3443 0.06918085909260181
3758 0.07287389339297527
3852 0.09643447946245365
4438 0.13873925561849892
4692 0.13640816414993698
5365 0.16997566974403602
6175 0.1466892517266199
6681 0.07521878633368845
6723 0.09812056904425995
6911 0.11778797142722282
7891 0.06676688657831036
8087 0.09769227162516843
8706 0.06523559932874297
8968 0.11375563366223647
9366 0.09812056904425995
9492 0.14524847020665693
9652 0.11766927220673647
9755 0.559418050985776
9843 0.14385825298891156
9902 0.0274243352667364
9944 0.0806471960716181
10113 0.21566323240963942
10281 0.1185018128194129
10499 0.15542250248993153
10930 0.06412476603106938
10949 0.08472903668624089
10950 0.154400110874746
10999 0.04846207041212102
11245 0.10219907165277979
11326 0.09643447946245365
12328 0.09643447946245365
12591 0.12825289750274305
12919 0.11188361019715519
13022 0.08792569940238792
13155 0.15135547702132185
13466 0.17564491381274336
13695 0.1036575354428017
13872 0.0719734654196988
14163 0.03201833241853405
