390 0.12542439132165847
1104 0.1535915514126405
1538 0.1475602637408165
1620 0.09053128352906327
2565 0.07918670152363431
2793 0.07032783044612789
2995 0.16978479471046878
3165 0.1078782124017582
3257 0.11353128679572334
3281 0.08597521524558104
3341 0.0885158313707393
3940 0.09807820101493514
4244 0.19082651169009973
5001 0.17715341653673805
5051 0.0997716386337529
5062 0.13348876713968372
5063 0.1153928316036308
5350 0.2246720117115465
5837 0.13250952404072203
6296 0.1569798983517893
6315 0.05343430851891908
6606 0.05343430851891908
6813 0.05541697598633271
7431 0.12383059401965037
7616 0.09807820101493514
7792 0.1355210217055984
8182 0.12881273826080725
8259 0.3338816941330178
8433 0.05811708038664022
8744 0.02384115572299749
8997 0.03209966499357607
9347 0.1535915514126405
9366 0.30193673450947567
9497 0.0331767435156352
9671 0.14355999169461287
9902 0.02813006595588309
10361 0.17256848095524452
10567 0.040720234208725246
10999 0.024854590344531
11255 0.05063067126724674
11356 0.07160447854277086
12409 0.1387736869755269
12614 0.09375526074825617
12834 0.06736730364124201
13778 0.25622863205854096
13899 0.239751899653507
13948 0.07617520385875794
13950 0.3253187031982354
14189 0.10108969867981152
