188 0.05390297024745673
288 0.03753299775941786
337 0.01919225661450766
465 0.0449418634900954
917 0.021333801376323222
940 0.02936684918250934
953 0.04616184042399419
960 0.019827464493860886
994 0.038113804408020306
1052 0.04050613998838096
1100 0.039198734104028514
1240 0.04948287764023408
1255 0.01919225661450766
1319 0.021263701282958087
1354 0.08773153514153584
1460 0.022239121190706486
1474 0.038055211638060304
1483 0.0253896720153602
1524 0.028960726517706075
1526 0.03703902580620673
1545 0.019260693306055367
1560 0.047570200436106685
1566 0.04199076570086233
1573 0.04386576757076792
1604 0.015671473261346495
1614 0.03753299775941786
1620 0.04070795759769727
1625 0.03120022794806782
1627 0.08101227997676191
1653 0.011618228108874423
1703 0.058323062854679385
1749 0.18464736169597676
1905 0.04616184042399419
1916 0.03490466081340658
2172 0.026087435070616546
2215 0.02766657118767327
2318 0.04050613998838096
2341 0.03453170063728911
2574 0.028960726517706075
2617 0.024995240018309373
2659 0.1365768564209309
2730 0.018727037653091052
2760 0.027163530989944038
2776 0.01847146139066117
2793 0.015811674308251356
2832 0.04050613998838096
2895 0.026233618278875704
2905 0.05127463330144546
2918 0.04386576757076792
2927 0.014746049743195563
2955 0.030949903916654625
2972 0.06455264773479061
2995 0.038172397177980315
3010 0.013385712210120007
3090 0.02936684918250934
3130 0.012962335044245047
3142 0.047137031334291125
3147 0.13400873797667107
3198 0.038055211638060304
3207 0.0449418634900954
3220 0.018989969629179017
3249 0.020749549482957944
3282 0.033175697534089395
3311 0.05390297024745673
3317 0.042032388805209445
3332 0.016964620452829093
3341 0.0398016969350513
3424 0.04923593678071734
3432 0.008952766952490199
3446 0.04923593678071734
3519 0.021333801376323222
3527 0.020049408742430684
3553 0.05127463330144546
3567 0.04290316696936729
3728 0.0878319338073272
3758 0.03361145009210104
3809 0.04923593678071734
3814 0.031457604280565966
3860 0.03982907061264413
3865 0.016445375300647196
3919 0.032276323867395304
3924 0.08406477761041889
3984 0.011529382135447477
3991 0.021163025271378994
4030 0.02168523915002143
4079 0.024373486183506633
4182 0.02784060036568086
4188 0.022431470518429822
4201 0.038055211638060304
4299 0.038055211638060304
4383 0.016445375300647196
4438 0.03199518612852062
4593 0.028018008961371483
4689 0.02449449796060029
4692 0.0943728128416979
4747 0.019399124069554134
4808 0.016098700707079774
4820 0.03120022794806782
4835 0.02449449796060029
4881 0.016495991804639593
4924 0.04923593678071734
4928 0.01654689029618126
4957 0.024254056305058072
5059 0.031158374133108412
5223 0.014788055590074381
5247 0.010012206065741868
5279 0.022239121190706486
5358 0.04133810663633573
5390 0.059152222360297525
5458 0.039198734104028514
5551 0.014538869536566624
5661 0.02449449796060029
5730 0.028383507923842817
5746 0.02205073811249277
5793 0.0428408032077543
5938 0.017980806284682665
5969 0.047570200436106685
5970 0.021866161014589006
6044 0.015307793183133987
6072 0.029576887297175326
6090 0.04290316696936729
6175 0.033828564894079094
6206 0.032566388090225745
6278 0.029576111180148763
6412 0.024136167500342087
6420 0.06455264773479061
6446 0.02474143882011704
6505 0.028571891002056534
6528 0.019827464493860886
6563 0.03784704768203451
6566 0.032276323867395304
6606 0.012013535435803949
6681 0.08673244851931057
6693 0.044862941036859644
6734 0.02474143882011704
6751 0.047570200436106685
6752 0.02159610424202348
6775 0.014746049743195563
6813 0.012459294846515813
6821 0.03784704768203451
7064 0.025943554056045256
7099 0.010446739275243684
7170 0.026087435070616546
7206 0.02051015791138929
7411 0.05390297024745673
7418 0.01757208772396708
7442 0.020276879137908932
7453 0.12370719410058523
7466 0.032991983609279185
7468 0.011798554797023958
7486 0.020276879137908932
7497 0.05105005285171542
7498 0.047570200436106685
7516 0.05390297024745673
7691 0.04290316696936729
7827 0.05127463330144546
7832 0.05390297024745673
7907 0.10254926660289092
7955 0.05127463330144546
7965 0.04648823497165055
7966 0.03172244182671025
8020 0.05915377459435065
8027 0.024254056305058072
8040 0.036124637747305365
8074 0.021866161014589006
8087 0.022529185413536927
8115 0.06287187320457088
8160 0.05390297024745673
8474 0.1434291452119028
8499 0.030706255994856685
8669 0.021078819554545613
8688 0.032991983609279185
8706 0.015044229071461331
8795 0.015671473261346495
8931 0.018408669008766993
8940 0.05127463330144546
8951 0.030949903916654625
8976 0.0253896720153602
8995 0.03907936924097301
8996 0.01003720267668882
8997 0.007216907518158009
9094 0.012825459741098813
9101 0.03490466081340658
9109 0.047570200436106685
9110 0.05390297024745673
9134 0.02051015791138929
9366 0.18102365365084816
9443 0.03982907061264413
9486 0.041237430624756634
9492 0.033496300801294086
9497 0.01491813012714645
9592 0.032566388090225745
9668 0.05390297024745673
9708 0.016295186895005972
9713 0.0449418634900954
9755 0.593443788433913
9781 0.020830761178593987
9827 0.011125822594690176
9890 0.019539684620486504
9902 0.018973290019436755
9905 0.029242357404591413
9906 0.020124604686273327
9946 0.04923593678071734
9957 0.025943554056045256
9965 0.036124637747305365
10028 0.0449418634900954
10031 0.026233618278875704
10040 0.019399124069554134
10046 0.028764240329779873
10048 0.0219579834518318
10068 0.01757208772396708
10070 0.033496300801294086
10113 0.2238071232304599
10156 0.029830488994202653
10227 0.04616184042399419
10234 0.02303407937115929
10281 0.02732815266178122
10335 0.021775252248590737
10356 0.04386576757076792
10360 0.0449418634900954
10361 0.019399124069554134
10374 0.08937560380786597
10495 0.06532575674577222
10499 0.053763859481124075
10516 0.01095818017374235
10519 0.03023762734666718
10567 0.00915505393781884
10569 0.024995240018309373
10582 0.02700182312951791
10583 0.024136167500342087
10608 0.027163530989944038
10657 0.014021208987498583
10810 0.03982907061264413
10872 0.05390297024745673
10949 0.058619053861459526
10950 0.12462378382294428
10951 0.05390297024745673
10999 0.005588010963792931
11000 0.04815762724940401
11019 0.039198734104028514
11097 0.03190812078861435
11138 0.023791362217390276
11161 0.038609093678745356
11162 0.047570200436106685
11163 0.04050613998838096
11245 0.07070554700143669
11255 0.011383198927188325
11259 0.022529185413536927
11326 0.04447824238141297
11359 0.015352469338671383
11365 0.014138092316441591
11382 0.04923593678071734
11493 0.0898837269801908
11798 0.031457604280565966
11875 0.022431470518429822
11886 0.03286596429267846
11887 0.047570200436106685
11890 0.036570397158017236
11956 0.03569961899385939
11987 0.07826230521184964
11993 0.05127463330144546
12064 0.017846408099462543
12078 0.020049408742430684
12117 0.019056902204010153
12301 0.04616184042399419
12328 0.04447824238141297
12333 0.02233478966277851
12405 0.03753299775941786
12582 0.04040084933995673
12587 0.03453170063728911
12591 0.05915377459435065
12611 0.016964620452829093
12651 0.038609093678745356
12670 0.03417337017703091
12672 0.036570397158017236
12700 0.047570200436106685
12807 0.02932522607816224
12834 0.022719096923152167
12865 0.011325374331617363
12903 0.014788055590074381
12919 0.025801903844952737
12982 0.033496300801294086
13024 0.11784257833572781
13189 0.04616184042399419
13252 0.039198734104028514
13261 0.027163530989944038
13271 0.03569961899385939
13298 0.04923593678071734
13336 0.009765930895729722
13338 0.05132483263434114
13460 0.05390297024745673
13464 0.022529185413536927
13524 0.03569961899385939
13581 0.03453170063728911
13631 0.03490466081340658
13676 0.03560679537798408
13695 0.023904857535317132
13723 0.016344975877091918
13787 0.015906351379356438
13806 0.020995382850431166
13822 0.030002063129946344
13872 0.01659807393482122
13874 0.01948332919664959
13901 0.04050613998838096
13973 0.019827464493860886
14010 0.03046893731169214
14014 0.024373486183506633
14072 0.02735854356082919
14080 0.047570200436106685
14109 0.08247486124951327
14116 0.02979186793595532
14163 0.007383869119730588
