337 0.16162761934018433
556 0.1872867941727416
1319 0.08953614694082974
2995 0.10715630100737548
3341 0.16759502674763707
4438 0.2694475104292751
4692 0.2649202640491007
7580 0.088198009022108
9366 0.19056137308087484
9755 0.434581547826083
9843 0.2793891890926265
9902 0.1065223945430282
9944 0.15662608327921357
10113 0.41884267581553436
10949 0.16455348484033713
10950 0.2998626834181833
10999 0.047059443142396185
11326 0.1872867941727416
12865 0.09537665779083286
13695 0.2013147954253054
13874 0.08203944377481849
14163 0.12436653086843613
