194 0.11566357503881612
1255 0.13913981508358966
1653 0.08422970488242507
1689 0.09626280588267724
2064 0.16699222028436012
2204 0.1925256117653545
3092 0.08777494847926436
3297 0.15592723806728534
3432 0.06490567332839481
4852 0.2299810167415075
6821 0.13719155911966666
7201 0.06160497984061417
7342 0.16699222028436012
8015 0.2299810167415075
8433 0.09472831422694214
8982 0.17670263735177438
9150 0.16928965038371488
9652 0.0983657103580418
9784 0.18214975405288894
9902 0.04585078447447366
10999 0.04051190163847054
11003 0.09863333063064277
11213 0.1343725835905195
11919 0.21141495613846664
12335 0.14114711801140598
12413 0.539336639460567
12614 0.15281699874640134
12667 0.1113021666896889
13079 0.09498160680085693
13480 0.1010918534580324
13822 0.1087543169069388
14044 0.21290346658627338
14088 0.20577444973103295
14170 0.20052433004509326
