684 0.09464823584819276
936 0.07584332088502678
976 0.031758365114339465
1002 0.03318904264186651
1184 0.04193729608771975
1255 0.031532635257871616
1319 0.017467996344969008
1363 0.07584332088502678
1402 0.0426249316989521
1689 0.021815610039255837
2244 0.20024031696580982
2333 0.06905868402206729
2597 0.028870718230201802
2659 0.028049256300927132
2793 0.0259783812186767
2848 0.02574803266907045
2929 0.04044564046991271
2931 0.34529342011033637
3220 0.031200280295456153
3249 0.03409124777524532
3257 0.04193729608771975
3297 0.07067418799987923
3302 0.06905868402206729
3308 0.047259283627079464
3326 0.0738389141884965
3332 0.02787265717481714
3432 0.04412784914227381
3633 0.013116789658202519
3761 0.07185165284229551
3852 0.03653859528076868
3874 0.08424357501834462
3876 0.0738389141884965
3928 0.07125714816468809
3940 0.03622908426216455
3992 0.0383653578616253
4155 0.055579904933946225
4188 0.03685462279723133
4311 0.048947662807147095
4334 0.08424357501834462
4817 0.03331465636720962
4822 0.08089402237944246
4852 0.15635871399112677
4881 0.02710270622368308
4922 0.024505558359070423
5260 0.02613393445092055
5422 0.4286132638896367
5689 0.05162079959448773
6202 0.09464823584819276
6230 0.061324405760822036
6509 0.0738389141884965
6531 0.05399836430156277
6677 0.047259283627079464
6813 0.04094092819376791
6855 0.05734791694046494
6936 0.25435321314531345
6937 0.305101807798565
6941 0.0738389141884965
7002 0.09464823584819276
7100 0.035628574082344044
7170 0.04286132638896367
7310 0.09464823584819276
7325 0.08856189943000933
7426 0.06085465167088024
7432 0.05734791694046494
7442 0.06662931273441924
7649 0.035776464466608246
7671 0.02443557803380806
7865 0.021353704284491338
8027 0.03984910822905317
8076 0.0579867687824633
8208 0.08856189943000933
8244 0.031987541361037444
8293 0.02778513067271023
8294 0.15378474156684455
8411 0.024932433170091483
8412 0.034359304051729295
8429 0.048947662807147095
8658 0.03582690391654395
8996 0.016490997248031554
8997 0.059286439586225224
9079 0.059352323636995226
9168 0.04574175482978775
9367 0.04334558620978253
9468 0.06905868402206729
9523 0.05865402319221915
9530 0.06905868402206729
9538 0.21430663194481836
9542 0.276199409473153
9902 0.04156383454303957
9932 0.033441330136519246
9991 0.0738389141884965
10382 0.038543001977298964
10461 0.05302959252880023
10568 0.0545072521058904
10583 0.039655418411604325
10616 0.037177447122767035
10657 0.02303666930667111
10664 0.05168444658642835
10677 0.08089402237944246
10725 0.09464823584819276
10924 0.02574803266907045
10927 0.05302959252880023
11000 0.030431682090917112
11118 0.04171491050052747
11842 0.03382789448386486
11881 0.06008470071974619
11905 0.03306447136609368
11987 0.04286132638896367
11989 0.06008470071974619
12023 0.02993989674911555
12403 0.0431015035541323
12770 0.047259283627079464
12962 0.0579867687824633
13007 0.0738389141884965
13307 0.06343425335864837
13520 0.09464823584819276
13696 0.048594452332406494
13786 0.020310490086348294
13865 0.06085465167088024
14062 0.018560169010081583
14114 0.0720709021819778
