421 0.08768904209783791
947 0.24455473470665456
981 0.10011801723408874
1099 0.07501970200117943
1127 0.06497746633389648
1566 0.07738375776087163
1959 0.2407744870180659
2241 0.21232655577042267
2793 0.17483369317626796
3147 0.329281912164603
3150 0.08414113576576898
3257 0.09407889705320883
3517 0.08853093507691785
3691 0.12345903123359334
3761 0.08059322943370006
3928 0.07992639645232125
3984 0.04249443416477953
4489 0.13113309468155984
4492 0.08768904209783791
4576 0.1169210283703436
4747 0.07150034502660389
4899 0.07559533935431806
4985 0.06950426652983951
4997 0.18815779410641767
5053 0.2212337468541252
5223 0.05450509379556841
5247 0.03690250062896029
5350 0.09308841490795174
6044 0.056420717258453594
6102 0.06393484542805337
6813 0.09184372213095947
7064 0.09562148577289961
7284 0.23781753751787796
7862 0.11484201518571277
8115 0.057932520696268634
8268 0.1409750356945025
8744 0.019756224897980214
8996 0.036994631918022346
8997 0.02659972562283062
9194 0.1402620423698482
9486 0.1519909098528957
9827 0.08201402819765737
9902 0.09324110221441408
10031 0.19338118066677706
10495 0.08025816233935529
10583 0.17791981717389238
10745 0.11594490306399358
10936 0.10980541331507562
10999 0.02059601817541358
11000 0.027307235837035464
11331 0.10530888185388648
11365 0.05210949087284152
11511 0.16607394482974158
11714 0.07254458265785467
12117 0.07023900037133438
12329 0.1402620423698482
12543 0.14680004523309795
13024 0.17373537031092962
13088 0.06373013984235389
13709 0.08093166409294053
13736 0.21232655577042267
