736 0.06620922440888066
947 0.06493143323795349
960 0.0388062884205566
1001 0.04995754942498363
1033 0.05873950582503297
1111 0.0472392764932272
1117 0.10762947069336878
1127 0.034504177744026025
1249 0.045286632858773844
1250 0.08226573818780361
1255 0.03756306036278735
1461 0.030672187638674266
1474 0.0744816120684085
1606 0.10549882516723993
1652 0.07556566929763446
1959 0.17047398459865112
1963 0.023573801346925032
2017 0.039536245605363445
2046 0.04747000831265775
2204 0.025987713048849333
2776 0.03615232086266582
2793 0.030946588950286177
2965 0.03150835665491114
3041 0.06156878329598605
3130 0.050739731495836
3147 0.08742724413750551
3157 0.0404534450026645
3220 0.07433428906209409
3336 0.0744816120684085
3353 0.0944785529864544
3357 0.08397002410893563
3402 0.058308606229897794
3432 0.052567032455602264
3442 0.10211658982582887
3443 0.06245053363551942
3517 0.04701148401265499
3786 0.03627606853927519
3832 0.04770375631964785
3840 0.048423912754467294
3841 0.06282698906746961
3991 0.08284049256897622
3992 0.0914049993862417
4043 0.100354647422027
4164 0.07345953572586401
4188 0.043902845717107425
4383 0.03218686773080903
4400 0.07927856593460311
4489 0.18569061398469813
4492 0.04656442402970104
4808 0.03150835665491114
4852 0.06208712300621222
4881 0.06457186857676017
4928 0.032385552751625794
4964 0.11038182346729594
4985 0.03690798828612821
5219 0.100354647422027
5247 0.01959587704386138
5279 0.04352637985625854
5360 0.05873950582503297
5432 0.07671971279195228
5551 0.0569109141231386
5663 0.03013570336280762
5689 0.08199061893752516
5886 0.1862613690186367
6245 0.022166008312338243
6429 0.04175448906100937
6521 0.06493143323795349
6618 0.05788784639568324
6644 0.100354647422027
6662 0.07556566929763446
6728 0.07671971279195228
6731 0.0963645131711319
6775 0.08658284969954211
6901 0.1927290263422638
7069 0.06758540079584426
7099 0.040892689783404754
7284 0.33676078998411424
7422 0.06189317790057235
7423 0.05163516648523729
7580 0.02049765473438129
7633 0.05805151444458367
7671 0.029108734020395585
7674 0.05049945355931546
7758 0.07070309529209406
7891 0.03013570336280762
8268 0.18715056016796508
8412 0.040930312406930326
8433 0.05114690404373527
8658 0.021339290919127566
8702 0.100354647422027
8744 0.020981805967255972
8872 0.04917429423378977
8895 0.07157553504673934
8951 0.06057511278610995
8982 0.04770375631964785
8996 0.01964480037917963
8997 0.014124922263299854
9094 0.02510197357778255
9101 0.0683153579806511
9104 0.05788784639568324
9105 0.06320744941958512
9288 0.0963645131711319
9376 0.0903478956712737
9383 0.06320744941958512
9497 0.029197745409590223
9725 0.027902784922419783
9732 0.05049945355931546
9758 0.043713622068752754
9827 0.02177544590530848
9902 0.04951266562661796
9905 0.02861655245659206
9961 0.042796422671451693
9966 0.04261849614966278
10032 0.06907638635990371
10068 0.03439206786015051
10072 0.06156878329598605
10174 0.051058294912914436
10440 0.0562973347793037
10459 0.05049945355931546
10567 0.017918259983607715
10574 0.050226448746427704
10614 0.0326877819390185
10628 0.07181473083389642
10684 0.05963376555542348
10834 0.11274913648422329
10891 0.08397002410893563
10930 0.11577265476084167
10945 0.052847934064860776
10999 0.03281054396420534
11052 0.05414897812320566
11218 0.05049945355931546
11320 0.05381473534668439
11332 0.10211658982582887
11336 0.05519091173364797
11338 0.13585989857632155
11339 0.09684782550893459
11434 0.07795340660907742
11643 0.11274913648422329
11714 0.07704489927416666
11796 0.06208712300621222
11950 0.0683153579806511
12023 0.03566572028139961
12041 0.0388062884205566
12117 0.03729814488181967
12215 0.03258647023511963
12333 0.043713622068752754
12448 0.05918104598454307
12565 0.05747676006341106
12764 0.034730528461412266
12830 0.09310433610504365
12834 0.029643858501672542
12865 0.022166008312338243
12903 0.028943163690210418
13030 0.19121668069606884
13079 0.025641832479594215
13336 0.019113867592714863
13446 0.05707491241277265
13674 0.06009824538184413
13708 0.22549827296844657
13723 0.06398073221211532
13786 0.02419474804031304
13787 0.031131890794062263
13874 0.019066373626137032
13884 0.05519091173364797
13918 0.03866380585071816
13919 0.07997793035248771
13989 0.07015103850092294
14072 0.05354610684168037
14088 0.05555216579612784
14163 0.02890339859729691
14212 0.11431489349135757
14247 0.07070309529209406
