108 0.01945601429102142
300 0.07849124950016942
312 0.033674636269408496
313 0.04845211556645562
315 0.0300529084589637
318 0.05060020757395728
321 0.1018628260403685
322 0.019952957710669978
324 0.02733675546151088
328 0.023149489220295954
341 0.03414316698818671
693 0.03414316698818671
710 0.05168540916137756
960 0.017789217350959945
1107 0.02723015380554472
1180 0.09969433268763703
1255 0.03443861664476431
1319 0.019077810172125037
1395 0.03464011040783527
1460 0.019952957710669978
1461 0.014060458620020155
1519 0.014575626405428258
1545 0.01728070977797925
1550 0.017037816273794908
1620 0.01826160641577036
1655 0.018616512756894677
1689 0.02382609080622444
1698 0.0460036429101968
1714 0.02380560377701281
1800 0.03066037565631465
1901 0.021760759142284192
1959 0.0781470964665398
1963 0.021612964960939535
1988 0.03573467471014446
1997 0.039356402520589265
2046 0.021760759142284192
2065 0.04268002271539302
2080 0.038492756474178096
2136 0.04032187665901603
2144 0.02895834415665451
2250 0.17867337355072233
2252 0.04268002271539302
2424 0.0261637498333898
2485 0.020391407456262316
2564 0.02530010378697864
2597 0.01576569146945505
2730 0.016801913489926885
2736 0.020950514300987252
2906 0.044174522725358864
2921 0.0460036429101968
2965 0.04333130230064967
3010 0.012009671936467318
3103 0.02870610714753276
3150 0.02048198358220904
3157 0.01854429153204705
3159 0.023943372666951124
3162 0.05168540916137756
3206 0.032411054515340695
3214 0.025634723961850736
3227 0.02265996730952382
3238 0.07742189980773424
3266 0.05168540916137756
3289 0.04836178896657379
3292 0.03771149359351728
3334 0.0460036429101968
3341 0.017855057512116395
3343 0.0300529084589637
3396 0.02155056670272264
3409 0.05168540916137756
3432 0.03212971931124152
3459 0.04032187665901603
3517 0.02155056670272264
3523 0.02451884090631783
3528 0.0460036429101968
3529 0.07033827255874867
3550 0.05168540916137756
3579 0.04268002271539302
3590 0.02482247028437316
3648 0.016025937327278462
3708 0.038492756474178096
3734 0.026995389240285342
3761 0.019618337535797874
3790 0.01607899289110343
3843 0.05168540916137756
3847 0.06172071525855131
3871 0.03464011040783527
3888 0.03323144422921234
3899 0.03464011040783527
3914 0.023149489220295954
3916 0.0300529084589637
3956 0.015463925270404001
3966 0.039356402520589265
3984 0.0206883421521954
4024 0.039356402520589265
4025 0.022542022022945005
4095 0.07542298718703457
4103 0.02870610714753276
4106 0.04836178896657379
4153 0.039356402520589265
4154 0.05692280147401189
4188 0.02012553368473065
4202 0.02733675546151088
4267 0.03464011040783527
4364 0.036998256464212266
4383 0.014754804162272117
4388 0.03166535375550835
4399 0.02822378827412577
4420 0.02104752201297917
4421 0.04417302568289391
4450 0.043521518284568385
4452 0.014531437317312629
4489 0.010640320250445437
4527 0.044174522725358864
4577 0.023014025926616704
4586 0.10322919974364567
4614 0.04836178896657379
4635 0.0460036429101968
4685 0.02085464120813952
4704 0.05168540916137756
4720 0.02513778054220218
4721 0.02482247028437316
4728 0.0920072858203936
4747 0.017404909972144333
4750 0.04836178896657379
4751 0.05168540916137756
4760 0.05168540916137756
4789 0.03035101607460473
4808 0.01444376743354989
4825 0.04032187665901603
4881 0.014800217331028275
4887 0.03782386826854025
4913 0.02265996730952382
4928 0.01484588349924414
4939 0.039356402520589265
4945 0.0460036429101968
5038 0.05060020757395728
5051 0.02012553368473065
5059 0.013977659370617321
5210 0.0261637498333898
5214 0.03414316698818671
5247 0.01796591893242114
5279 0.019952957710669978
5382 0.0460036429101968
5391 0.021345629628620202
5483 0.04836178896657379
5555 0.044174522725358864
5689 0.00939634399721889
5734 0.04032187665901603
5747 0.05897474005638713
5775 0.03464011040783527
5886 0.028461400737005944
6024 0.04836178896657379
6149 0.0460036429101968
6154 0.016978201058343058
6166 0.02754967797803158
6206 0.029218590014477918
6207 0.039905915421339956
6212 0.04836178896657379
6245 0.020322270215488655
6425 0.07542298718703457
6429 0.038281408066384796
6469 0.05168540916137756
6489 0.03771149359351728
6497 0.0300529084589637
6524 0.05168540916137756
6551 0.04836178896657379
6583 0.038492756474178096
6606 0.010778553812926838
6619 0.08765577004343376
6629 0.019868013365084994
6637 0.025634723961850736
6693 0.02012553368473065
6736 0.04268002271539302
6758 0.14353053573766378
6859 0.0846713648223773
7028 0.06828633397637342
7232 0.09672357793314758
7276 0.17944306773295518
7284 0.038593686307906244
7374 0.024669249823423965
7387 0.03414316698818671
7401 0.01854429153204705
7418 0.04729707440836515
7479 0.014102174007730606
7551 0.029487370028193564
7571 0.021245050992592694
7580 0.00939634399721889
7668 0.03035101607460473
7671 0.1067500381769666
7674 0.023149489220295954
7714 0.021447457720635808
7717 0.04872075495682262
7747 0.03414316698818671
7749 0.039356402520589265
7891 0.04144358548299556
7901 0.0300529084589637
8120 0.044174522725358864
8130 0.03464011040783527
8139 0.033674636269408496
8166 0.03464011040783527
8250 0.011120147238746122
8268 0.3260089043607001
8377 0.0300529084589637
8412 0.01876289264664319
8428 0.031316490213031505
8433 0.011723143720963572
8496 0.04836178896657379
8554 0.036998256464212266
8585 0.0957734906678045
8603 0.19344715586629516
8658 0.00978215901922324
8659 0.03464011040783527
8662 0.07690417188555222
8681 0.0460036429101968
8706 0.013497694620142671
8716 0.02104752201297917
8738 0.03464011040783527
8739 0.023536823763297157
8847 0.038492756474178096
8872 0.022542022022945005
8961 0.02598358750432759
8995 0.017531021013335753
9028 0.04310113340544528
9104 0.026536407459320285
9105 0.01448748516914568
9113 0.027129223971816573
9162 0.08536004543078604
9183 0.044174522725358864
9189 0.0460036429101968
9204 0.014984428588794237
9270 0.0300529084589637
9367 0.02367011216337586
9375 0.023943372666951124
9383 0.01448748516914568
9409 0.03360382697985377
9497 0.04015367563268838
9530 0.03771149359351728
9600 0.02822378827412577
9679 0.05168540916137756
9719 0.02684072665935196
9725 0.025581869634256255
9730 0.026536407459320285
9749 0.030981870038159404
9773 0.07542298718703457
9783 0.01254518025673811
9793 0.03771149359351728
9823 0.03281099022299734
9827 0.0399283885050347
9858 0.0460036429101968
9905 0.0131181334831238
9961 0.019618337535797874
10013 0.13124396089198936
10032 0.03166535375550835
10033 0.029218590014477918
10046 0.05161459987182283
10093 0.04141644096132523
10106 0.032411054515340695
10255 0.04141644096132523
10290 0.03464011040783527
10324 0.023943372666951124
10329 0.03323144422921234
10359 0.044174522725358864
10362 0.016629337515866212
10386 0.017404909972144333
10387 0.025465706510092126
10403 0.05168540916137756
10432 0.04761120755402562
10438 0.02776827909262771
10482 0.05168540916137756
10516 0.009831688209152537
10519 0.027129223971816573
10529 0.03414316698818671
10561 0.0523274996667796
10569 0.02242574977566051
10599 0.04268002271539302
10600 0.02895834415665451
10604 0.030981870038159404
10606 0.03771149359351728
10636 0.033674636269408496
10791 0.033674636269408496
10922 0.02776827909262771
10924 0.07030229310010078
10925 0.027129223971816573
10930 0.013267855563244823
10943 0.05168540916137756
10957 0.04836178896657379
10999 0.025067840021914672
11052 0.02482247028437316
11108 0.03940144140309645
11245 0.021145691521584763
11259 0.020213203568493387
11261 0.0460036429101968
11262 0.03443861664476431
11272 0.028461400737005944
11336 0.278301141656765
11338 0.16607901199664332
11339 0.1997823521986559
11546 0.04141644096132523
11681 0.044174522725358864
11708 0.029218590014477918
11713 0.0460036429101968
11714 0.01765910261911243
11716 0.03634214190749541
11798 0.05644757654825154
11842 0.01847270106830889
11861 0.024669249823423965
11917 0.0460036429101968
11935 0.044174522725358864
12005 0.05168540916137756
12030 0.04836178896657379
12057 0.015714619304275253
12064 0.010674541289720276
12140 0.03323144422921234
12151 0.03516913627937433
12183 0.025807299935911417
12195 0.044174522725358864
12215 0.029875972441933185
12216 0.03323144422921234
12250 0.039356402520589265
12286 0.05168540916137756
12315 0.07268428381499081
12316 0.06982973371642125
12328 0.019952957710669978
12335 0.01746772296911519
12349 0.04141644096132523
12382 0.03634214190749541
12406 0.0390735482332699
12418 0.10720402413043338
12448 0.027129223971816573
12499 0.06928022081567053
12523 0.015920845426342936
12591 0.026536407459320285
12611 0.03044134267448656
12632 0.036998256464212266
12763 0.019063735805775004
12764 0.047762536279028815
12807 0.02631061680791261
12817 0.04032187665901603
12834 0.0067945307767182635
12865 0.010161135107744327
12962 0.03166535375550835
13030 0.029218590014477918
13108 0.09672357793314758
13112 0.07400108665514138
13174 0.02895834415665451
13188 0.05168540916137756
13208 0.05168540916137756
13246 0.04268002271539302
13261 0.024371142207782942
13280 0.05168540916137756
13336 0.008762001182369127
13371 0.039356402520589265
13448 0.05168540916137756
13544 0.05168540916137756
13581 0.030981870038159404
13582 0.04032187665901603
13660 0.019063735805775004
13661 0.05741221429506552
13675 0.11313448078055187
13709 0.019700720701548224
13723 0.029329451434782668
13751 0.03516913627937433
13754 0.02111697080218688
13787 0.12844072313540295
13822 0.013458937782011638
13858 0.02186791172685082
13919 0.0366627380310527
13989 0.01607899289110343
14072 0.024546107645785343
14163 0.03312406704916788
14212 0.08733861484557594
