194 0.10738073338728041
422 0.3313884283909153
1107 0.10213758200133513
1567 0.1106875877969403
1653 0.07819788970065691
1689 0.0893692823356906
1967 0.21723970213645413
2204 0.0893692823356906
2891 0.3451101219372177
3092 0.08148925309952648
3130 0.08724456402078978
3257 0.17179927802682365
3402 0.20051777095449622
3648 0.1202233743960608
3915 0.11490588166697967
4808 0.10835425250899751
6245 0.07622680192739517
6775 0.09925007157141455
6813 0.08385879111906991
7201 0.0571933550676931
8264 0.10705962209097224
8293 0.1138238712259362
8348 0.268074377733057
8433 0.08794467792315883
8463 0.12692307396904243
8739 0.17656854120928436
8982 0.16404869712813605
9396 0.31069785099997815
9932 0.13699491645082473
10553 0.1949236730988811
10999 0.037610783752727944
11003 0.09157005025993824
12413 0.12517848395329118
12667 0.10333165201508941
12725 0.17461622886953293
12865 0.07622680192739517
13024 0.15863074569347602
13480 0.09385251458948946
14163 0.04969802430955353
14170 0.09308224138415659
14171 0.26302842196243564
