150 0.1720671388153751
194 0.07778117245573406
556 0.2168457280273984
920 0.10936062881222859
1012 0.08296922278236094
1653 0.05664259641945914
2114 0.10235923983629028
2204 0.06473458824803421
2209 0.13086790063576553
2648 0.07968701108430955
2649 0.17611922037895097
3092 0.059026693603994575
3402 0.145244932038232
3454 0.12444270820707426
3648 0.08708373208240686
4808 0.0784863404715096
4885 0.14119285047465616
6235 0.09258220579278863
6417 0.2353431490624763
7201 0.041427973841434165
8264 0.0775485756729802
8348 0.38835904258944803
8433 0.0637026768613547
8886 0.14317282900354006
9396 0.225053809635443
9416 0.2400410174658174
9765 0.08244825564259478
10553 0.14119285047465616
11003 0.06632871322791846
11482 0.38543497259883797
11484 0.225053809635443
12064 0.029002325255394347
12335 0.09491828627976143
12626 0.19417952129472402
12992 0.13405083886359115
13336 0.04761205213079061
13351 0.20104572903585619
13480 0.06798201495198652
13885 0.2191060299516292
14163 0.035998735318644566
14170 0.06742406799882182
