194 0.10355029846134206
437 0.15819682930033885
818 0.2265497281312706
898 0.18302599032147723
1567 0.106739192318618
1653 0.07540845142439019
2428 0.21740872602955444
2605 0.21740872602955444
3092 0.07858240685891373
3512 0.12456790631732083
3956 0.11186911566464396
3991 0.13735923827755983
4899 0.13312178346594802
6077 0.21532784108953168
6813 0.08086741983469849
7020 0.12368938453298074
7374 0.17846226708935164
7718 0.12501209667766322
7792 0.19775953421559395
8348 0.25851175484134625
10037 0.14950336997074948
10567 0.05942114698456952
11002 0.2469984709683562
11003 0.08830360657287038
11482 0.41050454951949283
11488 0.2847120552338948
12117 0.12368938453298074
12900 0.13902974693732265
13480 0.09050465191030511
13754 0.07638218653571638
13924 0.2728124564061249
14170 0.08976185552781703
