1107 0.12402350562787624
1642 0.3155463578205426
1770 0.24712761345206807
2204 0.10851922939173259
2648 0.13358504733614834
3092 0.09895067655183419
3184 0.17506574397724606
3521 0.24712761345206807
3648 0.1459847008206755
3915 0.2790555637280398
7401 0.16892508662374825
7671 0.12155195720856646
8345 0.22611475535513678
8433 0.10678936238379008
8977 0.3255170471436323
10553 0.23669169363407658
10657 0.11459324751467748
11488 0.35850836865352936
11880 0.20750599838906694
12064 0.048618676235719346
12667 0.12547343959115526
13043 0.19172770623851804
13336 0.07981549503636945
13596 0.22068186873095075
13872 0.13565357997129537
14170 0.11302779703569225
