1075 0.11897473473749878
1107 0.12553426100061954
1642 0.15969504587014147
1653 0.09611069797257982
1770 0.12506896241360246
2204 0.05492056202201845
2428 0.1385474970599347
2648 0.06760613688985644
3092 0.15023402209396022
3130 0.05361484801220339
3150 0.09442439037181925
3165 0.1003196984213463
3184 0.0885991275825041
3249 0.08582434708354486
3422 0.15126258337563322
3521 0.12506896241360246
3648 0.07388148497392966
3865 0.0680214092783617
3915 0.0706136989786011
4974 0.08753456684543588
5247 0.04141251592782569
5685 0.07910210435092764
5903 0.08718627491389962
6044 0.06331613880636061
6151 0.11372818780746664
6973 0.17745620433766396
7201 0.035147324921374394
7402 0.1335014249081107
7491 0.056426315279977254
7625 0.2382759087562337
7627 0.07244627170877639
7671 0.0615163030754012
8115 0.06501270632566643
8182 0.11978744148101392
8433 0.0540450925883331
8932 0.14766086819358382
8977 0.16474111802196542
8997 0.02985059392335013
9294 0.2229536227353421
9497 0.061704413337806394
9531 0.086499175856682
10553 0.23957488296202784
11000 0.015322286020891604
11003 0.056273011187109714
11376 0.15740407735816778
11452 0.2382759087562337
11482 0.19620088015663503
11488 0.18143771575241976
11623 0.1323385821726922
11880 0.1050168354341063
12064 0.049210910151112494
12666 0.08932586934680845
12667 0.06350092845118394
12877 0.05180506464628157
13043 0.09703159007701233
13336 0.040393871851406526
13596 0.2233700391480381
13816 0.09983208640347967
13872 0.1373060036286979
13925 0.11663649991909422
13957 0.2229536227353421
14062 0.14017507345746008
14066 0.20364982529969472
14163 0.03054118098668654
14170 0.11440461146112349
