337 0.023461543204015393
437 0.029795328950247186
556 0.027186177900554262
917 0.07823841345235112
931 0.0338209554126064
994 0.02329607942278704
995 0.027303127670238105
1099 0.0497633772364033
1145 0.03447173759544807
1318 0.023886256010658257
1319 0.025993777404491863
1402 0.031714655893643535
1450 0.08728188354444913
1460 0.027186177900554262
1545 0.02354520352743315
1604 0.038315134522922255
1620 0.02488168861820165
1627 0.1485499968743005
1718 0.02100273089043915
1840 0.060188391660925246
1967 0.03945614015546623
2038 0.05362363695475577
2215 0.0338209554126064
2485 0.02778357167830741
2488 0.03340725623039279
2574 0.035402993512561765
2609 0.05391177861967634
2648 0.019980889449920415
2659 0.020869769784953952
2741 0.052446907399102544
2770 0.026730253333625373
2793 0.038657911611127735
2797 0.042213221857270763
2816 0.036688156938932175
2832 0.04951666562476684
2913 0.06268059294093432
2926 0.03724670336985486
2965 0.01967983076477609
2972 0.03945614015546623
3032 0.060188391660925246
3082 0.06589359920966774
3105 0.03845529771446582
3220 0.06964277341328469
3241 0.03696393887545715
3341 0.14596656104456557
3443 0.039006030894518734
3512 0.023461543204015393
3527 0.024509367443009692
3567 0.052446907399102544
3633 0.009759416704224819
3927 0.05041063068602235
3990 0.06268059294093432
4025 0.03071381345264312
4182 0.03403369710112144
4383 0.0201036225636294
4438 0.07822492755827058
4510 0.10987821735822324
4535 0.024976741114942885
4660 0.028031773024994256
4687 0.05138242603404726
4692 0.07691059542893164
4722 0.031890543008296336
4725 0.05041063068602235
4762 0.03492766216237696
4835 0.029943259602358795
4885 0.035402993512561765
4922 0.01823311662593526
4964 0.03447173759544807
4974 0.07761211852859519
4985 0.023052391189247495
5260 0.03888938727746312
5279 0.027186177900554262
5294 0.046520532208255125
5345 0.10489381479820509
5360 0.036688156938932175
5412 0.036688156938932175
5417 0.036688156938932175
5517 0.04588215269293307
5582 0.031714655893643535
5613 0.025072609522920463
5663 0.03764496820021286
5689 0.012802647268008486
5730 0.03469737357166086
5793 0.026185335459553843
5800 0.03206924443591695
5938 0.02198060769843118
5964 0.060188391660925246
6044 0.01871298713527771
6062 0.060490264117132896
6083 0.03945614015546623
6102 0.02120518841528679
6154 0.023133031257649785
6174 0.05643046751812029
6245 0.041534056862604744
6278 0.018077634751280224
6285 0.05362363695475577
6420 0.03945614015546623
6528 0.04847610410723259
6567 0.03753681321206988
6573 0.09903333124953367
6636 0.029222454613634454
6706 0.03981072869773965
6768 0.05362363695475577
6775 0.01802628477138137
7099 0.012770599610571205
7296 0.06268059294093432
7442 0.0247874382617957
7453 0.030245132058566448
7489 0.04791842940601327
7536 0.029795328950247186
7540 0.027303127670238105
7566 0.0470904070548663
7580 0.012802647268008486
7717 0.0221275650943918
7851 0.02488168861820165
7963 0.04588215269293307
8087 0.027540766442827675
8137 0.05643046751812029
8401 0.025564697966951946
8415 0.07042207720275702
8433 0.015972943729613095
8474 0.11688981845453782
8484 0.03154149582111236
8673 0.017379369832675864
8706 0.018390793611231054
8744 0.013105043690388906
8800 0.05643046751812029
8868 0.048688983256297586
8872 0.03071381345264312
8961 0.035402993512561765
8968 0.03206924443591695
8970 0.03516279928842148
8996 0.012269962254911974
8997 0.008822296978285335
9094 0.01567846261495337
9126 0.02362949525548989
9231 0.07042207720275702
9282 0.04527829747389258
9366 0.13830754625369535
9392 0.03641902100138562
9402 0.028811294038308385
9409 0.022892837033509507
9443 0.048688983256297586
9531 0.05112939593390389
9592 0.03981072869773965
9645 0.018077634751280224
9652 0.033172551824543116
9654 0.024149058746473644
9719 0.018285428669832782
9749 0.042213221857270763
9755 0.693912908064472
9820 0.04177518136294414
9827 0.01360074392128642
9900 0.048688983256297586
9902 0.015462578561565663
9905 0.01787363636844225
9906 0.02460129060351481
9944 0.1591487113596407
9957 0.031714655893643535
10005 0.03516279928842148
10008 0.04951666562476684
10030 0.03877904794643243
10040 0.02371442799143579
10072 0.03845529771446582
10094 0.04314447777438445
10113 0.1823951050157261
10156 0.03646623325187052
10234 0.028157973248579174
10281 0.03340725623039279
10495 0.026619122058969536
10499 0.08763139130306055
10567 0.02238316189820683
10629 0.04017694514419057
10657 0.01714020435637895
10949 0.07165876803197478
10950 0.10881867423104734
10999 0.013662110014977281
11000 0.054341735917071345
11108 0.02684250152422331
11245 0.028811294038308385
11255 0.055661492818567464
11325 0.02281390666292206
11326 0.027186177900554262
11359 0.0938380071484888
11520 0.03492766216237696
11814 0.044705423137279855
11842 0.025169307970729984
11875 0.027421315026598784
11905 0.02460129060351481
11910 0.025464530470829506
11922 0.03945614015546623
11957 0.019859490418209454
12064 0.029088417137671865
12192 0.042669146424199646
12264 0.03724670336985486
12328 0.027186177900554262
12403 0.03206924443591695
12513 0.023886256010658257
12591 0.07231243653114046
12602 0.06589359920966774
12733 0.020936052477740226
12735 0.01752536669533521
12807 0.0537728631202422
12810 0.02936294201258577
12834 0.009257641154016729
12877 0.045932720782274415
12903 0.018077634751280224
12912 0.05493910867911162
12919 0.03154149582111236
12999 0.030555390924744755
13079 0.016015653536741902
13122 0.03243546088236788
13336 0.035815039508860176
13676 0.021763734846209467
13695 0.029222454613634454
13754 0.014386080832569101
13761 0.026730253333625373
13764 0.03945614015546623
13775 0.030245132058566448
13822 0.03667597377792202
13874 0.023817364413505945
13912 0.02148097035181176
13973 0.09695220821446518
14004 0.04588215269293307
14043 0.03641902100138562
14163 0.0180527978387286
