337 0.1167281483842003
1319 0.06466338295722383
1604 0.09531458926339538
2215 0.16826930213279723
2488 0.16621102578209293
2574 0.17614041173864117
2793 0.09616729819363969
2819 0.31185457367385877
4438 0.19459612848063565
4692 0.19132653205030917
5345 0.2609389474485669
5582 0.1577898361977096
5793 0.13027982415452272
6245 0.0688814245266154
6420 0.1963060205667469
6706 0.19807020392066815
7856 0.17262974287734334
8087 0.13702349602488167
8474 0.14539039434145498
9366 0.13762422736960386
9755 0.47078494016152034
9902 0.038465461309209255
9944 0.11311601794599138
10113 0.15124497351324856
10361 0.11798632533928921
10499 0.21799610448017956
10949 0.11884122078883194
10950 0.10828104734764157
11326 0.13525931267096042
12064 0.03618087951825942
12328 0.13525931267096042
12865 0.0688814245266154
13336 0.05939682099940641
13695 0.14539039434145498
13754 0.07157502656533796
13874 0.05924923231188978
14163 0.044909016566915934
