337 0.0208217360681012
437 0.02644286737959007
670 0.032804891503064884
968 0.039943239105696304
995 0.024231079483555514
1027 0.022251531090054722
1099 0.02208209190809768
1129 0.05160905140454194
1249 0.02510302163059478
1307 0.030997729207188286
1319 0.05767263131658267
1354 0.04759010121263079
1397 0.01875900287224083
1458 0.017154132307313986
1461 0.017002027776108528
1465 0.0456010631575402
1469 0.0401837488444925
1483 0.02754533039954598
1524 0.03141957801024351
1566 0.02277795306415199
1567 0.017841636391632342
1604 0.017002027776108528
1620 0.04416418381619536
1689 0.014405357201745786
1721 0.0401837488444925
1749 0.10016223490880712
1796 0.04473861067209073
1905 0.05008111745440356
1940 0.019251623540386693
2167 0.05847949213699317
2214 0.04071966048017957
2215 0.030015545058084035
2365 0.028785941311153734
2386 0.041887120131550666
2479 0.023822281308815443
2485 0.04931493137381338
2488 0.05929678759320642
2548 0.12499688465780864
2558 0.015169740116275374
2560 0.03707479056140746
2574 0.03141957801024351
2617 0.027117409957236015
2659 0.018521579526361805
2672 0.04759010121263079
2693 0.020895983237540525
2720 0.037868169939639505
2730 0.02031701863840768
2776 0.020039743194020167
2803 0.04875756086400188
2832 0.043945231293858675
2919 0.03471167223317782
2955 0.06715528492866661
2969 0.029294357920130132
2995 0.02760889786928708
3084 0.05008111745440356
3090 0.03186018169263777
3105 0.03412844809346657
3142 0.02556955248124697
3169 0.04654577296796733
3188 0.03501667939909944
3219 0.03746354433948155
3235 0.05008111745440356
3308 0.031206409562770057
3314 0.03919172653004119
3321 0.03084781325245169
3323 0.036700710288268414
3341 0.02159048946901157
3417 0.03186018169263777
3432 0.01942576678795118
3443 0.03461721478793726
3517 0.02605913104063775
3567 0.04654577296796733
3590 0.030015545058084035
3655 0.05847949213699317
3758 0.03646516179628713
3768 0.05847949213699317
3798 0.04875756086400188
3799 0.033313308112041286
3823 0.033577642464333306
3865 0.017841636391632342
3940 0.02392291111500036
3984 0.0375247825215774
4028 0.02644286737959007
4103 0.03471167223317782
4182 0.030204349828956235
4184 0.03163743185169379
4219 0.03292693672810759
4287 0.0749270886789631
4375 0.04654577296796733
4384 0.01741294468131643
4438 0.03471167223317782
4489 0.025732733950395714
4510 0.04875756086400188
4577 0.01391437927519956
4619 0.04654577296796733
4689 0.02657415341511918
4692 0.03412844809346657
4762 0.030997729207188286
4808 0.017465528097867618
4818 0.04759010121263079
4901 0.05008111745440356
4913 0.02740062781833235
4957 0.026313297550588217
4990 0.021998446257496432
5034 0.05160905140454194
5130 0.033577642464333306
5166 0.06883154226399439
5172 0.030593103607030332
5197 0.03163743185169379
5228 0.028785941311153734
5260 0.01725684774228585
5279 0.02412728847473707
5362 0.06249844232890432
5455 0.02487774032474792
5571 0.02208209190809768
5582 0.08443871599994467
5588 0.03873062242508898
5615 0.08947722134418146
5663 0.01670464694800518
5689 0.011362140165692347
5698 0.0556280015964531
5730 0.09238005554235475
5837 0.032321285797589965
5997 0.04759010121263079
6044 0.01660747018166478
6062 0.026842060285299372
6081 0.029294357920130132
6138 0.05008111745440356
6166 0.033313308112041286
6245 0.012286932169671498
6294 0.02487774032474792
6299 0.041887120131550666
6310 0.014100350035824166
6505 0.030997729207188286
6519 0.07751480629190806
6528 0.021510874978544557
6569 0.04071966048017957
6573 0.131835693881576
6606 0.013033520190637984
6608 0.043210676721952335
6636 0.025934450770613668
6655 0.035992412554957165
6681 0.05645777423309802
6752 0.023429677481839408
6777 0.04071966048017957
6789 0.021833243253724863
6866 0.018940878631454817
6899 0.05008111745440356
6921 0.029294357920130132
7028 0.04128621186444841
7046 0.033313308112041286
7099 0.03400109518079788
7242 0.029440097473120704
7331 0.043945231293858675
7381 0.03873062242508898
7422 0.017154132307313986
7429 0.05008111745440356
7442 0.021998446257496432
7453 0.053684120570598744
7458 0.05847949213699317
7491 0.014800307885788181
7536 0.02644286737959007
7616 0.02392291111500036
7717 0.01963785230232857
7766 0.06249844232890432
7891 0.01670464694800518
7914 0.041887120131550666
7941 0.028785941311153734
7959 0.032804891503064884
7966 0.034415771131997196
8020 0.03208805266558582
8087 0.024441980009551632
8089 0.0401837488444925
8097 0.018347171200683382
8149 0.05847949213699317
8250 0.013446577905956462
8370 0.036700710288268414
8433 0.028351452901164215
8442 0.07935066447103223
8474 0.10373780308245467
8484 0.027992561932921677
8510 0.06249844232890432
8669 0.06860542137501088
8744 0.02907628011821401
8795 0.034004055552217055
8893 0.027117409957236015
8895 0.039675332235516114
8972 0.039675332235516114
8973 0.04252682277605617
8996 0.03266817277308713
8997 0.007829644350284036
9028 0.02605913104063775
9241 0.04759010121263079
9251 0.03707479056140746
9282 0.0401837488444925
9366 0.17184396094454601
9375 0.028952532640548898
9402 0.02556955248124697
9492 0.03634023598950112
9497 0.008092361788822423
9612 0.06249844232890432
9652 0.014720048736560352
9654 0.021431894873227587
9722 0.024231079483555514
9755 0.5878438005913552
9781 0.02259935452459868
9784 0.027258007361015347
9820 0.03707479056140746
9899 0.02846093020146279
9900 0.043210676721952335
9902 0.020584178560306584
9905 0.0317251201939031
9944 0.060532234170130005
9961 0.023722662874579113
9976 0.06249844232890432
9994 0.07340142057653683
10031 0.02846093020146279
10094 0.03829001874269473
10113 0.1618726740916628
10156 0.01618159294905871
10180 0.03163743185169379
10209 0.026842060285299372
10281 0.02964839379660321
10316 0.018580404332687525
10322 0.03141957801024351
10324 0.028952532640548898
10361 0.06313850154909999
10401 0.05847949213699317
10460 0.019442856818137
10493 0.02644286737959007
10495 0.11812017842491591
10499 0.038885713636274
10567 0.04966172571869411
10589 0.03873062242508898
10645 0.04846215896711103
10732 0.01680278587619004
10811 0.06249844232890432
10812 0.05341621370041855
10856 0.030015545058084035
10857 0.06249844232890432
10949 0.12719197044734068
10950 0.19314958904593857
10952 0.06249844232890432
10980 0.03829001874269473
10999 0.006062449652001853
11000 0.03617055172720041
11163 0.043945231293858675
11245 0.05113910496249394
11259 0.024441980009551632
11317 0.02135353912309796
11326 0.02412728847473707
11356 0.017465528097867618
11537 0.03919172653004119
11576 0.0208217360681012
11638 0.06249844232890432
11658 0.0456010631575402
11733 0.03283185788135433
11745 0.033577642464333306
11754 0.06249844232890432
11849 0.024231079483555514
11875 0.04867193766063767
11886 0.035656382043604946
11910 0.02259935452459868
11987 0.08490700681703643
12064 0.051630989403610585
12069 0.02323905716910419
12150 0.05341621370041855
12231 0.0252176119331346
12264 0.03305584036949629
12328 0.02412728847473707
12436 0.0556280015964531
12587 0.0749270886789631
12593 0.05847949213699317
12602 0.05847949213699317
12610 0.026842060285299372
12611 0.09202483497883876
12735 0.015553476455227692
12737 0.06249844232890432
12771 0.04128621186444841
12793 0.05008111745440356
12807 0.07953756165850386
12834 0.00821600518968154
12881 0.02605913104063775
12903 0.03208721065392406
12919 0.027992561932921677
12968 0.030396820940086042
12985 0.03873062242508898
12999 0.027117409957236015
13022 0.021998446257496432
13079 0.014213630706232407
13332 0.028785941311153734
13336 0.052975436827081994
13338 0.055682463001453214
13341 0.04875756086400188
13344 0.03305584036949629
13414 0.06249844232890432
13582 0.04875756086400188
13616 0.02031701863840768
13676 0.01931495890459386
13695 0.051868901541227336
13744 0.027117409957236015
13754 0.01276741156987735
13786 0.026822982635817606
13787 0.01725684774228585
13790 0.05341621370041855
13810 0.04128621186444841
13842 0.029121971822505945
13846 0.05008111745440356
13858 0.02644286737959007
13872 0.018007299592296695
13918 0.021431894873227587
13973 0.043021749957089114
14039 0.02846093020146279
14041 0.02010833828282591
14062 0.012255713401270437
14110 0.03186018169263777
14163 0.008010781486540533
14198 0.02510302163059478
