337 0.07802372185118428
1319 0.04322246069735434
1566 0.08535410632446826
1719 0.13752580485638083
1871 0.06984669417783392
2144 0.1312153628617473
2215 0.11247498917304283
2488 0.11109919092983209
2574 0.23547243201381943
2730 0.07613243227671976
2793 0.06428038677306777
3130 0.05269675392259645
3341 0.08090441351534736
3633 0.03245592192034136
3852 0.09041036918435212
4182 0.11318248305724768
4439 0.1389275676626115
4762 0.11615545378971592
5197 0.11855256328332964
5279 0.09041036918435212
5360 0.12201015625203726
5582 0.10547027825638346
6062 0.10058322892784155
6154 0.07693122232951453
6245 0.04604189462758095
6911 0.11042994208681736
7884 0.23419570128320255
8087 0.09158958904867982
8250 0.05038734767135594
8433 0.05311963104330896
9366 0.0919911314015459
9755 0.5244720850876446
9902 0.025711180170433195
9908 0.09957932171027846
9944 0.0756092925596874
10113 0.10109554471768456
10259 0.14686020222551363
10281 0.11109919092983209
10335 0.08852456794471654
10526 0.161920111297545
10657 0.057001473668862726
10949 0.07943614701026194
10950 0.21713246813955744
11000 0.01505990907203136
11326 0.09041036918435212
11474 0.20845061667783873
11576 0.07802372185118428
11929 0.10912656955239369
11959 0.1348716541577575
11987 0.10605520854811845
12328 0.09041036918435212
12567 0.19339070760580737
12834 0.030787216856027408
12865 0.04604189462758095
13024 0.09581485636600934
13695 0.09718221221666472
13874 0.039603520537166446
13973 0.08060608013722725
14114 0.17833079853377604
14163 0.03001819754472825
