337 0.029182247382925238
1001 0.0388113628624589
1027 0.09355843568399123
1064 0.08631549342693572
1100 0.059602535475509165
1107 0.02307401289735944
1112 0.04287709318530597
1162 0.037244421714665174
1319 0.016165962231008496
1460 0.03381507183868488
1519 0.049403788765594404
1545 0.029286306874361196
1881 0.058705974268393
1882 0.04465293867805174
2017 0.030715189036908196
2254 0.1141394936132901
2479 0.16693797868385063
2485 0.06911626015792838
2488 0.04155305587627505
2659 0.025958513444460513
2744 0.04105686466071662
2793 0.02404199779471692
2815 0.0666988622861787
2816 0.04563394924645305
2954 0.06833508974792665
2972 0.04907685878885934
2995 0.019347322551690724
3130 0.01970951491111166
3142 0.035836445315507504
3208 0.032438513192422
3247 0.14992025998792652
3391 0.051437075336004244
3432 0.013612878632091424
3633 0.02427817386939819
3728 0.06677519147354025
3729 0.07019009144999774
3759 0.08196064923635317
3761 0.033247977705772314
3790 0.05449941884211102
3841 0.024404730599474362
3991 0.032178844376936924
3993 0.05428205415758539
4025 0.03820286220962009
4079 0.037060420651823765
4439 0.10392271867192082
4489 0.03606514872359187
4692 0.04783197768915375
4763 0.04563394924645305
4806 0.144663067513639
4820 0.04744063132711139
4928 0.02515990983969416
4984 0.058705974268393
4990 0.18498863839977284
5038 0.04287709318530597
5358 0.031427749181182955
5571 0.061897342919625564
5588 0.10856410831517078
5667 0.14972864485136728
5677 0.07804053441482187
5685 0.05815792315032049
5747 0.0499734199959755
5829 0.04823466899029169
5963 0.04706000814364119
6207 0.03381507183868488
6245 0.0172204802221986
6278 0.06745668920700884
6315 0.018266844283759746
6489 0.06391116963711906
6528 0.030148094903995636
6563 0.028773633303121375
6720 0.030148094903995636
6723 0.03440630477376218
6779 0.0666988622861787
6789 0.030599903087710472
6860 0.08759332070699397
6866 0.15927703743777674
6911 0.041302745011396774
7099 0.015884496336123155
7151 0.08196064923635317
7206 0.03118614522799708
7233 0.04155305587627505
7242 0.04126112273386372
7533 0.062133801830290304
7580 0.047773074833467856
7614 0.05706974680664505
7693 0.02229482491720774
7718 0.029286306874361196
7862 0.07106548752438879
7891 0.023412031450534516
8074 0.06649595541154463
8154 0.044340748525334706
8345 0.08413525734391132
8474 0.2544350235528429
8487 0.06270241827728586
8517 0.027431305172290105
8658 0.03315642871288038
8662 0.08688837463643707
8701 0.0666988622861787
8724 0.19173350891135715
8744 0.008150244500360056
8779 0.06391116963711906
8893 0.07601162200577513
8996 0.015261786950174461
8997 0.01097346626635769
9022 0.0666988622861787
9097 0.05786378446982535
9099 0.026546172906296125
9174 0.043736658692393404
9366 0.10321891432128652
9383 0.04910503584083356
9459 0.06833508974792665
9497 0.011341672128643157
9647 0.02939115172787727
9708 0.024777189294228518
9722 0.03396053785004708
9755 0.19616180527325036
9783 0.02126081645449476
9839 0.07486432242568364
9870 0.0779642052274603
9873 0.1141394936132901
9902 0.08654791160878712
9904 0.27464152249911644
9916 0.04497230624097775
9931 0.08759332070699397
9949 0.04057778693934644
9966 0.03310974893195357
10068 0.026718745028015342
10113 0.22686909508546638
10316 0.02604095806122231
10322 0.044035420253295834
10329 0.05631865161089107
10362 0.028182400368044074
10456 0.048649382686944596
10575 0.18359941852626285
10602 0.04744063132711139
10695 0.07486432242568364
10717 0.0666988622861787
10732 0.023549575912284435
10836 0.04034430451644185
10949 0.11884207716321316
10950 0.08121137071875688
10999 0.025490079921186022
11108 0.03338759573677012
11226 0.14972864485136728
11325 0.02837669552335391
11326 0.10144521551605462
11328 0.04105686466071662
11371 0.02949679388831528
11576 0.029182247382925238
11610 0.08759332070699397
11617 0.042601997519650894
11633 0.046689536131357415
11849 0.03396053785004708
11861 0.16723183942588232
11905 0.061199806175420944
11956 0.05428205415758539
11967 0.04823466899029169
12057 0.026632190996299605
12064 0.027135855179295523
12117 0.05795287606244876
12231 0.03534319076144409
12246 0.05706974680664505
12378 0.03869464510338145
12614 0.032050807736481064
12640 0.05196135933596041
12695 0.030948671459812782
12733 0.05208191612244462
12735 0.0217986337016493
12807 0.02229482491720774
12865 0.051661440666595795
12868 0.0779642052274603
12959 0.09059837804057926
13057 0.039232361054650076
13079 0.03984160457343095
13336 0.04454793676137729
13695 0.036347860507549
13744 0.038005811002887566
13754 0.01789388558442906
13786 0.037593162849927496
13787 0.02418595635915122
13822 0.06842819313866502
13874 0.014812414816030843
13938 0.0779642052274603
13948 0.02604095806122231
14062 0.03435345248449508
14072 0.10399816476311934
14163 0.011227335045751633
14212 0.05920649115023284
