210 0.03280905380044071
336 0.02836569595704641
421 0.053160083884043814
483 0.023549551418228617
914 0.034577664645234686
925 0.06435979482460374
971 0.022070187757391203
976 0.02159535087375608
994 0.02129063713288975
1002 0.022568196392815695
1010 0.028826247110876384
1019 0.060221150722075775
1064 0.031710451221073827
1083 0.037064352341597724
1085 0.028670409697912746
1086 0.06342090244214765
1117 0.03071868604454987
1175 0.037422534786603796
1230 0.026088035748569636
1307 0.03192091542544913
1397 0.057953071995837935
1402 0.028984500703820436
1443 0.04607103307376246
1520 0.03943038671493986
1550 0.02121585912606344
1566 0.07036900430342181
1608 0.05500707579197031
1610 0.03988411262459737
1655 0.023181686298397206
1773 0.04379337286528568
1798 0.06435979482460374
1838 0.061062787183927866
1840 0.05500707579197031
1871 0.019194711439328445
1976 0.0360595595279771
2204 0.029668766111014225
2208 0.06435979482460374
2209 0.02998929351744106
2244 0.03404032204098186
2382 0.057033831587381616
2400 0.16552206644157402
2456 0.035440754781203065
2471 0.03213581077913632
2575 0.02129063713288975
2576 0.043134618352133766
2652 0.06435979482460374
2923 0.06435979482460374
2934 0.05861712900439342
2935 0.030909479492635606
3020 0.03257966993860106
3044 0.2611243597474837
3060 0.04379337286528568
3071 0.038178966143509824
3208 0.04766884133695789
3213 0.05728473600044708
3220 0.02121585912606344
3236 0.0227397492088524
3292 0.046959171448754035
3313 0.038178966143509824
3338 0.04379337286528568
3396 0.026835234040821106
3422 0.04085695814365698
3432 0.050010780996894086
3437 0.06561810760088142
3443 0.01782409895454701
3454 0.028516915793690808
3484 0.04793201696781365
3586 0.046959171448754035
3602 0.03988411262459737
3648 0.01995584546956327
3666 0.024028848495196493
3668 0.04085695814365698
3702 0.03988411262459737
3731 0.05314609189791912
3738 0.028670409697912746
3745 0.031710451221073827
3751 0.026706840495343658
3793 0.05020967717629042
3841 0.01793154365486324
3852 0.024845856601292474
3865 0.03674600565107466
3867 0.03514487457812702
3882 0.03213581077913632
3908 0.022826619114297234
3921 0.05020967717629042
3940 0.02463539239691717
3942 0.043134618352133766
3956 0.01925601584150602
4030 0.024227051854518445
4042 0.06435979482460374
4202 0.03404032204098186
4219 0.016953789671039835
4250 0.060221150722075775
4262 0.023181686298397206
4277 0.043134618352133766
4421 0.027502605821078024
4489 0.013249558033845943
4507 0.046959171448754035
4542 0.02345633476780727
4545 0.05314609189791912
4778 0.08071789901646498
4808 0.05395707939246899
4824 0.06561810760088142
4830 0.04085695814365698
4922 0.016663519334705494
4923 0.04193238897123449
4974 0.023643627220393208
5063 0.028984500703820436
5087 0.03574546852206941
5158 0.02764148078347473
5173 0.06435979482460374
5223 0.01652142211251008
5246 0.060221150722075775
5247 0.011185776364039435
5260 0.035541595554271624
5300 0.06435979482460374
5390 0.01652142211251008
5391 0.026580041942021907
5434 0.030909479492635606
5548 0.05393052643365039
5689 0.011700531766599768
5739 0.03943038671493986
5793 0.023931171651442394
5800 0.02930856450219671
5823 0.2723225763278549
5938 0.040176815503980966
5947 0.05157265243491712
5978 0.05500707579197031
6006 0.04251581360535973
6158 0.034577664645234686
6245 0.012652866279487392
6429 0.023834420668478944
6430 0.04525402496766648
6531 0.1835915702056451
6601 0.03192091542544913
6606 0.013421689470232543
6629 0.024740082055979495
6693 0.025060751954979657
6723 0.025280269066626546
6755 0.03150423911102354
6775 0.03294898518814391
6890 0.3421429805128848
6891 0.03857929793518021
7032 0.04449759361076045
7049 0.060221150722075775
7089 0.2760127070045791
7201 0.028480528716239656
7330 0.0389959742496058
7418 0.019631781671186996
7468 0.05272604039980702
7479 0.017560333572760503
7503 0.04525402496766648
7566 0.02151831539655021
7671 0.016615933457004947
7733 0.034577664645234686
7778 0.06435979482460374
7851 0.0227397492088524
7878 0.11456947200089417
7891 0.017202151127754427
7892 0.0256186586951153
8031 0.05314609189791912
8097 0.018893593665481722
8250 0.013847049028295033
8293 0.018893593665481722
8389 0.03857929793518021
8413 0.04449759361076045
8526 0.0389959742496058
8585 0.029814808033009062
8634 0.05728473600044708
8658 0.024361914034698715
8689 0.028516915793690808
8691 0.022914234693284394
8716 0.02620883185991917
8717 0.030531393591963933
8763 0.06435979482460374
8878 0.11857302086788944
8893 0.05585006204915358
8984 0.046959171448754035
8997 0.01612565962146701
9105 0.03608026281070672
9163 0.18191811663176685
9204 0.03731787230425477
9367 0.14737269057440364
9383 0.03608026281070672
9497 0.016666743200868674
9515 0.03280905380044071
9579 0.04525402496766648
9645 0.01652142211251008
9657 0.04085695814365698
9708 0.01820521024246988
9725 0.06371020013597244
9736 0.05728473600044708
9814 0.1287195896492075
9821 0.03378189931950032
9826 0.0958640339356273
9827 0.02485984858741716
9902 0.0070657414777501185
9905 0.01633498492426581
9930 0.043134618352133766
9932 0.0227397492088524
10003 0.04805769699039299
10098 0.05728473600044708
10159 0.03514487457812702
10242 0.02198949838636446
10361 0.021672972177706435
10420 0.04793201696781365
10442 0.05728473600044708
10459 0.028826247110876384
10553 0.03235532789078321
10567 0.010228154042849515
10573 0.05157265243491712
10608 0.030347475962447135
10614 0.018658936152127385
10706 0.04085695814365698
10797 0.05056053813325309
10924 0.017508388665336234
10930 0.06608568845004031
10977 0.11456947200089417
10999 0.012486007689086991
11000 0.03310915282022371
11029 0.05314609189791912
11097 0.01782409895454701
11259 0.02516992039966874
11272 0.035440754781203065
11314 0.02792503102457679
11324 0.04607103307376246
11331 0.03192091542544913
11352 0.03404032204098186
11364 0.03378189931950032
11502 0.03213581077913632
11503 0.12107684852469748
11540 0.05314609189791912
11560 0.04900744779539116
11631 0.03235532789078321
11636 0.02633107466566268
11666 0.05020967717629042
11733 0.016904834410387128
11814 0.04085695814365698
11815 0.12317696198458584
11822 0.060221150722075775
11880 0.02836569595704641
11955 0.027096970234910745
11957 0.018149886788444588
11996 0.06435979482460374
12011 0.03988411262459737
12033 0.05500707579197031
12041 0.022151520078390108
12064 0.033230427039287816
12078 0.08959791716289624
12117 0.02129063713288975
12254 0.03235532789078321
12328 0.024845856601292474
12336 0.034577664645234686
12378 0.04264673492619926
12383 0.03192091542544913
12403 0.02930856450219671
12413 0.04155668553532023
12477 0.04900744779539116
12499 0.043134618352133766
12513 0.02183000838711042
12558 0.02836569595704641
12611 0.0379062215140485
12640 0.038178966143509824
12735 0.01601669603539555
12739 0.05314609189791912
12763 0.023738578158862152
12764 0.019824982750438425
12768 0.023931171651442394
12807 0.06552510377460244
12818 0.03988411262459737
12846 0.06435979482460374
12877 0.013992867969380004
12924 0.13138011859585705
12957 0.02764148078347473
13255 0.04379337286528568
13324 0.03857929793518021
13379 0.08386477794246898
13557 0.03213581077913632
13565 0.060221150722075775
13614 0.023931171651442394
13660 0.023738578158862152
13723 0.018260835188196097
13761 0.04885836057373376
13786 0.013810917478072409
13806 0.04691266953561454
13872 0.01854359987095864
13875 0.028670409697912746
13918 0.022070187757391203
14004 0.04193238897123449
14014 0.02723039896208018
14067 0.05157265243491712
14079 0.037064352341597724
14090 0.024327615744616112
14200 0.04035894950823249
