97 0.0778538525931794
109 0.07284747572743669
127 0.0371593486537077
337 0.02593748436239558
464 0.0778538525931794
483 0.028487090578004463
530 0.07284747572743669
555 0.04216572551945041
558 0.06073693703168368
636 0.032306355680910004
637 0.09255617919051738
652 0.06929539481243153
762 0.03762533771451848
896 0.04149814431369523
961 0.040262389370684125
1103 0.16422675982804263
1171 0.04942327124240574
1336 0.0476975963544161
1408 0.045268766236426825
1440 0.04571780643445556
1451 0.034132761707925535
1483 0.03431301665521481
1488 0.0778538525931794
1545 0.05205994703687676
1611 0.1793419405098098
1689 0.035889296255888735
1718 0.023219188921261326
1742 0.05573056016594097
1768 0.04086481346165787
1919 0.032306355680910004
1940 0.023981606667970924
1963 0.0162778298118603
2265 0.10595070431482177
2311 0.028948723581406183
2460 0.059282641080946136
2503 0.05382722401717469
2597 0.023747897900162147
2690 0.07284747572743669
2720 0.047172102385193114
2850 0.03913913857366824
2935 0.03739014499206603
3020 0.039410517510920326
3126 0.056804910920435714
3157 0.02793330966720466
3256 0.0933361264677513
3341 0.026895114852448637
3343 0.045268766236426825
3388 0.04666806323387565
3435 0.05217847925093582
3512 0.02593748436239558
3519 0.028831687211318156
3633 0.010789346461600615
3668 0.19769308496962296
3706 0.06654018680390146
3722 0.0743186973074154
3865 0.022225195987210154
3905 0.04086481346165787
4136 0.06073693703168368
4191 0.043240076273945154
4211 0.04216572551945041
4332 0.06238568179792255
4566 0.03786509757021997
4590 0.07882103502184065
4660 0.030990019205623852
4685 0.09424018434870403
4686 0.04483548512745245
4708 0.07284747572743669
5124 0.0778538525931794
5158 0.033436958216516384
5231 0.03968799535893999
5474 0.03326896590266918
5501 0.047172102385193114
5517 0.10144836660039654
5571 0.02750750041600622
5685 0.025845682864429752
5816 0.28937674609168496
5829 0.04287147443596267
5924 0.05217847925093582
6001 0.04942327124240574
6083 0.04362002147018795
6104 0.04571780643445556
6120 0.04216572551945041
6179 0.04942327124240574
6230 0.025221501508622804
6251 0.06654018680390146
6291 0.06929539481243153
6315 0.016235760794679414
6429 0.028831687211318156
6488 0.029927234957453103
6553 0.06929539481243153
6606 0.016235760794679414
6696 0.03506156368944009
6702 0.1207871681120524
6729 0.04571780643445556
6756 0.044416894376663026
6921 0.03649176744795253
7020 0.025754558874466944
7039 0.03968799535893999
7057 0.09143561286891112
7085 0.040262389370684125
7100 0.0293066397894721
7153 0.033779959289370665
7154 0.05573056016594097
7161 0.09884654248481148
7195 0.04362002147018795
7235 0.06428901794668883
7408 0.04251355822789675
7422 0.021368777176705243
7442 0.054806607281411644
7466 0.04458720389884919
7491 0.05530990592101167
7566 0.05205994703687676
7649 0.029428288503505408
7652 0.04942327124240574
7671 0.020099728993623396
7714 0.032306355680910004
7718 0.02602997351843838
7839 0.06654018680390146
7857 0.09884654248481148
7859 0.06428901794668883
7865 0.01756470293170156
7906 0.045268766236426825
8040 0.04882084715143199
8124 0.1195717967835396
8156 0.03200146995349446
8182 0.03913913857366824
8244 0.07893501577572164
8567 0.11217043497619807
8574 0.04824645313968785
8688 0.022293601949424594
8689 0.03449594214314344
8746 0.04824645313968785
8996 0.013564834646490569
8997 0.03901332285346382
9094 0.017333040515091002
9244 0.10144836660039654
9372 0.03835905322191784
9387 0.040262389370684125
9413 0.0778538525931794
9426 0.03671030845567897
9497 0.010080595905448443
9511 0.04483548512745245
9597 0.056804910920435714
9631 0.059282641080946136
9652 0.018336657071700773
9695 0.07255405469340918
9783 0.018896834335071788
9944 0.35188795351531726
9957 0.03506156368944009
9961 0.029551147672379922
10209 0.033436958216516384
10262 0.06929539481243153
10266 0.04942327124240574
10331 0.028831687211318156
10333 0.04216572551945041
10727 0.04942327124240574
10761 0.047172102385193114
10786 0.10144836660039654
10794 0.03671030845567897
10823 0.05142993221671053
10856 0.03739014499206603
10884 0.029675241627454576
10942 0.05382722401717469
11000 0.04505739179168436
11047 0.03525601250494142
11213 0.07514642987386404
11255 0.015383888934915609
11272 0.04287147443596267
11300 0.0778538525931794
11326 0.15027593411848691
11356 0.15229676445155013
11365 0.019107005274961304
11371 0.10486822624451235
11386 0.040262389370684125
11394 0.05217847925093582
11526 0.05005660209444309
11876 0.053790229704897274
11957 0.021955300113391238
12008 0.0579817290231536
12064 0.0160790864879271
12164 0.0923675909905327
12165 0.05382722401717469
12379 0.04942327124240574
12403 0.0354535726331965
12554 0.04882084715143199
12678 0.09016556047109217
12726 0.04251355822789675
12733 0.023145473809188397
12735 0.019374851886456795
12807 0.019815871788914186
12810 0.03246166898156236
12956 0.038613644604445246
13033 0.05382722401717469
13064 0.10461038911796522
13270 0.0579817290231536
13316 0.06428901794668883
13494 0.06428901794668883
13754 0.01590427123170048
13779 0.1557077051863588
13790 0.06654018680390146
13831 0.23356155777953824
13858 0.09881905959884212
13872 0.06729468427462797
13982 0.02504880995795468
14062 0.015266852564827588
14065 0.025221501508622804
14163 0.03991588767778693
