293 0.12060549645340933
998 0.12496894225551425
1101 0.3206592114636128
1319 0.03633132894737978
1460 0.07599587830250035
2172 0.08914639764090308
2917 0.14989879795011557
2972 0.11029516677591067
2995 0.08696221478586053
3341 0.2040164867962395
3443 0.10903693736451932
3636 0.12496894225551425
3746 0.08091714186815041
3895 0.13193560840011578
3984 0.03939838782993986
4030 0.07410314379213524
4125 0.18419808642352586
4590 0.09965124855710382
4747 0.06629099501382353
4903 0.1979301096584085
4970 0.13910787953396048
4985 0.06444034618650706
5064 0.10035286365247617
5363 0.11677778356840879
5685 0.06535196008369348
5798 0.05419325159765105
6067 0.0794301676111187
6315 0.04105284418089585
6419 0.09015359975491295
7201 0.0580754859597696
7202 0.12199330527668129
7442 0.06929047358053822
7520 0.1384182251926139
7536 0.08328946426999533
7693 0.05010531425946444
7726 0.08769401680327095
7941 0.09066965378210393
8027 0.08288134659167393
8498 0.10411893671920357
8517 0.06164902264579022
8661 0.12657034751840554
9366 0.15464922640999829
9381 0.1300428738897507
9409 0.06399433063233548
9479 0.4152546755778417
9559 0.1300428738897507
9899 0.1792918744459032
9902 0.021611942710483726
10040 0.06629099501382353
10068 0.06004761738289893
10110 0.08722452588361317
10281 0.09338619750787465
10361 0.06629099501382353
10653 0.18419808642352586
10695 0.16824982550392445
10732 0.05292523741020284
10999 0.05728631956935093
11325 0.06377368972946652
11577 0.107497425194712
11876 0.06800549559874648
11955 0.08288134659167393
12064 0.02032834310962307
12383 0.09763631992670545
12735 0.048990175796584996
12763 0.07260905211621627
12865 0.03870124912109948
13024 0.16107741246173474
13336 0.03337229423313049
13464 0.07698709037374638
13948 0.05852436124169809
