1380 0.18630168855050006
2215 0.11750230792954323
2488 0.11606501533666323
2574 0.24599739389917308
2819 0.21776777867743943
3341 0.08452061546868664
3879 0.21776777867743943
4438 0.13588630796473666
4469 0.24466359686078218
4692 0.1336031516094654
4842 0.1336031516094654
5582 0.11018450594406849
5816 0.10104396205687513
6245 0.04809983908392529
6294 0.09738926608105844
8087 0.09568338858855965
8130 0.16397614231075397
8250 0.052639521776025495
8474 0.10152598643586808
8995 0.08298672154016397
9366 0.0961028787662438
9755 0.4383316212467847
9902 0.026860398314599594
9944 0.15797763470801252
10113 0.10561423400047182
10395 0.20203473361396973
10628 0.07791833667776518
10657 0.05954928078429847
10949 0.08298672154016397
10950 0.07561256157308414
10999 0.02373276328776903
11666 0.19087196049409672
11905 0.0854709273789733
12023 0.07739397108286322
12328 0.0944514608805988
12668 0.1256155847869764
12865 0.04809983908392529
13006 0.12842180461921082
13247 0.38174392098819343
13695 0.10152598643586808
13761 0.09286746692766767
14178 0.1078321212680008
