293 0.05461748594088235
296 0.06639362382580398
357 0.08914876271449292
437 0.03771852260106092
451 0.04544586507948876
857 0.08341606884774747
898 0.08727696987423007
947 0.05134014427908486
981 0.042036180210533076
1101 0.2541244044065134
1127 0.02728184756245367
1319 0.016453029972507468
1581 0.07619372872086655
1963 0.037278781693369
2182 0.024838098610296747
2428 0.05183628510559563
2565 0.05510232332396777
2659 0.026419472818278566
2716 0.036303486343787626
2770 0.033838380042052474
3010 0.02071469320094077
3094 0.13909710584873555
3202 0.06954855292436778
3208 0.03301454142919911
3341 0.030797014306907032
3369 0.08914876271449292
3636 0.05659351893074141
3691 0.05183628510559563
3696 0.057318732391186046
3789 0.031026914701312545
3928 0.03355839935376111
4114 0.050860825063995974
4213 0.05659351893074141
4219 0.023483750633666766
4591 0.052884065318854465
4784 0.03848295540075177
4805 0.057318732391186046
4887 0.0326199512776234
4970 0.4094771690169702
5051 0.034713209319106944
5334 0.0736159639526849
5358 0.09595748620294642
5363 0.052884065318854465
5426 0.047518627496123476
6044 0.0236891570948566
6315 0.03718243705003097
6419 0.04082701959637511
6429 0.06602908285839822
6633 0.08727696987423007
6775 0.02281984638256084
6898 0.05590369613391276
6911 0.042036180210533076
7085 0.046103591238850196
7099 0.03233313187075477
7209 0.0580831651908769
7401 0.03198582873431547
7422 0.02446892456278856
7491 0.02111139232667497
7520 0.12536834042783404
7580 0.04862140718145514
7646 0.06954855292436778
7671 0.023015764936405045
7891 0.04765554313050028
7900 0.08914876271449292
7941 0.20530360084466706
8122 0.04129834866559873
8137 0.07143649489572076
8517 0.02791841770599835
8567 0.12844393897278503
8720 0.06788327008593946
8744 0.008294972803442132
8931 0.028487832755434376
9134 0.03173993448895972
9366 0.035017276150757226
9479 0.5641575319252532
9497 0.011543072339547171
9553 0.05235047132413145
9559 0.11778260602126336
9606 0.08914876271449292
9621 0.06639362382580398
9827 0.034434925544396644
9902 0.03914879543159103
9918 0.04129834866559873
9925 0.04994834313424266
9944 0.028781377473975436
10068 0.027193204245553715
10268 0.09089173015897752
10281 0.042290935980924954
10327 0.0379057910703696
10407 0.08914876271449292
10492 0.08914876271449292
10499 0.02773359726071661
10592 0.05659351893074141
10723 0.06788327008593946
10732 0.023967758478456145
10794 0.042036180210533076
10797 0.035017276150757226
10847 0.05590369613391276
10999 0.008647573689127306
11108 0.06796095469199574
11135 0.035017276150757226
11172 0.06788327008593946
11213 0.028682850505689205
11359 0.02375829445869855
11503 0.05590369613391276
11525 0.07506740431155835
11576 0.029700452345201585
11586 0.05659351893074141
11876 0.030797014306907032
12041 0.03068345094348867
12182 0.036993309140616285
12378 0.019690883430381428
12413 0.028781377473975436
12666 0.0334204610622688
12752 0.11463746478237209
12865 0.05257882083134073
12975 0.08341606884774747
13019 0.08914876271449292
13077 0.05590369613391276
13079 0.020274546755468834
13261 0.042036180210533076
13786 0.038260724990734164
13822 0.0464288730682731
13827 0.033838380042052474
13829 0.0736159639526849
13858 0.03771852260106092
13948 0.053006762897450134
13965 0.03929109322050656
13982 0.05736570101137841
14014 0.07543704520212184
14040 0.03288178399622292
14062 0.017481742667391106
14076 0.04281464632426168
14163 0.01142670491118742
