318 0.03418685696932481
319 0.03722660225096247
437 0.029549095004441802
638 0.0410119205103902
912 0.0653490426798906
995 0.027077489723085484
997 0.027676354574222073
998 0.044335969497201796
1099 0.02467606187795014
1101 0.39816756600875136
1107 0.01839742202721698
1319 0.025778960162924146
1375 0.03487220760444281
1422 0.1306980853597812
1460 0.02696150644728725
1470 0.09227215636211468
1481 0.04142994376677899
1545 0.023350621739830414
1608 0.05969098399024314
1611 0.04022041947108917
1653 0.01408531071787017
1655 0.02515563035813037
1661 0.04680757477855811
1718 0.041658321106010976
1769 0.06216258927159945
1835 0.05201347674372247
1963 0.029204597262678118
2137 0.028440540429196533
2295 0.05201347674372247
2311 0.025968935147840214
2512 0.0653490426798906
2558 0.0169517203052834
2609 0.026733121002814674
2659 0.020697298261958513
2770 0.026509349722804137
2935 0.033541452967237866
2972 0.15652027012814979
2995 0.10798234436482268
3047 0.053180481595140404
3094 0.05448508202507878
3163 0.08759110984447574
3193 0.0394817256909596
3203 0.05095779244371021
3281 0.023434216865918678
3333 0.07627499246518084
3341 0.048253422395836514
3388 0.04186436421584548
3527 0.02430681763177036
3633 0.009678763133060929
3636 0.044335969497201796
3700 0.0653490426798906
3713 0.0482866087604674
3758 0.020374351139818298
3776 0.03585741678887573
3795 0.0653490426798906
3847 0.055600226843720235
3984 0.02795519734008254
4030 0.026290009849786477
4060 0.0482866087604674
4077 0.05969098399024314
4080 0.05969098399024314
4146 0.05201347674372247
4452 0.01963565735968873
4514 0.0653490426798906
4566 0.10190255128892145
4583 0.0653490426798906
4814 0.043280285197189544
4835 0.08908740939328585
4970 0.1974084950236011
4990 0.024582590423404622
5038 0.03418685696932481
5059 0.018887362901458774
5247 0.012138256547020165
5273 0.049107451013299656
5358 0.05011608233242454
5359 0.04278792406692786
5363 0.16571977506711597
5383 0.04022041947108917
5390 0.03585647586661374
5459 0.03418685696932481
5474 0.029844480553092374
5520 0.027800113421860118
5689 0.03809053167989289
5730 0.03441062824933534
5852 0.0653490426798906
5973 0.06216258927159945
6044 0.01855833965117646
6102 0.08411977973013113
6166 0.03722660225096247
6230 0.02262536844385331
6280 0.0653490426798906
6315 0.029129119836128953
6483 0.06216258927159945
6528 0.02403774444144782
6590 0.05201347674372247
6606 0.014564559918064476
6633 0.03418685696932481
6676 0.04752242290549294
6677 0.03487220760444281
6737 0.029549095004441802
6789 0.024397981122779636
6813 0.015104974493028403
6866 0.021165852179119333
6895 0.049107451013299656
6898 0.04379555492223787
6911 0.03293159426742606
6967 0.03535386182074274
7025 0.02467606187795014
7104 0.05448508202507878
7201 0.04120756609723009
7422 0.019169217845823625
7453 0.02999518085914786
7479 0.019055613756294006
7514 0.05969098399024314
7566 0.023350621739830414
7580 0.025393687786595256
7598 0.021513100104405297
7639 0.06216258927159945
7671 0.018030797014478076
7726 0.031111724112439346
7918 0.043280285197189544
7941 0.1930044504747096
7943 0.05596411600698807
8115 0.019055613756294006
8122 0.03235356912447081
8124 0.01787731231885767
8404 0.049107451013299656
8658 0.013218177840578434
8661 0.04490410949748314
8688 0.0399976946554028
8744 0.006498370628686242
8906 0.03813749623259042
8931 0.022317673612627185
8968 0.031804218444438925
8996 0.0243371221695004
8997 0.01749877586544252
9099 0.021165852179119333
9126 0.023434216865918678
9359 0.05095779244371021
9366 0.027432909573886527
9372 0.03441062824933534
9385 0.03198432487829103
9457 0.026733121002814674
9479 0.4910745101329965
9497 0.009042966629738297
9619 0.05201347674372247
9621 0.10402695348744494
9719 0.018134314605623786
9758 0.027077489723085484
9783 0.0169517203052834
9864 0.05448508202507878
9902 0.015334793037267615
9905 0.035451850859432414
10005 0.03487220760444281
10040 0.14111068621495115
10167 0.0482866087604674
10186 0.04613607818105734
10209 0.02999518085914786
10362 0.02247045260905772
10432 0.0321674084124516
10438 0.037521987799613035
10456 0.07757846271792003
10529 0.04613607818105734
10582 0.03273554841273294
10591 0.049107451013299656
10592 0.08867193899440359
10645 0.027077489723085484
10723 0.1595414447854212
10732 0.018776598962110348
10794 0.03293159426742606
10847 0.04379555492223787
10907 0.0653490426798906
11000 0.0314373768676067
11052 0.033541452967237866
11127 0.05969098399024314
11213 0.02247045260905772
11317 0.023861926438299454
11326 0.0539230128945745
11328 0.03273554841273294
11329 0.0653490426798906
11359 0.018612502603265812
11495 0.03560277795066888
11503 0.08759110984447574
11525 0.029404304686057488
11576 0.046535305600679755
11587 0.044335969497201796
11677 0.05095779244371021
11733 0.01834429817655256
11816 0.05201347674372247
11876 0.048253422395836514
11955 0.029404304686057488
11957 0.019695368025215387
12023 0.022092385134938646
12045 0.05095779244371021
12103 0.04680757477855811
12173 0.030945160046860546
12215 0.020185008039720613
12354 0.018721629610426088
12378 0.06170419677989869
12409 0.03782546710209906
12413 0.022547639692369077
12584 0.02999518085914786
12735 0.0173805339196916
12764 0.021513100104405297
12834 0.009181134346053296
12877 0.015184374844731768
12903 0.01792823793330687
12959 0.036118047675717205
13024 0.02857319233361977
13131 0.06216258927159945
13155 0.04231652094032859
13336 0.0118396858648808
13409 0.06216258927159945
13428 0.03984491565897227
13506 0.04680757477855811
13659 0.039130067532037446
13770 0.03078106368801601
13822 0.03637287694839305
13858 0.029549095004441802
13874 0.011810266719748027
13948 0.06228909954802759
13965 0.03078106368801601
13972 0.05448508202507878
13973 0.02403774444144782
13982 0.02247045260905772
14061 0.04278792406692786
14065 0.02262536844385331
14066 0.05969098399024314
14090 0.026399136856946757
14116 0.036118047675717205
14154 0.043280285197189544
14163 0.017903606277458045
14189 0.02755396325564693
