151 0.03475563229162103
290 0.04161625703265462
328 0.02389261545819165
337 0.03554413734900164
483 0.019519029795465527
675 0.04161625703265462
932 0.049914260122659905
973 0.049914260122659905
997 0.06341843911463102
1002 0.03741126869026554
1008 0.023027316831098942
1027 0.037984895913754174
1045 0.02363622640476186
1054 0.02172317259436734
1058 0.049914260122659905
1099 0.01884782578089508
1100 0.036298107535915884
1112 0.10444906927875468
1133 0.015709273056333302
1185 0.02645762920161574
1250 0.038922077554696365
1318 0.01809378771493057
1319 0.009845115326072264
1413 0.049914260122659905
1427 0.0533445724931767
1461 0.014511816125922405
1480 0.03429821325788898
1545 0.017835441190118498
1656 0.023387379309733416
1689 0.012295468381349418
1714 0.02456979207539381
1889 0.042745958155667264
1910 0.03475563229162103
2058 0.05061184993590471
2395 0.042745958155667264
2425 0.015758893088759753
2479 0.04066627470628138
2488 0.025305924967952354
2565 0.01648598248363575
2597 0.016271788985388523
2659 0.0158088058664336
2672 0.2843385301531745
2730 0.01734127496967269
2793 0.014641642580615942
2879 0.03429821325788898
2910 0.0533445724931767
2919 0.029627607453918535
2926 0.02821429794415783
2935 0.025619301211490624
2961 0.06464357386375356
2965 0.01490742960992845
2995 0.011782572484720647
3090 0.027193762094174293
3099 0.02142629331662133
3130 0.012003148624746607
3142 0.021824493461385725
3153 0.02865967399895034
3157 0.0191395854268501
3168 0.02988794157213254
3184 0.03967067093629082
3188 0.02988794157213254
3189 0.04405010239239886
3214 0.05291525840323148
3225 0.02578045258441359
3227 0.023387379309733416
3236 0.01884782578089508
3278 0.033864262176171646
3317 0.038922077554696365
3321 0.039494506158444166
3332 0.015709273056333302
3341 0.01842822617212974
3353 0.04470028042779358
3432 0.02487084124117817
3567 0.43701261897075955
3568 0.09982852024531981
3633 0.00739273722884815
3648 0.016540389045907804
3688 0.04559257763669373
3743 0.10889432260774766
3746 0.021927042490020036
3758 0.01556213558636029
3780 0.06464357386375356
3890 0.024429951019220558
3984 0.010676231315646767
3991 0.03919400892116429
3992 0.04324610163804158
4062 0.037508768044935664
4079 0.0451397955947338
4219 0.01405213712389151
4241 0.025944733304986967
4286 0.03345148805488943
4408 0.0533445724931767
4420 0.13033903556620405
4438 0.029627607453918535
4452 0.014997913801612944
4489 0.010981887232009185
4498 0.03818594466213782
4663 0.027193762094174293
4692 0.029129805568923247
4702 0.0240237838418715
4711 0.029129805568923247
4763 0.02779120022028107
4815 0.02663574507045053
4835 0.02268195494917187
4842 0.029129805568923247
4848 0.049914260122659905
4881 0.015275321974615966
4885 0.05363538336050044
5034 0.04405010239239886
5059 0.014426358921774919
5225 0.04748041476291566
5243 0.04748041476291566
5247 0.018542646376363364
5260 0.029458627482187326
5390 0.06846884782440671
5393 0.08549191631133453
5455 0.021234007965126294
5495 0.03818594466213782
5520 0.021234007965126294
5571 0.01884782578089508
5588 0.03305791982443533
5641 0.033864262176171646
5654 0.04559257763669373
5667 0.04559257763669373
5689 0.009697977856099249
5773 0.04559257763669373
5837 0.02758733032462838
6030 0.16003371747953007
6138 0.042745958155667264
6278 0.013693769564881343
6420 0.02988794157213254
6496 0.031325319921104225
6520 0.03072076341739917
6563 0.01752322157947238
6606 0.011124558256857904
6636 0.11067973357824781
6676 0.036298107535915884
6681 0.01606288475975899
6752 0.059994109405685246
6755 0.05222453463937734
6764 0.042745958155667264
6775 0.013654872065204488
6787 0.03475563229162103
6788 0.036298107535915884
6789 0.018635424885955
6811 0.058259611137846494
6866 0.048500076270196056
6873 0.04161625703265462
6884 0.06690297610977886
7064 0.0240237838418715
7092 0.0533445724931767
7153 0.023145643113443793
7206 0.018992447956877087
7245 0.0172221153761943
7276 0.02645762920161574
7401 0.0191395854268501
7426 0.03429821325788898
7431 0.02578045258441359
7468 0.04370194299175171
7491 0.02526514477848439
7513 0.03972841990643269
7674 0.02389261545819165
7693 0.013577609507430274
7717 0.01676158311656643
7730 0.0533445724931767
7783 0.04405010239239886
7810 0.027388257815708403
7862 0.014426358921774919
7941 0.02456979207539381
7966 0.029375045675503766
8139 0.03475563229162103
8153 0.06951126458324206
8250 0.01147711723941165
8251 0.04061979002188207
8264 0.014729313741093663
8293 0.015659942355186324
8345 0.025619301211490624
8401 0.019365203898172506
8433 0.012099470628515052
8474 0.22135946715649563
8551 0.049914260122659905
8644 0.03072076341739917
8658 0.030288534002590937
8662 0.02645762920161574
8669 0.019519029795465527
8688 0.03055064394923193
8715 0.048047567683743
8744 0.024817606244254248
8896 0.0533445724931767
8922 0.0533445724931767
8923 0.05256637217579355
8961 0.02681769168025022
8996 0.009294470100777837
8997 0.013365742091346632
9028 0.022242365619144257
9099 0.01616669209006535
9101 0.03232178693187678
9104 0.054776515631416806
9126 0.01789929199339645
9179 0.03972841990643269
9204 0.015465446633652208
9366 0.020953533949989177
9430 0.049914260122659905
9497 0.0069071094254329205
9521 0.03575209930239358
9657 0.033864262176171646
9708 0.03017875243945627
9722 0.020682060671144965
9725 0.0132015390935062
9751 0.04559257763669373
9755 0.02389261545819165
9781 0.0192893272346231
9827 0.020605068719608616
9890 0.01809378771493057
9902 0.005856435053981813
9904 0.06690297610977886
9906 0.018635424885955
9937 0.033864262176171646
9941 0.02779120022028107
9944 0.0172221153761943
9978 0.03575209930239358
10004 0.03072076341739917
10037 0.02132960436391325
10068 0.016271788985388523
10108 0.02865967399895034
10113 0.414491702959781
10156 0.04143464025471845
10174 0.024157017954111584
10335 0.02016392788714598
10362 0.017163159100837905
10371 0.02645762920161574
10386 0.01796362835877609
10388 0.038922077554696365
10428 0.0533445724931767
10432 0.04913958415078762
10495 0.10081963943572991
10519 0.0560002088918212
10567 0.00847759857372298
10597 0.04061979002188207
10602 0.028891474561359987
10604 0.03197642504994971
10613 0.025944733304986967
10618 0.0533445724931767
10652 0.03523920340576481
10732 0.014341756303984021
10763 0.038922077554696365
10810 0.036881800425406217
10884 0.02033313735314069
10949 0.09046893857465285
10950 0.1648598248363575
11000 0.03430312370516797
11246 0.01637820788888322
11255 0.031622596102102704
11326 0.020593471471354704
11339 0.022910622687521857
11477 0.04061979002188207
11576 0.01777206867450082
11663 0.03818594466213782
11886 0.09130184941696454
11887 0.04405010239239886
11905 0.03727084977191
11912 0.02515348496488414
11930 0.02268195494917187
11932 0.1066891449863534
12017 0.02351088794524273
12064 0.07161184424871722
12078 0.01856579328895952
12175 0.015465446633652208
12219 0.029375045675503766
12301 0.042745958155667264
12306 0.049914260122659905
12403 0.02429238390239078
12523 0.03286384713900466
12565 0.027193762094174293
12588 0.03575209930239358
12611 0.015709273056333302
12704 0.04161625703265462
12735 0.013275427696589062
12759 0.0533445724931767
12807 0.013577609507430274
12834 0.007012643325393523
12935 0.029627607453918535
12990 0.036881800425406217
12999 0.06943692934033138
13007 0.04161625703265462
13043 0.02172317259436734
13079 0.03639546964753047
13250 0.04748041476291566
13261 0.05030696992976828
13311 0.03475563229162103
13332 0.04913958415078762
13336 0.07234617503733926
13421 0.049914260122659905
13535 0.0533445724931767
13581 0.03197642504994971
13628 0.02429238390239078
13660 0.019675704481833856
13676 0.0329719649672715
13695 0.02213594671564956
13701 0.0533445724931767
13744 0.023145643113443793
13754 0.021794850772610775
13787 0.014729313741093663
13822 0.027781971501937088
13875 0.023763449723657494
13881 0.0533445724931767
13901 0.037508768044935664
13912 0.016271788985388523
14016 0.033864262176171646
14062 0.010460673380451747
14072 0.02533406700230553
14113 0.02611226731968867
14161 0.03164461031467463
14163 0.013674955656874878
