638 0.09085204664903843
947 0.08909866645005161
1101 0.25201270983080254
1350 0.08182922694639597
1403 0.07622847123531572
1545 0.05172768671132245
1805 0.1547139375058061
2436 0.11780856723049511
2597 0.047192665092874696
2659 0.04584988666229682
2873 0.08001084834530303
2934 0.0704545971461721
2935 0.07430302243183173
2972 0.08668325395539656
2995 0.10251810622112704
3010 0.03594948097716317
3130 0.034812433569309874
3150 0.06131030748037087
3257 0.0685515598672603
3281 0.05191287160879827
3341 0.0534469262585697
3343 0.08995969803915732
3388 0.09274043066836475
3516 0.09821567775568185
3517 0.06450898008080838
3531 0.1547139375058061
3590 0.07430302243183173
3633 0.02144097200829863
3847 0.061584465443687765
3865 0.04416669783815897
4114 0.08826682806182755
4219 0.040755063977443114
4569 0.08592821338400303
4577 0.03444483294937582
4747 0.052099464769967
4881 0.04430263659276848
4899 0.055083324674846834
4970 0.21865552229207275
4985 0.05064500156029199
5051 0.060243318400527573
5275 0.1547139375058061
5395 0.09587706307785733
5476 0.1547139375058061
5551 0.03904647026843356
5689 0.028126804093390155
5870 0.08909866645005161
6044 0.041111538273127836
6109 0.030649428558781663
6154 0.05082216393605286
6158 0.08312094004647871
6161 0.1547139375058061
6171 0.12397503981436209
6315 0.03226427976625666
6401 0.1547139375058061
6756 0.08826682806182755
6813 0.03346143828903309
6862 0.06644710944397854
6911 0.07295202715155495
7031 0.10878574752785264
7100 0.05823919415505948
7163 0.09478635540511192
7201 0.0228213630986289
7326 0.11780856723049511
7374 0.07384437576143604
7400 0.1547139375058061
7479 0.04221312946011096
7517 0.1547139375058061
7718 0.05172768671132245
7856 0.07622847123531572
7941 0.14251831434845033
8064 0.1547139375058061
8182 0.07777868451750954
8200 0.10878574752785264
8258 0.1547139375058061
8667 0.1547139375058061
8673 0.03818164480495667
8826 0.10080089634289272
8872 0.06747678006423785
8996 0.026956520581456676
8997 0.03876432952769141
9105 0.0433665111961698
9198 0.09587706307785733
9366 0.1215420272598143
9386 0.08668325395539656
9403 0.12069859573060132
9558 0.1547139375058061
9732 0.06929515866533079
9827 0.029880184292376984
9902 0.08492636500784122
9905 0.03926752475856272
9944 0.049948873099903895
9981 0.09274043066836475
10068 0.047192665092874696
10156 0.04005728570145873
10268 0.07886939219025496
10281 0.07339414510293786
10451 0.055510063821309755
10592 0.09821567775568185
10645 0.05998366642784696
10732 0.041595039285803624
11525 0.06513816538641334
11587 0.09821567775568185
11930 0.06578391008690808
11987 0.07006199865144873
12055 0.1547139375058061
12215 0.08943006175832778
12409 0.08379322545529035
12648 0.05594435626395256
12733 0.045995506570098266
12735 0.03850239293370737
12834 0.020338595108887938
12935 0.08592821338400303
12958 0.11074974603674702
13116 0.08995969803915732
13770 0.06818804384891378
13775 0.06644710944397854
13865 0.09947425529036881
13948 0.045995506570098266
13950 0.09821567775568185
14090 0.11696187758942174
14163 0.019830566972516547
