12 0.028286951485722665
13 0.03266877107212394
293 0.07568331905467088
296 0.04600074251534602
451 0.03148711303051702
638 0.03627096117326919
682 0.04139664044696118
820 0.043430652036164884
857 0.057794723101351086
960 0.021258992129077104
994 0.02043279583655708
997 0.04895396117452823
998 0.0392107516107383
1099 0.02182352036056363
1101 0.3772924035803824
1319 0.022798924105975223
1469 0.03971321488567722
1545 0.02065130049890039
1620 0.04364704072112726
1660 0.02861351126517134
1698 0.054976622256176604
1835 0.04600074251534602
1871 0.01842131907718028
1901 0.02600518045295561
1963 0.02582855911678649
2130 0.054976622256176604
2160 0.03148711303051702
2182 0.017209046786492356
2225 0.03627096117326919
2434 0.06176661316078432
2565 0.019088789262908506
2570 0.04202885245591278
2648 0.01752507052168172
2927 0.015810703154840483
2929 0.026394472190185703
2935 0.029664076276591424
2940 0.04174958097223772
2969 0.028951333921636277
2972 0.13842659816941386
2995 0.04092841479584809
3102 0.03742475038752794
3142 0.02527014431003088
3151 0.05126153960304573
3227 0.027079778563294486
3273 0.03591470786939977
3341 0.04267534873801725
3432 0.009599149817435359
3590 0.05932815255318285
3633 0.017119805043783947
3636 0.0392107516107383
3758 0.03603817085014004
3763 0.03043277529183837
3790 0.03843037909669579
3840 0.026527751609479264
3847 0.07375929890539826
3908 0.02190689010808299
4030 0.023250896681731557
4032 0.06176661316078432
4034 0.034012777645772506
4046 0.03664066113155717
4114 0.03523886155130506
4125 0.057794723101351086
4184 0.03126697149187183
4398 0.03591470786939977
4440 0.06176661316078432
4477 0.027079778563294486
4513 0.057794723101351086
4555 0.03171231573497138
4566 0.06008177517267855
4590 0.03126697149187183
4747 0.020799725856694054
4784 0.026662869423486998
4835 0.02626298181047447
4852 0.034012777645772506
4887 0.022600694059448197
4919 0.05100473219674337
4922 0.015992113639407356
4970 0.2618822443267635
4985 0.0606571767934834
4990 0.02174085416360339
4998 0.03266877107212394
5038 0.030234871869907705
5049 0.02600518045295561
5160 0.03318446309479342
5245 0.06176661316078432
5247 0.010735079617074001
5273 0.043430652036164884
5363 0.03664066113155717
5390 0.03171148358289444
5520 0.024586432968466087
5689 0.011229094520462307
5828 0.06176661316078432
5938 0.01927900662229833
5973 0.054976622256176604
6027 0.0494946896786152
6044 0.01641300403763411
6054 0.058602448388588274
6315 0.09016632396232796
6352 0.057794723101351086
6357 0.06176661316078432
6376 0.057794723101351086
6429 0.02287408537198371
6488 0.023743255895737784
6590 0.04600074251534602
6606 0.01288090342318971
6633 0.09070461560972311
6677 0.030840996283665472
6695 0.018840778896915152
6706 0.03491765617822405
6866 0.037438178609241056
6898 0.038732808714574254
6935 0.03784165952733544
6967 0.03126697149187183
7020 0.02043279583655708
7025 0.02182352036056363
7070 0.043430652036164884
7085 0.031942817809966544
7099 0.011200985788964106
7100 0.023250896681731557
7117 0.054976622256176604
7201 0.027332992664514992
7245 0.019941142810505293
7253 0.10995324451235321
7273 0.06176661316078432
7442 0.02174085416360339
7479 0.016852793482622943
7480 0.057794723101351086
7486 0.02174085416360339
7491 0.014627002814423754
7520 0.08686130407232977
7566 0.02065130049890039
7580 0.011229094520462307
7598 0.019026195527855172
7639 0.054976622256176604
7649 0.023347408656552705
7697 0.06176661316078432
7726 0.027515222971083778
7849 0.04202885245591278
7862 0.01670399234999732
7891 0.04952712872082556
7941 0.1137954825867894
8115 0.033705586965245886
8122 0.02861351126517134
8124 0.015810703154840483
8137 0.0989893793572304
8230 0.03784165952733544
8603 0.057794723101351086
8658 0.011690162500815449
8661 0.03971321488567722
8737 0.025388883778464703
8744 0.011494323885801808
8996 0.0430475238561638
9127 0.0494946896786152
9204 0.01790713122130158
9288 0.05279073341995373
9366 0.048523355436240014
9381 0.040802768550380224
9398 0.045067094839732445
9402 0.02527014431003088
9406 0.09013418967946489
9479 0.5645984764701435
9486 0.04421474129213566
9559 0.08160553710076045
9600 0.0337288190331769
9621 0.04600074251534602
9641 0.04421474129213566
9652 0.02909536692880182
9678 0.054976622256176604
9709 0.06176661316078432
9725 0.015285797977289411
9902 0.03390524486130438
9905 0.031353633042306144
9944 0.059823428431515877
9966 0.023347408656552705
10023 0.054976622256176604
10040 0.10399862928347027
10091 0.03043277529183837
10268 0.03148711303051702
10316 0.01836283600075111
10322 0.03105166862272772
10374 0.031942817809966544
10412 0.06176661316078432
10451 0.02216134301702856
10499 0.019215189548347895
10582 0.057902667843272554
10592 0.1568430064429532
10614 0.01790713122130158
10645 0.023947344240238918
10672 0.029850670226949455
10702 0.054976622256176604
10723 0.04703284213731014
10732 0.016606032671603637
10785 0.02812766527361634
10787 0.057794723101351086
10794 0.029124716964792064
10847 0.038732808714574254
10980 0.03784165952733544
10999 0.005991461043001881
11000 0.043690790653765584
11213 0.01987287851887928
11245 0.02527014431003088
11255 0.012205057105094997
11319 0.06176661316078432
11326 0.04768953715662503
11356 0.01726101447445004
11359 0.016460905777123846
11525 0.02600518045295561
11531 0.03523886155130506
11576 0.020577922731036872
11577 0.0337288190331769
11636 0.02527014431003088
11677 0.045067094839732445
11716 0.043430652036164884
11747 0.03827710393512473
11876 0.021337674369008627
11957 0.03483718489871022
11959 0.03557095729371869
12021 0.030234871869907705
12041 0.021258992129077104
12064 0.006378301663941002
12069 0.022966938069135946
12182 0.025630769801522867
12215 0.017851630301130395
12245 0.024155775214183106
12378 0.06821402465974684
12409 0.03345286032809471
12413 0.019941142810505293
12460 0.057794723101351086
12558 0.027222786741164795
12584 0.026527751609479264
12614 0.022600694059448197
12678 0.023844768578312515
12735 0.030742704224841693
12834 0.008119799396078051
13131 0.054976622256176604
13336 0.010471023569842322
13363 0.03591470786939977
13545 0.03742475038752794
13628 0.02812766527361634
13702 0.054976622256176604
13751 0.04202885245591278
13810 0.040802768550380224
13822 0.016084094467375996
13860 0.032178874683072414
13948 0.11017701600450666
13982 0.03974575703775856
14065 0.020009886153710035
14110 0.03148711303051702
14190 0.06176661316078432
