15 0.02937270630730116
79 0.014384812775963441
126 0.03387865561230572
421 0.020236961463386705
637 0.019418172228151637
680 0.037312274924831246
736 0.028774618194108977
960 0.01686526526781385
981 0.02310533229792113
1054 0.019954337224391158
1091 0.02256916730168161
1093 0.035076608341168915
1099 0.05193935691641186
1107 0.01290792501304451
1111 0.020530253253899126
1133 0.01443012666563247
1249 0.03936326339546189
1260 0.04046326999836121
1397 0.014707702960273994
1403 0.02414304615272025
1426 0.030727660538775747
1458 0.040348287843789174
1460 0.05674987010877611
1461 0.02666034820255469
1479 0.023986044650108864
1545 0.03276633802059849
1550 0.06461156449388619
1566 0.0535760941014119
1604 0.013330174101277344
1645 0.03575280073048357
1653 0.019764957749268248
1655 0.035299183748488706
1796 0.035076608341168915
1862 0.026538951610446653
1901 0.020630529613705807
1920 0.027454280100314303
1942 0.015345455155500119
1959 0.18522055886659228
1963 0.01024520584854571
1967 0.027454280100314303
1996 0.029067909984621398
2044 0.023832152293392028
2046 0.020630529613705807
2048 0.037312274924831246
2049 0.025720162375211582
2061 0.06775731122461144
2100 0.04361426507189119
2103 0.0328409417575066
2114 0.017858698033803962
2137 0.019954337224391158
2157 0.029067909984621398
2233 0.04900092672908348
2234 0.023387956536916676
2297 0.039265317269498015
2311 0.03644043899857688
2359 0.02296778339635474
2365 0.02256916730168161
2371 0.057742101987795294
2372 0.023986044650108864
2384 0.017379258180369155
2425 0.11580565061947753
2431 0.04361426507189119
2435 0.029067909984621398
2470 0.041880147346788466
2564 0.023986044650108864
2575 0.01620982405253741
2593 0.031106824032403876
2597 0.04484051718248098
2648 0.027806112480849583
2659 0.014521554897351605
2693 0.016383169010299244
2716 0.039908674448782315
2730 0.031858481733507596
2736 0.019862367984626986
2743 0.026326025686710955
2770 0.018599382992916566
2778 0.031505440127077004
2779 0.054908560200628606
2780 0.05265205137342191
2793 0.013449429281263057
2848 0.02666034820255469
2927 0.012543007737997687
2940 0.033120937890268175
2951 0.06973607907298879
2989 0.030020690643649685
2992 0.037312274924831246
2995 0.010823162395345115
3010 0.01138590298785748
3015 0.0272151439997613
3021 0.030366139073291273
3026 0.0328409417575066
3099 0.03936326339546189
3130 0.011025777858745419
3137 0.01668095678592971
3142 0.020047407918350323
3143 0.04046326999836121
3159 0.022699780629329584
3185 0.05068199776316691
3200 0.03575280073048357
3268 0.04584993165555351
3297 0.018294586670236805
3321 0.012092872882983541
3332 0.01443012666563247
3345 0.0333424906160662
3422 0.031106824032403876
3423 0.12564044204036542
3432 0.030460937570997115
3435 0.0328409417575066
3443 0.027141086116384116
3458 0.04361426507189119
3463 0.04361426507189119
3527 0.034108102627909524
3544 0.1275415364950191
3648 0.015193568039423948
3702 0.09109841721987381
3758 0.01429497004053865
3761 0.03719876598583313
3786 0.01576562829606206
3787 0.04584993165555351
3793 0.038227603414698885
3832 0.020732116812692415
3841 0.04095704123199364
3844 0.041880147346788466
3847 0.09752501705745388
3852 0.01891662336959203
3916 0.028491993955113423
3928 0.01844549063619973
3940 0.018756384495527963
3984 0.01961381276446331
4025 0.02137121457281841
4030 0.01844549063619973
4095 0.03575280073048357
4164 0.06385122653527789
4184 0.024804833885343932
4188 0.019080235940283772
4190 0.024979477416098978
4209 0.04900092672908348
4258 0.027955828958873902
4272 0.037312274924831246
4307 0.030020690643649685
4317 0.04361426507189119
4383 0.027976912222946675
4384 0.013652347077331211
4405 0.025528268426585822
4409 0.04361426507189119
4414 0.028219288428453213
4478 0.02937270630730116
4489 0.030263021697562807
4492 0.020236961463386705
4585 0.031505440127077004
4621 0.02675787623001071
4648 0.04584993165555351
4664 0.035076608341168915
4681 0.031505440127077004
4714 0.07462454984966249
4720 0.023832152293392028
4721 0.02353321889823273
4808 0.013693574283091476
4854 0.03445457164181369
4914 0.028491993955113423
4939 0.037312274924831246
4974 0.018001294879724385
4985 0.032080522940049344
4997 0.06513485500478473
5002 0.020236961463386705
5049 0.04126105922741161
5111 0.03575280073048357
5130 0.05265205137342191
5133 0.041880147346788466
5138 0.07298697137919234
5160 0.026326025686710955
5221 0.038227603414698885
5223 0.012578737962133494
5247 0.05961476208262747
5260 0.013529961712399738
5336 0.02675787623001071
5374 0.021947130602326382
5390 0.050314951848533976
5426 0.02611877846988471
5441 0.08092653999672242
5445 0.039265317269498015
5459 0.07195813395032659
5491 0.031925613267638944
5520 0.039010006822981544
5548 0.020530253253899126
5551 0.012366780003779857
5689 0.01781661676669271
5694 0.04584993165555351
5710 0.04584993165555351
5713 0.04361426507189119
5764 0.035076608341168915
5920 0.031505440127077004
5941 0.03445457164181369
6054 0.06973607907298879
6090 0.03649348568959617
6108 0.035076608341168915
6166 0.02611877846988471
6207 0.03783324673918406
6230 0.015874319719018846
6235 0.016152891123471548
6278 0.012578737962133494
6294 0.019505003411490772
6310 0.011055159028184415
6315 0.010218727764805693
6403 0.04046326999836121
6412 0.020530253253899126
6429 0.03629311448208086
6488 0.01883609093845535
6563 0.016096372255735125
6566 0.027454280100314303
6575 0.04584993165555351
6606 0.010218727764805693
6681 0.014754945112201236
6695 0.029893678121653985
6720 0.050595795803441555
6737 0.04146423362538483
6787 0.031925613267638944
6789 0.017118013074691362
6794 0.039265317269498015
6866 0.01485029980619441
7025 0.03462623794427458
7153 0.021260981376211137
7192 0.0333424906160662
7201 0.021683914696019383
7284 0.20124045337260488
7406 0.020431254334723214
7418 0.014946839060826993
7422 0.013449429281263057
7468 0.06021518984142162
7479 0.013369722838335665
7491 0.02320790007734253
7540 0.0189979990875897
7627 0.029796839053743848
7671 0.012650695050860722
7674 0.021947130602326382
7703 0.035076608341168915
7716 0.022190003808053478
7718 0.016383169010299244
7724 0.03649348568959617
7747 0.06473961804822859
7851 0.01731311897213729
7862 0.013251675352422642
7865 0.011055159028184415
8085 0.06444910173878225
8097 0.014384812775963441
8108 0.038227603414698885
8240 0.04584993165555351
8244 0.016560468945134087
8250 0.052712896047807524
8268 0.3741450745562983
8269 0.038227603414698885
8293 0.028769625551926883
8377 0.028491993955113423
8400 0.04900092672908348
8401 0.053365106867966076
8411 0.01290792501304451
8583 0.03387865561230572
8658 0.018548169207931467
8688 0.02806302114191868
8689 0.021711618334928243
8697 0.0328409417575066
8700 0.027701009078911258
8706 0.012796639435088245
8727 0.038227603414698885
8744 0.00911872116190637
8758 0.022699780629329584
8795 0.013330174101277344
8797 0.04361426507189119
8872 0.02137121457281841
8929 0.03649348568959617
8931 0.01565843611301728
8956 0.04361426507189119
8995 0.016620479359625764
8996 0.008537656730722267
9105 0.21976034189315344
9117 0.03649348568959617
9147 0.031925613267638944
9198 0.030366139073291273
9204 0.028412308203428775
9242 0.029067909984621398
9347 0.02937270630730116
9375 0.20429802566396627
9383 0.02747004273664418
9409 0.015929240866753798
9457 0.018756384495527963
9497 0.07613627712368126
9515 0.024979477416098978
9517 0.14700278018725044
9614 0.03236980902411429
9652 0.011541024107334371
9708 0.0138607056720728
9719 0.12723324645488876
9731 0.04046326999836121
9774 0.04046326999836121
9783 0.023787195208001898
9827 0.037854552596008464
9856 0.04046326999836121
9902 0.021518271236347822
9904 0.030727660538775747
9929 0.0333424906160662
9932 0.01731311897213729
9968 0.03236980902411429
10003 0.018294586670236805
10013 0.031106824032403876
10040 0.09900551031047787
10068 0.029893678121653985
10084 0.04900092672908348
10087 0.03445457164181369
10159 0.02675787623001071
10190 0.01844549063619973
10242 0.06696763419933283
10335 0.018522055886659224
10379 0.04584993165555351
10432 0.04513833460336322
10459 0.021947130602326382
10478 0.035076608341168915
10493 0.020732116812692415
10495 0.018522055886659224
10497 0.03445457164181369
10499 0.015243867956513512
10516 0.027963123909245095
10567 0.007787299947013681
10574 0.043656964685138015
10579 0.04361426507189119
10600 0.027454280100314303
10645 0.0189979990875897
10679 0.027701009078911258
10745 0.05351575246002142
10789 0.06890914328362738
10790 0.0328409417575066
10794 0.02310533229792113
10806 0.021152289953254355
10842 0.039265317269498015
10877 0.041880147346788466
10924 0.05332069640510938
10927 0.027454280100314303
10930 0.012578737962133494
10936 0.025340998881583456
10999 0.0047531688811244715
11000 0.06617089654412943
11029 0.04046326999836121
11052 0.07059965669469818
11057 0.02937270630730116
11086 0.04361426507189119
11255 0.02904768830569852
11259 0.019163352348188986
11272 0.026983147366922
11317 0.016741908549833207
11331 0.024303285026784326
11338 0.07872652679092378
11339 0.04209019554041915
11365 0.012025878415843664
11419 0.04361426507189119
11438 0.026983147366922
11477 0.037312274924831246
11505 0.04677591307383335
11511 0.019163352348188986
11520 0.024303285026784326
11553 0.028491993955113423
11576 0.01632495667773595
11634 0.020236961463386705
11714 0.016741908549833207
11716 0.03445457164181369
11734 0.029067909984621398
11741 0.029067909984621398
11752 0.028774618194108977
11797 0.026326025686710955
11849 0.0189979990875897
11869 0.02296778339635474
11878 0.026326025686710955
11921 0.044380007616106956
11922 0.027454280100314303
11930 0.020835049576578894
11972 0.039265317269498015
11976 0.023387956536916676
11995 0.030020690643649685
12017 0.021596485709729704
12021 0.023986044650108864
12023 0.015500370120292619
12064 0.06072070521539257
12069 0.07288087799715376
12074 0.029067909984621398
12078 0.05116215394186429
12117 0.01620982405253741
12140 0.031505440127077004
12164 0.029067909984621398
12183 0.024466897597476066
12212 0.0666849812321324
12215 0.0849727433916439
12231 0.03954294886631147
12270 0.051056536853171644
12316 0.04413523688624401
12328 0.01891662336959203
12354 0.01313539422946693
12378 0.06493897437207069
12391 0.0333424906160662
12431 0.03236980902411429
12445 0.0333424906160662
12454 0.04584993165555351
12472 0.054908560200628606
12523 0.015093934494461904
12543 0.20327193367383434
12584 0.06313529331062874
12611 0.08658075999379483
12666 0.01836967237570187
12725 0.022067618443122005
12764 0.07546967247230953
12807 0.037416109129835014
12834 0.012883260871900604
12865 0.019266754195339218
12898 0.02675787623001071
12903 0.012578737962133494
12904 0.030366139073291273
12910 0.028774618194108977
12926 0.0333424906160662
12932 0.02611877846988471
12948 0.03543734128145767
12984 0.02463402898645739
13006 0.025720162375211582
13022 0.017247537907336533
13064 0.021947130602326382
13079 0.022287949934017358
13112 0.02806302114191868
13219 0.028491993955113423
13332 0.02256916730168161
13336 0.008306912625899181
13347 0.0333424906160662
13363 0.028491993955113423
13408 0.03445457164181369
13446 0.024804833885343932
13525 0.037312274924831246
13551 0.041880147346788466
13616 0.031858481733507596
13660 0.018073586657401025
13709 0.01867748726903903
13723 0.013903056240424792
13735 0.04046326999836121
13770 0.021596485709729704
13775 0.021045097770209575
13783 0.0328409417575066
13842 0.06849788031378276
13872 0.014118341754298476
13912 0.014946839060826993
13948 0.014567675567198861
13973 0.01686526526781385
13985 0.037312274924831246
13993 0.07493843224829695
13997 0.019771474433155734
14041 0.01576562829606206
14061 0.030020690643649685
14072 0.011635605113232946
14163 0.006280727999570173
14198 0.019681631697730944
14211 0.1451248176888469
14212 0.049681406835402266
14247 0.030727660538775747
