556 0.05526670070818943
995 0.055504447549347156
997 0.05673202303950492
1027 0.1019400675994469
1101 0.058298479684458254
1319 0.026421336631878296
2053 0.218022666172774
2479 0.1091360840368902
2488 0.06791351245918513
2659 0.08485218663491127
2969 0.06710254711405376
3341 0.09891166351963483
3424 0.12235680352712702
3443 0.07929524492730576
3567 0.10661916305039819
3648 0.08877888628624371
3780 0.08674198166164711
3789 0.0498250206400747
3852 0.05526670070818943
3940 0.05479854771271605
4241 0.06962788243424721
4438 0.07951161202389173
4689 0.06087156395152716
4903 0.07197064088191789
5197 0.07246966351623377
5390 0.0367499702593574
5571 0.050581911256766934
5582 0.06447263023690722
5588 0.17743508310521902
5667 0.24471360705425405
5800 0.06519347223654626
5836 0.12235680352712702
5932 0.0959479111903649
6278 0.0734999405187148
6608 0.09897969016663373
6752 0.05366873175301292
6797 0.1431608326205514
7181 0.11821726261510478
7242 0.06743638256617715
7862 0.03871602036342851
8517 0.08966639137862775
8588 0.12742319214382258
8658 0.027095113548314814
8744 0.013320602293816812
9126 0.04803633107043405
9366 0.05623300040518905
9755 0.38472368182328825
9827 0.05529782424407211
9859 0.09088152257366934
9902 0.015716915129903076
9904 0.17954752127583187
9978 0.0959479111903649
10113 0.3707904699372029
10156 0.03706604890283354
10174 0.06483019063246931
10234 0.05724226059915184
10495 0.27056967281852434
10499 0.08907279819738366
10567 0.02275133183590927
10949 0.24279149625393404
10950 0.04424343224846364
10999 0.013886831536269632
11000 0.03682371811487116
11255 0.056577042124632146
11326 0.05526670070818943
11359 0.11445780444236861
11537 0.08977376063791594
11987 0.12966038126493862
12064 0.05913375723146076
12403 0.06519347223654626
12582 0.10040062418298774
12807 0.03643823150572745
12810 0.05969183803834427
12877 0.031125497443010523
13336 0.07280828797003497
13581 0.08581513395697378
13676 0.04424343224846364
13695 0.05940624162021166
13744 0.06211596390771678
13884 0.07007749348024495
14088 0.07053618818944488
14163 0.018349739686617027
