11 0.007618753718015345
12 0.011178548823874894
79 0.007165607088560667
129 0.021725877967888656
149 0.010701493477029398
157 0.022839546151760867
193 0.018586623674272194
210 0.012443201258790917
263 0.022839546151760867
299 0.020862049814062547
300 0.0123562048590852
322 0.018846138996717318
324 0.012910173534608424
366 0.024409173298569096
483 0.008931431233391057
485 0.016124598672992693
506 0.017163096012097097
557 0.014789660159719541
636 0.01012886849134078
637 0.009672909528404758
736 0.014333701196783517
763 0.028667402393567035
853 0.022839546151760867
902 0.021725877967888656
907 0.012716574351380195
941 0.018178754483382107
961 0.0126232884671605
963 0.021725877967888656
965 0.013441303342312251
973 0.022839546151760867
981 0.023019240566576584
986 0.020156250821080423
994 0.008074712680951368
1002 0.008559241344532549
1012 0.01442176905425052
1037 0.01590332834359175
1049 0.022839546151760867
1053 0.019559506275329614
1075 0.0609393314984665
1099 0.008624304672156717
1101 0.00993999313648006
1107 0.019289744068126
1112 0.011948335668195113
1130 0.024409173298569096
1133 0.007188179612380039
1162 0.07265095964970816
1182 0.020862049814062547
1209 0.04345175593577731
1213 0.024409173298569096
1217 0.0247124097181704
1241 0.014789660159719541
1246 0.04345175593577731
1249 0.019608296862001454
1250 0.017809791920151797
1255 0.016264128996645318
1295 0.024409173298569096
1318 0.041396376362164373
1319 0.018019537126798397
1356 0.021725877967888656
1357 0.014479800681416657
1375 0.012187866299693302
1379 0.020862049814062547
1397 0.007326450627476132
1406 0.022839546151760867
1437 0.040312501642160846
1450 0.015126496589471355
1458 0.006699657986230498
1461 0.013280505143795765
1474 0.016124598672992693
1489 0.044462405886534904
1491 0.07322751989570729
1492 0.10536737682230865
1493 0.0370686145772556
1495 0.021725877967888656
1497 0.024409173298569096
1505 0.024409173298569096
1519 0.006883547922672877
1545 0.04080531106718732
1567 0.013936334359232524
1604 0.019920757715693644
1610 0.015126496589471355
1625 0.01322003301291131
1638 0.024409173298569096
1653 0.014768484327086377
1664 0.024409173298569096
1671 0.024409173298569096
1681 0.022839546151760867
1689 0.005626105983806008
1718 0.014559618756257567
1726 0.020862049814062547
1729 0.024409173298569096
1732 0.024409173298569096
1838 0.011579373104964806
1846 0.012187866299693302
1851 0.024409173298569096
1871 0.014559618756257567
1908 0.024409173298569096
1931 0.024409173298569096
1940 0.0075188468346639725
1962 0.04770998503077524
2006 0.009463605752170395
2007 0.024409173298569096
2017 0.008559241344532549
2049 0.012812163822021222
2061 0.016876210944649174
2064 0.2927971778433142
2090 0.015495459152701663
2095 0.01137377557780896
2147 0.018586623674272194
2166 0.022839546151760867
2194 0.02644006602582262
2204 0.02813052991903004
2234 0.0466016234644123
2262 0.017809791920151797
2296 0.019559506275329614
2321 0.019559506275329614
2357 0.013010729236676946
2359 0.011441102089868715
2361 0.017472955490399983
2382 0.0216307196580062
2384 0.008657251057119751
2385 0.022839546151760867
2428 0.014192915613968732
2444 0.024409173298569096
2484 0.024409173298569096
2564 0.023896671336390226
2581 0.022839546151760867
2593 0.015495459152701663
2597 0.01489114632132068
2667 0.0121063648290391
2730 0.07141449439984164
2736 0.009894179857805701
2763 0.019788359715611402
2776 0.007826652093302409
2779 0.013675991975847332
2806 0.020156250821080423
2815 0.018586623674272194
2848 0.0066402525718978825
2852 0.010645792129462183
2873 0.0126232884671605
2893 0.028385831227937464
2898 0.022839546151760867
2940 0.008249381866229664
2944 0.022839546151760867
2953 0.013925832005893432
2961 0.029579320319439082
2965 0.006821275638332418
2975 0.021725877967888656
3010 0.005671739245420332
3081 0.024409173298569096
3092 0.015390092518266793
3130 0.010984695207648245
3137 0.00830940131448645
3165 0.010276829566231873
3166 0.020862049814062547
3193 0.013798896802314166
3205 0.018178754483382107
3207 0.03808516527441643
3275 0.022839546151760867
3299 0.024409173298569096
3301 0.013798896802314166
3332 0.028752718449520157
3340 0.020156250821080423
3343 0.014192915613968732
3366 0.017809791920151797
3395 0.024409173298569096
3396 0.010177563182032659
3429 0.017472955490399983
3432 0.007586859613065834
3443 0.0067599892364178455
3577 0.017472955490399983
3591 0.020862049814062547
3606 0.008757806759188273
3616 0.024409173298569096
3632 0.021725877967888656
3633 0.0033827359698649644
3652 0.3173192528813983
3666 0.018226420040111546
3675 0.020156250821080423
3677 0.016359287306527772
3680 0.021725877967888656
3702 0.015126496589471355
3734 0.006374479228471006
3761 0.009265040337514671
3774 0.021725877967888656
3776 0.037596593249764644
3823 0.013113966737859866
3832 0.010327433905996506
3833 0.024409173298569096
3840 0.010483341292675667
3852 0.009423069498358659
3889 0.018178754483382107
3893 0.123083927782626
3899 0.016359287306527772
3915 0.007233723394944657
3956 0.007303059759532198
3991 0.008967110535422634
4025 0.010645792129462183
4028 0.03098230171798952
4059 0.021725877967888656
4071 0.013010729236676946
4079 0.010327433905996506
4089 0.024409173298569096
4103 0.013556869442663124
4114 0.013925832005893432
4120 0.026882606684624503
4199 0.04881834659713819
4262 0.017583828529991775
4287 0.014631630998875555
4299 0.016124598672992693
4355 0.016876210944649174
4356 0.017472955490399983
4383 0.006968167179616262
4384 0.013601477685727188
4404 0.0166188026289729
4428 0.012187866299693302
4435 0.016124598672992693
4444 0.013010729236676946
4450 0.020553659132463747
4493 0.012532197749921549
4534 0.035619583840303594
4551 0.07322751989570729
4575 0.016359287306527772
4577 0.005434351360038426
4586 0.036563598899079904
4600 0.021725877967888656
4685 0.009848902419241107
4697 0.021725877967888656
4698 0.016124598672992693
4721 0.011722766419011117
4734 0.009848902419241107
4747 0.016439435061047367
4817 0.008591636319072768
4824 0.012443201258790917
4881 0.01397922839544863
4895 0.014789660159719541
4909 0.018586623674272194
4922 0.006319826412022554
4928 0.02103354209533122
4946 0.019042582637208216
4964 0.011948335668195113
4970 0.02587291401647015
4974 0.008967110535422634
5050 0.016609127336573874
5066 0.035619583840303594
5079 0.024409173298569096
5105 0.019042582637208216
5142 0.021725877967888656
5194 0.021725877967888656
5223 0.012531868896788485
5227 0.024409173298569096
5247 0.004242331015705779
5279 0.037692277993434636
5288 0.034945910980799966
5319 0.024409173298569096
5358 0.008757806759188273
5398 0.024409173298569096
5400 0.024409173298569096
5447 0.022839546151760867
5517 0.0318066566871835
5567 0.024409173298569096
5613 0.008690480247128518
5635 0.021725877967888656
5644 0.026227933475719733
5689 0.04437557769639843
5698 0.021725877967888656
5707 0.020156250821080423
5746 0.028029745772187753
5779 0.020862049814062547
5793 0.00907616498265395
5798 0.006719664112756242
5816 0.04032311487717937
5847 0.0242127296580782
5879 0.024409173298569096
5970 0.009265040337514671
5980 0.024409173298569096
5987 0.016359287306527772
6044 0.006486155536193205
6050 0.014479800681416657
6054 0.011579373104964806
6066 0.017472955490399983
6068 0.00993999313648006
6072 0.012532197749921549
6081 0.02288220417973743
6151 0.02330081173220615
6154 0.02405459443904687
6172 0.018178754483382107
6207 0.009423069498358659
6237 0.014954415954518073
6239 0.022839546151760867
6245 0.0191949652158656
6266 0.024409173298569096
6294 0.009716163351206172
6315 0.005090326113240577
6425 0.017809791920151797
6429 0.009039471088330673
6488 0.018765906633821876
6489 0.017809791920151797
6531 0.013925832005893432
6538 0.020156250821080423
6557 0.020156250821080423
6567 0.013010729236676946
6606 0.005090326113240577
6614 0.021725877967888656
6623 0.024409173298569096
6648 0.018178754483382107
6649 0.024409173298569096
6677 0.012187866299693302
6690 0.022839546151760867
6693 0.009504570969012858
6720 0.008401212183688563
6723 0.009587825293157189
6752 0.0091506129860665
6775 0.006248135902710615
6781 0.016124598672992693
6789 0.04263557605527028
6813 0.0052792014681013
6826 0.016359287306527772
6851 0.17212812818610898
6862 0.020966682585351334
6911 0.011509620283288292
6984 0.040312501642160846
7064 0.01099269664516689
7078 0.011178548823874894
7085 0.0126232884671605
7099 0.004426449650492101
7110 0.04567909230352173
7135 0.022839546151760867
7201 0.007201039748123504
7206 0.017380960494257035
7242 0.017247032430818526
7244 0.016124598672992693
7245 0.015760838605998716
7267 0.0685186384552826
7338 0.012187866299693302
7342 0.22447783634654092
7374 0.02330081173220615
7401 0.008757806759188273
7406 0.010177563182032659
7422 0.006699657986230498
7468 0.029995412376009754
7491 0.0057803565432110815
7549 0.020156250821080423
7556 0.021725877967888656
7557 0.04345175593577731
7558 0.015495459152701663
7566 0.016322124426874928
7570 0.020862049814062547
7604 0.01987998627296012
7627 0.014842907201196296
7635 0.024409173298569096
7668 0.014333701196783517
7670 0.018586623674272194
7671 0.02520711573893823
7693 0.01863834733081177
7724 0.018178754483382107
7865 0.0110139669012436
7870 0.020862049814062547
7871 0.021725877967888656
7891 0.032620542772847386
7914 0.016359287306527772
8074 0.018530080675029342
8080 0.022839546151760867
8097 0.014331214177121333
8124 0.018744407708131846
8125 0.024409173298569096
8131 0.02602145847335389
8156 0.010033279020699757
8166 0.016359287306527772
8202 0.01674073197934365
8244 0.03299752746491866
8247 0.07746104120765054
8248 0.022839546151760867
8250 0.0052516484915241845
8264 0.013479548335356433
8279 0.013113966737859866
8306 0.009545974324825492
8346 0.011509620283288292
8384 0.014631630998875555
8433 0.01660926659952973
8442 0.015495459152701663
8475 0.03321825467314775
8498 0.025820347069216848
8499 0.02602145847335389
8507 0.039032187710030836
8527 0.022839546151760867
8533 0.024409173298569096
8538 0.057127747911624636
8566 0.29291007958282916
8583 0.016876210944649174
8585 0.05653800001418578
8644 0.014057070908489401
8646 0.018178754483382107
8658 0.01847905771540703
8666 0.01202654392140969
8689 0.0108153598290031
8691 0.008690480247128518
8739 0.022231202943267452
8744 0.0022711860770808032
8758 0.03392280000851147
8876 0.017809791920151797
8878 0.04497014670085196
8932 0.015126496589471355
8975 0.016124598672992693
8976 0.021516016023263623
8981 0.008791914264995888
8995 0.008279275272432876
8997 0.012231674178788834
9011 0.024886402517581833
9028 0.020355126364065317
9030 0.10907252690029264
9051 0.018178754483382107
9094 0.005434351360038426
9095 0.019042582637208216
9097 0.016124598672992693
9099 0.007397483388614402
9142 0.024409173298569096
9150 0.009894179857805701
9158 0.024409173298569096
9204 0.03538305298715016
9289 0.019042582637208216
9322 0.020862049814062547
9325 0.024409173298569096
9387 0.025246576934321
9406 0.017809791920151797
9408 0.018178754483382107
9409 0.007934943822204625
9440 0.018586623674272194
9457 0.018686497181458504
9487 0.019042582637208216
9497 0.009481573649079523
9531 0.01772208852074239
9589 0.014479800681416657
9608 0.020156250821080423
9623 0.024409173298569096
9645 0.006265934448394243
9651 0.022839546151760867
9690 0.016876210944649174
9691 0.024409173298569096
9708 0.013809059924953496
9749 0.014631630998875555
9768 0.021725877967888656
9781 0.00882632495260785
9783 0.005924640704543985
9813 0.023743352391008037
9827 0.00942837611586792
9850 0.030613167595681882
9855 0.017809791920151797
9890 0.008279275272432876
9898 0.013113966737859866
9902 0.0026797616226607074
9908 0.010378708521386882
9957 0.01099269664516689
9963 0.018178754483382107
9968 0.016124598672992693
10012 0.024409173298569096
10021 0.04567909230352173
10046 0.012187866299693302
10050 0.013798896802314166
10068 0.00744557316066034
10072 0.013329087460142625
10096 0.019042582637208216
10101 0.024409173298569096
10102 0.024409173298569096
10106 0.030613167595681882
10141 0.014333701196783517
10151 0.07322751989570729
10156 0.006319826412022554
10167 0.016876210944649174
10174 0.011053661320352267
10207 0.014631630998875555
10268 0.012443201258790917
10277 0.016876210944649174
10281 0.023158746209929613
10316 0.007256697805799617
10362 0.01570688470310085
10378 0.022839546151760867
10456 0.027113738885326248
10460 0.022780602706654298
10467 0.017163096012097097
10493 0.010327433905996506
10494 0.019559506275329614
10508 0.04257874684190619
10564 0.015306583797840941
10567 0.01163742606250195
10569 0.01059088089861713
10591 0.017163096012097097
10614 0.007076610597430032
10628 0.0077736214439210185
10652 0.016124598672992693
10657 0.01188201868295255
10667 0.022839546151760867
10670 0.014631630998875555
10707 0.013925832005893432
10727 0.030990918305403327
10752 0.011307600002837159
10760 0.021725877967888656
10795 0.041724099628125094
10853 0.014479800681416657
10924 0.0066402525718978825
10930 0.006265934448394243
10982 0.04881834659713819
10994 0.012532197749921549
10999 0.03314820819807469
11000 0.023544407202123488
11011 0.09763669319427638
11013 0.024409173298569096
11020 0.07746104120765054
11048 0.04591975139352282
11053 0.041724099628125094
11054 0.017809791920151797
11088 0.024409173298569096
11098 0.10640200481245234
11108 0.00930394696517445
11148 0.058678518825988846
11150 0.023158746209929613
11170 0.024409173298569096
11188 0.016876210944649174
11245 0.00998635509021264
11255 0.004823242505165275
11259 0.019091948649650983
11260 0.021725877967888656
11305 0.024409173298569096
11317 0.008339763641635883
11325 0.00790758556793669
11354 0.021725877967888656
11365 0.01797160400309066
11410 0.14645503979141458
11437 0.016609127336573874
11457 0.4232812672426888
11502 0.012187866299693302
11520 0.0121063648290391
11525 0.010276829566231873
11535 0.017163096012097097
11544 0.024409173298569096
11551 0.022839546151760867
11576 0.016264128996645318
11602 0.021725877967888656
11705 0.014192915613968732
11733 0.006411347858259648
11761 0.021725877967888656
11831 0.018586623674272194
11880 0.010758008011631811
11930 0.020757417042773764
11933 0.03808516527441643
11955 0.010276829566231873
11975 0.018586623674272194
11976 0.011650405866103076
11978 0.014057070908489401
11995 0.014954415954518073
12023 0.015442614893796383
12064 0.017644216493187016
12100 0.014057070908489401
12151 0.016609127336573874
12203 0.03911901255065923
12220 0.013798896802314166
12227 0.019042582637208216
12229 0.024409173298569096
12262 0.08155284106272152
12264 0.051640694138433696
12322 0.034945910980799966
12349 0.03911901255065923
12351 0.014954415954518073
12387 0.009039471088330673
12404 0.014333701196783517
12413 0.007880419302999358
12477 0.018586623674272194
12521 0.04881834659713819
12523 0.0075188468346639725
12544 0.014479800681416657
12580 0.07434649469708877
12582 0.008559241344532549
12611 0.007188179612380039
12614 0.008931431233391057
12639 0.015694024567357388
12648 0.00882632495260785
12655 0.022839546151760867
12667 0.03903051320485881
12710 0.022839546151760867
12733 0.007256697805799617
12763 0.018006243485405988
12764 0.015037693669327945
12822 0.014954415954518073
12823 0.017472955490399983
12826 0.020862049814062547
12834 0.012835257137545087
12847 0.011509620283288292
12854 0.023743352391008037
12877 0.005306951958740898
12879 0.017163096012097097
12959 0.025246576934321
12968 0.047486704782016075
12999 0.01059088089861713
13006 0.012812163822021222
13011 0.016876210944649174
13026 0.17809791920151796
13029 0.024409173298569096
13038 0.029579320319439082
13077 0.015306583797840941
13108 0.022839546151760867
13112 0.020968842593172946
13114 0.024409173298569096
13125 0.012532197749921549
13212 0.019559506275329614
13336 0.028965862153563827
13545 0.014789660159719541
13557 0.024375732599386603
13591 0.015694024567357388
13619 0.013798896802314166
13628 0.022231202943267452
13630 0.024409173298569096
13643 0.03998726238042787
13669 0.014479800681416657
13676 0.007543582873247541
13677 0.09779753137664807
13685 0.024409173298569096
13705 0.01322003301291131
13723 0.006925626346386221
13728 0.024542241247675265
13753 0.024409173298569096
13754 0.02493197829981468
13775 0.020966682585351334
13783 0.016359287306527772
13786 0.005237945196270782
13787 0.006739774167678216
13797 0.019042582637208216
13806 0.008896077774284365
13820 0.018586623674272194
13827 0.009265040337514671
13842 0.01137377557780896
13858 0.05163716952998253
13860 0.012716574351380195
13874 0.00825539658267392
13912 0.00744557316066034
13919 0.060600757399838244
13948 0.014513395611599233
14040 0.009003121742702994
14060 0.009545974324825492
14062 0.004786548610842
14072 0.03477675063733619
14106 0.024409173298569096
14163 0.03441529115016927
14170 0.09961744355959463
14171 0.09107202799676165
14198 0.009804148431000727
14228 0.024409173298569096
