11 0.014065484404787502
126 0.031156287581862088
245 0.03356099923270375
305 0.029768686528367862
313 0.0422443483474487
339 0.019966950059994305
406 0.02137744542653692
485 0.029768686528367862
513 0.02365338178659041
527 0.0422443483474487
636 0.037399146127067476
637 0.017857797109123393
703 0.038707977425107114
777 0.037211785821676946
825 0.04506338688346713
854 0.024814877805311185
947 0.025951686976417303
960 0.015510032654233674
977 0.04216559454473361
994 0.05962904143679138
997 0.017857797109123393
1033 0.023476907751816975
1053 0.03611009630491876
1083 0.025951686976417303
1099 0.01592189843090974
1111 0.018880515266804232
1133 0.013270573111934168
1148 0.04216559454473361
1192 0.03611009630491876
1249 0.018100085914627122
1255 0.030026282673875263
1461 0.012259008815710827
1469 0.028973775235514528
1471 0.020074423292453444
1524 0.022654526206264597
1550 0.02970980471483565
1604 0.024518017631421654
1620 0.03184379686181948
1689 0.03116017746621127
1690 0.026202478858805413
1714 0.020755589447856902
1716 0.03225797709862028
1768 0.02365338178659041
1793 0.02825849524312858
1820 0.027012420304997047
1862 0.024406376036830095
1920 0.02524815199124044
1963 0.009421937617758416
2006 0.017471387584751155
2017 0.01580178072480023
2135 0.03851480795576043
2172 0.020406894181338397
2204 0.010386725822070425
2225 0.02646239242115326
2235 0.040109578160410456
2311 0.016756107592365205
2361 0.03225797709862028
2365 0.020755589447856902
2384 0.015982722928070726
2422 0.037211785821676946
2471 0.04500164980017956
2552 0.023834323989860906
2561 0.040109578160410456
2581 0.04216559454473361
2600 0.04506338688346713
2692 0.02250082490008978
2727 0.04216559454473361
2728 0.04216559454473361
2776 0.014449299325653928
2780 0.02421056008151417
2793 0.012368681074426785
2822 0.04216559454473361
2848 0.012259008815710827
2961 0.027304168375563605
3036 0.022058611581940377
3041 0.04921541730831077
3130 0.010139785642970512
3151 0.018699573063533738
3159 0.02087570715396641
3165 0.018972733775695253
3179 0.03851480795576043
3198 0.029768686528367862
3236 0.01592189843090974
3268 0.04216559454473361
3281 0.01512061456939677
3282 0.025951686976417303
3287 0.031156287581862088
3332 0.026541146223868335
3442 0.020406894181338397
3454 0.07986780023997722
3490 0.022058611581940377
3517 0.018789471547967354
3523 0.02137744542653692
3548 0.02792602435424362
3557 0.02792602435424362
3590 0.04328434658746777
3633 0.012490184560538263
3686 0.04506338688346713
3734 0.011768347093920354
3745 0.022202997003313713
3746 0.018523099028760308
3809 0.03851480795576043
3841 0.03766587935864465
3846 0.03851480795576043
3847 0.0358753016960255
3867 0.024607708654155385
3899 0.030201960714297114
3908 0.015982722928070726
3984 0.009018858334574073
3985 0.015284916869275396
4014 0.04216559454473361
4030 0.033926553487042016
4036 0.03225797709862028
4070 0.03515576943735379
4139 0.03611009630491876
4185 0.04506338688346713
4190 0.022972215631186954
4219 0.011870690159424399
4233 0.04506338688346713
4258 0.025709398170913573
4272 0.03431399348294344
4299 0.029768686528367862
4402 0.026732116328594416
4416 0.04506338688346713
4435 0.2381494922269429
4452 0.012669644923547269
4489 0.037108257497794214
4563 0.03611009630491876
4564 0.030201960714297114
4566 0.06575125639973303
4589 0.051418796341827146
4612 0.026202478858805413
4621 0.024607708654155385
4689 0.03832163848641374
4698 0.029768686528367862
4744 0.04506338688346713
4753 0.040109578160410456
4881 0.038711965158200155
4887 0.01648890505918843
4922 0.011667448920034552
4964 0.022058611581940377
4974 0.016554774975039915
4989 0.030663206893970243
5002 0.018610791359363082
5223 0.011567955406789076
5225 0.040109578160410456
5274 0.03515576943735379
5335 0.04216559454473361
5358 0.016168365450667677
5395 0.02792602435424362
5432 0.030663206893970243
5455 0.01793765084801275
5520 0.01793765084801275
5551 0.022746059269213352
5632 0.04506338688346713
5663 0.01204458767481226
5674 0.04506338688346713
5689 0.024577405405541333
5814 0.02792602435424362
5945 0.024019966512457858
5948 0.037211785821676946
5962 0.02880035997899377
5974 0.018699573063533738
5998 0.04506338688346713
6026 0.03431399348294344
6044 0.011974520101053604
6109 0.017854461972435186
6207 0.017396550929450263
6263 0.031156287581862088
6265 0.037211785821676946
6579 0.020755589447856902
6610 0.04506338688346713
6629 0.051967469392450366
6677 0.02250082490008978
6693 0.03509403235406621
6716 0.04506338688346713
6726 0.032879833077300295
6737 0.019066157789401187
6740 0.06040392142859423
6789 0.01574247054807679
6819 0.02646239242115326
7006 0.03378710193648108
7046 0.2161796986121207
7099 0.02451588310842219
7153 0.019552524681328863
7192 0.030663206893970243
7206 0.016044069530303958
7242 0.010613628539224103
7245 0.029097125044855166
7266 0.03851480795576043
7276 0.04470071930501387
7284 0.03364899776496214
7418 0.013745764340477066
7468 0.04614709314730267
7497 0.019966950059994305
7533 0.03196544585614145
7540 0.017471387584751155
7580 0.016384936937027555
7633 0.011600966251983244
7660 0.04506338688346713
7718 0.015066675933909486
7856 0.022202997003313713
7865 0.0101668058463401
7891 0.01204458767481226
7892 0.05381295254403824
8013 0.032879833077300295
8072 0.04216559454473361
8077 0.030663206893970243
8085 0.05927020160259326
8120 0.03851480795576043
8227 0.16043831264164182
8240 0.04216559454473361
8256 0.04506338688346713
8257 0.09012677376693426
8268 0.0897600286223393
8384 0.027012420304997047
8412 0.016358959019723993
8433 0.010221154665503468
8451 0.04766864797972181
8506 0.040109578160410456
8658 0.008528852215573816
8662 0.022350359652506934
8666 0.022202997003313713
8688 0.01290398838606672
8689 0.019966950059994305
8691 0.016044069530303958
8706 0.02353669418784071
8716 0.018350877797015233
8724 0.032879833077300295
8725 0.04506338688346713
8739 0.10260622992668726
8744 0.06708778580835327
8754 0.03515576943735379
8758 0.02087570715396641
8795 0.03677702644713248
8969 0.06337185010330217
8981 0.03246266713940768
9028 0.056368414643902055
9094 0.020065429894134363
9105 0.037893971997433065
9298 0.02250082490008978
9336 0.029768686528367862
9360 0.040109578160410456
9383 0.037893971997433065
9409 0.0292984476765992
9427 0.03851480795576043
9497 0.023339412407853786
9614 0.029768686528367862
9645 0.011567955406789076
9695 0.020997878253360632
9719 0.02340184723907737
9725 0.07806496988850856
9731 0.11163535746503084
9827 0.034812695652998944
9867 0.021248670135748743
9899 0.020521245985337448
9902 0.00494728491130448
9908 0.09580409621603435
9914 0.037211785821676946
9947 0.037211785821676946
9954 0.03168592505165108
9961 0.08552401429441853
9971 0.03168592505165108
9974 0.024814877805311185
9975 0.030663206893970243
9977 0.04216559454473361
9989 0.021778307605537745
9997 0.04506338688346713
10002 0.02825849524312858
10048 0.017176630953719935
10110 0.019966950059994305
10209 0.038707977425107114
10260 0.02365338178659041
10281 0.02137744542653692
10327 0.01916081924320687
10331 0.016688364570677214
10459 0.04036707480177542
10467 0.03168592505165108
10514 0.062312575163724175
10516 0.025716106925070207
10547 0.04216559454473361
10567 0.00716154027514745
10569 0.019552524681328863
10582 0.02112217417372435
10592 0.028607190509647083
10608 0.021248670135748743
10614 0.013064598185073608
10657 0.010968089707853066
10666 0.031156287581862088
10679 0.025475054708394118
10732 0.012115348998204122
10756 0.3154437081842699
10896 0.5059871345368034
10922 0.02421056008151417
10924 0.012259008815710827
10925 0.02365338178659041
10961 0.04506338688346713
10994 0.023136517931065574
10999 0.01311366350661925
11000 0.05505805443593665
11017 0.03611009630491876
11259 0.017623453646603938
11264 0.040109578160410456
11272 0.024814877805311185
11277 0.028973775235514528
11282 0.04506338688346713
11336 0.04411722316388075
11338 0.09050042957313562
11339 0.038707977425107114
11356 0.012593207453976435
11537 0.02825849524312858
11576 0.015013141336937631
11589 0.04506338688346713
11600 0.022350359652506934
11636 0.01843646966168716
11690 0.04506338688346713
11708 0.025475054708394118
11714 0.015396588442499262
11742 0.040109578160410456
11781 0.04506338688346713
11796 0.024814877805311185
11798 0.024607708654155385
12023 0.028509631233284434
12064 0.018613801912268274
12078 0.0313672970529804
12113 0.030201960714297114
12175 0.013064598185073608
12246 0.029360184759886766
12264 0.023834323989860906
12265 0.08021915632082091
12309 0.03225797709862028
12408 0.27038032130080275
12472 0.02524815199124044
12523 0.013881039709274267
12558 0.019861069082254518
12580 0.03431399348294344
12611 0.09289401178353918
12614 0.01648890505918843
12626 0.062312575163724175
12668 0.023136517931065574
12726 0.024607708654155385
12735 0.02242911345522201
12834 0.011848007940766347
12857 0.03611009630491876
12860 0.04506338688346713
13006 0.02365338178659041
13051 0.019861069082254518
13057 0.02018353740088771
13068 0.024607708654155385
13079 0.010248484852836942
13125 0.023136517931065574
13236 0.04506338688346713
13284 0.04216559454473361
13391 0.03225797709862028
13396 0.03611009630491876
13417 0.04506338688346713
13464 0.035246907293207876
13510 0.040109578160410456
13660 0.016621257643091226
13709 0.017176630953719935
13731 0.04506338688346713
13754 0.04602857172391899
13786 0.02901034967060339
13787 0.03732822661918077
13888 0.040109578160410456
13901 0.03168592505165108
13918 0.015453085458281725
14010 0.023834323989860906
14060 0.017623453646603938
14062 0.07953087157998333
14074 0.027304168375563605
14083 0.020637457249546874
14154 0.02792602435424362
14163 0.011552062160753716
14212 0.03045945735566208
14225 0.03611009630491876
