337 0.03480164457365832
442 0.09774317057632732
556 0.04032657580893515
670 0.054830402740341726
702 0.050168262981508754
947 0.06015805526442468
1101 0.04253878068376539
1129 0.0862598516228489
1133 0.06152446824622849
1319 0.01927891516963581
1450 0.06473472487337245
1483 0.04603952307788544
1566 0.03807128397273834
1871 0.06230873810552759
1997 0.0795425406512435
2108 0.10446048154793273
2215 0.050168262981508754
2485 0.041212718964272095
2488 0.04955460292621678
2574 0.1050299536014185
2617 0.09064858568980726
2741 0.0777970406472986
2793 0.0573431546318791
2832 0.07345047094987715
2895 0.04756986515761418
2965 0.029192047155204452
3105 0.05704260761517197
3165 0.043980291841245835
3208 0.03868494402803031
3220 0.03443483415075252
3275 0.09774317057632732
3341 0.03608654620413575
3443 0.02892976842179435
3633 0.014476615985282961
3745 0.051468296530201026
3852 0.04032657580893515
3866 0.06550541859072227
3911 0.07621804382685089
3984 0.02090642425698006
3990 0.0929771625944543
4059 0.1859543251889086
4182 0.050483833042920284
4262 0.03762551015619394
4406 0.07001052468749741
4438 0.05801741390176707
4633 0.0837060485158061
4692 0.11408521523034394
4857 0.06473472487337245
4957 0.08796058368249167
5100 0.07621804382685089
5166 0.05752284203136388
5172 0.05113359974666447
5279 0.04032657580893515
5345 0.0777970406472986
5390 0.0536308642509751
5582 0.04704388678054054
5663 0.027920303278819614
5963 0.056121985930622204
6044 0.027757881121899804
6062 0.04486407082571796
6102 0.03145468411557706
6174 0.0837060485158061
6245 0.020536493444686655
6256 0.06900616098484232
6294 0.12474266416776233
6304 0.04555928866169354
6528 0.03595347779950878
6681 0.06290936823115412
6755 0.05113359974666447
6775 0.026739262210586194
6911 0.04925609165537079
7242 0.02460322725065731
7338 0.05215868506216133
7381 0.06473472487337245
7479 0.02850165862324416
7489 0.0710797296756932
7524 0.10446048154793273
7651 0.05113359974666447
7950 0.06073941060884922
8097 0.030665633690191665
8250 0.022474736183599055
8357 0.08928035960077704
8411 0.027517195135963412
8433 0.02369344188654653
8474 0.13004125136058986
8484 0.04678703004924303
8673 0.025779661916162006
8688 0.029912461843652496
8968 0.04756986515761418
8996 0.018200629925083832
9131 0.07621804382685089
9366 0.041031657847230806
9409 0.03395805513707749
9491 0.0929771625944543
9592 0.05905318411109261
9725 0.025851535900075114
9755 0.4210832704431872
9764 0.10446048154793273
9783 0.025354845632212724
9810 0.10446048154793273
9902 0.011468196243795645
9944 0.0674494285506338
10072 0.05704260761517197
10113 0.04509258379080819
10259 0.13101083718144454
10260 0.054830402740341726
10281 0.04955460292621678
10335 0.03948543438525972
10468 0.0710797296756932
10497 0.07345047094987715
10499 0.09749091866330219
10628 0.0332676666051172
10631 0.0862598516228489
10645 0.04050005307264779
10856 0.050168262981508754
10949 0.03543164167206471
10950 0.09684960935350934
10999 0.010132835098120966
11000 0.06717310971605395
11097 0.02892976842179435
11245 0.04273718937025263
11255 0.020641347765004304
11326 0.04032657580893515
11442 0.4648858129722714
11666 0.08149384364097585
11872 0.0929771625944543
11959 0.12031611052884936
12023 0.03304378580203314
12064 0.02157412974996271
12183 0.05215868506216133
12328 0.04032657580893515
12354 0.028002115431781275
12591 0.10726454319429708
12668 0.1608968147914456
12807 0.026587965019259904
12881 0.04355547555729656
12903 0.02681543212548755
12919 0.04678703004924303
13219 0.06073941060884922
13247 0.08149384364097585
13336 0.017708728201726014
13683 0.10446048154793273
13695 0.043347083786863284
13973 0.07190695559901757
14163 0.02677859032887544
