79 0.03569965922316814
194 0.03367883685356753
365 0.09260012767656078
387 0.10824015749006907
639 0.07450416229353155
920 0.047352574661518626
931 0.0584038115876597
965 0.06696570756744691
995 0.04714848249414124
1010 0.05446752040726096
1027 0.043296705983704796
1090 0.08274807404057591
1135 0.07071030333364842
1319 0.022443713660106123
1417 0.07923172389492784
1653 0.02452594507827838
1689 0.02802973480027158
1718 0.0362686246673656
1800 0.07213958894999997
1942 0.03808374347361442
2017 0.042642862695677165
2074 0.10393649272896298
2204 0.02802973480027158
2290 0.12160856127170198
2479 0.04635304894366944
2648 0.034504054913600625
2649 0.15251738441705437
2716 0.049521884645261346
2738 0.1457920408091821
2763 0.049293639024707916
2822 0.11378854636494783
2828 0.09487175370843615
2895 0.05537886458097425
3010 0.028257083560640224
3044 0.0897086245971527
3078 0.45600428904100876
3084 0.09744711089691424
3092 0.025558246567005796
3241 0.06383128138406423
3462 0.10824015749006907
3512 0.04051463159826375
3642 0.06874726836260715
3790 0.11349488514717003
3873 0.28461526112530844
4219 0.03203437760510123
4384 0.033881854831753044
4577 0.027074397082425185
4660 0.04840674576595702
4698 0.08033411134907983
4720 0.05914569266069278
4789 0.0714117089881737
4850 0.07625869220852718
4895 0.07368333502004909
5223 0.031217414206186508
5233 0.09056808894733005
5247 0.0634069533959031
5305 0.10393649272896298
5314 0.05804330520654079
5571 0.04296701368461656
5816 0.10044658059957329
5844 0.047352574661518626
5922 0.12160856127170198
5955 0.10393649272896298
6238 0.1428234179763474
6429 0.045035407806026787
6606 0.025360434270473617
6693 0.047352574661518626
6728 0.08274807404057591
6843 0.10393649272896298
6869 0.087051738801682
6870 0.1004201425833149
6928 0.08033411134907983
7006 0.045589126119848285
7201 0.017938093861642045
7486 0.04280425719265919
7576 0.11378854636494783
7601 0.10393649272896298
8250 0.026164155973131563
8433 0.027582922620124805
8673 0.030011613475635864
8744 0.02263048140432583
8924 0.10393649272896298
8981 0.04380205882077045
8997 0.015234808248441733
9179 0.09056808894733005
9420 0.07923172389492784
9515 0.06199307875717776
9528 0.05388303537989667
9533 0.05569247360198769
9725 0.0300952861875267
9783 0.059034119944864565
9904 0.07625869220852718
10032 0.07450416229353155
10246 0.10824015749006907
10277 0.08407870711528133
10684 0.06431957404324581
11000 0.0469200894405249
11003 0.028719982496811153
11097 0.03367883685356753
11216 0.07923172389492784
11246 0.11201122463755929
11255 0.02402980119576819
11482 0.03337826147375995
11815 0.04654885295886069
12064 0.01255785365290569
12117 0.04022890000418109
12175 0.03525627119391192
12418 0.08407870711528133
12645 0.09056808894733005
12658 0.09744711089691424
12666 0.045589126119848285
12667 0.0648177701948539
12940 0.06113575851189863
12983 0.19489422179382848
12989 0.12160856127170198
13043 0.049521884645261346
13051 0.10719460757162803
13072 0.2008402851666298
13079 0.0276566761701965
13336 0.020615767098252795
13437 0.08872988632044358
13480 0.058871706822052554
13596 0.057000536130126095
13676 0.07516553295995998
13744 0.05276466240486238
13827 0.046159212841325216
13858 0.05145214725524734
13973 0.04185554808021912
13982 0.03912651255002911
14163 0.015587262257088941
14170 0.029194265327235517
