79 0.028121987209005654
149 0.08399770150912043
194 0.026530108124829407
354 0.287387147020914
931 0.04600691654108136
953 0.07676281695202082
968 0.06122378468757115
985 0.09579571567363798
999 0.08187475126305743
1004 0.07910478774043296
1012 0.028299682068971217
1022 0.07473410957808599
1045 0.04244572818646024
1047 0.059365122640519685
1051 0.17927118157641794
1099 0.06769352064088002
1274 0.050282342119729435
1350 0.050666988926297396
1402 0.04314170043475799
1479 0.14067654227077464
1562 0.07910478774043296
1606 0.08963559078820897
1615 0.09439823036525528
1634 0.17927118157641794
1653 0.01932002514277533
1657 0.04290614940114586
1661 0.06420330653030999
2176 0.03384676032044001
2204 0.022080094339205998
2456 0.052751449527327764
2479 0.03651406982188564
2736 0.038830485116747214
2763 0.15532194046698886
2776 0.03071631019353012
2789 0.06623201390424482
2791 0.07910478774043296
2857 0.16101751044760199
2921 0.085264912625862
3092 0.02013320851464881
3111 0.09579571567363798
3130 0.06466544724817443
3214 0.09502475719420993
3319 0.09579571567363798
3321 0.023641295985697492
3328 0.047512378597104964
3358 0.06081314516750544
3417 0.04883431959274368
3517 0.039942645205998877
3527 0.03334028884367183
3790 0.02980142087112651
3798 0.07473410957808599
3865 0.02734711879586788
3915 0.028389314997590842
3931 0.05415485311671127
3940 0.03666831213485165
4028 0.040530824620558764
4201 0.06328225257510377
4202 0.10133397785259479
4278 0.052751449527327764
4283 0.04719911518262764
4311 0.049541085971039796
4420 0.1170308487697914
4434 0.06328225257510377
4450 0.04033222391890251
4500 0.059365122640519685
4700 0.046892180756924876
4763 0.04990719374256346
4808 0.026770631417472542
4817 0.1011556524171318
4825 0.07473410957808599
4827 0.02417677827993776
4881 0.027431289301095393
5247 0.03329872182093362
5613 0.03410647155633467
5628 0.12162629033501088
5798 0.02637184901324295
5802 0.07294466285500395
5938 0.029900396708693728
6167 0.06857398469265696
6177 0.07294466285500395
6235 0.03157854082896145
6245 0.01883303674086563
6249 0.056827113811726414
6412 0.04013618587852139
6606 0.01997738420164663
6618 0.0983671866091153
6619 0.05415485311671127
6681 0.028845587647011464
6682 0.085264912625862
6737 0.040530824620558764
6752 0.2154737915447828
6775 0.02452129955836739
6799 0.06518382332985241
7201 0.014130522730694931
7206 0.03410647155633467
7245 0.030927323826384107
7401 0.03437069973512973
7469 0.05231104949366426
7504 0.06857398469265696
7580 0.0348310872462593
7693 0.02438255213438713
7696 0.07473410957808599
7746 0.08963559078820897
7851 0.03384676032044001
7865 0.04322517722352533
7901 0.055701210856468814
8250 0.06183151959613056
8291 0.085264912625862
8370 0.05625373492179893
8411 0.07570411400519528
8433 0.021728123292749594
8658 0.0725225118101665
8739 0.08724810013787056
8744 0.02674034384786544
8849 0.09579571567363798
8863 0.09579571567363798
8981 0.034504557317634375
8995 0.03249266537135263
8997 0.012001041242889246
9099 0.029032003940817907
9113 0.050282342119729435
9134 0.03410647155633467
9174 0.04783223751302454
9499 0.06989592568829568
9725 0.09482883272653074
9779 0.056827113811726414
9784 0.041780246445888264
9813 0.09318264928379749
9867 0.045170407808692824
9900 0.06623201390424482
9904 0.0600718890188158
9908 0.08146411174299172
9949 0.044377563368216015
9961 0.03636137770914888
9998 0.09579571567363798
10072 0.05231104949366426
10362 0.03082145066389995
10371 0.047512378597104964
10415 0.055701210856468814
10440 0.04783223751302454
10445 0.033216265809358436
10459 0.04290614940114586
10505 0.085264912625862
10516 0.018222427248958107
10567 0.12179197764383372
10569 0.041564743012282405
10589 0.059365122640519685
10606 0.13979185137659136
10949 0.06498533074270527
11000 0.036960749312574134
11003 0.022623828854199186
11053 0.08187475126305743
11112 0.06081314516750544
11161 0.06420330653030999
11255 0.07571677450901688
11277 0.06159243071611075
11482 0.05258666680015566
11733 0.025161837682992447
11796 0.052751449527327764
12064 0.039569206819811034
12208 0.0600718890188158
12216 0.06159243071611075
12264 0.10133397785259479
12370 0.08187475126305743
12406 0.03621020494611423
12418 0.06623201390424482
12441 0.059365122640519685
12544 0.056827113811726414
12558 0.042220646479551774
12582 0.03359141418652442
12591 0.04918359330455765
12665 0.05868977868776523
12667 0.07658915563904026
12735 0.02383989668735374
12768 0.14248048624183698
12770 0.04783223751302454
12834 0.025186486824164186
12865 0.03766607348173126
12904 0.059365122640519685
12915 0.049541085971039796
12959 0.049541085971039796
12962 0.05868977868776523
13020 0.19260991959093
13079 0.02178622178547663
13209 0.06518382332985241
13266 0.07676281695202082
13336 0.032479656739393084
13480 0.023187747757934602
13628 0.04362405006893528
13787 0.026450772501552974
13794 0.07134394821528144
13822 0.02494531044552937
13851 0.11033615530377335
13858 0.040530824620558764
13874 0.0161994757899751
14062 0.018785185560100344
14072 0.022747347724271092
14078 0.09579571567363798
14163 0.02455736549623967
14170 0.022997439582729307
14189 0.037794215090109246
