194 0.09150978125838295
548 0.14880782058345923
1012 0.09761353793313989
1234 0.3304262819261023
1653 0.133280367076016
1717 0.309178284061278
2176 0.116746966075484
2194 0.178959209390868
2209 0.15396647521272797
3092 0.06944508098256279
3890 0.15132369621952393
4383 0.09432788013083057
6102 0.09949651932918781
6443 0.17612587014876152
6450 0.3304262819261023
6813 0.07146439952334607
7153 0.14336845229647255
7201 0.0974802694409159
7431 0.1596889560775759
7693 0.0841022585298352
8433 0.0749463892238651
8658 0.06253761915359235
8982 0.13980217788023294
8997 0.08278991203822608
9486 0.23653089952422082
9588 0.198067971017952
9765 0.09700061854021176
9783 0.08020169203621791
10499 0.10279345610934372
10991 0.27285459179274946
10999 0.06410376397328953
11003 0.07803592883729238
12057 0.10046400546783307
12335 0.11167164675776504
12413 0.2133540221504682
12725 0.14880782058345923
13024 0.13518500369064956
13480 0.0799810432441198
14170 0.07932461699049213
14171 0.22415262588783233
