210 0.09709419424687046
290 0.29717822272350414
437 0.080584879476423
1135 0.11074720057095849
1550 0.06278561886086982
1653 0.03841278612481752
1909 0.10866314943465644
2012 0.38092914586307663
2204 0.2195022871864326
2597 0.05809774443933452
2895 0.17346988865829432
2927 0.04875415163682546
2965 0.05322635614945025
2995 0.04206918401350508
3150 0.07547763129040592
3236 0.0672953764603774
3994 0.19046457293153832
4079 0.080584879476423
4144 0.10073797496801697
4304 0.18409606308496254
5957 0.2999196180273622
6081 0.08927482290195869
6109 0.03773176751335004
6866 0.05772250035453622
8688 0.05453990050551281
8744 0.01772204576238596
8826 0.12409353664303725
8994 0.1258201071530775
8997 0.04772182511476762
9128 0.19046457293153832
9275 0.2836973351578139
9533 0.08722612198662597
9902 0.0418203145821672
10362 0.06128034428835793
10567 0.030268912400332748
10616 0.07481371972193898
10999 0.036950741198023995
11213 0.06128034428835793
11888 0.19046457293153832
12064 0.019668238879938238
12308 0.11184574928367985
13299 0.3255727967276002
13336 0.03228862536455714
13624 0.2694284093581962
13626 0.09575145050683209
13643 0.10400675678811339
13676 0.05886251339823074
13786 0.04087164209305688
14163 0.024412929631946634
