10 0.035171536017807356
47 0.06351180411347425
254 0.08039631688345905
293 0.055338613503375454
296 0.06727023451722997
300 0.045723968568552584
305 0.059668858788978325
319 0.04814602715447443
322 0.03486994093056312
326 0.03345044021468029
390 0.044214654157127393
486 0.05414415215100089
487 0.06351180411347425
704 0.05807552514834793
746 0.08039631688345905
994 0.05976072961471569
998 0.05734073652335647
1002 0.031673356558207535
1027 0.03215900433806425
1101 0.07356561969104349
1113 0.06053732089571206
1319 0.033340526423847106
1350 0.04777392214219882
1460 0.03486994093056312
1512 0.0745879329060571
1538 0.15605400097743372
1564 0.04777392214219882
1604 0.12286082310357062
1656 0.03960073153210002
1977 0.08451743089993059
2058 0.08569862638780376
2081 0.07237968780454417
2214 0.05885005093478166
2341 0.05414415215100089
2469 0.0745879329060571
2485 0.0712723580936248
2542 0.05016701158272901
2659 0.053536590711484956
2782 0.08451743089993059
2895 0.04113313255209059
2935 0.043379938208553785
2972 0.15182346870551566
2974 0.08451743089993059
2995 0.13965606769439046
3041 0.0986482148888832
3163 0.05664180583326873
3313 0.05358230611960076
3321 0.02229138651606715
3341 0.2808327110239538
3355 0.05252069181679717
3633 0.012517768596891743
3636 0.05734073652335647
3789 0.03143657038181122
3790 0.02809977049346909
3895 0.06053732089571206
3940 0.034574564744008815
4184 0.045723968568552584
4219 0.023793812137980277
4311 0.1401369235181857
4384 0.02516604189071785
4577 0.04021948706914922
4691 0.07237968780454417
4692 0.0493241074444416
4701 0.11615105029669585
4747 0.030416953287376217
4784 0.03899105494703467
4808 0.07572611407180159
4899 0.03215900433806425
4919 0.0745879329060571
4970 0.06382824504004055
4985 0.08870340531328301
5001 0.06245018981067067
5063 0.04067832490796506
5064 0.04604589756625746
5228 0.041602854552081035
5350 0.03960073153210002
5351 0.0745879329060571
5391 0.03730378498610428
5730 0.0445040627378823
5798 0.02486602595108193
6315 0.03767336554546675
6446 0.03879346233137801
6499 0.06727023451722997
6633 0.08842930831425479
6677 0.045101034011680856
6788 0.06146185053982802
6821 0.05934246707645305
6861 0.047057510989277844
6862 0.07758692466275602
6898 0.05664180583326873
6916 0.05358230611960076
6921 0.04233764317707248
7031 0.06351180411347425
7064 0.08135664981593012
7085 0.046712307839395235
7088 0.06590489355400445
7201 0.026647349963771477
7206 0.03215900433806425
7253 0.08039631688345905
7442 0.06358646744463294
7497 0.04002209242389789
7520 0.06351180411347425
7536 0.038216529160600934
7566 0.030199900081686062
7580 0.01642112236678881
7616 0.034574564744008815
7643 0.16601584051012638
7692 0.051062630545964084
7717 0.028381587533233263
7744 0.07237968780454417
7899 0.07046681888958554
8062 0.19053541234042276
8182 0.04540911550950197
8230 0.055338613503375454
8259 0.11770010186956333
8388 0.0745879329060571
8433 0.020487455293502727
8673 0.02229138651606715
8744 0.008404493287873937
8865 0.13755909785731033
8993 0.12490037962134135
9138 0.045101034011680856
9276 0.05664180583326873
9299 0.051062630545964084
9366 0.07095923503125694
9381 0.059668858788978325
9383 0.025318439471776748
9392 0.046712307839395235
9450 0.06146185053982802
9479 0.06351180411347425
9621 0.06727023451722997
9645 0.02318700547930222
9722 0.035019944788245355
9733 0.14475937560908833
9902 0.029749264665758352
9905 0.0458507000624931
9906 0.03155447423680287
9944 0.08748415438881803
9959 0.05016701158272901
9966 0.034142615310436615
10020 0.06351180411347425
10327 0.0768125403594509
10361 0.030416953287376217
10495 0.034142615310436615
10499 0.11239908197387637
10551 0.08451743089993059
10564 0.05664180583326873
10582 0.12701292953121746
10583 0.037844424148325326
10592 0.05734073652335647
10620 0.0745879329060571
10672 0.08730561625145454
10723 0.06877954892865516
10732 0.024284210452622447
10794 0.04259119382292369
10837 0.05304166695737972
10847 0.11328361166653746
11000 0.01742515193220583
11102 0.03980986280123135
11137 0.0745879329060571
11169 0.04814602715447443
11213 0.029061556953161174
11246 0.055464873168979266
11255 0.017848343501890723
11259 0.03532474857468864
11320 0.04311216896350622
11326 0.24408958651394186
11356 0.050484076047867726
11370 0.06877954892865516
11570 0.10828830430200179
11694 0.04852805612801584
11876 0.03120363455821709
11987 0.04090392386199329
12215 0.02610573854261833
12371 0.07237968780454417
12374 0.06351180411347425
12409 0.04892055294090816
12413 0.029161384796272675
12648 0.06532339165810037
12705 0.08451743089993059
12722 0.08451743089993059
12735 0.044957294378650994
12763 0.033315929953971445
12764 0.027823390779018648
12807 0.02299031720615489
12912 0.07046681888958554
13024 0.03695437162678232
13079 0.041084472766520726
13163 0.1491758658121142
13340 0.08039631688345905
13574 0.06053732089571206
13775 0.03879346233137801
13874 0.015274491568079461
13948 0.053706623703296485
13950 0.11468147304671295
13982 0.029061556953161174
14088 0.0445040627378823
14163 0.011577574394064233
