170 0.08800354107277719
336 0.041451909491639134
421 0.03884246290071949
994 0.031112847179504622
1064 0.04633973218726759
1127 0.05756442914819693
1545 0.031445562399774855
1603 0.05316882277049299
1616 0.06862328806047041
1718 0.0280499883558655
1820 0.11275489723091471
2058 0.044616728803134206
2136 0.07337338019372625
2204 0.0216780686330537
2359 0.04408395381385337
2395 0.07536514965869869
2565 0.029066339620349973
2659 0.027872413473813352
2889 0.05135859040136248
2919 0.05223626200311784
3145 0.04974446424461899
3149 0.06303431788159174
3165 0.039597870589039325
3188 0.05269525556945723
3208 0.03483017831931653
3236 0.033230491770598225
3281 0.03155813737884883
3287 0.06502608734656418
3348 0.05897812360134612
3353 0.039405401932484485
3417 0.0479451634362014
3468 0.06862328806047041
3517 0.0392153851726928
3761 0.03569932399118834
3786 0.030260265766886594
3814 0.05135859040136248
3832 0.039792855246936924
3992 0.03812347485857195
4101 0.07161651501542464
4219 0.04955048210686706
4383 0.026849193172170802
4387 0.07161651501542464
4398 0.05468702503442967
4420 0.038299998977077095
4433 0.09405150481799526
4489 0.03872420273099408
4500 0.0582842257483359
4532 0.10539051113891446
4577 0.020939214813608418
4635 0.08371244250586075
4714 0.5729321201233971
4721 0.09033848126290207
4808 0.07884960675023397
4845 0.06399698181544099
4922 0.024351057570396163
5063 0.04235619325732272
5172 0.04603838630332285
5260 0.10387666879988061
5358 0.03374489150171886
5370 0.08800354107277719
5390 0.024143405299061907
5391 0.03884246290071949
5886 0.051790971803773636
5938 0.029355982001203013
6521 0.0541635989103406
6566 0.05269525556945723
6775 0.024074825344114596
6789 0.03285600899081105
7046 0.050131917559071426
7276 0.046647291824239163
7284 0.17557151682784017
7468 0.01926266023769442
7571 0.11597832240524322
7604 0.038299998977077095
7633 0.024212302021668537
7668 0.055229488958072066
7781 0.08371244250586075
7892 0.03743755567059559
8097 0.08282985925456945
8268 0.21856050790515094
8293 0.08282985925456945
8411 0.04955048210686706
8412 0.03414267811338066
8433 0.021332506137499437
8662 0.046647291824239163
8738 0.06303431788159174
8744 0.008751155381556939
8996 0.01638702605735257
8997 0.02356506197254015
9011 0.0479451634362014
9105 0.07908826513874637
9432 0.2511373275175822
9521 0.06303431788159174
9647 0.03155813737884883
9827 0.018164338276450476
9902 0.010325446506601967
10003 0.035114303365568034
10050 0.05316882277049299
10054 0.06213003411590814
10451 0.03374489150171886
10459 0.042124931044635355
10531 0.039027758624255525
10571 0.07004494556065906
10600 0.05269525556945723
10601 0.06303431788159174
10614 0.027267038811932376
10627 0.06399698181544099
10800 0.08038400787279357
10936 0.04863906128921161
11000 0.01814389123565418
11029 0.07766447876064268
11052 0.22584620315725515
11171 0.07766447876064268
11246 0.0288763228605583
11255 0.037169076573314676
11331 0.046647291824239163
11336 0.04603838630332285
11338 0.2644360099709161
11339 0.04039358531468878
11371 0.031671568449633945
11636 0.03847863720711938
11672 0.06399698181544099
11714 0.03213412067373211
12021 0.04603838630332285
12023 0.029751133955271597
12041 0.03237088935812115
12057 0.05719152144444833
12219 0.051790971803773636
12316 0.04235619325732272
12611 0.0553938555130016
12726 0.05135859040136248
12735 0.023405829189584355
12797 0.056377448615457355
12877 0.02044832947069324
13030 0.05316882277049299
13051 0.041451909491639134
13327 0.09405150481799526
13332 0.043318857191171976
13446 0.04760995575808843
13672 0.07161651501542464
13709 0.035849235945765265
13723 0.05337055636562362
13786 0.020182438046450986
13787 0.025969167199970153
13874 0.015904522082182383
13875 0.04189719969098333
14062 0.01844315226196396
14083 0.04307230424016437
14163 0.024110234607521704
14211 0.039792855246936924
14212 0.09535760619750253
