296 0.13285376822050593
322 0.06886557009200278
1027 0.06351166959938467
1101 0.07264334558643831
1113 0.23911351749217877
1319 0.03292254443329559
1397 0.10708616747439628
1512 0.14730568462355936
1538 0.10273172686516298
1620 0.0630280460097048
2214 0.11622452460236189
2488 0.0846242437583956
2692 0.08907122685232065
2995 0.0788029907865996
3036 0.08732069179625497
3341 0.24649953804890914
3396 0.07437955231043761
3517 0.07437955231043761
3691 0.10372450560763577
4244 0.26570753644101186
4691 0.1429445628734141
4701 0.11469489310857965
4784 0.07700446733658362
4970 0.0630280460097048
5051 0.0694611982194315
5063 0.16067340296062216
5228 0.0821625795664193
5350 0.07820853377552245
6032 0.09907616016144907
6171 0.1429445628734141
6499 0.13285376822050593
6606 0.03720106381509556
6677 0.08907122685232065
6813 0.0385814005504957
7088 0.13015732018264653
7422 0.0979247296697889
7475 0.0821625795664193
7520 0.12543114445061893
7598 0.054949151525813894
7792 0.18869996885884288
7891 0.047679416460931066
7927 0.13583455323525107
8182 0.08967966516383077
8230 0.10928969379671992
8259 0.23244904920472378
8567 0.08567218915675022
8661 0.11469489310857965
8997 0.06704353732469909
9366 0.21020890959282487
9392 0.09225337421932747
9479 0.12543114445061893
9722 0.06916181668432873
9783 0.08659678457848029
9905 0.09055176219565864
9944 0.11518318271123892
10327 0.07584956040794667
10361 0.060071246830275433
10366 0.16691571325644852
10499 0.05549498114552547
10924 0.048528218856741606
10999 0.03460762297232998
11118 0.1572431053181562
11137 0.14730568462355936
11246 0.05476952367754846
11255 0.03524916640676822
11317 0.06094856646380988
11326 0.13773114018400556
12215 0.05155691462139648
12409 0.09661449596947276
12865 0.03507010700486173
13079 0.040569406822768043
13163 0.14730568462355936
13775 0.0766142364454484
13950 0.2264874791752335
14163 0.02286485837522557
