47 0.03998418698830109
108 0.021405808040687146
160 0.05686508708638176
320 0.030076321445464328
321 0.028017764431179978
339 0.02519611668220117
483 0.020807202631585458
556 0.021952552882100466
670 0.029847992088570082
688 0.03523960174114417
896 0.030310582093509054
916 0.03158290336366854
924 0.04436275275565949
947 0.032748202965053014
960 0.019571972250474665
968 0.03634291808913007
994 0.018811339252801644
995 0.02204698859178078
1026 0.0847006528385847
1027 0.08098347453732298
1054 0.06947042840370721
1099 0.04018340402134225
1104 0.034086732917564075
1107 0.01497951832685656
1113 0.03811158559029836
1133 0.03349203634639333
1144 0.04436275275565949
1146 0.05686508708638176
1397 0.051204428089737394
1402 0.025609251259576093
1458 0.015607928633056314
1471 0.05066347239661481
1517 0.04860149358465349
1524 0.02858754511620138
1551 0.05686508708638176
1593 0.186577186012234
1604 0.030939068370552224
1660 0.05268573835206452
1661 0.03811158559029836
1691 0.05686508708638176
1793 0.03565914379862467
1808 0.02442262620992617
1881 0.07622317118059672
1963 0.023778918550520913
2044 0.02765697520604828
2269 0.040706054378183865
2352 0.03885763601746115
2384 0.020168455902627568
2479 0.43350075641663555
2485 0.022434942078019635
2513 0.031860418424937226
2564 0.02783556575220294
2565 0.017573987114742062
2575 0.03762267850560329
2597 0.01734565775784782
2630 0.04860149358465349
2638 0.02519611668220117
2659 0.01685211972485929
2763 0.023050080081795637
2768 0.026813507845378035
2789 0.039315842176100305
2790 0.04436275275565949
2803 0.08872550551131898
2831 0.031860418424937226
2848 0.015469534185276112
2873 0.029407976633263538
2879 0.03656174925887019
2892 0.04860149358465349
2907 0.028988434575783036
2927 0.014556035466224328
2929 0.024299923257682026
2934 0.025895577780138054
2953 0.03244246087645559
2962 0.05686508708638176
2965 0.015891256474332382
2995 0.012560172087440515
3010 0.013213226936324925
3026 0.07622317118059672
3040 0.05686508708638176
3047 0.04330052316606937
3119 0.039315842176100305
3150 0.022534595333618828
3151 0.02359682492320895
3173 0.0414907689065053
3198 0.037564840748885046
3220 0.018745269156060156
3227 0.02493084673872575
3232 0.052084447481576944
3249 0.04096435092001262
3251 0.029195766186592753
3278 0.07219831850786244
3280 0.05686508708638176
3281 0.038161138065892546
3282 0.032748202965053014
3305 0.04860149358465349
3306 0.05686508708638176
3313 0.033733019822939955
3316 0.02878576249897996
3332 0.016746018173196663
3388 0.06817346583512815
3432 0.008837403613223396
3442 0.025751278255787904
3481 0.02294459902123162
3490 0.02783556575220294
3500 0.05320838870890613
3527 0.05937316972628202
3590 0.027310065980377007
3606 0.04080543310134458
3656 0.03656174925887019
3721 0.017068142696579133
3728 0.04335007564166356
3734 0.04455111756840017
3756 0.021230685492217693
3758 0.016589170256855117
3786 0.03659170900924967
3790 0.035380713661725426
3819 0.03811158559029836
3841 0.031686825425902294
3865 0.032466927794279246
3897 0.031052248674372028
3940 0.021766597265818845
3974 0.030551090423043152
3985 0.019287900643755993
3993 0.03523960174114417
4030 0.021405808040687146
4384 0.015843412712951147
4420 0.046313618935804816
4444 0.030310582093509054
4450 0.023941523996223842
4550 0.05686508708638176
4555 0.029195766186592753
4576 0.03131367358352391
4590 0.02878576249897996
4604 0.046957221543544994
4645 0.08660104633213873
4646 0.12211816313455158
4647 0.05061391992102063
4651 0.17059526125914526
4658 0.03565914379862467
4747 0.019149151324436234
4784 0.0736410650099579
4808 0.015891256474332382
4881 0.01628342816825769
4903 0.02858754511620138
4906 0.037564840748885046
4922 0.014723050014624844
4965 0.03869362804181672
4981 0.03609915925393122
4985 0.03722912713158588
4990 0.020015595838603586
5049 0.023941523996223842
5087 0.03158290336366854
5136 0.10122783984204126
5198 0.05320838870890613
5214 0.037564840748885046
5223 0.014597500035217727
5230 0.05686508708638176
5247 0.009883191032590577
5390 0.043792500105653186
5551 0.028703049874184268
5604 0.05320838870890613
5668 0.10451613684468752
5687 0.07768673334041416
5697 0.09484106808441019
5818 0.046957221543544994
5832 0.040706054378183865
5920 0.03656174925887019
6044 0.0453316212200106
6062 0.02442262620992617
6278 0.014597500035217727
6315 0.011858731722982083
6320 0.040706054378183865
6419 0.026042223740788472
6519 0.017631984278409778
6538 0.046957221543544994
6579 0.05238258742218892
6606 0.011858731722982083
6655 0.06549640593010603
6693 0.04428484727938702
6730 0.037564840748885046
6750 0.1367010280243843
6755 0.02783556575220294
6866 0.01723362491503471
6921 0.026653883716033423
6949 0.02765697520604828
6976 0.07219831850786244
7020 0.03762267850560329
7099 0.010312124944988328
7100 0.08562323216274859
7201 0.008387988961788075
7242 0.026786486898831573
7422 0.015607928633056314
7442 0.04003119167720717
7466 0.01628342816825769
7468 0.011646521276311298
7486 0.020015595838603586
7533 0.020168455902627568
7540 0.02204698859178078
7553 0.04330052316606937
7617 0.032748202965053014
7671 0.014681005519503347
7717 0.01786777621567955
7718 0.01901250434858873
7862 0.015378437169612015
7865 0.025658803735170283
7891 0.015198958054771556
7901 0.03306467501073916
8097 0.01669343185587049
8104 0.025062506418162777
8217 0.05061391992102063
8279 0.030551090423043152
8349 0.050125012836325554
8370 0.033392657623232604
8383 0.03244246087645559
8412 0.020643224880206396
8433 0.012897984159075103
8454 0.09391444308708999
8463 0.01861456356579294
8658 0.021524965499804444
8706 0.014850372522800056
8744 0.02645546255967396
8826 0.03704935600070823
8830 0.05061391992102063
8839 0.03704935600070823
8876 0.0414907689065053
8982 0.02405941492814792
8995 0.019287900643755993
8996 0.009907865542836762
8997 0.014247824145479121
9098 0.05686508708638176
9113 0.029847992088570082
9249 0.046957221543544994
9301 0.032146744945499184
9437 0.033733019822939955
9484 0.10829747776179366
9496 0.019500111090426774
9497 0.007362949230545449
9530 0.0414907689065053
9531 0.06192967464061919
9534 0.0414907689065053
9594 0.026042223740788472
9645 0.014597500035217727
9652 0.013393243449415787
9657 0.03609915925393122
9725 0.028145568898223946
9736 0.2530695996051031
9755 0.025469426321211682
9781 0.020562340680016902
9784 0.024801081509010895
9827 0.010982457749673576
9900 0.039315842176100305
9902 0.006242934825337893
9904 0.14263657519449868
9905 0.014432773485443244
9941 0.029625301073759606
10003 0.021230685492217693
10022 0.05320838870890613
10025 0.03306467501073916
10030 0.03131367358352391
10032 0.03483871228156251
10037 0.04547453482084381
10060 0.045567009341461434
10091 0.028017764431179978
10108 0.030551090423043152
10110 0.02519611668220117
10174 0.025751278255787904
10335 0.02149466125073441
10382 0.046313618935804816
10415 0.03306467501073916
10422 0.06372083684987445
10451 0.02040271655067229
10494 0.045567009341461434
10516 0.021633951062436003
10537 0.03704935600070823
10575 0.09932641780633858
10583 0.023825154280103195
10598 0.023050080081795637
10663 0.03869362804181672
10672 0.027481852657578826
10708 0.02783556575220294
10732 0.030576502278728816
10738 0.05061391992102063
10924 0.015469534185276112
11000 0.09141745943689074
11150 0.053952016478831785
11213 0.018295854504624835
11218 0.025469426321211682
11232 0.017178126106848657
11246 0.06983639942296567
11259 0.02223887940266242
11277 0.03656174925887019
11310 0.05238258742218892
11311 0.07857764245910769
11317 0.03885763601746115
11356 0.015891256474332382
11359 0.03030928175065203
11568 0.09720298716930698
11576 0.05683484855052011
11723 0.05320838870890613
11750 0.05320838870890613
11751 0.05686508708638176
11875 0.02214242363969351
11919 0.02878576249897996
11929 0.026497035799691877
11955 0.023941523996223842
12064 0.023488591070329176
12138 0.04860149358465349
12240 0.04436275275565949
12291 0.033733019822939955
12303 0.03704935600070823
12333 0.04409397718356156
12378 0.02512034417488103
12387 0.021058898815015874
12388 0.05686508708638176
12449 0.040706054378183865
12523 0.017516360542509518
12572 0.029625301073759606
12610 0.02442262620992617
12648 0.020562340680016902
12668 0.029195766186592753
12678 0.04390510576420093
12753 0.14580448075396046
12807 0.028947347817387257
12834 0.007475447918440881
12877 0.01236339640043181
12891 0.04235032641929235
13039 0.05686508708638176
13079 0.012932471879379487
13145 0.0414907689065053
13362 0.04436275275565949
13608 0.022434942078019635
13628 0.05179115556027611
13666 0.025895577780138054
13754 0.011616609050318416
13806 0.06217452322216428
13822 0.01480773164965474
13827 0.021584398586841805
13832 0.02040271655067229
13874 0.00961613570161121
13912 0.01734565775784782
13948 0.016905642302541275
13951 0.2530695996051031
13971 0.02858754511620138
14005 0.07996837397660218
14017 0.046957221543544994
14037 0.05686508708638176
14041 0.018295854504624835
14044 0.028988434575783036
14060 0.02223887940266242
14062 0.02230206654435822
14163 0.02186616673411522
14189 0.022434942078019635
