10 0.0328928614066108
47 0.05939703541325628
254 0.0751876434259422
293 0.051753365092697096
296 0.06291196664385529
300 0.04276162861707709
305 0.05580306476927223
319 0.0450267681704103
322 0.032610805900117806
326 0.03128327103526348
337 0.02814297156231643
390 0.041350098858215445
486 0.05063628986176839
487 0.05939703541325628
704 0.05431295917396324
746 0.0751876434259422
998 0.053625775640302346
1027 0.030075504013557373
1101 0.06879948977957046
1113 0.05661526141883632
1319 0.031180478280158314
1350 0.04467877089809071
1397 0.025354950357846406
1460 0.032610805900117806
1512 0.06975556991432956
1538 0.09729577204132651
1564 0.04467877089809071
1604 0.11490098199298977
1656 0.03703510057753153
1977 0.07904176091788251
2058 0.08014642974602396
2081 0.06769039141205668
2214 0.05503730539916399
2341 0.05063628986176839
2469 0.06975556991432956
2485 0.0666548027845298
2513 0.04732907041528337
2542 0.04691681814348624
2659 0.1251702269673225
2782 0.07904176091788251
2935 0.04056946203881642
2972 0.18931628166113348
2974 0.07904176091788251
2995 0.16792470679554425
3041 0.09225704725283368
3163 0.05297212689689112
3313 0.05011084440970335
3341 0.3210023324045167
3355 0.0491180094049508
3636 0.053625775640302346
3758 0.02464343050194474
3789 0.02939987472098314
3790 0.02627925763410749
3895 0.05661526141883632
3940 0.03233456638751236
3991 0.031032849880445478
4184 0.04276162861707709
4311 0.17474374357335268
4384 0.02353559786655997
4691 0.06769039141205668
4692 0.04612852362641684
4701 0.10862591834792648
4747 0.028446316031988685
4784 0.03646492339205811
4808 0.04721334080611572
4899 0.030075504013557373
4919 0.06975556991432956
4970 0.05969297493479593
4985 0.08295653666609858
5001 0.05840420040850374
5063 0.03804287941173043
5064 0.04306270065154594
5228 0.03890751112513678
5350 0.03703510057753153
5351 0.06975556991432956
5390 0.043369556409413826
5391 0.034886967372385794
5730 0.08324151478213059
5798 0.023255019198707014
6006 0.05580306476927223
6315 0.017616301872346786
6446 0.036280132300805415
6499 0.06291196664385529
6633 0.08270019771643089
6677 0.08435810482032748
6788 0.05747989313224266
6821 0.05549781914795718
6861 0.0440087742066966
6862 0.07256026460161083
6898 0.05297212689689112
6916 0.05011084440970335
6921 0.03959469465879766
6923 0.04337069448503705
7031 0.05939703541325628
7064 0.07608575882346086
7085 0.04368593589333817
7088 0.061635082658651814
7201 0.024920935746679203
7206 0.030075504013557373
7253 0.0751876434259422
7442 0.059466861496561677
7497 0.03742916256586937
7520 0.05939703541325628
7536 0.03574057716685736
7566 0.028243325152971847
7576 0.07904176091788251
7580 0.015357239498391802
7616 0.03233456638751236
7643 0.1552600952780913
7692 0.0477544122256983
7717 0.026542816462652562
7744 0.06769039141205668
7865 0.038116490265654855
7899 0.1318029048447785
8062 0.17819110623976886
8115 0.023048375383959416
8182 0.04246717408914416
8230 0.051753365092697096
8259 0.11007461079832798
8292 0.05840420040850374
8388 0.06975556991432956
8433 0.019160125028435743
8673 0.02084718412249486
8744 0.007859987484506293
8865 0.19297048920815082
8931 0.026993941297252473
8993 0.11680840081700748
9138 0.04217905241016374
9276 0.05297212689689112
9299 0.0477544122256983
9366 0.06636196617118244
9381 0.05580306476927223
9383 0.023678121994875977
9387 0.04368593589333817
9392 0.04368593589333817
9450 0.05747989313224266
9479 0.05939703541325628
9531 0.030665781940550363
9621 0.06291196664385529
9645 0.021684778204706913
9722 0.0327510913883234
9733 0.13538078282411337
9902 0.027821885262672038
9905 0.021440074749480446
9906 0.029510139884255562
9944 0.0818162779165801
10020 0.05939703541325628
10091 0.04162075739106529
10327 0.07183605069320564
10495 0.031930601862165474
10499 0.10511703053642996
10551 0.07904176091788251
10564 0.05297212689689112
10582 0.07918938931759532
10583 0.03539257989453778
10592 0.053625775640302346
10620 0.06975556991432956
10672 0.04082465340615041
10723 0.06432349640271694
10794 0.039831818401397864
10847 0.10594425379378224
11000 0.01629622053483789
11102 0.03723068276216635
11137 0.06975556991432956
11169 0.0450267681704103
11213 0.02717873238850517
11246 0.0518714447148054
11255 0.0166919945960857
11259 0.06607229542106546
11326 0.26088644720094245
11356 0.04721334080611572
11370 0.06432349640271694
11570 0.10127257972353677
11694 0.04538404645571593
11876 0.029182030218592423
11987 0.03825386238172553
12215 0.024414413955785336
12371 0.06769039141205668
12374 0.05939703541325628
12378 0.01865830075506047
12409 0.04575111439561105
12413 0.027272092638860032
12648 0.030545627397844922
12705 0.07904176091788251
12722 0.07904176091788251
12763 0.03115747535318059
12764 0.026020783860360035
12807 0.021500832865906098
12865 0.016607202276899748
12912 0.06590145242238925
13024 0.03456019161837901
13079 0.03842271398066423
13163 0.13951113982865912
13285 0.07904176091788251
13340 0.0751876434259422
13574 0.05661526141883632
13775 0.036280132300805415
13874 0.014284896000871466
13948 0.025113553886232293
13950 0.053625775640302346
13982 0.02717873238850517
14088 0.04162075739106529
14163 0.010827492713877262
