108 0.046427389267904816
249 0.05464824850436026
437 0.05218283842889711
1101 0.05022516343814213
1107 0.09746792932340417
1113 0.08266080946136775
1249 0.04953876230675042
1319 0.02276244522623507
1369 0.167846420735003
1512 0.10184624656063329
1538 0.07102808564820075
1718 0.03678368896183306
2046 0.05192714295703303
2049 0.06473777326823596
2214 0.08035692321918296
2281 0.10541253370895184
2314 0.12333556990208362
2469 0.10184624656063329
2479 0.04701132591638491
2659 0.03655082400852286
2760 0.058156233299353835
2793 0.03385227864022841
2852 0.05379145058646066
2895 0.05616532053499543
2965 0.03446679279229201
2995 0.10896780867455715
3010 0.028658372965500545
3053 0.0939151766994216
3151 0.05117951978799733
3163 0.07734167039861939
3235 0.0988309937400697
3257 0.05464824850436026
3328 0.06117148611991742
3333 0.1346994081333986
3341 0.17042826821902718
3421 0.10235903957599465
3442 0.055852347057169044
3467 0.06850064925783525
3517 0.0514255661146888
3656 0.07929934538937435
3756 0.04604756325470668
3841 0.06872604743143744
3938 0.05713545778531051
4117 0.08672232369542254
4219 0.03248930977446805
4231 0.109777316421845
4311 0.06378341691838076
4481 0.12333556990208362
4555 0.06332315038718635
4691 0.1976619874801394
4747 0.04153289149373672
4788 0.07556222374853722
4970 0.08715440861014377
4990 0.04341213644734123
5228 0.05680670340702426
5350 0.10814580081417377
5383 0.07102808564820075
5391 0.05093653001652094
5437 0.07734167039861939
5473 0.12333556990208362
5474 0.05270448067740411
5837 0.1275668338367615
6296 0.07556222374853722
6315 0.07716176182838463
6400 0.0939151766994216
6606 0.02572058727612821
6677 0.061583299752769265
6862 0.052970613014820755
6866 0.03737827653628231
6911 0.058156233299353835
7031 0.08672232369542254
7088 0.08998997259928557
7099 0.02236612783269993
7201 0.018192839437016765
7209 0.08035692321918296
7231 0.11540450004087192
7422 0.03385227864022841
7442 0.04341213644734123
7468 0.0252603207449338
7479 0.03365165713733991
7491 0.05841439689692149
7520 0.08672232369542254
7580 0.04484451069254634
7616 0.047209910617578545
7633 0.03175109291725539
7692 0.06972357401523405
7828 0.109777316421845
7849 0.0839232103675015
8062 0.08672232369542254
8074 0.046814737075104154
8182 0.0620039702682986
8230 0.07556222374853722
8259 0.08035692321918296
8264 0.034054979159440175
8364 0.19243812588321274
8433 0.055949276026996196
8526 0.07472973960015605
8658 0.0233429158651271
8661 0.07929934538937435
8683 0.10988479155519325
8744 0.011475932664497876
8865 0.0939151766994216
8993 0.17054548051966215
8996 0.04297864668290066
8997 0.030902326908915794
9366 0.29067430072835987
9479 0.08672232369542254
9523 0.07643171911904696
9592 0.06972357401523405
9671 0.13820511196225826
9733 0.0988309937400697
9827 0.047640046112087366
9902 0.06770199115100013
9905 0.03130346640269408
10030 0.06791671260935515
10040 0.04153289149373672
10242 0.042139464905603156
10281 0.05850868292591516
10499 0.038368889476794406
10567 0.0196006716826713
10580 0.07036495688726288
10847 0.07734167039861939
10873 0.10541253370895184
10980 0.07556222374853722
10999 0.02392749818939193
11246 0.03786731263445018
11255 0.04874211476759725
11326 0.0476132326396788
11356 0.06893358558458403
11404 0.12333556990208362
11495 0.06287346563880833
11505 0.058867599877732636
11733 0.03239549460633768
11875 0.04802504627253063
11946 0.12333556990208362
11987 0.055852347057169044
12057 0.037499394106284674
12285 0.06473777326823596
12378 0.027241952168639286
12409 0.06679866973894434
12614 0.09025812941203795
12865 0.09698902724772893
12900 0.045860380725248964
13079 0.02804943896530009
13349 0.06910255598112913
13597 0.0939151766994216
13754 0.025195443653753622
13786 0.02646648241609268
13820 0.0939151766994216
13822 0.064233437968467
13869 0.0939151766994216
13874 0.020856585961301053
13948 0.036666909957903504
13950 0.07829602674847459
13973 0.04244995436221099
14090 0.046620104374137966
14163 0.06323449117685287
