15 0.03732610351842516
149 0.027300104366768715
249 0.02759058375634343
307 0.0423708065330041
318 0.06096173612609784
319 0.03319109307607102
322 0.024038773776080075
421 0.025716626536826534
439 0.04173345073683457
463 0.03858853313161764
482 0.02583930621687738
487 0.04378401139923766
535 0.03048086806304892
552 0.046375012583006116
583 0.03693877594386143
693 0.0411347469948798
916 0.034584327081615636
967 0.04543376858699389
994 0.02059904062875107
1027 0.022169897898195835
1029 0.03293456989385941
1064 0.030680381661752097
1104 0.03732610351842516
1113 0.04173345073683457
1131 0.0674500772736611
1133 0.018337445520690762
1163 0.05322024803838235
1513 0.062269157102963296
1524 0.031304310416770724
1538 0.17930184404474164
1599 0.062269157102963296
1620 0.044002160660298016
1656 0.027300104366768715
1660 0.02884631578552525
1689 0.014352508915329599
1718 0.018571198143482404
1784 0.049897387110045814
1890 0.062269157102963296
2086 0.031091924010798168
2163 0.05141971559758504
2214 0.040570274092206794
2281 0.05322024803838235
2333 0.04543376858699389
2373 0.04857868619221081
2384 0.022085128388481163
2479 0.023734885576237385
2503 0.04305215165466958
2565 0.038488197966213854
2759 0.040570274092206794
2760 0.058723361487834184
2770 0.02363563260767268
2793 0.034182399426461965
2845 0.049897387110045814
2852 0.027158007134712392
2873 0.032202710149291325
2895 0.028356516866208898
2919 0.034584327081615636
2926 0.03293456989385941
2995 0.1237842465603735
3053 0.047415509547583036
3062 0.04857868619221081
3151 0.05167861243375476
3163 0.07809589120933513
3165 0.026216763138700167
3198 0.0411347469948798
3249 0.08971464685121577
3281 0.0417877123417263
3341 0.21511281410832656
3421 0.02583930621687738
3491 0.05141971559758504
3605 0.058264951052961284
3633 0.008629547382406205
3656 0.040036328531447264
3805 0.05542392164758705
3816 0.04543376858699389
3841 0.03469812518782213
3865 0.03555236316443979
3984 0.01246237234625171
3991 0.022875597131452294
4030 0.023440070034125307
4044 0.047415509547583036
4080 0.05322024803838235
4103 0.034584327081615636
4143 0.03656606804220478
4231 0.05542392164758705
4311 0.09660813044787397
4591 0.03693877594386143
4691 0.19958954844018326
4701 0.040036328531447264
4763 0.032440687622305765
4784 0.053759606362908614
4786 0.062269157102963296
4799 0.03693877594386143
4814 0.03858853313161764
4980 0.047415509547583036
5001 0.04305215165466958
5051 0.04849337711084385
5059 0.01683989894639501
5064 0.03174329767624141
5087 0.034584327081615636
5228 0.05736067124450324
5350 0.027300104366768715
5351 0.05141971559758504
5359 0.038149545872146966
5390 0.04795424061987425
5391 0.0771498796104796
5474 0.05321844444286183
5487 0.029015133353572076
5596 0.040036328531447264
5605 0.062269157102963296
5613 0.022169897898195835
5689 0.011320456392817585
5724 0.062269157102963296
5837 0.06440542029858265
5918 0.05322024803838235
5933 0.05322024803838235
5945 0.03319109307607102
6044 0.016546543102348585
6102 0.018750216711553285
6109 0.012335760519127133
6183 0.02868033562225162
6200 0.04457448014220881
6238 0.03656606804220478
6296 0.038149545872146966
6315 0.07791422820598565
6400 0.09483101909516607
6508 0.03152136502762585
6566 0.06977643056291666
6606 0.05194281880399043
6677 0.062183848021596336
6724 0.04305215165466958
6730 0.0411347469948798
6813 0.040402608671879725
6821 0.040909737822784946
6827 0.062269157102963296
6895 0.04378401139923766
6911 0.029361680743917092
6921 0.029186887026069017
7064 0.028042979826082084
7088 0.04543376858699389
7100 0.046880140068250614
7156 0.058264951052961284
7401 0.02234165157069277
7442 0.02191774154658608
7466 0.017830894116873365
7469 0.034003242590088634
7501 0.0669089153536143
7580 0.011320456392817585
7616 0.04767029241275172
7627 0.018932540423853245
7643 0.038149545872146966
7649 0.02353736724721373
7674 0.02788986687928048
7692 0.03520175232158513
7732 0.03048086806304892
7744 0.049897387110045814
7802 0.03772924468683256
7849 0.0423708065330041
7891 0.0166433633606546
7899 0.04857868619221081
7947 0.05322024803838235
7966 0.034289511539503555
8014 0.062269157102963296
8062 0.08756802279847532
8074 0.02363563260767268
8079 0.1108478432951741
8085 0.027300104366768715
8088 0.04305215165466958
8115 0.033979821501999234
8139 0.040570274092206794
8182 0.031304310416770724
8230 0.038149545872146966
8259 0.08114054818441359
8292 0.08610430330933916
8301 0.032684541672253625
8378 0.040570274092206794
8433 0.0564948824007214
8498 0.03293456989385941
8744 0.011587843710552702
8857 0.049897387110045814
8891 0.04543376858699389
8951 0.03345445767680715
8952 0.046375012583006116
8968 0.056713033732417796
8994 0.0411347469948798
8997 0.015601840172028907
9032 0.062269157102963296
9065 0.058264951052961284
9082 0.062269157102963296
9099 0.03774278216290058
9102 0.02634585762069478
9235 0.05542392164758705
9298 0.031091924010798168
9299 0.03520175232158513
9366 0.34242704945952274
9381 0.0411347469948798
9383 0.034908246047068305
9402 0.02547574661346197
9497 0.03225069481958301
9516 0.062269157102963296
9531 0.022605016171428904
9553 0.03656606804220478
9579 0.04378401139923766
9671 0.06977643056291666
9725 0.01541016589681354
9784 0.027158007134712392
9818 0.058264951052961284
9827 0.024052311252148094
9885 0.062269157102963296
9902 0.04101732461944544
9905 0.015804365835777927
9944 0.08041354971156807
9957 0.028042979826082084
9966 0.02353736724721373
10004 0.03586036880894832
10031 0.056713033732417796
10048 0.023734885576237385
10186 0.0411347469948798
10260 0.032684541672253625
10281 0.029539624067036703
10327 0.02647666201304692
10333 0.03372503863683055
10361 0.041937912111113175
10441 0.058264951052961284
10467 0.04378401139923766
10495 0.02353736724721373
10497 0.04378401139923766
10582 0.029186887026069017
10583 0.02608933443848317
10657 0.015155844874772761
10713 0.05542392164758705
10739 0.09483101909516607
10799 0.05322024803838235
10821 0.030884009231456313
10836 0.08604100686675487
10873 0.15966074411514708
10992 0.029361680743917092
11000 0.024025236300012055
11137 0.30851829358551025
11139 0.09275002516601223
11216 0.08114054818441359
11246 0.019118293622623215
11326 0.2403877377608008
11332 0.028198504099289312
11356 0.052204359300137046
11365 0.01528218673327346
11371 0.020968956055556588
11580 0.062269157102963296
11653 0.062269157102963296
11747 0.07717706626323528
11930 0.02647666201304692
12083 0.05141971559758504
12276 0.03904794560466757
12409 0.03372503863683055
12572 0.032440687622305765
12733 0.01851223923853884
12979 0.049897387110045814
12992 0.02972083258682854
13024 0.02547574661346197
13163 0.15425914679275513
13428 0.035525571077627854
13487 0.032684541672253625
13503 0.034289511539503555
13574 0.04173345073683457
13659 0.03488821528145833
13661 0.034584327081615636
13676 0.019244098983106927
13754 0.012720572340971839
13786 0.013362289182584372
13869 0.047415509547583036
13948 0.055536717715616524
13950 0.11858933138288962
14040 0.04593492744355596
14060 0.024352310816206882
14084 0.03656606804220478
14163 0.03192557077040657
14189 0.024567005950943948
14200 0.03904794560466757
