1099 0.05684462438688428
1318 0.0545704623094412
1471 0.1433400742750041
1593 0.2262322038448849
1660 0.14906158799180458
1682 0.10344265022664932
1963 0.06727671416850386
2006 0.12475327224105474
2044 0.07824874002362685
2479 0.24529716453932943
2639 0.1608860471072087
2760 0.07586235258495036
2873 0.08320277619129868
2892 0.13750620261010474
3151 0.06676152417403271
3227 0.07053581711281341
3786 0.051763707056779275
4376 0.10344265022664932
4489 0.03312112824151096
4540 0.10088894580031668
4627 0.12250838549285131
4646 0.115167961886503
4658 0.10088894580031668
4808 0.04496047695905942
5390 0.04130010519013088
5551 0.08120835596652917
5571 0.05684462438688428
5604 0.150540301104539
5613 0.05728080166097836
5697 0.26832992490361607
5746 0.12316667299752812
5818 0.132854131495521
6044 0.04275162916729489
6921 0.07541073461496163
6949 0.07824874002362685
6976 0.20426772678413746
7006 0.18094090290502796
7020 0.053222146808260526
7100 0.06056257041460884
7418 0.04907535456501471
7442 0.05662930033109223
7553 0.12250838549285131
7891 0.043001785574792055
8104 0.07090831641727854
8349 0.07090831641727854
8433 0.036491734970048824
8463 0.052665417467434146
8517 0.2519207069979765
8519 0.13750620261010474
8658 0.030449848851211263
8744 0.07484934981552181
8839 0.1048222158838333
8996 0.02803191561168769
9103 0.1819029209887064
9179 0.11982003300108675
9409 0.05230090056540774
9728 0.1431998774981907
9890 0.0545704623094412
9902 0.017662878188699428
9937 0.10213386339206873
10037 0.06432961353115374
10422 0.09014136867113666
10575 0.05620402800018882
11000 0.020691492005339374
11218 0.0720595981271146
11277 0.10344265022664932
11311 0.11115824255263437
11371 0.05417790457906683
12041 0.05537417439786085
12240 0.12551370788917268
12678 0.06210945305944897
13443 0.1431998774981907
13666 0.07326529088533519
13744 0.06980674610809695
13951 0.2863997549963814
13957 0.150540301104539
13971 0.0808815631154831
14163 0.020621681430499583
