15 0.1853110398907098
194 0.08561592587640204
322 0.11934409826474356
693 0.20421962173200436
1909 0.17637202650570952
2760 0.14577046835088106
2793 0.08485182468283155
2972 0.17320777805126675
2995 0.13656565775070476
3151 0.12828311164974376
3281 0.10373068307111988
3341 0.3203879498690796
3396 0.12889983467740637
3464 0.30914457090791875
3519 0.22897157365016876
3656 0.1987663585058184
4197 0.1647821602916554
5064 0.15759436285764314
5350 0.13553546318687013
5837 0.1598751849926838
6315 0.12893895772794414
6921 0.14490267871929519
7466 0.0885241485050233
7668 0.18153772976251206
7849 0.21035622471987253
8074 0.11734264346238378
8115 0.08434896043633232
8433 0.0701193294996168
8744 0.02876479414779458
9366 0.24286149309013472
9671 0.17320777805126675
9902 0.06787888691187395
9944 0.09980628242510078
10569 0.1341345440458567
10873 0.2642199045063958
11326 0.11934409826474356
13754 0.06315318949235844
14072 0.0734084922489723
