12 0.0288102981566914
15 0.03770987256377804
194 0.017422413991811218
249 0.027874256869548874
254 0.055993763755266664
319 0.03353234793268187
322 0.02428592888721955
326 0.02329728673523151
406 0.029843336275376196
421 0.025981032523132136
463 0.038985281871120506
583 0.037318562673367806
639 0.038541781155767514
721 0.02802429162594209
988 0.15584516515313343
994 0.06243249017376107
1001 0.027874256869548874
1027 0.022397838126346395
1113 0.08432506801337507
1163 0.05376743303381192
1255 0.020958641995259306
1397 0.01888234603019778
1460 0.0485718577744391
1512 0.10389677676875562
1524 0.03162616628147795
1535 0.047903013013488975
1538 0.14491627149970213
1539 0.06290937862955623
1564 0.033273187302478954
1604 0.017113818568607428
1620 0.02222728485725335
1656 0.027580790910589095
1901 0.02648631128901848
1940 0.019378205750509567
1963 0.013153211110216919
2081 0.050410408047454204
2281 0.05376743303381192
2424 0.03184545254345509
2425 0.018584499336465613
2443 0.10753486606762384
2485 0.024819592091265778
2565 0.01944195755389982
2659 0.05593008477440682
2760 0.02966356342458551
2770 0.023878642815198903
2846 0.05886400325866738
2848 0.017113818568607428
2972 0.03524691913239796
2995 0.11116172146904633
3151 0.026104973536653652
3163 0.03944941780227579
3165 0.02648631128901848
3282 0.03622906787492553
3321 0.015525321043840065
3341 0.0434649001220094
3396 0.05246094719498402
3419 0.07541974512755607
3421 0.026104973536653652
3443 0.034844827983622435
3497 0.03944941780227579
3633 0.01743654447686921
3640 0.05886400325866738
3656 0.040447962806971445
3679 0.03622906787492553
3751 0.026104973536653652
3758 0.018352462755457547
3841 0.03505487462383791
3895 0.042162534006687534
3984 0.012590504465260388
4144 0.033273187302478954
4211 0.03407178326490984
4231 0.055993763755266664
4276 0.04349479317316463
4283 0.030995822591062608
4311 0.09760140878395866
4383 0.017958947732253757
4384 0.017527437311918956
4444 0.03353234793268187
4507 0.04590089674541008
4566 0.030596684435610644
4577 0.014005868332080802
4618 0.05886400325866738
4623 0.06290937862955623
4691 0.30246244828472524
4735 0.03162616628147795
4784 0.02715616839062027
4850 0.03944941780227579
4969 0.06290937862955623
4985 0.04118627746425637
4990 0.02214308922439746
4997 0.027874256869548874
5051 0.04899196269266272
5059 0.034026077377296446
5063 0.0283313042581084
5064 0.06413933399366188
5179 0.042162534006687534
5350 0.027580790910589095
5358 0.02257135768750346
5390 0.01614909435319224
5434 0.060425803219042167
5474 0.026882805447294822
5596 0.040447962806971445
5661 0.05349776463719925
5664 0.06290937862955623
5685 0.020884462298276674
5687 0.028648064935294267
5697 0.05246094719498402
5730 0.030995822591062608
5746 0.024080207716773046
5798 0.03463696936902033
5837 0.03253380292798622
5920 0.040447962806971445
6044 0.016716666700895215
6109 0.012462590876219998
6238 0.03694202276831055
6245 0.012367720526373159
6315 0.03935765241478388
6404 0.06290937862955623
6454 0.05886400325866738
6455 0.05194838838437781
6499 0.04685181815952236
6512 0.05194838838437781
6519 0.019506119339549956
6606 0.03935765241478388
6629 0.048365076166803536
6677 0.03141159622062093
6706 0.03556367980958383
6724 0.04349479317316463
6789 0.02197679998697435
6813 0.02721200590910325
6866 0.01906541764884257
6873 0.04907814888097709
6921 0.029486972561793032
7064 0.08499391277432519
7069 0.03770987256377804
7093 0.04423417754765737
7097 0.05886400325866738
7156 0.05886400325866738
7442 0.06642926767319238
7453 0.0270185507152123
7486 0.02214308922439746
7497 0.027874256869548874
7513 0.04685181815952236
7514 0.05376743303381192
7515 0.06290937862955623
7536 0.026616733058392315
7627 0.019127195699375918
7649 0.023779367137561895
7671 0.016241475784360866
7718 0.02103337735057985
7744 0.050410408047454204
7849 0.042806442788633506
7899 0.09815629776195418
8062 0.04423417754765737
8074 0.023878642815198903
8079 0.055993763755266664
8124 0.01610322244119543
8182 0.03162616628147795
8230 0.07708356231153503
8259 0.040987398139199396
8264 0.017370314012929985
8292 0.08698958634632926
8362 0.05886400325866738
8378 0.040987398139199396
8433 0.05707573561181388
8658 0.011906446239661372
8691 0.04479567625269279
8729 0.05194838838437781
8744 0.005853492173355518
8960 0.05194838838437781
8996 0.010960990245178416
8997 0.007881125394688208
9102 0.026616733058392315
9174 0.03141159622062093
9249 0.05194838838437781
9298 0.03141159622062093
9366 0.19768441125750705
9381 0.04155767468078906
9383 0.017633577922353334
9497 0.008145570238395215
9531 0.022837430076405974
9553 0.03694202276831055
9652 0.014816835186715133
9670 0.04155767468078906
9671 0.07049383826479592
9672 0.08561288557726701
9722 0.024390402336937567
9725 0.015568605811444067
9818 0.05886400325866738
9827 0.024299605549106006
9873 0.040987398139199396
9890 0.02133804600921633
9902 0.02071952251248087
9905 0.01596685872460063
9906 0.02197679998697435
9944 0.12186048473532987
9959 0.03493990650023166
9974 0.03464205980649949
10031 0.05729612987058853
10068 0.019189358662364087
10260 0.03302058841094322
10361 0.04236909755448607
10362 0.020240553516330702
10440 0.03141159622062093
10515 0.05886400325866738
10575 0.0439535999739487
10670 0.03770987256377804
10713 0.055993763755266664
10739 0.09580602602697795
10799 0.10753486606762384
10836 0.028975213040054373
10873 0.2150697321352477
11000 0.032363002967110796
11118 0.027726444932209927
11137 0.5194838838437782
11246 0.019314858723202447
11259 0.02460268956440542
11310 0.057950426080108745
11326 0.1942874310977564
11356 0.017580366472041795
11371 0.021184548777243035
11601 0.05194838838437781
11652 0.055993763755266664
11736 0.06290937862955623
11747 0.038985281871120506
11957 0.03548171970310102
12064 0.006496308828620544
12215 0.0181819094863645
12264 0.033273187302478954
12285 0.03302058841094322
12378 0.013895215183630792
12398 0.030212901609521083
12409 0.03407178326490984
12575 0.05886400325866738
12610 0.0270185507152123
12645 0.04685181815952236
12648 0.022747948550295938
12735 0.015655742813213896
12833 0.042162534006687534
12948 0.022747948550295938
13022 0.02214308922439746
13024 0.05147535197648102
13079 0.0143070873845687
13125 0.032299036254394745
13163 0.05194838838437781
13464 0.02460268956440542
13503 0.03464205980649949
13652 0.055993763755266664
13661 0.03493990650023166
13754 0.012851359148151623
13775 0.0270185507152123
13822 0.01638167186094195
13874 0.010638251918737102
13879 0.04349479317316463
13948 0.03740514635881418
13950 0.03993620328523279
14040 0.06961081241447391
14043 0.03253380292798622
14062 0.0123362964900531
14116 0.03253380292798622
14163 0.03225381413529079
