552 0.1642511222023412
1027 0.07852139344161331
1329 0.10658536830427905
1566 0.08037903581135016
1653 0.17791758881090833
2064 0.0881840118775387
2204 0.10166749568175239
2716 0.08981115999134544
2848 0.059996901197946845
2949 0.34216689023062846
2995 0.048713257602586824
3429 0.15787399241863842
3915 0.06535910842555907
4795 0.11405563007687615
4899 0.07852139344161331
6606 0.04599279764958319
6781 0.14569113794470964
6851 0.09720219777364822
6935 0.2702362920029056
7034 0.15787399241863842
7035 0.1884955922878719
7342 0.0881840118775387
7476 0.20636293258969982
7604 0.08981115999134544
8076 0.1351181460014528
8260 0.22054503843959114
8265 0.14781162818299903
8517 0.13813469348668778
8554 0.31574798483727684
8585 0.10216794509101354
8673 0.05442801377141585
8961 0.11087367591592213
8982 0.0933118168288746
8997 0.055258632050837975
9150 0.08939722170745967
9645 0.05661481185280768
9652 0.15583270207052557
9784 0.09618828977504822
10246 0.19630056835406043
10708 0.10795720596509122
10999 0.08557289696933633
11098 0.08739797033149715
11482 0.06053364897007539
11623 0.12249084619870881
12064 0.022774484687891117
12315 0.15507430847534046
12413 0.07120222208434944
12558 0.09720219777364822
12667 0.17632686551467866
12809 0.18211846250416913
12877 0.04795008456129019
13336 0.03738803501660889
13822 0.0574301722411035
14170 0.10589139944555924
