292 0.07362126442270012
312 0.0580873472739327
682 0.05975275001545374
947 0.051343840853587404
960 0.03068566020222763
968 0.056979767852133094
976 0.02991522010746447
995 0.03456608213785745
1045 0.03950340134510222
1127 0.027283811900176088
1195 0.07619921479416841
1378 0.05184001740305056
1451 0.03908750134058665
1458 0.02447068636544638
1655 0.03211271037607956
1940 0.027462796324684086
1947 0.06639840427549715
1959 0.1685006147722361
2017 0.0312628660893872
2239 0.15870874210559255
2382 0.07900680269020444
2425 0.05267591093258578
2597 0.02719516220081209
2617 0.038683485834129006
2716 0.03630610025428314
2927 0.022821489448887868
2980 0.08342207494137138
3036 0.08728325395905351
3147 0.03456608213785745
3159 0.04130132221436487
3247 0.050864487126729724
3281 0.02991522010746447
3284 0.06066529764540099
3297 0.06657250404171773
3321 0.02200248749506129
3335 0.06788815779260397
3432 0.01385560744082575
3443 0.024691047927843164
3517 0.037173831426007234
3523 0.04229398099760403
3544 0.03315094399565528
3633 0.012355536826776712
3648 0.05528815096753271
3660 0.06382045390402886
3708 0.06639840427549715
3789 0.03102914869000479
3840 0.15316277777895126
3841 0.024839886994090832
3847 0.07097711152762436
3890 0.040829959208676055
3984 0.017843264965095095
3985 0.030240282256391915
3991 0.03275261960649401
4138 0.06955356053412501
4452 0.025066125112298065
4489 0.05506232992826377
4589 0.050864487126729724
4621 0.0486848611444227
4721 0.12845318714683052
4734 0.07194677777297613
4817 0.03138118963118883
5051 0.06943141745410242
5059 0.024110881181970658
5223 0.022886499129991033
5260 0.04923442365868759
5520 0.03548855576381218
5528 0.03301691853027224
5689 0.04862490800243235
5903 0.03262229996755913
5962 0.056979767852133094
5974 0.03699597271948335
6051 0.08342207494137138
6278 0.022886499129991033
6310 0.02011440958879321
6412 0.037353955909433974
6496 0.10470848128767309
6676 0.06066529764540099
6737 0.037721238396485314
6756 0.050864487126729724
6775 0.022821489448887868
6789 0.03114552449701004
6884 0.167723163874877
7006 0.033422867390220566
7025 0.0630010233913872
7031 0.1253773671537453
7099 0.04850318986383493
7153 0.07736697166825801
7242 0.06299526367116887
7284 0.23300376414601204
7406 0.037173831426007234
7442 0.06276237926237765
7448 0.04610691077295441
7468 0.036519691510827235
7475 0.04106367660805847
7479 0.024325663753304846
7536 0.037721238396485314
7580 0.01620830266747745
7633 0.022951809087822753
7671 0.023017422109188942
7693 0.022692359960261504
7717 0.028013758782561637
7862 0.024110881181970658
7891 0.04765897440768337
7911 0.05184001740305056
7913 0.15239842958833683
8020 0.045774199405159324
8074 0.03384081646085549
8115 0.04865132750660969
8116 0.07619921479416841
8156 0.036646829530278306
8268 0.2663771701307954
8293 0.0523451567356336
8385 0.06955356053412501
8428 0.05401964338535759
8433 0.02022193543573488
8517 0.027920427877814052
8658 0.016873817537107257
8659 0.05975275001545374
8662 0.04421883286668632
8706 0.02328296194575326
8715 0.04015112897811121
8716 0.03630610025428314
8744 0.008295570055074261
8795 0.024253706444153297
8995 0.030240282256391915
9105 0.22491278535933149
9126 0.02991522010746447
9147 0.0580873472739327
9225 0.061640827921721826
9261 0.06639840427549715
9375 0.16520528885745947
9383 0.12495154742185081
9409 0.028982602096955055
9457 0.03412647427197611
9497 0.023087806919335024
9551 0.08342207494137138
9645 0.022886499129991033
9652 0.041996842447445906
9722 0.10369824641357235
9725 0.08825532269884966
9783 0.021639914277239818
9827 0.0688748098309064
9902 0.04893951776125318
9989 0.04308706253953013
9994 0.10470848128767309
10002 0.055907721291625675
10003 0.033286252020858866
10040 0.03002274595440614
10113 0.07697145247318034
10361 0.03002274595440614
10440 0.04451651924572248
10451 0.031988131766389157
10457 0.06955356053412501
10459 0.15972762512360905
10489 0.040600042261065485
10495 0.033700122954447215
10516 0.01695925333016535
10567 0.014168673677663526
10657 0.021699701177022336
10732 0.02396948419633479
10924 0.024253706444153297
10930 0.022886499129991033
10949 0.06048056451278383
10950 0.08265943617228812
10999 0.0432409816430045
11000 0.01146621326019231
11052 0.04281772904894351
11150 0.04229398099760403
11272 0.049094732762263275
11332 0.040373804142858245
11336 0.08728325395905351
11338 0.07161984740963995
11364 0.04679678323815462
11365 0.021880593802822312
11529 0.061640827921721826
11636 0.036475438574449785
11714 0.06092243540069074
11733 0.023417625637263458
11807 0.08342207494137138
11910 0.03223839636570803
11930 0.037908520349430604
12064 0.009206569922912586
12117 0.02949311172492075
12182 0.03699597271948335
12183 0.08903303849144496
12215 0.051534810131194896
12256 0.038290694444737816
12378 0.15753840964999588
12390 0.051343840853587404
12433 0.07144163844039308
12580 0.06788815779260397
12611 0.026255025136293002
12695 0.0315005116956936
12764 0.027462796324684086
12810 0.037173831426007234
12857 0.07144163844039308
12865 0.035055071061722974
12877 0.01938378902411809
12892 0.04610691077295441
12903 0.022886499129991033
12982 0.05184001740305056
12984 0.04482060797068281
12999 0.038683485834129006
13030 0.05040085277973674
13070 0.08915518157146754
13079 0.020276006556052557
13112 0.025529759459291042
13214 0.08915518157146754
13318 0.08915518157146754
13332 0.04106367660805847
13349 0.04995193949678248
13527 0.07935437105279627
13616 0.028982602096955055
13650 0.07619921479416841
13660 0.03288415153854337
13695 0.03699597271948335
13709 0.10194877198811873
13723 0.025296042059908642
13787 0.024617211829343795
13868 0.06955356053412501
13874 0.01507653234032125
13918 0.09171898087256095
13919 0.06324169855867563
13973 0.03068566020222763
14021 0.07362126442270012
14072 0.021170507494676985
14163 0.04571011061064905
14178 0.03929392224359202
14211 0.037721238396485314
14212 0.18078657457338604
14213 0.05975275001545374
