322 0.0542751993407948
328 0.06297027038739483
476 0.1251371814424516
483 0.0514434506373254
728 0.1251371814424516
762 0.06794576645619378
782 0.1251371814424516
817 0.06262984716153933
1371 0.18845315314501013
1567 0.04013539991183684
1666 0.11609640908068783
1689 0.032405366832612005
2425 0.04153340853544027
2609 0.053815445152002726
2663 0.14059248387742485
2895 0.06402388157816702
3010 0.06533641255809845
3241 0.07379577806873285
3376 0.07677316601094157
3517 0.05862094836555895
3604 0.10470638293867937
3633 0.01948395574432276
3642 0.07947918401314027
3699 0.06512975886751751
3865 0.04013539991183684
4384 0.03917104255947605
4566 0.27351494844968804
4722 0.06366711735621305
4826 0.09720396451471379
5158 0.060382175735482484
5252 0.10064110664571459
5663 0.03757770144663805
5685 0.09334692196688328
6039 0.08340106889116707
6054 0.06669512345450411
6088 0.09720396451471379
6127 0.11609640908068783
6245 0.027639893869301126
6488 0.05404413729193209
6695 0.04288517319878631
7099 0.025495560357938266
7201 0.02073835218229407
7418 0.04288517319878631
7479 0.038360142717029456
7693 0.03578451858455759
7721 0.14059248387742485
7751 0.06710425948721385
8124 0.07197629640470429
8306 0.05498310921640328
8463 0.04602239901670331
8469 0.1315517115156611
8744 0.013081626649901047
8795 0.03824667026766159
8982 0.05948417700033703
8996 0.097984299186948
9153 0.11265926694968706
9695 0.06551091837437585
9719 0.36505509885110593
9990 0.07614503184897758
10156 0.03640107274720734
10613 0.13675747422484402
10793 0.0892510805037061
10794 0.13258671928953453
11000 0.0542446341705824
11262 0.04683924084137785
11525 0.11838541006107704
11842 0.05024866725945226
11957 0.03964800808696786
11965 0.06475500570696911
12057 0.04274624883548668
12165 0.09720396451471379
12181 0.5576778633529124
12354 0.07537562347096818
12523 0.04330721648984687
12554 0.08816319215295006
12834 0.018482197861640553
12877 0.030567096581730055
13091 0.10968187900747832
13948 0.04179728484803026
14076 0.06752104336365435
