108 0.0442518894068717
127 0.05610917521994356
418 0.10047310127367799
472 0.0647342636029963
484 0.06835408124132718
530 0.10999686291631207
736 0.06903211452406284
976 0.03944495947367259
1038 0.1175562978083174
1093 0.08415098430807351
1107 0.030966922019869964
1240 0.05048851003488332
1336 0.14404304103177762
1440 0.06903211452406284
1618 0.04949393501516483
1655 0.04234247833791399
1666 0.09707392361219278
1695 0.07558352768790688
2043 0.09707392361219278
2311 0.1311343494440473
2584 0.10463335850419811
2597 0.03585840475308157
2744 0.055101153491782275
2848 0.06395984815349999
2895 0.10706703917699226
3010 0.0273154956814879
3256 0.07046696543491927
3341 0.12183174085313055
3519 0.1741389177406954
3666 0.04388986132398924
3699 0.05445819803773445
3734 0.030699940935689105
3745 0.05792068258669481
3865 0.13423673569364716
3905 0.06170428336132014
3985 0.03987357284321516
4222 0.058305105699834936
4262 0.04234247833791399
4383 0.03355918392341179
4566 0.11434965742198197
4685 0.23716503867610242
4722 0.053235211457316516
4826 0.08127702054544646
4914 0.06835408124132718
5053 0.0612439177380946
5110 0.1834208384001577
5160 0.06315778746077386
5252 0.08415098430807351
5551 0.029668681188256406
5663 0.0628411326179343
5816 0.048549740327938226
6032 0.06529083808191116
6039 0.13947147986445563
6068 0.04787170704520257
6109 0.023288356623821765
6127 0.09707392361219278
6234 0.08755016196955871
6271 0.05445819803773445
6363 0.08755016196955871
6387 0.08265867923634708
6488 0.045188964040375056
6601 0.058305105699834936
6725 0.08127702054544646
6813 0.025425006098449204
6846 0.2818678617396771
6998 0.08577321227803576
7020 0.03888838499475775
7100 0.13275566822061513
7161 0.14925444533087884
7242 0.02768764098025756
7401 0.08435642837532598
7408 0.06419382401080706
7491 0.055677208475701415
7641 0.11434965742198197
7735 0.10463335850419811
7839 0.10047310127367799
7867 0.07659154941606816
8050 0.10047310127367799
8122 0.05445819803773445
8124 0.06018292516026728
8244 0.0397296040934691
8411 0.030966922019869964
8567 0.05645766873929313
8691 0.04185396496359952
8737 0.04832097843397532
8795 0.031979924076749995
8893 0.05100642835139529
8996 0.04096474839224923
9153 0.09419995984956575
9204 0.034081455061558644
9497 0.015221308835396291
9505 0.10463335850419811
9631 0.08951448872018747
9657 0.07462722266543942
9719 0.1220962166210827
9809 0.10999686291631207
9944 0.11385796320583853
10196 0.10999686291631207
10322 0.05909858121176954
10335 0.044435574246845196
10396 0.04973764907966833
10516 0.044723525878066356
10522 0.055767076439277065
10702 0.10463335850419811
10727 0.07462722266543942
10793 0.14925444533087884
10794 0.055431141937207905
10884 0.044808463885786534
11000 0.05291604424403732
11047 0.053235211457316516
11371 0.07917347712674351
11425 0.06835408124132718
11503 0.07371758565344114
11526 0.07558352768790688
11878 0.06315778746077386
11957 0.06630330324403032
11965 0.10828969693862962
12092 0.06835408124132718
12164 0.06973573993222781
12181 0.15543397289663113
12354 0.03151263494272591
12413 0.11385796320583853
12513 0.03987357284321516
12678 0.136146499187147
12768 0.04371144981468244
12903 0.06035436325948894
12947 0.07285027297391648
13088 0.03528470224315246
13091 0.09171041920007884
13336 0.019928804610511112
13344 0.062176305040222465
13428 0.06706778777343408
13557 0.058697622522868954
13810 0.0776572029071156
13858 0.09947529815933666
13874 0.019879285695748487
13948 0.03494876774108329
14113 0.0575440261308
