127 0.06987615940161938
149 0.06418482520097987
192 0.07319999422659923
326 0.027108219659209235
328 0.032785703059513525
337 0.024387023150941642
527 0.03431040439921074
854 0.04030875257511911
961 0.03785563040641827
968 0.023391341951705096
998 0.046468903581538275
1001 0.03243388325191783
1008 0.03159833100745383
1021 0.06515313412562304
1099 0.02586318858440454
1111 0.03066910199402559
1319 0.013509572789638031
1329 0.03537621340164592
1350 0.07743192419000357
1351 0.06044602271800271
1451 0.032092412600489936
1566 0.02667820141844653
1604 0.01991326965401895
1656 0.032092412600489936
1719 0.04298493980178588
2086 0.0365498549196835
2237 0.05710627402464685
2244 0.038715962095001784
2357 0.03901751580683105
2488 0.034725061519422715
2558 0.03553448206234151
2570 0.09961730454978827
2621 0.0476920512094062
2659 0.08677205151848469
2730 0.023795883411086988
2793 0.040182837813766574
2940 0.024738842958537344
2955 0.03932711189179971
3000 0.1369857656379578
3011 0.05865646201599097
3099 0.02940138937798625
3142 0.02994780388531993
3227 0.032092412600489936
3413 0.0684928828189789
3432 0.011376011655154946
3443 0.020272344623267803
3446 0.06256262378349066
3467 0.040655320554910966
3484 0.05451576368251447
3517 0.03052121253976727
3633 0.010144393275242162
3634 0.04176179217391795
3745 0.07213213940881304
3789 0.025476180575594698
3865 0.020896643695335216
3902 0.05865646201599097
4383 0.020896643695335216
4438 0.040655320554910966
4489 0.015069463385109321
4609 0.05146993360359829
4646 0.10479832523405307
4692 0.15988892588762482
4834 0.05710627402464685
4887 0.026784221928475512
4922 0.01895235251167967
4957 0.061637799503846055
4974 0.026891219599833503
4985 0.02396173144827601
5053 0.07627076572541834
5185 0.03901751580683105
5223 0.018790737393535383
5528 0.027108219659209235
5689 0.013307669176033878
5793 0.027218259963309694
6067 0.029535600874653577
6230 0.02371383949956377
6245 0.028781624961126857
6419 0.03352304067657089
6434 0.044352302516050345
6496 0.04298493980178588
6629 0.028138279007859472
6637 0.07261088483014831
6672 0.05340929206350748
6681 0.04408332532151359
6693 0.028502994818707314
6735 0.07319999422659923
6737 0.06194131141170975
6813 0.015831651168977643
6834 0.0684928828189789
6911 0.03451588171306241
6923 0.03758246097562977
7064 0.032965693721718294
7113 0.07319999422659923
7181 0.12089204543600542
7293 0.07319999422659923
7423 0.03352304067657089
7447 0.05865646201599097
7453 0.06287640410536256
7598 0.022548061671566352
7851 0.02586318858440454
7856 0.07213213940881304
7895 0.07319999422659923
8250 0.047247069930332404
8433 0.016603023302239346
8474 0.0303751833795859
8673 0.018064928243326523
8758 0.06782009737076146
8982 0.030970655705854874
8997 0.00917030728895551
9094 0.03259385177157506
9366 0.02875266390713407
9403 0.05710627402464685
9515 0.07463114372311022
9602 0.036305442415074156
9645 0.018790737393535383
9736 0.06515313412562304
9755 0.09835710917854058
9827 0.04241174427371097
9902 0.008036262961799082
9944 0.02363237133953036
9965 0.04590249050739446
9974 0.04030875257511911
10050 0.04138112970511983
10068 0.022328323278609716
10113 0.09479499302236148
10322 0.03679952400811026
10361 0.02464988340321553
10362 0.02355147090647764
10369 0.06044602271800271
10396 0.030970655705854874
10460 0.022772039650946846
10567 0.011633051642345129
10589 0.13608729588759386
10608 0.03451588171306241
10657 0.017816328483428352
10672 0.03537621340164592
10675 0.047064375907807245
10732 0.03935982348664264
10933 0.06044602271800271
10949 0.09931395786813302
10950 0.11311120946524703
10999 0.03550258718370878
11000 0.018828445630481302
11162 0.06044602271800271
11169 0.03901751580683105
11213 0.02355147090647764
11245 0.05989560777063986
11255 0.02892857690942635
11326 0.02825858231409797
11328 0.03431040439921074
11356 0.02045613471773113
11359 0.07803168386218563
11577 0.07994446294381241
11875 0.028502994818707314
11881 0.046468903581538275
11886 0.04176179217391795
11904 0.06515313412562304
11910 0.02646902161208622
11930 0.031124421730809378
11933 0.05710627402464685
11976 0.03493807970080969
11987 0.03314851899879794
12057 0.04451198359500399
12064 0.022676893927822784
12264 0.07743192419000357
12295 0.14639998845319846
12318 0.03842204348056209
12416 0.05060960191501478
12420 0.658799948039393
12544 0.04342307350262211
12624 0.07319999422659923
12735 0.01821668419725836
12736 0.07319999422659923
12834 0.01924564869266372
12903 0.018790737393535383
13003 0.0684928828189789
13022 0.02576522036451085
13024 0.14973901942659965
13041 0.05146993360359829
13088 0.0659132700324786
13251 0.06515313412562304
13336 0.024818549233509877
13469 0.12512524756698132
13543 0.07319999422659923
13545 0.044352302516050345
13600 0.03785563040641827
13695 0.0607503667591718
13742 0.06256262378349066
13754 0.014953563935007314
13874 0.012378440162605642
13973 0.025194162695321116
14015 0.07319999422659923
14062 0.014354248150612725
14163 0.009382460373642326
14169 0.06256262378349066
14253 0.07319999422659923
