108 0.03399882157582786
127 0.04310879970638027
406 0.042845964479205044
472 0.049735473616616066
483 0.03304805725711166
637 0.03579167320266203
652 0.1607800676692212
702 0.043376548025005936
728 0.0803900338346106
736 0.053037521700514546
896 0.04814226449652944
968 0.057723417182320755
1101 0.03677993523384796
1103 0.19052052181621099
1171 0.057336255290104166
1188 0.07458210378795667
1336 0.05533428873794683
1408 0.05251658727463616
1440 0.053037521700514546
1458 0.0247900560331523
1544 0.06877417374130276
1545 0.030197539930689268
1567 0.025783593011178666
1611 0.15604180520840918
1666 0.07458210378795667
1689 0.04163540373960993
1742 0.0646533817938224
1784 0.21712209378871414
2198 0.0803900338346106
2299 0.08451082578209095
2316 0.06726497728423844
2425 0.02668169507210962
2456 0.049735473616616066
2460 0.06877417374130276
2503 0.062445309268770434
2597 0.05510017861540267
2662 0.05533428873794683
2793 0.0247900560331523
2850 0.04540556674381256
2895 0.04112991795854785
2935 0.043376548025005936
3203 0.06589974302371149
3256 0.05413992073386627
3281 0.03030564699465474
3341 0.15600597982206788
3376 0.09864050543679653
3512 0.030090242665066626
3642 0.10211727990536423
3666 0.06744134924600168
3722 0.08621759941276054
3734 0.023586830489069833
3745 0.044500584702930265
3865 0.05156718602235733
3984 0.0180761394140414
3985 0.030634951566084617
4190 0.04604229903544295
4211 0.048916729753034204
4219 0.023791952628866565
4384 0.0251640751405401
4566 0.04392754356996214
4590 0.045720395196796305
4624 0.04045306206089721
4685 0.14577152645095418
4686 0.15604180520840918
4708 0.08451082578209095
4722 0.040900727181328304
4773 0.05472465979968813
4826 0.062445309268770434
4917 0.05105863995268212
4970 0.09573488520271457
5076 0.06350684060540365
5158 0.038790430585294654
5252 0.0646533817938224
5501 0.05472465979968813
5571 0.031911628400904855
5663 0.02414048850949528
5816 0.03730086965972635
5850 0.06726497728423844
5924 0.060532589846342064
5940 0.0803900338346106
6001 0.057336255290104166
6032 0.05016309098292329
6039 0.16073435583380818
6068 0.03677993523384796
6120 0.048916729753034204
6127 0.07458210378795667
6166 0.04814226449652944
6429 0.03344782603087165
6488 0.06943755605457315
6553 0.0803900338346106
6636 0.03747881130183561
6696 0.04067514585807351
6813 0.019534086735995444
6846 0.16241976220159876
6921 0.04233433444987551
7020 0.02987802962834752
7025 0.031911628400904855
7039 0.04604229903544295
7057 0.10607504340102909
7099 0.06551494723411475
7154 0.0646533817938224
7195 0.05060386785220779
7201 0.026645267447954906
7242 0.042544947940558596
7408 0.049320252718398266
7422 0.0247900560331523
7442 0.0317907490507759
7491 0.021388459364986945
7509 0.0646533817938224
7566 0.060395079861378535
7604 0.03677993523384796
7649 0.03413994703248404
7693 0.022988520490936498
7711 0.09031875582874488
7892 0.035951720878692486
7906 0.05251658727463616
8040 0.05663737922211651
8124 0.06935800578893216
8182 0.04540556674381256
8207 0.057336255290104166
8244 0.030524340066762943
8344 0.028284820508260894
8411 0.023791952628866565
8433 0.0204858541793301
8481 0.06877417374130276
8567 0.1301296440750178
8574 0.05597102102957721
8746 0.05597102102957721
8795 0.024570244282611477
8875 0.037658991262252944
8893 0.03918834833908912
8996 0.06294660816315281
8997 0.0678894106746881
9153 0.14474806252580943
9204 0.026184855047174396
9244 0.05884545174716847
9385 0.04136283557798519
9426 0.04258786528050189
9695 0.0841704261506709
9719 0.11725848149150461
9720 0.06145704723758451
9944 0.087477317418708
10068 0.027550089307701336
10266 0.057336255290104166
10732 0.024282312618412696
10761 0.05472465979968813
10793 0.11467251058020833
10794 0.17035146112200755
10823 0.05966419561075034
10884 0.03442643894213508
10994 0.04637160360687281
10999 0.00876106490721261
11000 0.0580793004665393
11047 0.040900727181328304
11135 0.035476844749678285
11255 0.017846948636821857
11326 0.17433607905709797
11356 0.15144039200751486
11371 0.15207288086732187
11394 0.060532589846342064
11472 0.06145704723758451
11525 0.03802629646373705
11866 0.04392754356996214
11878 0.04852426361414218
11959 0.052013935069469726
11965 0.04159960324931596
12064 0.009326725897824012
12092 0.05251658727463616
12165 0.062445309268770434
12181 0.2388405097348908
12354 0.024211225038349764
12398 0.043376548025005936
12403 0.04112991795854785
12448 0.04740753329596989
12678 0.13946886324567837
12733 0.026851213239713685
12763 0.033313326282267984
12810 0.037658991262252944
12863 0.0803900338346106
12956 0.044795937805553854
13079 0.02054063098789332
13088 0.08132793731525054
13112 0.025862951208527756
13428 0.05152832524345023
13557 0.045097509322854355
13806 0.03291724248507077
13858 0.19106771251197588
13918 0.03097200518719403
14014 0.03821354250239517
14062 0.017711173990083456
14163 0.034730008786747084
