11 0.03436496949973595
726 0.07881309787951198
976 0.03694287687082565
1054 0.04483509686827153
1095 0.05962996680151833
1184 0.04878350507295035
1329 0.05320903675137086
1373 0.08589302079373812
1397 0.03304651412463881
1520 0.0674530332891833
1577 0.1818326120865589
1655 0.03965659958878179
1689 0.025376979974900658
1690 0.06401822794626516
1714 0.050710318805790154
2083 0.1100994371212731
2372 0.05389387897382945
2565 0.03402590567337723
2793 0.0604386362591199
2848 0.029951365479137317
2885 0.07612143611003265
2931 0.08033242427635426
3131 0.07173317496528582
3249 0.03965659958878179
3257 0.04878350507295035
3396 0.09181334934220627
3432 0.01711055435387554
3758 0.03211915080362411
3761 0.04179067081006196
3852 0.0425034733882095
3928 0.041444892413962084
3984 0.022034988818770068
4384 0.030675251039819235
4533 0.09409986621131876
4586 0.05497430014904391
4795 0.11387661006407804
4881 0.031527187727796516
4974 0.04044683572352469
5049 0.04635442326511382
5421 0.04728591015171546
5422 0.4985838211781287
5448 0.0979962289575056
5455 0.043825495556986026
5689 0.04003188527971324
5746 0.04214343509879222
5795 0.0979962289575056
5839 0.0979962289575056
5938 0.03436496949973595
6102 0.03315266179740313
6151 0.05255004388729219
6249 0.06531224491513836
6531 0.06281352696955762
6606 0.022960304020798575
6628 0.07491673513332513
6678 0.10301951420704694
6710 0.10301951420704694
6713 0.0979962289575056
6729 0.06465325205105968
6770 0.06531224491513836
6813 0.023812240708775852
6821 0.03616669404742218
6936 0.1479380220155521
6937 0.17745464034418273
7099 0.01996583862155649
7540 0.042686315251515825
7566 0.036811093313997206
7585 0.06062802349195572
7865 0.024839668707058157
8202 0.03775517395404539
8414 0.08822464427380014
8429 0.11387661006407804
8433 0.024972454429834978
8498 0.11646464400182441
8713 0.10301951420704694
8744 0.020488715912302318
8758 0.051003791905474265
8906 0.060121865200078325
8976 0.04852481532818823
8996 0.019183131077993635
9079 0.06904151319580651
9168 0.05320903675137086
9198 0.06822921611258677
9295 0.06670988971574447
9337 0.05962996680151833
9367 0.050421696723888784
9526 0.24099727282906278
9538 0.24929191058906436
9542 0.05354810057772958
9676 0.04826990221118967
9725 0.163482276310164
9813 0.05354810057772958
9902 0.03626180731300257
9989 0.10641807350274173
10046 0.05497430014904391
10072 0.060121865200078325
10516 0.020943305960871322
10598 0.04462845258200139
10657 0.1339868778896964
10675 0.07078909432523764
10924 0.029951365479137317
10927 0.06168660446620313
10994 0.05652743340716635
10999 0.02135964575721174
11000 0.03539961457113072
11118 0.04852481532818823
11289 0.08383638312905332
11365 0.02702076333767371
11606 0.05497430014904391
11842 0.03935025421546148
11849 0.042686315251515825
11987 0.04985838211781287
11989 0.06989344988378378
12023 0.034827545912569674
12057 0.033475032277942865
12318 0.05779024172001629
12378 0.024318399000653253
12876 0.06531224491513836
13071 0.0727312316557232
13265 0.09091630604327945
13307 0.07378981262997063
13381 0.0979962289575056
13516 0.05868588616147015
13568 0.0979962289575056
13614 0.040938734122084694
13660 0.0812185340389224
13696 0.05652743340716635
13728 0.05534982512541582
13786 0.023626151149301562
13872 0.06344457478643706
14114 0.08383638312905332
14116 0.17081491509611704
14163 0.014112072232586316
14185 0.10301951420704694
