11 0.03483653716470951
726 0.07989459770556769
976 0.07489963889487485
1054 0.045450339141051566
1095 0.060448229253555696
1184 0.04945292873056931
1329 0.05393918904254428
1373 0.08707167370229198
1397 0.03349998950169077
1520 0.06837864648967833
1577 0.18432778032171074
1655 0.04020078078088258
1689 0.025725211425853548
1690 0.06489670759306355
1714 0.05140618284924566
2372 0.0546334289002233
2565 0.03449282059053228
2793 0.06126799554532904
2848 0.030362368185887143
2885 0.07716600004835124
2931 0.08143477281002479
3131 0.0727175217088434
3249 0.04020078078088258
3257 0.04945292873056931
3396 0.09307324298951589
3432 0.03469070226657105
3758 0.03255990058940568
3761 0.04236413644493561
3852 0.04308672033970463
3928 0.04201361316143381
3984 0.02233736034350155
4384 0.031096187147602965
4533 0.09539113621183302
4586 0.055728675978041514
4795 0.11543926319267851
4881 0.031959814397233666
4974 0.04100186080154371
5049 0.046990514245508666
5421 0.04793478330833402
5422 0.5054255559961496
5448 0.09934096615757967
5455 0.04442688374114478
5689 0.040581216268235985
5746 0.04272174148383513
5795 0.09934096615757967
5839 0.09934096615757967
5938 0.03483653716470951
6102 0.033607593768507596
6151 0.0532711532568314
6249 0.06620848149783197
6531 0.06367547530453334
6606 0.023275373031823143
6628 0.07594476775982104
6678 0.10443318261614307
6710 0.10443318261614307
6713 0.09934096615757967
6729 0.06554044571211909
6770 0.06620848149783197
6813 0.02413900028145384
6821 0.036662985582378654
6936 0.09997871819359525
6937 0.11992648838614145
7099 0.020239816571633786
7540 0.04327207122053065
7566 0.03731622751233656
7585 0.06145998161344579
7865 0.025180526992149736
8202 0.03827326314432727
8414 0.08943529250363894
8429 0.11543926319267851
8433 0.02531513484525704
8498 0.11806281100221533
8713 0.10443318261614307
8744 0.020769868960354505
8758 0.05170368308546926
8906 0.06094687764731691
8976 0.04919068915815811
8996 0.01944636845201199
9079 0.06998892405162695
9168 0.05393918904254428
9198 0.06916548035473709
9295 0.06762530525028
9337 0.060448229253555696
9526 0.24430431843007433
9538 0.2527127779980748
9542 0.0542829056167215
9676 0.04893227803766634
9725 0.16572563506841165
9813 0.0542829056167215
9902 0.0367594040241664
9989 0.10787837808508856
10046 0.055728675978041514
10072 0.06094687764731691
10516 0.021230697046403086
10598 0.04524085921241146
10657 0.13582549087446938
10675 0.07176048607685268
10924 0.030362368185887143
10927 0.06253308879171661
10994 0.0573031218528951
10999 0.010826374998701135
11000 0.0358853799836215
11118 0.04919068915815811
11289 0.08498681416413108
11365 0.027391551336570324
11606 0.055728675978041514
11842 0.039890231633356296
11849 0.04327207122053065
11987 0.05054255559961496
11989 0.07085255130125764
12023 0.035305461206598276
12057 0.033934387925162214
12318 0.05858325884596996
12378 0.024652104247582737
12876 0.13241696299566394
13071 0.07372927406873347
13265 0.09216389016085537
13307 0.07480238124700431
13381 0.09934096615757967
13516 0.059491193621564985
13568 0.09934096615757967
13614 0.04150050919530492
13660 0.08233304206866487
13696 0.0573031218528951
13728 0.05610935403439064
13786 0.023950357138481163
13872 0.06431518257171417
14114 0.08498681416413108
14116 0.17315889478901778
14163 0.014305722832238677
14185 0.10443318261614307
