277 0.058237540232879484
313 0.04132206058456565
328 0.03948577208154277
876 0.07279874010773238
968 0.02817158428202277
1002 0.03091358565097391
1022 0.06877648212912198
1037 0.05743837369409218
1045 0.03906205456323063
1054 0.03590047491661784
1085 0.03927230827037126
1091 0.04060489784709921
1095 0.04774706149796689
1107 0.02322305336154945
1127 0.05395797388822756
1171 0.0559652642607394
1318 0.11960970602883356
1515 0.07534788865299
1524 0.044319855366708835
1526 0.05668242699820584
1545 0.029475474003216595
1601 0.05908516993299667
1604 0.02398273496010127
1761 0.07846779432524727
1882 0.04494136248788616
1951 0.07846779432524727
2046 0.037117033885147505
2352 0.06024178715541734
2425 0.026043697972246323
2558 0.04279629011469812
2597 0.026891327672363505
2659 0.026126185574603413
2776 0.056535356372730494
2843 0.05229698994992535
2857 0.09878771547374277
2915 0.0559652642607394
2927 0.02256651922903788
2965 0.024636539642522173
2995 0.2336674973805396
3099 0.07081968367446585
3108 0.06877648212912198
3159 0.08167977677553148
3177 0.054011167562834125
3228 0.06432398688013674
3236 0.031148576191640447
3332 0.025961694170925455
3432 0.05480322963909468
3491 0.07279874010773238
3523 0.08364291363125775
3544 0.03278056924436056
3565 0.08249005230385768
3743 0.059987522239349805
3840 0.11358868943444421
3882 0.044019164034772774
3897 0.048140935658000754
3940 0.10123560159418225
3993 0.05463267468401145
4219 0.06966916008464835
4267 0.05908516993299667
4283 0.04343651272751938
4286 0.05528309930886843
4383 0.02516707080294825
4420 0.03590047491661784
4452 0.04957215396576221
4540 0.05528309930886843
4577 0.019627357082686547
4591 0.05229698994992535
4646 0.06310742791160709
4674 0.07534788865299
4735 0.08863971073341767
4763 0.0918574192675342
4784 0.03805574930184159
4808 0.024636539642522173
4864 0.04014644339652129
4895 0.05341611571548178
4926 0.08815910652137257
4928 0.0506448472034837
4956 0.048963620466496556
4964 0.04315404639235682
4991 0.04014644339652129
5063 0.11910763662223824
5299 0.044319855366708835
5360 0.0918574192675342
5367 0.08249005230385768
5434 0.042339353357753975
5487 0.04107889605474782
5552 0.08815910652137257
5628 0.279826321303697
5663 0.023563255255883875
5685 0.029266789412069418
5689 0.01602721744498233
5719 0.08249005230385768
5793 0.03278056924436056
5825 0.05668242699820584
5957 0.0462739520646141
5974 0.0365826398684888
6067 0.03557148072472328
6219 0.05229698994992535
6310 0.03977936775624132
6315 0.01838483411775389
6412 0.0738732470725703
6537 0.048546228036754194
6544 0.08815910652137257
6552 0.07534788865299
6558 0.059987522239349805
6640 0.08815910652137257
6662 0.11817033986599335
6681 0.026546085241516502
6737 0.037299802605955244
6777 0.05743837369409218
6789 0.06159511008555126
6815 0.058237540232879484
6921 0.04132206058456565
7006 0.06609890921801782
7099 0.03197419605129368
7182 0.06877648212912198
7330 0.05341611571548178
7418 0.026891327672363505
7422 0.04839458140104096
7465 0.06712968589021749
7468 0.054167519777578
7509 0.06310742791160709
7580 0.03205443488996466
7588 0.04699111480208054
7691 0.06565657645686471
7717 0.027700778586785574
7718 0.05895094800643319
7742 0.08249005230385768
7807 0.07534788865299
7941 0.04060489784709921
7966 0.048546228036754194
8044 0.04983775559264659
8136 0.07064346572250862
8154 0.08925431165141923
8156 0.0362373974376418
8289 0.052845358588482126
8292 0.06095215352638333
8370 0.05176931947657729
8401 0.03200361336639186
8412 0.03200361336639186
8413 0.06095215352638333
8433 0.019996008406064476
8525 0.08815910652137257
8658 0.08342648466727569
8906 0.048140935658000754
8923 0.04343651272751938
8997 0.011044346460166481
9094 0.03925471416537309
9383 0.04942221679103675
9406 0.06432398688013674
9409 0.028658797621132576
9497 0.011414930650525033
9568 0.06712968589021749
9572 0.06877648212912198
9633 0.06712968589021749
9725 0.02181732530220096
9749 0.10569071717696425
9827 0.017026328670686503
9835 0.0462739520646141
9902 0.01935709886232653
9917 0.05463267468401145
9955 0.06877648212912198
9957 0.07940509108149216
10025 0.051260841330258024
10037 0.03525005029176086
10038 0.08815910652137257
10046 0.044019164034772774
10162 0.037117033885147505
10164 0.08815910652137257
10178 0.08815910652137257
10325 0.07534788865299
10371 0.04372480351935648
10401 0.08249005230385768
10404 0.08815910652137257
10440 0.08803832806954555
10496 0.045591787112743136
10534 0.06565657645686471
10628 0.02807614631387919
10656 0.07279874010773238
10664 0.048140935658000754
10707 0.05029621004322451
10730 0.05668242699820584
10732 0.047403376299180865
10752 0.04083988838776574
10828 0.07846779432524727
10836 0.04060489784709921
10908 0.06877648212912198
10924 0.02398273496010127
10949 0.11960970602883356
10999 0.008551575443090875
11000 0.03401432530508936
11087 0.05029621004322451
11097 0.024415190301083595
11108 0.033603254052856364
11219 0.06432398688013674
11255 0.017420202830720367
11262 0.029370742367105327
11317 0.03012089357770867
11425 0.051260841330258024
11601 0.07279874010773238
11617 0.0428771738192393
11796 0.048546228036754194
11930 0.07496998434968387
12042 0.05668242699820584
12045 0.06432398688013674
12057 0.05360842913568977
12064 0.01820742135733066
12109 0.08815910652137257
12175 0.05111747619127111
12216 0.05668242699820584
12254 0.044319855366708835
12316 0.03970254554074608
12347 0.05341611571548178
12401 0.048140935658000754
12413 0.028461870308689522
12523 0.10862388675062316
12733 0.02620916272049254
12735 0.06581830857694515
12763 0.032516757492412375
12877 0.01916722607978993
12930 0.08249005230385768
12957 0.07572579295629614
12983 0.07064346572250862
13043 0.07180094983323568
13049 0.05908516993299667
13246 0.07279874010773238
13336 0.014945227446396873
13403 0.08815910652137257
13432 0.06432398688013674
13482 0.08249005230385768
13600 0.045591787112743136
13623 0.08815910652137257
13624 0.20784764567066366
13626 0.044319855366708835
13754 0.03601893278132055
13786 0.03783598591093762
13806 0.03213014461950358
13874 0.01490809167942589
13925 0.04315404639235682
14060 0.034477389179006404
14072 0.08373593065204603
14079 0.05077020825087312
14084 0.05176931947657729
14163 0.011299855037583096
