917 0.030755599109043075
1107 0.021876930249499223
1117 0.03963895771933713
1184 0.03679782454863691
1198 0.12370159265498988
1218 0.07770852059949068
1240 0.0356681756012289
1318 0.028169133869024008
1319 0.030654540215177252
1403 0.12275615240088633
1461 0.02259257694266246
1566 0.030267722413755166
1567 0.023708262818355443
1584 0.07770852059949068
1633 0.04738079277514826
1689 0.019142077948155742
1917 0.053396832987742185
2160 0.04233633868717719
2332 0.04326645430574795
2485 0.03276525000890241
2597 0.025332573225654124
2610 0.07770852059949068
2626 0.07770852059949068
2692 0.04146759542069694
2736 0.03366363211363914
2776 0.026629143651812313
2794 0.07770852059949068
2848 0.04518515388532492
2927 0.02125845208473076
2940 0.028067425526997605
3059 0.07770852059949068
3251 0.04263913742137068
3403 0.07098035210295514
3442 0.07521722740941277
3512 0.027668268773176703
3721 0.02492727463686869
3852 0.03206074172218968
3978 0.04738079277514826
3991 0.030509401943876923
4045 0.049782180054072915
4084 0.058395153351340025
4086 0.06185079632749494
4287 0.049782180054072915
4425 0.08304896837637717
4432 0.08304896837637717
4526 0.058395153351340025
4619 0.06185079632749494
4624 0.03719698130245781
4887 0.03038800786019096
4913 0.03641040941791834
4928 0.023854610600034284
4965 0.056510348550608464
5064 0.04233633868717719
5158 0.0713363512024578
5208 0.04119029749764988
5422 0.07521722740941277
5477 0.15541704119898136
5563 0.16609793675275433
5800 0.03781935683812104
5938 0.025921797057828006
6164 0.14783882520183392
6304 0.03622089298505731
6519 0.025750740564699018
6775 0.02125845208473076
6855 0.15095955981933024
6862 0.0356681756012289
7099 0.030120813396404066
7107 0.07098035210295514
7406 0.03462780621508226
7426 0.10679366597548437
7450 0.12119090047619518
7486 0.02923190082008373
7491 0.019666894977941073
7580 0.015098200597427452
7693 0.021138166638294962
7714 0.034462129001114325
7891 0.02219741235825691
7924 0.13715792964806098
8008 0.08304896837637717
8085 0.03641040941791834
8358 0.06654862080939973
8429 0.5153887377791143
8433 0.0188369407914363
8583 0.05741906503393954
8658 0.015718134541677118
8744 0.01545481761182046
8982 0.07027544287364357
9105 0.023278730248781587
9138 0.04146759542069694
9329 0.049782180054072915
9347 0.049782180054072915
9350 0.05146589446263739
9408 0.06185079632749494
9507 0.11483813006787907
9531 0.06029705107664464
9538 0.22565168222823828
9542 0.08078360122034936
9588 0.049782180054072915
9589 0.04926559757587983
9594 0.038033526838952655
9645 0.06395702781343084
9661 0.04738079277514826
9902 0.009117532803522867
9906 0.029012376324357818
9911 0.044979405496223604
9961 0.03152306850315251
9974 0.04573224838706115
10072 0.04535044876051752
10170 0.16609793675275433
10176 0.15541704119898136
10464 0.058395153351340025
10529 0.054861804162521365
10567 0.039594795662490065
10604 0.049782180054072915
10657 0.02021349477464474
10703 0.07770852059949068
10732 0.022327820996290226
10823 0.10972360832504273
10927 0.18612298109814543
11000 0.005340447776886474
11002 0.054861804162521365
11118 0.03660269261160096
11232 0.025087900589090037
11246 0.025498250439622054
11574 0.04926559757587983
11617 0.04039180061017468
11880 0.03660269261160096
11919 0.04204034499826179
11967 0.04573224838706115
11968 0.056510348550608464
11987 0.07521722740941277
12023 0.05254144498366311
12285 0.08718336955314906
12387 0.030755599109043075
12393 0.05741906503393954
12523 0.025581877164001985
12661 0.07770852059949068
12865 0.01632707957474672
12898 0.04535044876051752
13022 0.02923190082008373
13269 0.06857896482403049
13358 0.06857896482403049
13569 0.23312556179847208
13619 0.04694891261358124
13695 0.10338638700334299
13810 0.054861804162521365
13874 0.014043944900197202
13880 0.056510348550608464
13912 0.025332573225654124
13928 0.07770852059949068
13935 0.05031985327311008
14039 0.07563871367624209
14072 0.059161636254239654
14143 0.07391941260091696
14163 0.021289719025144083
14188 0.08304896837637717
14198 0.03335731214834786
