108 0.03186127651994613
341 0.05591303894032053
535 0.04143158977387572
802 0.07234044253035
931 0.04064941451053176
971 0.02902475956248982
976 0.028400296076704756
997 0.033541409500861305
1107 0.02229612517501848
1367 0.08464031166430411
1369 0.11518634384247138
1381 0.07919753286644989
1461 0.0460509694728646
1550 0.027901222083596598
1629 0.06603132804178394
1649 0.061756550308339236
1656 0.03710808768858975
1689 0.019508868985483502
1830 0.03710808768858975
1901 0.03563553942475356
1942 0.026506521278121677
1959 0.127974117026649
2046 0.03563553942475356
2125 0.06303595071908992
2250 0.05851930078071843
2352 0.02891864403601382
2382 0.07500585255315306
2659 0.025083381364553452
2716 0.06893507672068808
2740 0.04064941451053176
2907 0.043147566685819067
2915 0.05373145890782982
2929 0.03616899548266825
2951 0.04015218936312504
3131 0.05514577044607549
3142 0.03462830129013658
3204 0.04143158977387572
3209 0.06603132804178394
3210 0.05591303894032053
3236 0.029905307582950794
3247 0.09657736021995121
3297 0.031600616986278564
3432 0.013153951474482298
3443 0.02344067899469946
3500 0.07919753286644989
3517 0.03529132712417136
3519 0.031344922699271666
3573 0.06445026225733559
3633 0.023459690606089215
3666 0.031600616986278564
3721 0.025404918754010738
3761 0.032127097962615626
3786 0.054464590024590476
3823 0.04547348729392833
3840 0.0363516315543285
3865 0.024162548833485877
3867 0.04621943164676433
3908 0.03001955120183021
3991 0.0310940080257011
4383 0.04832509766697175
4399 0.04621943164676433
4404 0.05762672159348718
4420 0.03446753836034404
4489 0.017424647242198686
4492 0.03495572103910698
4577 0.0188439480182621
4650 0.06603132804178394
4721 0.04064941451053176
4789 0.04970299164822127
4857 0.052452058497079145
4917 0.047848524474194576
4922 0.021914387293454428
5051 0.032957685178952964
5059 0.06866967668414596
5160 0.04547348729392833
5223 0.021727513590608906
5247 0.014710544063101481
5260 0.023370581998889372
5358 0.06073646858305508
5455 0.03369139479523417
5533 0.05591303894032053
5551 0.021361394236296093
5555 0.07234044253035
5644 0.04547348729392833
5663 0.0452454964071138
5689 0.030775009711016193
5886 0.046608547129060436
5963 0.18189394917571333
5987 0.05672683623052385
5989 0.06782379259197852
6102 0.025486521097675005
6109 0.01676757263999405
6245 0.016639931004459513
6278 0.04345502718121781
6315 0.017651019288018453
6496 0.04970299164822127
6563 0.027803595877329668
6591 0.04970299164822127
6637 0.08395913124281908
6734 0.0363516315543285
6861 0.04409550472019517
6884 0.10615304396572843
6995 0.0818102175950773
7058 0.16928062332860822
7062 0.05851930078071843
7100 0.06372255303989226
7124 0.07533581985304402
7153 0.03672453176081257
7201 0.012485024403180934
7276 0.04197956562140954
7284 0.18960370191767134
7374 0.04039849983696119
7468 0.052005469848370886
7491 0.020043742299820786
7566 0.08489695748494877
7571 0.06958202581787018
7580 0.030775009711016193
7598 0.026072064451254137
7633 0.02178951621444102
7798 0.12117709848785943
7891 0.0226227482035569
8011 0.037704787887964844
8097 0.024847183877189132
8202 0.05804951912497964
8264 0.023370581998889372
8268 0.44957809124811327
8293 0.024847183877189132
8355 0.04700927969922493
8364 0.13206265608356788
8372 0.07919753286644989
8401 0.030726216684814033
8411 0.02229612517501848
8433 0.019197884941370567
8474 0.03512247528530965
8517 0.026506521278121677
8585 0.03920979939421088
8605 0.0698930410551898
8658 0.03203863533523282
8683 0.11311436366389453
8688 0.02423691768960121
8744 0.03937738797221297
8872 0.036914939835504236
8949 0.06303595071908992
8997 0.02120704175445381
9097 0.05591303894032053
9105 0.0711743573192867
9129 0.05591303894032053
9147 0.05514577044607549
9174 0.04226217699021305
9497 0.010959313518594109
9594 0.038762306483475874
9602 0.04197956562140954
9645 0.021727513590608906
9676 0.03710808768858975
9719 0.04395452230339654
9725 0.08378602216491912
9800 0.05851930078071843
9827 0.0163467374165868
9890 0.028708896890595
9902 0.01858447692215286
9904 0.053076521982864215
9908 0.035988810976021496
9941 0.04409550472019517
10003 0.031600616986278564
10031 0.0385440326629345
10040 0.0570047535052613
10156 0.021914387293454428
10214 0.07533581985304402
10221 0.059514092420058826
10297 0.07919753286644989
10324 0.03920979939421088
10361 0.02850237675263065
10451 0.03036823429152754
10489 0.0385440326629345
10516 0.048301280828251955
10567 0.026902327712404268
10595 0.032127097962615626
10679 0.09569704894838915
10806 0.03653678682355532
10836 0.03898418829871553
10924 0.0230254847364323
10949 0.028708896890595
10950 0.05231567637684868
10999 0.06568197335788988
11052 0.08129882902106352
11126 0.06782379259197852
11135 0.03324637467518389
11336 0.20715794886937855
11339 0.0363516315543285
11576 0.028198434465316443
11636 0.03462830129013658
11714 0.05783728807202764
11875 0.032957685178952964
11929 0.03943926727588249
11930 0.035988810976021496
11949 0.08464031166430411
12023 0.05354821818563484
12041 0.02913172063992161
12064 0.00874034390261298
12164 0.05020960060879874
12215 0.024462528785096572
12245 0.033101253865080275
12333 0.06563127153337549
12378 0.056085215085840544
12515 0.05672683623052385
12523 0.052144128902508274
12659 0.048743759087142575
12695 0.029905307582950794
12735 0.021063742480267458
12834 0.03338028344277186
12865 0.09983958602675706
12900 0.06294432207530005
12928 0.03581101308938176
12982 0.04921480896945834
12995 0.05851930078071843
13051 0.03730405531780035
13057 0.07581946294968925
13112 0.02423691768960121
13122 0.03898418829871553
13349 0.04742234441926376
13420 0.07533581985304402
13440 0.0698930410551898
13446 0.04284590131212139
13557 0.04226217699021305
13616 0.1375745319054937
13676 0.02615783818842434
13706 0.06603132804178394
13709 0.03226200909011062
13723 0.024015035874361566
13754 0.03458126808133543
13786 0.018162897549622983
13787 0.07011174599666813
13822 0.022040430888011588
13874 0.014313048031637203
13918 0.05804951912497964
14072 0.02009842076317865
14076 0.04064941451053176
14079 0.048743759087142575
14090 0.03199352925666225
14163 0.03254649314908685
14178 0.11191216595340105
14211 0.07162202617876352
14212 0.17163143798150723
