11 0.02849265190442804
49 0.08133008982745511
116 0.0812505432211803
127 0.04357024405490998
150 0.05592659692077609
151 0.05947534405060437
158 0.08541544486711161
161 0.09128554404199316
207 0.09128554404199316
235 0.09128554404199316
282 0.09128554404199316
288 0.05947534405060437
300 0.04620979453335413
313 0.042787488782951744
328 0.08177215783165714
337 0.03041233403662545
339 0.1617893394297532
394 0.07314873591564494
437 0.03862258713702043
472 0.050267851075003964
599 0.049440343229791524
608 0.06418662925389167
654 0.05724363591995056
962 0.20280018293816163
963 0.0812505432211803
994 0.03019784943337827
1135 0.05307873427401925
1399 0.05869258877864613
1665 0.0579499928831172
1696 0.1560399890494858
1709 0.06211489452904852
1920 0.051145540758741746
2043 0.07538044404629876
2438 0.07538044404629876
2471 0.045580241176943
2542 0.05070004573454041
2609 0.03494192614767105
2693 0.03052077983148508
2695 0.0579499928831172
2760 0.043043733453206404
2895 0.041570180000792864
2919 0.05070004573454041
3168 0.051145540758741746
3208 0.06761171515780146
3341 0.031535179179980014
3475 0.06311373509483209
3555 0.0812505432211803
3560 0.05592659692077609
3666 0.034081626791453115
3721 0.027399495396477305
3734 0.14303584899931182
3956 0.2458081630414123
4117 0.06418662925389167
4219 0.02404662597064027
4298 0.041570180000792864
4300 0.0547194441866798
4308 0.07314873591564494
4358 0.05307873427401925
4590 0.18483917813341652
4685 0.03683297277460976
4687 0.0666051457302348
4722 0.04133853592425616
4788 0.05592659692077609
4824 0.0465351440886091
4913 0.0800429938501634
4928 0.052440894790294054
4997 0.0404473348574383
5076 0.06418662925389167
5086 0.07538044404629876
5127 0.06211489452904852
5198 0.34166177946844645
5223 0.02343337187444466
5434 0.13152257519914076
5484 0.09128554404199316
5574 0.06798499370393005
5663 0.024398892642046536
5750 0.08541544486711161
5877 0.09128554404199316
6039 0.05415162843307882
6109 0.018084018839347224
6154 0.029986496104268855
6234 0.06798499370393005
6289 0.07314873591564494
6371 0.09128554404199316
6375 0.09128554404199316
6505 0.04527544158386021
6618 0.046867973595422614
6789 0.03188974659766359
6813 0.0197431831151433
6846 0.0547194441866798
6921 0.042787488782951744
7009 0.09128554404199316
7020 0.03019784943337827
7117 0.0812505432211803
7201 0.05386096636988572
7217 0.09128554404199316
7442 0.12852417179462305
7466 0.02613979289172842
7540 0.07078407688116606
7566 0.03052077983148508
7598 0.028119019660160078
7633 0.02350024241328428
7739 0.0780199945247429
7751 0.08714048810981996
8042 0.04791499206230435
8122 0.12686465110173278
8493 0.07314873591564494
8658 0.034554034589799255
8674 0.08541544486711161
8706 0.023839308166551967
8737 0.03752250527810315
8893 0.039607827470785055
8931 0.08751194853883394
8996 0.2067662999440271
9028 0.038062099880624534
9134 0.03250069994758188
9204 0.026465142446983395
9298 0.045580241176943
9500 0.03494192614767105
9719 0.16591909232563468
9813 0.04439775190012243
9820 0.05415162843307882
9925 0.051145540758741746
9944 0.02947123012132047
10186 0.060302851895816814
10290 0.061180541579554604
10362 0.02937034158816582
10415 0.05307873427401925
10493 0.03862258713702043
10516 0.017364494575664458
10720 0.11895068810120873
10752 0.04228821703391092
10785 0.041570180000792864
10788 0.09128554404199316
10866 0.050267851075003964
10992 0.043043733453206404
11000 0.04696079339905232
11371 0.06148027853850741
11503 0.1717309077598517
11525 0.07686667356614747
11636 0.07469403787305065
11922 0.051145540758741746
11965 0.042044892887422816
12008 0.06798499370393005
12011 0.05657014490942194
12175 0.026465142446983395
12181 0.04023285025419112
12254 0.045891596099963246
12407 0.07140016165182266
12637 0.06534544322548591
12678 0.10572132228914209
12725 0.041110539937928896
12770 0.045580241176943
12807 0.023234593750545998
12966 0.045891596099963246
12968 0.08879550380024485
13597 0.06951034487141723
13744 0.039607827470785055
13786 0.019588892710747915
13963 0.09128554404199316
13970 0.05869258877864613
14163 0.08190411844928928
