149 0.03385351785590166
338 0.038045233617359155
472 0.042520738220537674
722 0.07721692172075106
947 0.044468681126021724
954 0.06599581426714318
966 0.06376306246825779
976 0.0518188885621962
1054 0.03144455826242085
1184 0.034213727072307056
1194 0.03496757921544889
1255 0.025725286969546398
1303 0.06599581426714318
1329 0.03731752071667323
1420 0.07225150257101844
1458 0.021193956876404803
1461 0.021006031493918404
1471 0.034397884383858754
1481 0.04580596081943389
1545 0.0774510583851017
1566 0.112568784319934
1620 0.027282458550321787
1660 0.035770898653082445
1689 0.017797841001426486
1850 0.05750737416438253
2186 0.056340183739112676
2234 0.03685534396327124
2332 0.04022810253488584
2365 0.035565074809128606
2384 0.027386682417207993
2485 0.030464336819118264
2597 0.023553613753339916
2793 0.06358187062921442
2848 0.06301809448175523
2927 0.01976559447543856
2956 0.07225150257101844
2965 0.0215786868550627
3010 0.01794219902399591
3045 0.056340183739112676
3137 0.05257256220837428
3158 0.06376306246825779
3249 0.055625362421884185
3251 0.03964483847150173
3281 0.0259094442810981
3284 0.05254195501464991
3332 0.02273936505979029
3396 0.032196096521674634
3432 0.06000141193667287
3437 0.039363303533591375
3519 0.05719162405762753
3633 0.010701077639624282
3728 0.0882973957023784
3734 0.020165273832696895
3746 0.03173966243212519
3775 0.05879764331852517
3852 0.029809302057215173
3897 0.04216575016406691
3919 0.08652632261941688
4028 0.03267020335925553
4311 0.03993299836518151
4384 0.021513719962955615
4424 0.056340183739112676
4685 0.031156398368741067
4747 0.05200514391516403
4773 0.04678618226273648
4840 0.054294400922194536
4922 0.019992383001946556
5051 0.030067126957823355
5053 0.04022810253488584
5158 0.06632681361772362
5160 0.04148522896124548
5247 0.013420353813149035
5390 0.01982189908239862
5421 0.03316340680886181
5422 0.13987031686179555
5528 0.028595812028813766
5548 0.03235210156694061
5551 0.01948789027540663
5689 0.014037941668007143
5816 0.03188992481353862
6109 0.015296970421429421
6151 0.03685534396327124
6159 0.07721692172075106
6304 0.033677310061306254
6310 0.017421004178337446
6315 0.016102934262105236
6419 0.03536265316840296
6508 0.03908809576215664
6511 0.11268036747822535
6677 0.07711113412116802
6789 0.053950011309427295
6813 0.05010128956735485
6821 0.025365077753141015
6936 0.03458485336582601
7038 0.10201835664659666
7069 0.046286266710774654
7432 0.04678618226273648
7479 0.042136706823675714
7501 0.08297045792249096
7585 0.042520738220537674
7649 0.029187532460659905
7865 0.017421004178337446
7891 0.02063861702294545
8074 0.029309386505253346
8115 0.021068353411837857
8139 0.05030920321576451
8244 0.026096413263065357
8250 0.06645307082132033
8429 0.43926298201699665
8688 0.022111215556635328
8744 0.007184757770452174
8882 0.05030920321576451
8918 0.0687284816179904
8981 0.027812681210942092
8982 0.06534040671851106
9126 0.0259094442810981
9168 0.03731752071667323
9468 0.11268036747822535
9538 0.10490273764634668
9670 0.05100917832329833
9680 0.04580596081943389
9719 0.04009948499995617
9827 0.029826089216034624
9902 0.008477261434306537
9918 0.07154179730616489
9982 0.05338685761767478
10020 0.054294400922194536
10031 0.07032704616542848
10209 0.03316340680886181
10362 0.024843882907482552
10499 0.02402167953327575
10567 0.012271427717053123
10568 0.044468681126021724
10580 0.044053514911889254
10598 0.0625992615338596
10600 0.04326316130970844
10624 0.03598024102326107
10732 0.020759867819813777
10916 0.0687284816179904
10924 0.021006031493918404
10927 0.04326316130970844
11000 0.01986167659893048
11017 0.061875297720435436
11118 0.03403229811777703
11253 0.06599581426714318
11255 0.01525803165908036
11332 0.03496757921544889
11987 0.06993515843089777
11991 0.04678618226273648
12057 0.023477313005318662
12064 0.00797377086248539
12078 0.02687421306564231
12329 0.05100917832329833
12378 0.017055417912255715
12403 0.03516352308271424
12413 0.049858445675591015
12611 0.04547873011958058
12672 0.049018934061621874
12797 0.046286266710774654
12877 0.016788216829854895
13079 0.017560962621035178
13092 0.07721692172075106
13111 0.05100917832329833
13122 0.035565074809128606
13169 0.0687284816179904
13219 0.04489841751491413
13307 0.0517516014124691
13358 0.06376306246825779
13447 0.06376306246825779
13506 0.0517516014124691
13617 0.04022810253488584
13646 0.6185563345619137
13696 0.03964483847150173
13786 0.01656991817177745
13824 0.03640997741215348
13854 0.05879764331852517
13865 0.04964708356477684
13874 0.013057720224704547
13935 0.04678618226273648
13973 0.026576719154406122
