11 0.01048516541014179
79 0.009861530949607181
102 0.033592662137789005
149 0.01472772757792151
194 0.00930330706805982
208 0.033592662137789005
263 0.03143249252532115
276 0.03143249252532115
277 0.022191173322573685
284 0.022191173322573685
322 0.012968320806580684
326 0.012440400764920832
338 0.016551303139007954
342 0.03143249252532115
457 0.033592662137789005
484 0.01953273112277634
485 0.022191173322573685
498 0.025018166325275374
528 0.022191173322573685
636 0.01393966329403109
637 0.013312158412843477
654 0.02106539585405658
763 0.019726484612889252
765 0.022191173322573685
853 0.03143249252532115
907 0.03500188888093399
976 0.011271715946673096
1012 0.009923843166311959
1066 0.033592662137789005
1075 0.05031996001398491
1085 0.014964550290421189
1101 0.013679727166560391
1102 0.033592662137789005
1107 0.008849048228423787
1119 0.022514159106544727
1133 0.009892595957708292
1162 0.014283500900293884
1211 0.033592662137789005
1217 0.05101497826977472
1240 0.01442749976872958
1246 0.02989982779404091
1273 0.10077798641336701
1283 0.40311194565346803
1292 0.028711000669023466
1318 0.022788391361774844
1319 0.0061997616139601985
1357 0.019927551259668067
1403 0.016551303139007954
1445 0.022857996712807516
1451 0.01472772757792151
1489 0.030595271714244532
1492 0.08700591322716554
1493 0.06801997102636628
1511 0.033592662137789005
1604 0.009138521752820952
1653 0.027099795541000032
1655 0.012099705378622056
1657 0.015045889790902526
1659 0.024510388590385228
1674 0.018657384634169286
1689 0.007742821731552353
1696 0.028711000669023466
1774 0.033592662137789005
1775 0.06718532427557801
1868 0.023620385603416158
1923 0.026918399810272525
1962 0.021886654225357106
1967 0.056463974288389895
2058 0.015935892777871597
2064 0.40295656677422853
2204 0.03871410865776176
2234 0.01603365026914116
2244 0.017767381647200212
2265 0.022857996712807516
2276 0.021886654225357106
2321 0.026918399810272525
2345 0.033592662137789005
2352 0.011477441652598461
2357 0.01790576952639209
2382 0.029768867973551136
2425 0.029771529498935877
2426 0.026918399810272525
2485 0.013253288932151589
2559 0.02989982779404091
2582 0.03143249252532115
2617 0.014575499113264298
2649 0.04213079170811316
2730 0.010920316048445688
2738 0.02013650485650983
2852 0.029302139308021603
2926 0.017767381647200212
2927 0.008598878618435273
2934 0.015297635857122266
2975 0.02989982779404091
3015 0.018657384634169286
3031 0.028711000669023466
3092 0.014120215431896874
3117 0.02106539585405658
3128 0.02106539585405658
3130 0.015117478592310588
3157 0.012052765570176144
3165 0.028286583838241314
3257 0.014884433986775568
3276 0.021598603870140183
3278 0.04265066396305456
3301 0.07596188080348143
3358 0.02132533198152728
3432 0.005220635876338704
3451 0.028711000669023466
3559 0.028711000669023466
3572 0.033592662137789005
3633 0.004655426267291126
3746 0.013808110096718902
3751 0.01393966329403109
3777 0.027739658181573056
3780 0.04070797898815374
3790 0.010450457575372565
3829 0.033592662137789005
3893 0.037642649525593264
3911 0.024510388590385228
3915 0.00995527472529522
3947 0.033592662137789005
3956 0.010050697582962767
4028 0.014212935182644
4034 0.01849833897882559
4070 0.026206993450292815
4079 0.014212935182644
4088 0.033592662137789005
4177 0.06718532427557801
4197 0.01790576952639209
4201 0.022191173322573685
4215 0.06718532427557801
4232 0.033592662137789005
4235 0.02989982779404091
4236 0.018193819881609015
4284 0.04377330845071421
4292 0.06718532427557801
4298 0.015297635857122266
4299 0.022191173322573685
4356 0.04809364767564993
4398 0.01953273112277634
4404 0.011435656075300447
4405 0.017500944440466994
4414 0.019345777421454463
4428 0.016773320004661633
4444 0.01790576952639209
4452 0.009444631900906317
4535 0.02382875538196853
4577 0.0074789230648178735
4593 0.016338169366357735
4700 0.016443670512761736
4702 0.030256980838097077
4815 0.016773320004661633
4820 0.018193819881609015
4832 0.0255794885691052
4854 0.023620385603416158
4857 0.020817554246637133
4899 0.011960108733958277
4909 0.0511589771382104
4922 0.026092623969488676
4957 0.028286583838241314
4970 0.035607107559283764
5049 0.014143291919120657
5062 0.017500944440466994
5246 0.03143249252532115
5260 0.009275486462832591
5279 0.02593664161316137
5294 0.022191173322573685
5383 0.019345777421454463
5384 0.021598603870140183
5519 0.03143249252532115
5580 0.06718532427557801
5596 0.021598603870140183
5644 0.018047848180788417
5721 0.03143249252532115
5784 0.03143249252532115
5798 0.027743431142644905
5816 0.013873480656673308
5830 0.020580731534137458
5878 0.08075519943081758
5925 0.020580731534137458
5938 0.02097033082028358
5970 0.012750836169013645
5997 0.07673846570731563
6044 0.008926448627953363
6052 0.033592662137789005
6081 0.015745599913924237
6109 0.006654836111664569
6113 0.033592662137789005
6154 0.022069786468346834
6197 0.05979965558808182
6206 0.018990470200870357
6230 0.010882664769516206
6237 0.041161463068274916
6239 0.03143249252532115
6245 0.03962506062921343
6278 0.008623373529605785
6310 0.007578881602925004
6315 0.01401092967808783
6481 0.019726484612889252
6505 0.016661155150328778
6606 0.007005464839043915
6621 0.033592662137789005
6637 0.016661155150328778
6677 0.016773320004661633
6689 0.028711000669023466
6723 0.026390125693282546
6775 0.008598878618435273
6793 0.03143249252532115
6851 0.07402752317538748
6984 0.027739658181573056
6990 0.06718532427557801
6992 0.02106539585405658
7064 0.015128490419048539
7067 0.025018166325275374
7099 0.006091817439291652
7152 0.033592662137789005
7185 0.028711000669023466
7201 0.0049551472378968845
7242 0.015823934339252155
7245 0.043381110849057165
7267 0.03143249252532115
7342 0.40295656677422853
7401 0.02410553114035229
7422 0.00922027732841629
7468 0.006880102965838797
7472 0.026206993450292815
7475 0.015472328025311332
7479 0.018331268903023536
7491 0.007955106140502956
7533 0.011914377690984265
7540 0.013024108057626554
7547 0.01953273112277634
7551 0.019165162369059425
7580 0.018321314333226986
7604 0.013679727166560391
7616 0.012858468795259861
7633 0.034591926326579904
7716 0.01521239189784063
7718 0.011231507198875614
7732 0.03288734102552347
7816 0.10077798641336701
7851 0.011869035853094588
7854 0.04377330845071421
7891 0.00897868075018989
7978 0.026206993450292815
8010 0.033592662137789005
8027 0.014143291919120657
8074 0.012750836169013645
8078 0.014651069654010801
8080 0.03143249252532115
8081 0.024510388590385228
8115 0.009165634451511768
8124 0.017197757236870545
8156 0.013808110096718902
8223 0.03143249252532115
8224 0.05547931636314611
8244 0.022706110894308868
8264 0.018550972925665182
8475 0.04571599342561503
8484 0.015045889790902526
8487 0.024046823837824964
8498 0.017767381647200212
8499 0.03581153905278418
8526 0.02035398949407687
8527 0.0628649850506423
8537 0.033592662137789005
8538 0.05241398690058563
8541 0.033592662137789005
8585 0.015561870196842681
8601 0.021886654225357106
8644 0.019345777421454463
8688 0.009619324069095382
8689 0.014884433986775568
8691 0.011960108733958277
8781 0.033592662137789005
8875 0.014006678439210642
8881 0.033592662137789005
8969 0.023620385603416158
8981 0.012099705378622056
8982 0.014212935182644
8995 0.03418258704266227
8996 0.0058530039562159466
8997 0.0042084024419997285
9075 0.033592662137789005
9099 0.010180646312925215
9126 0.011271715946673096
9150 0.16340013012072063
9204 0.038956204861571433
9250 0.019165162369059425
9312 0.02013650485650983
9327 0.02989982779404091
9409 0.010920316048445688
9430 0.03143249252532115
9440 0.0255794885691052
9442 0.026206993450292815
9457 0.012858468795259861
9489 0.03424943980577809
9497 0.004349612011737177
9530 0.024510388590385228
9628 0.05383679962054505
9645 0.03449349411842314
9708 0.00950222850289318
9719 0.00872249515704835
9757 0.016551303139007954
9765 0.009861530949607181
9768 0.02989982779404091
9769 0.10077798641336701
9779 0.019927551259668067
9783 0.008153674482994696
9823 0.02132533198152728
9827 0.006487811969177122
9932 0.011869035853094588
9948 0.028711000669023466
9957 0.015128490419048539
9959 0.018657384634169286
9994 0.039452969225778504
10033 0.018990470200870357
10037 0.013431885559140952
10045 0.03143249252532115
10050 0.018990470200870357
10079 0.011477441652598461
10106 0.02106539585405658
10121 0.02989982779404091
10141 0.019726484612889252
10156 0.008697541323162892
10157 0.028711000669023466
10232 0.033592662137789005
10258 0.033592662137789005
10281 0.015935892777871597
10316 0.019973785645624596
10317 0.028711000669023466
10362 0.03242445358233849
10432 0.015472328025311332
10438 0.018047848180788417
10460 0.010450457575372565
10516 0.012780108955815116
10529 0.08876469329029474
10542 0.033592662137789005
10567 0.016015787060434584
10580 0.019165162369059425
10614 0.009739051215392858
10626 0.02989982779404091
10657 0.008176201509346495
10684 0.017767381647200212
10732 0.00903143003055962
10765 0.023225565466524434
10767 0.033592662137789005
10785 0.04589290757136679
10806 0.014500985537860925
10813 0.026206993450292815
10836 0.015472328025311332
10860 0.024510388590385228
10876 0.028711000669023466
10892 0.026206993450292815
10924 0.009138521752820952
10930 0.03449349411842314
10991 0.027739658181573056
10999 0.0032585423779892962
11000 0.019441526512210688
11003 0.007933492992019247
11025 0.03143249252532115
11053 0.05742200133804693
11087 0.019165162369059425
11090 0.022857996712807516
11098 0.11980942571559129
11150 0.031871785555743194
11232 0.010147860770724042
11245 0.01374353192671086
11255 0.006637896085326998
11259 0.02627493248930882
11411 0.038691554842908926
11430 0.017632497637779184
11555 0.03143249252532115
11634 0.013873480656673308
11733 0.017646991957976636
11745 0.036095696361576834
11842 0.012006235721623825
11849 0.013024108057626554
11880 0.014805504635077498
11881 0.02132533198152728
11905 0.03520584209770009
11910 0.012147062435280152
11995 0.020580731534137458
12023 0.01062630303586932
12064 0.003468931221012843
12089 0.033592662137789005
12117 0.011112670291329405
12181 0.029611009270154996
12215 0.019417732481253468
12228 0.033592662137789005
12235 0.022857996712807516
12238 0.02013650485650983
12261 0.025018166325275374
12264 0.017767381647200212
12335 0.011353055447154434
12347 0.02035398949407687
12405 0.021886654225357106
12413 0.032535833136792876
12484 0.026918399810272525
12513 0.011394195680887422
12611 0.009892595957708292
12614 0.012291712962183366
12648 0.012147062435280152
12666 0.01259335769526518
12667 0.0179050013577231
12733 0.009986892822812298
12735 0.008359931226428053
12779 0.02989982779404091
12810 0.014006678439210642
12834 0.004416069843898326
12940 0.03377579438077873
12956 0.016661155150328778
12957 0.01442749976872958
12960 0.028711000669023466
12984 0.016887897190389366
13064 0.015045889790902526
13079 0.0076397695090225665
13158 0.026918399810272525
13159 0.033592662137789005
13212 0.026918399810272525
13216 0.025018166325275374
13336 0.005694816973417356
13338 0.014964550290421189
13522 0.028711000669023466
13545 0.02035398949407687
13628 0.030595271714244532
13643 0.3301902719596601
13676 0.010381712959704026
13677 0.05383679962054505
13749 0.06718532427557801
13754 0.00686243252246039
13775 0.04328249930618874
13786 0.02162586841294958
13787 0.009275486462832591
13797 0.026206993450292815
13813 0.027739658181573056
13832 0.012052765570176144
13973 0.011562009043996197
13995 0.026206993450292815
14009 0.03143249252532115
14039 0.030595271714244532
14040 0.012390375666910983
14047 0.024510388590385228
14072 0.007976807326494322
14163 0.012917288779174394
14170 0.0564515488770033
14171 0.04557678272354969
