15 0.08620374132124796
108 0.02706713992764126
127 0.034319775206410025
149 0.0315244683082754
310 0.07190456282888315
418 0.06145544354353399
420 0.05355098994597315
472 0.03959540246846563
483 0.0789306524745183
538 0.042224228803970865
543 0.14457360610860184
637 0.08548339459297316
703 0.03088183542373438
884 0.10950498268959048
1037 0.046848037747234395
1083 0.04140933107262565
1099 0.02540548381418865
1103 0.25279531191913296
1107 0.01894124799358323
1241 0.043567393092937085
1336 0.04405273084909976
1440 0.1266726864119126
1479 0.03519741706306313
1534 0.05609565563376146
1545 0.024040863797338784
1566 0.026206073242519824
1570 0.052464099722990674
1611 0.0828186621452513
1618 0.030273493009702303
1665 0.0456465363484123
1689 0.016573387645957244
1963 0.04510182338210902
2460 0.10950498268959048
2462 0.02901290486726054
2597 0.021933175555729767
2608 0.03330993741174949
2658 0.07190456282888315
2692 0.035903026594829336
2793 0.039471716039738196
2850 0.03614827725153893
2852 0.031360383232684766
2895 0.06548869596044592
2969 0.03370320796980278
3020 0.036398918461885234
3117 0.04509014717233125
3256 0.04310187066062398
3257 0.03185989590180511
3341 0.02483989438266211
3439 0.03746049520942127
3604 0.05355098994597315
3642 0.20324400788891894
3646 0.07190456282888315
3666 0.02684570159114407
3679 0.04140933107262565
3722 0.034319775206410025
3745 0.07085560599973449
3865 0.04105366524627451
3984 0.014390775097312949
4079 0.030422563315505465
4109 0.042224228803970865
4211 0.07788716829934711
4262 0.051798456581944964
4384 0.0200336220906825
4477 0.0630489366165508
4566 0.13988637410080842
4590 0.036398918461885234
4629 0.06145544354353399
4685 0.14506452433630268
4686 0.04140933107262565
4722 0.06512376926301375
4922 0.018616949855386946
4952 0.1438091256577663
4985 0.023537677053331013
5053 0.07492099041884254
5059 0.019445671471366038
5158 0.03088183542373438
5390 0.018458194864495427
5395 0.04455964612542983
5409 0.05609565563376146
5412 0.03746049520942127
5421 0.18529101254240624
5501 0.043567393092937085
5502 0.04971395611559477
5571 0.02540548381418865
5631 0.07190456282888315
5661 0.030573608119799606
5663 0.038437448718674556
5798 0.01979479208388417
5816 0.0296959662631465
5915 0.07190456282888315
5924 0.09638240407240123
6001 0.0456465363484123
6032 0.0399358371821663
6039 0.04265460878626576
6068 0.029281239977209557
6100 0.06145544354353399
6109 0.014244571607464753
6120 0.038943584149673555
6151 0.034319775206410025
6154 0.02362001471071455
6245 0.014136136089903384
6278 0.018458194864495427
6320 0.10294369338099586
6637 0.03566293949537624
6681 0.021651588014299585
6696 0.03238229484107893
6821 0.0472400294214291
6846 0.1293056119818719
7039 0.03665519252786899
7057 0.042224228803970865
7099 0.026078878060270504
7154 0.05147184669049793
7161 0.0456465363484123
7195 0.04028674843863977
7201 0.021212828827454996
7242 0.016935440785101268
7301 0.07190456282888315
7408 0.07852967366049123
7442 0.05061849870547622
7466 0.08236004506705419
7491 0.03405555814207211
7566 0.04808172759467757
7641 0.10491478057560628
7649 0.027179492718285653
7703 0.05147184669049793
7857 0.0456465363484123
7865 0.01622247638948377
7906 0.04180950251803393
8041 0.046848037747234395
8078 0.031360383232684766
8115 0.019618895804745563
8124 0.055217291681835784
8173 0.03926483683024561
8182 0.03614827725153893
8244 0.024301035903355753
8412 0.026102871488348424
8433 0.016309197081213263
8567 0.06906586996565914
8574 0.13367893837628947
8688 0.061770033800290634
8744 0.013380923637025808
8746 0.08911929225085966
8795 0.019560861501346866
8893 0.03119862568358577
8995 0.02438909592399701
8996 0.05011305016329749
8997 0.018016037940594812
9153 0.05761840971315561
9301 0.0406488015777838
9398 0.10492819944598135
9426 0.06781009784094619
9465 0.1345615077712392
9497 0.01862055164883135
9631 0.05475249134479524
9671 0.04028674843863977
9699 0.04509014717233125
9719 0.0746814525710456
9779 0.04265460878626576
9784 0.031360383232684766
9913 0.07190456282888315
9944 0.13928487408223972
10031 0.06548869596044592
10046 0.035903026594829336
10108 0.03863113402917279
10209 0.03088183542373438
10234 0.028750738930308144
10266 0.0456465363484123
10268 0.03665519252786899
10361 0.024213650678774106
10493 0.06084512663101093
10614 0.0208462853327473
10619 0.10950498268959048
10657 0.017501030216627807
10684 0.11409239952900667
10727 0.0456465363484123
10740 0.0505590623838266
10761 0.13070217927881125
10791 0.046848037747234395
10793 0.0912930726968246
10794 0.23733534244331164
10823 0.047499856066026476
10827 0.035427802999867246
10884 0.027407574641341925
11000 0.03236666260284471
11047 0.0976856538945206
11097 0.01991358186641557
11255 0.014208311748596868
11326 0.0832754576934462
11356 0.14065883579795357
11371 0.07264095203632231
11394 0.09638240407240123
11400 0.05609565563376146
11526 0.046231470510627155
11600 0.03566293949537624
11676 0.0505590623838266
11878 0.03863113402917279
11957 0.020277561146262793
11965 0.06623654761517585
11967 0.07919080493693126
12045 0.052464099722990674
12064 0.02970076999640962
12092 0.04180950251803393
12175 0.0416925706654946
12181 0.15845474435452395
12296 0.05355098994597315
12308 0.08444845760794173
12401 0.03926483683024561
12413 0.023214145680373287
12584 0.03088183542373438
12611 0.021174945428978405
12678 0.1110339435912616
12775 0.06145544354353399
12807 0.07320647857983593
12810 0.0599621480265614
12866 0.08911929225085966
12999 0.03119862568358577
13079 0.016352805990976903
13112 0.020590011266763547
13153 0.06145544354353399
13336 0.012189665802146808
13494 0.059376300288058764
13557 0.035903026594829336
13614 0.08020972286826372
13660 0.026521403452947786
13806 0.026206073242519824
13858 0.06084512663101093
13912 0.021933175555729767
13916 0.04310187066062398
13925 0.03519741706306313
13935 0.043567393092937085
14044 0.03665519252786899
14062 0.014100218844444354
14065 0.02329417208602493
14163 0.0737313403973927
14200 0.04509014717233125
