328 0.12895822143303373
504 0.28792248399356546
994 0.09524662323447672
1010 0.12895822143303373
1395 0.1929687081182713
1461 0.07832620922715054
2237 0.22461996674336931
2815 0.21924162657584856
3094 0.22461996674336931
3432 0.08949207082045789
3699 0.1333806860641764
3751 0.11947676147811015
3908 0.1021180520303799
4500 0.17842711913623474
5223 0.07391087722861472
6075 0.269407684597256
7316 0.13576365005288213
7965 0.11617437487423508
8517 0.18033542878939343
8744 0.05358031006834961
8923 0.14186110923768905
8996 0.05016605802140747
9902 0.06321915236288062
9990 0.15593910932565244
10113 0.37286355210166316
10598 0.11670845246960977
10949 0.09765957547792567
10950 0.08898159280159125
11000 0.01851479939630942
11623 0.15991231973992534
12010 0.14677586051113672
12069 0.10705942126660768
12288 0.12966619086807518
12354 0.07718171037239079
12398 0.13827785092729447
12611 0.08478937422717592
13464 0.11260113589769448
13695 0.11947676147811015
13700 0.1333806860641764
13787 0.0795001328466677
14060 0.11260113589769448
14163 0.03690466543464096
14169 0.24608179597850238
