1012 0.1071354340415961
1135 0.21087068707013185
1471 0.16155370089321794
1653 0.07314072555024398
2204 0.08358964899128349
3078 0.16998572556548228
3092 0.15243846398061472
3137 0.12345660412457342
3147 0.1406051512880798
3214 0.1798698406202458
3734 0.09470857512173231
3790 0.11282063707652415
3915 0.107474761624453
4404 0.12345660412457342
5210 0.1835818290676084
7396 0.2395705923564858
8078 0.15816943902182198
8202 0.12436238439502714
8982 0.15343944420309977
9336 0.2395705923564858
9496 0.12436238439502714
9765 0.10646272627396204
10374 0.18755001329922447
10460 0.11282063707652415
10568 0.20885237968647682
10628 0.11549627571162327
10994 0.18619663654054186
11003 0.0856480902531047
11246 0.11134579066663959
11255 0.1433222726934345
11376 0.2395705923564858
11482 0.09953990576121476
12335 0.1225648675261382
12749 0.29060459733671173
12824 0.32279137979102296
13982 0.11668221171604852
14090 0.1370826716067813
14171 0.12300900763634455
