1107 0.1227585260478804
1133 0.13723515424571278
1319 0.08600626620311079
1492 0.2011650931171969
1862 0.25239398115979894
2204 0.21482477181304024
3092 0.09794142766283401
3137 0.1586412739491221
3147 0.36135418566417826
3790 0.28994819224917984
3865 0.13303472496118152
3908 0.1652823452159552
4404 0.1586412739491221
4923 0.3036228692024009
5247 0.16198731325495794
6813 0.10078936070563663
7396 0.30784731397462656
8078 0.20324713679084058
8202 0.15980519820446423
8997 0.05838111257397998
9645 0.1196278511235183
10037 0.1863339910373226
10460 0.14497409612458992
10999 0.09040833523805362
11098 0.18467307478644404
11255 0.09208429183110942
11581 0.24100106470563082
13480 0.11280075493408796
14163 0.05973174704344157
