127 0.04500932337387761
313 0.04420071451885777
971 0.03233745793208688
1054 0.03840144030652578
1099 0.033318506009592345
1145 0.0461603235157775
1184 0.04178326777136328
1240 0.04050057171429608
1458 0.05176593438242064
1545 0.03152884907706704
1566 0.0687369085513004
1620 0.033318506009592345
1689 0.021735485138556294
1830 0.04134336486014372
2137 0.03840144030652578
2172 0.04270390427174638
2234 0.04500932337387761
2332 0.04912828048802376
2365 0.04343359146221726
2701 0.08393416317651332
2793 0.05176593438242064
2811 0.08059691285563468
2848 0.05130692934266743
3137 0.0321019314782158
3145 0.04987621737047956
3147 0.10968300069827554
3158 0.07787018080207443
3249 0.03396603661508065
3250 0.09899514767331231
3251 0.09683194690285479
3281 0.031641722222089955
3332 0.027770285804759366
3388 0.056526769855437003
3396 0.039319250992875754
3432 0.04396577530962614
3519 0.03492242948610535
3699 0.04368495234925185
3734 0.024626695432910767
3746 0.03876183414836426
3775 0.07180619842763554
3790 0.05867260623991743
3852 0.03640439544343641
3919 0.10566964831506964
3984 0.01887305630821052
3987 0.07787018080207443
4028 0.039898250553637174
4071 0.05026469689329667
4424 0.06880504361550738
4478 0.056526769855437003
4840 0.06630664608457797
4881 0.02700316274811885
4891 0.08823662714173394
4900 0.062294591646658515
5158 0.12150171514288824
5160 0.05066353708208122
5172 0.0461603235157775
5223 0.024207351492178543
5247 0.016389510437613684
5390 0.024207351492178543
5421 0.04050057171429608
5422 0.17081561708698553
5501 0.17141186436826625
5528 0.03492242948610535
5548 0.11852931309246015
5551 0.023799445642253295
6044 0.050116274975652186
6278 0.024207351492178543
6315 0.03933118498059227
6511 0.06880504361550738
6677 0.0470857085860452
6752 0.03535180694068252
6775 0.024138589896448223
6813 0.04079055936153402
6821 0.03097691852048422
6855 0.057137288122755425
6936 0.0422365030843803
7036 0.08393416317651332
7038 0.062294591646658515
7079 0.08059691285563468
7100 0.1064931497787018
7102 0.06630664608457797
7422 0.02588296719121032
7432 0.057137288122755425
7479 0.02572957486473504
7580 0.01714373515733926
7585 0.05192814530699901
7872 0.09430060951617283
7891 0.025204762394867533
8139 0.061439752087976016
8176 0.06519831536028368
8250 0.020288833532287293
8264 0.0260379491037769
8293 0.11073232308843352
8294 0.05107330574831652
8412 0.034233108367982816
8429 0.4389109798156675
8658 0.017847658998241988
8688 0.02700316274811885
8914 0.09430060951617283
8918 0.08393416317651332
8997 0.011813738183122296
9079 0.0591343329858448
9126 0.031641722222089955
9468 0.06880504361550738
9538 0.2562234256304783
9542 0.04586416293256011
9645 0.048414702984357086
9654 0.03233745793208688
9719 0.024485603624913036
9827 0.018212448320119704
9902 0.01035279447132144
9918 0.04368495234925185
10209 0.04050057171429608
10499 0.029336303119958714
10567 0.014986392717605362
10580 0.05380003780187676
10645 0.14624400093103404
10887 0.0422365030843803
10916 0.08393416317651332
10924 0.025653464671333715
10999 0.018294622267105296
11000 0.024255929497755603
11018 0.37720243806469134
11111 0.28290182854851853
11118 0.04156169896733951
11332 0.04270390427174638
11359 0.0251312702532411
11577 0.05149461869974553
11600 0.046770841783095915
11991 0.057137288122755425
12069 0.03506418998564713
12113 0.06320127049719432
12378 0.020828806288020498
12672 0.05986402017631566
12797 0.056526769855437003
12877 0.02050248889058652
12903 0.024207351492178543
13022 0.033192297490769365
13088 0.0283044719012113
13111 0.062294591646658515
13298 0.08059691285563468
13307 0.06320127049719432
13358 0.07787018080207443
13447 0.07787018080207443
13615 0.06416648414153626
13617 0.04912828048802376
13646 0.08393416317651332
13696 0.048415973451427397
13759 0.09430060951617283
13786 0.020235893226650155
13854 0.07180619842763554
13865 0.060631143232956174
13874 0.0159466467795023
