37 0.10528887410750543
365 0.08568316844479627
637 0.08918301150314045
647 0.08778511064311173
993 0.11252475672784698
1065 0.06419721141427938
1162 0.04784519480578857
1383 0.0805492280227702
1846 0.05618529860185427
2046 0.04737553921752755
2092 0.10528887410750543
2331 0.15083057520148824
2372 0.0550810774261301
2479 0.04289061149508153
2597 0.03432362490751807
2599 0.06480221451730159
2638 0.09971625985006584
2764 0.07433338773169473
2770 0.08542250876752495
2793 0.0617700055498854
2831 0.06304546455837651
3010 0.026146361902888292
3198 0.07433338773169473
3247 0.06419721141427938
3249 0.08106034577572069
3332 0.03313705680669444
3421 0.09338689589977138
3439 0.058622609532807
3481 0.0454028219311457
3606 0.16149175770814392
3633 0.04678260145409017
3687 0.0805492280227702
3721 0.033774477506932264
3725 0.10015493368547934
3728 0.04289061149508153
3841 0.15675489589557415
3974 0.060454563489918074
3993 0.06973219977813223
4154 0.12392712937865423
4155 0.06607746278208712
4370 0.09617274011935616
4421 0.04808474044755046
4444 0.05997864508974513
4489 0.02316513436024902
4608 0.09617274011935616
4701 0.07234846813211275
4733 0.1858381021302756
4922 0.0291340030601015
5059 0.03043088457310191
5168 0.10528887410750543
5247 0.01955687968872246
5255 0.08568316844479627
5391 0.04647175711937796
5661 0.04784519480578857
5663 0.03007573091432929
5677 0.050126494115423074
5685 0.037355623131228685
5697 0.04691792741738009
5770 0.21057774821501085
5798 0.03097722976242973
5962 0.03595772227119998
6166 0.05997864508974513
6182 0.06249631715779069
6206 0.06361204809357839
6207 0.043439758895667355
6218 0.10528887410750543
6315 0.07039825157757969
6446 0.04832754531356759
6519 0.03489020844271996
6537 0.061963564689327115
6591 0.06607746278208712
6720 0.038729060817639285
6737 0.04760882204737753
6866 0.0682038681540207
6935 0.06893891885260302
6949 0.054727682068985574
7025 0.03975750318582717
7087 0.08380291707698853
7099 0.020405655037849454
7153 0.048823296146631695
7201 0.016598170612616658
7206 0.04006256843256636
7344 0.06249631715779069
7448 0.05819256746216552
7468 0.023046161370541027
7580 0.020456862769857198
7602 0.07433338773169473
7614 0.21994003620728594
7671 0.029050805322654888
7693 0.057281074169812374
7862 0.03043088457310191
7891 0.03007573091432929
7948 0.06675097223549296
7978 0.08778511064311173
8042 0.0590632709922533
8074 0.04271125438376248
8104 0.049593741646959504
8349 0.049593741646959504
8385 0.08778511064311173
8401 0.04084885782720893
8599 0.1923454802387123
8658 0.021296824031602025
8683 0.050126494115423074
8706 0.029385949113338545
8744 0.06282015150972081
9383 0.06308166156396
9423 0.07143309403462092
9654 0.03858686179945636
9666 0.053707639739719495
9725 0.027847256159376978
9835 0.0590632709922533
9867 0.05305862704013945
9902 0.024707065740419257
9916 0.05777264497351332
9949 0.10425465245638958
9961 0.04271125438376248
10044 0.07541528760074412
10290 0.07541528760074412
10312 0.11252475672784698
10316 0.03345292137743029
10330 0.06249631715779069
10371 0.05580958193803496
10416 0.10528887410750543
10440 0.05618529860185427
10575 0.15723786348314045
10674 0.07433338773169473
10732 0.030252424262323763
10999 0.010915082790004766
11218 0.05039895562700215
11255 0.02223484519096555
11311 0.2721068140619022
11577 0.06144625651638386
11723 0.10528887410750543
11796 0.061963564689327115
11828 0.076567034456647
11968 0.076567034456647
12050 0.06249631715779069
12397 0.10015493368547934
12572 0.293113047664035
12695 0.03975750318582717
12818 0.06973219977813223
12865 0.0663656885741818
12900 0.08368110170734941
13040 0.11252475672784698
13608 0.08878862334977658
13786 0.024146598565823435
13822 0.058603142523549416
14040 0.04150382610246911
14062 0.022065688641433167
14189 0.04439431167488829
