898 0.06152766956470318
960 0.043261841777418944
1033 0.06548369634185973
1375 0.12552225367796147
1378 0.07308608046394939
1620 0.04441065122620048
1718 0.037487204774788126
1919 0.05215836673039243
1939 0.1074286279735824
1949 0.11761169820278462
1959 0.14253524716691818
2017 0.04407560917231043
2046 0.05292028875678564
2086 0.06276112683898073
2179 0.15069046975100134
2244 0.06648063071870103
2372 0.06152766956470318
2425 0.03713227789835047
2471 0.06276112683898073
2648 0.07132669539964845
2716 0.0511857575950699
3130 0.028282712997602537
3204 0.06152766956470318
3247 0.07171073979390541
3328 0.06234143695959467
3432 0.0781367052733664
3544 0.04673749511858317
3633 0.05225795460346165
3677 0.08424175982847416
3734 0.032825228760557074
3746 0.05166613103106224
3756 0.046928257655188044
3786 0.04044111409071517
3794 0.10072121108554437
3914 0.05629756048949879
3980 0.0917110987429054
4028 0.053180874597528814
4030 0.04731534812755269
4080 0.1074286279735824
4584 0.08838095358758051
4612 0.07308608046394939
4922 0.032543795385683645
5059 0.03399246162325815
5211 0.06318984299561001
5223 0.032266280004261766
5247 0.021845782389026732
5260 0.06941261267599937
5455 0.250165757269856
5474 0.05371249364773482
5663 0.03359574140675616
5704 0.12569445576086663
5800 0.05723952467958402
6054 0.05962770564482367
6109 0.02490055714555807
6429 0.04654854078488677
6681 0.03784856572026475
6723 0.04937227768481251
6734 0.05398371596696122
6756 0.07171073979390541
7099 0.022793896907770277
7284 0.09385651531037609
7468 0.025743443443769613
7479 0.03429527047782965
7633 0.03235835653263317
7649 0.0475117490556394
7674 0.11259512097899758
7716 0.05692056534778538
8097 0.03689912280829437
8156 0.05166613103106224
8268 0.5007319124033272
8293 0.07379824561658874
8377 0.07308608046394939
8658 0.02378936674852371
8715 0.05660662920687917
8744 0.023390837075753335
9102 0.053180874597528814
9383 0.10569694193541285
9497 0.08137522896275835
9652 0.02960439405798904
9725 0.031106449897528282
9760 0.09805932513927164
9842 0.07615900227039214
9902 0.05519747426250442
10003 0.046928257655188044
10040 0.04232723938945508
10156 0.032543795385683645
10162 0.05292028875678564
10332 0.11761169820278462
10361 0.04232723938945508
10459 0.05629756048949879
10507 0.0936110626627849
10614 0.036440837499715426
10616 0.04937227768481251
10679 0.07105708999038152
10949 0.08526786112201974
10950 0.07769100019421209
10999 0.024385129650938846
11000 0.008082757558082
11106 0.11761169820278462
11232 0.03797048984927991
11617 0.06113291343835018
11714 0.17178165590247765
11842 0.04492401520832578
11875 0.04894356152818324
11921 0.05692056534778538
11929 0.05856898608207842
12023 0.039760688550524906
12078 0.08749221051581244
12181 0.0553981056856347
12215 0.03632789366811848
12324 0.07882088821666489
12398 0.06036610609568426
12448 0.06597593204118993
12558 0.0553981056856347
12611 0.037015359481364814
12614 0.04599219212854312
12764 0.03871812245635556
12834 0.016523712629680536
12865 0.024711003898464975
12900 0.23368747559291583
12903 0.032266280004261766
12995 0.08690364577474688
13112 0.03599285161422843
13122 0.057893174483107934
13446 0.06362798223582342
13616 0.04086080397010124
13619 0.07105708999038152
13629 0.10072121108554437
13705 0.06807624471231016
13709 0.0479104530051464
13912 0.03834080141959494
13973 0.043261841777418944
13993 0.0640759681213104
14055 0.19142275066781028
14060 0.04915676712150202
14178 0.0553981056856347
14212 0.12743998553610394
