194 0.035020126499004586
422 0.10807585603555635
568 0.0941750436779893
721 0.056330554321965126
968 0.08081628142706065
997 0.050110511045379266
1012 0.03735598970324047
1194 0.05726349616512365
1653 0.10201085065774367
1718 0.037713054916904555
1882 0.0644620082807031
2060 0.10441946411647662
2176 0.08935642647411336
2204 0.05829208785962466
2234 0.06035493148386661
2304 0.10807585603555635
2340 0.11389533728989285
2619 0.12645173043278166
2648 0.03587820960256524
3036 0.18569507076959083
3092 0.18603288534952392
3137 0.12914056886213815
3184 0.04701907572663632
3208 0.04682898299482848
3220 0.04168413069712365
3402 0.06539495012386162
3471 0.08027423132042225
3512 0.12638448855588713
3633 0.017524264822672803
3738 0.056330554321965126
3915 0.03747430646561348
4060 0.08742721644016664
4621 0.06905134204294135
4624 0.056636737873188736
4899 0.09004207165063881
4956 0.07023136667953218
5053 0.06587821767824555
5613 0.045021035825319404
5816 0.052223477525128646
5903 0.04626928249019803
5970 0.04799754456562989
6235 0.04168413069712365
6292 0.0941750436779893
6485 0.08891342462798109
6488 0.04860839279480843
6556 0.09226363299583719
6618 0.06492305463275526
6713 0.1125509180752146
6724 0.08742721644016664
6730 0.08353348881559987
6755 0.06189835692319694
6804 0.23664055294808736
6922 0.23664055294808736
7064 0.11389533728989285
7201 0.018652494411165472
7396 0.16706697763119974
7475 0.05824196500411724
7491 0.029945139004373487
7540 0.0490262127626307
7611 0.1626057990348461
7792 0.13376231662335214
8078 0.11030105937074856
8264 0.03491540232864142
8348 0.08742721644016664
8673 0.03120685268691717
8982 0.053501274802288966
8996 0.04406453263261003
8997 0.01584154804301066
9099 0.038322665167561595
9416 0.10807585603555635
9496 0.17345073523022642
9604 0.09628801015773868
9652 0.029782752424408625
9664 0.08027423132042225
9765 0.03712142991762117
9783 0.03069260315039018
9853 0.06905134204294135
9867 0.059625591725032547
9890 0.04289078831645025
10037 0.15168358776940818
10051 0.09865010571764757
10445 0.04384595136194053
10553 0.06357054449380418
10558 0.0941750436779893
10583 0.10596069190821805
10999 0.0245320433787102
11003 0.029863781355055446
11255 0.0499736188206626
11317 0.0432041483333266
11356 0.03533762072460996
11482 0.06941516087448278
11581 0.06539495012386162
11733 0.03321398972291154
11875 0.24619216541088504
11910 0.0457247793674655
11912 0.059625591725032547
12203 0.10132802879773369
12285 0.0663734189628552
12292 0.12645173043278166
12379 0.08027423132042225
12416 0.08742721644016664
12513 0.04289078831645025
12614 0.04626928249019803
12666 0.04740475363320165
12667 0.16849798892080384
12768 0.14105722717990896
13195 0.1125509180752146
13480 0.15304081232708908
13738 0.06848638544260459
13806 0.18434453553391117
13816 0.15894103786232708
14062 0.02479671667852347
14163 0.01620803884616911
14170 0.030356952921222754
