149 0.11606913220410504
1387 0.24771928399159907
1684 0.3411091159525031
1942 0.0829088512542035
2769 0.206537157301455
4236 0.1433853847420348
5718 0.1173041344670325
5976 0.23564036248939665
6402 0.49543856798319813
6696 0.11922754173763
6923 0.13592507630508888
8017 0.11606913220410504
9094 0.17682404268313848
9621 0.19716801790018496
9647 0.08883232538486129
10079 0.09045364843232383
10732 0.07117664559335155
10892 0.206537157301455
11332 0.11988876878589766
11678 0.12264300515228348
11974 0.206537157301455
12638 0.13896160752430162
12943 0.12794570608672745
13437 0.19316622463442557
13874 0.044769298762291986
14018 0.17488850309828433
14040 0.09764847589231267
14105 0.23564036248939665
14163 0.033933691650575463
