49 0.06683282646759867
124 0.05586652241814842
149 0.03288757905766615
483 0.027447865236450503
498 0.05586652241814842
503 0.07018995818850478
556 0.0289587564351044
866 0.0750136995655863
873 0.0750136995655863
976 0.02517017288311926
1083 0.04319986101140844
1099 0.026504011083291
1107 0.03952052638910358
1230 0.030406561755404515
1334 0.0750136995655863
1451 0.03288757905766615
1545 0.025080385211192067
1604 0.02040666864769072
1618 0.03158251187528927
1665 0.04762028206746834
1689 0.01729001711082577
1700 0.0750136995655863
1709 0.05104278104106689
1768 0.039374041716788266
1942 0.046983575192207146
1963 0.03136801055863501
1994 0.0750136995655863
2017 0.026304059989026667
2046 0.03158251187528927
2049 0.039374041716788266
2150 0.05586652241814842
2235 0.13353491842981244
2311 0.05578531520823033
2352 0.0256295662540258
2371 0.02946508008406759
2491 0.05852121886422614
2499 0.06010981647931463
2608 0.06950050286794215
2659 0.022230509278277816
2662 0.04595756078542774
2680 0.10054995702709216
2730 0.02438548346836294
2770 0.028473104920030457
2783 0.06411276276882849
2793 0.020589231975371186
2895 0.0341602060456837
2926 0.0396752428695105
3130 0.016878953990923675
3137 0.025536257461505844
3150 0.029726558962625223
3321 0.01851253014752768
3341 0.07774189708501086
3467 0.04166265358447941
3490 0.03671934527071053
3517 0.03127744874880811
3519 0.02777989078768148
3633 0.020791489875491023
3642 0.08481289279272754
3666 0.05601300709046373
3677 0.05027497851354608
3679 0.04319986101140844
3691 0.043617335777954486
3751 0.031127801366108186
3881 0.15823567379181627
3890 0.03435365437397038
3940 0.028713452691682833
3984 0.015013028898245814
3995 0.03671934527071053
4191 0.04166265358447941
4219 0.03952052638910358
4298 0.0341602060456837
4452 0.021090224317922103
4477 0.03288757905766615
4529 0.05852121886422614
4577 0.033401442586312814
4590 0.0379727993133053
4685 0.24213932953510986
4686 0.1295995830342253
4722 0.03396985302379144
4735 0.03771132043474767
4775 0.05586652241814842
4817 0.02640361546589066
4923 0.048873736110063105
4944 0.061943717837824694
4970 0.132520055416455
4985 0.07366632236478025
5051 0.02920922484544446
5053 0.0390802783949178
5189 0.03851365654256881
5329 0.05586652241814842
5358 0.026914286569702125
5421 0.16108579437599738
5491 0.14662120833018932
5551 0.018931844389927396
5571 0.026504011083291
5590 0.05852121886422614
5647 0.04130749855216232
5661 0.03189560389362901
5663 0.04009947514891342
5798 0.08260285733896573
5829 0.08261499710432464
5847 0.11161499035735342
5979 0.054732635312241006
6028 0.05711997646074319
6032 0.04166265358447941
6039 0.08899796849318403
6044 0.019933101247479924
6068 0.03054735405019289
6109 0.05944201441267222
6151 0.07160750876460302
6171 0.06010981647931463
6210 0.02681038363798986
6235 0.02472786134333553
6278 0.03851264591882407
6310 0.016923932532439182
6412 0.03142900251883042
6429 0.02777989078768148
6519 0.023259269248925886
6571 0.048230508648143794
6671 0.06676745921490622
6681 0.02258779769355766
6702 0.03879359440087297
6720 0.025818408473952722
6756 0.04279654069038682
6789 0.02620533070821564
6813 0.016223918279836533
7099 0.02720652274148702
7201 0.011065033330261285
7206 0.02670738031004829
7423 0.06870730874794076
7442 0.02640361546589066
7466 0.021480318611945146
7491 0.017764056316476134
7566 0.025080385211192067
7616 0.08614035807504851
7633 0.019311273680941356
7671 0.058099438185392795
7693 0.03818595492688595
7718 0.025080385211192067
7865 0.016923932532439182
7906 0.21808667888977243
7925 0.05274522459727209
7983 0.05274522459727209
8011 0.03341641323379933
8038 0.07018995818850478
8040 0.047039834751553045
8124 0.03840324977154085
8173 0.04096263933187676
8244 0.025351807099154137
8279 0.0403015353676308
8295 0.0750136995655863
8433 0.017014403006906802
8535 0.14037991637700956
8658 0.07098675909478325
8660 0.04648639496156093
8683 0.16708206616899665
8691 0.02670738031004829
8716 0.03054735405019289
8744 0.04187853508017067
8871 0.06676745921490622
8875 0.03127744874880811
8893 0.0650952941458566
8931 0.023970918524519404
8964 0.10208556208213378
8996 0.039209945183284786
8997 0.00939752363597657
9028 0.03127744874880811
9054 0.07018995818850478
9204 0.021747673909520704
9398 0.054732635312241006
9458 0.04648639496156093
9497 0.019425700013710977
9552 0.079350485739021
9584 0.0341602060456837
9588 0.04496558562139061
9652 0.035335450688647095
9719 0.21425431879683374
9758 0.029083331500705918
9781 0.02712485507659434
9783 0.018207467021046517
9784 0.03271639898119668
9850 0.047039834751553045
9890 0.025443674814807218
9908 0.09568681168088704
9944 0.19374335994597383
9949 0.03475025143397108
9981 0.04496558562139061
10016 0.061943717837824694
10047 0.05274522459727209
10068 0.022881561015428112
10070 0.043617335777954486
10260 0.039374041716788266
10268 0.03824015461088086
10331 0.02777989078768148
10396 0.03173802794678365
10456 0.04166265358447941
10567 0.011921288384647585
10622 0.0750136995655863
10732 0.02016752873532766
10740 0.05274522459727209
10761 0.09090247427292909
10794 0.035371095427274415
10884 0.02859267185671781
10920 0.0750136995655863
10999 0.058211598226209145
11143 0.07018995818850478
11213 0.048270030116045755
11255 0.014822675876353567
11259 0.029336464668602177
11326 0.0289587564351044
11359 0.01999127647372065
11371 0.10104257343034752
11462 0.06411276276882849
11463 0.0750136995655863
11495 0.03824015461088086
11503 0.047039834751553045
11525 0.09474753562586782
11574 0.044498984246592016
11747 0.09297278992312186
11849 0.029083331500705918
11965 0.0691006006794135
12021 0.03671934527071053
12064 0.030985024450803086
12092 0.043617335777954486
12165 0.05186357612863456
12181 0.0661225164029645
12270 0.0390802783949178
12308 0.04404999473298159
12418 0.05186357612863456
12513 0.050887349629614435
12614 0.027447865236450503
12678 0.2316700514808352
12725 0.13512999124874367
12726 0.04096263933187676
12733 0.02230111369951282
12764 0.046213487907696256
12834 0.029583758664799686
12847 0.035371095427274415
12900 0.11157063041646066
12903 0.03851264591882407
12956 0.037204996785784476
13101 0.061943717837824694
13174 0.042028738162865995
13371 0.05711997646074319
13525 0.05711997646074319
13786 0.03219426094345405
13806 0.02733921781412305
13822 0.01953365043700141
13824 0.035371095427274415
13858 0.0634760558935673
13868 0.05852121886422614
13874 0.03805543707724249
13903 0.05852121886422614
13935 0.045451237136464546
13982 0.048270030116045755
14072 0.017812515894925024
14076 0.03602613113836156
14083 0.03435365437397038
14163 0.03845973328772062
