599 0.061748861670148855
749 0.11401171721916228
917 0.04222206171947518
960 0.03924084671237232
962 0.06332217590362302
967 0.0831869615285783
1471 0.050788891604520145
1593 0.10687946537068059
1660 0.052816163750471774
1963 0.02383778409976919
2006 0.08840626674999594
2046 0.04800158416194457
2225 0.0669506446433993
2599 0.06565854458669264
2618 0.1123484935699954
2638 0.3031018866632588
2730 0.03706297465060671
2852 0.049724954917230946
2898 0.10668021589330987
3333 0.062258239216333826
3481 0.046002798366279206
3633 0.04740081101140058
3721 0.0342207909683254
3786 0.03668229307194311
4016 0.08681543026835459
4028 0.04823794971208984
4219 0.03003320130269929
4286 0.07149483852667615
4489 0.023471250459242345
4555 0.11707216533076416
4835 0.0969548920454293
4841 0.06030155287415548
4928 0.032748210739700724
4965 0.07757883095801225
5002 0.14125757705533207
5139 0.09135962415163143
5247 0.019815314439226933
5412 0.05939727909715822
5539 0.1663739230571566
5551 0.028774105283720867
5697 0.047537925242150135
5771 0.0831869615285783
6067 0.046002798366279206
6072 0.05853608266538208
6088 0.07882633985252856
6278 0.029267273319986242
6315 0.023776176860939552
6446 0.24483085280126454
6519 0.035351265751322365
6720 0.03924084671237232
6782 0.07882633985252856
6789 0.039828921538891435
6866 0.03455257471934115
6949 0.1663526461257018
7006 0.04274118944497668
7020 0.03771581476954727
7024 0.08016633849911076
7047 0.0723770479847618
7099 0.041350611891993044
7194 0.08491033228386467
7201 0.01681750744698783
7242 0.026852797789311367
7244 0.07531566766685588
7338 0.05692776027556199
7533 0.08087353449840039
7580 0.041454380727063214
7614 0.14856429193850346
7633 0.029350791746090694
7717 0.03582401704833036
7718 0.03811914094366185
7891 0.030473167220058904
8104 0.15074729720595045
8115 0.03110767818679197
8122 0.10563232750094355
8301 0.05984376368565894
8349 0.15074729720595045
8433 0.025859827145043993
8599 0.1948872331659351
8683 0.10157778320904029
8740 0.09744361658296755
8744 0.02121676319020723
8749 0.09135962415163143
8839 0.14856429193850346
8982 0.04823794971208984
8996 0.019864785624955285
8997 0.014283095135290311
9594 0.052213384363285084
9645 0.029267273319986242
9654 0.039096768602617994
9708 0.03225006058108813
9712 0.09135962415163143
9725 0.056430488487992515
9920 0.06387858002275082
10003 0.04256648560180216
10156 0.05903798977116093
10266 0.0723770479847618
10456 0.06332217590362302
10856 0.054755346018578045
10999 0.07741524248226703
11000 0.007331501325852417
11087 0.06504554665890938
11107 0.09744361658296755
11218 0.05106495356381315
11259 0.044587865061664685
11311 0.2757025746188997
11320 0.05441736034429643
11323 0.10668021589330987
11365 0.027980920786247348
11450 0.0831869615285783
11478 0.1429896770533523
11576 0.03798369681144026
11733 0.02994647832060872
11842 0.08149705708619825
11861 0.05441736034429643
12325 0.07428214596925173
12398 0.054755346018578045
12434 0.18829386318841398
12472 0.06387858002275082
12490 0.07330451831029558
12557 0.11401171721916228
12584 0.0489661705602529
12659 0.06565854458669264
12668 0.05853608266538208
12735 0.02837316408713456
12763 0.042052279184683336
12764 0.03511944581827173
12834 0.014987907305394175
12865 0.02241422640019537
12900 0.042393453591378534
12914 0.1632272945902083
12928 0.04823794971208984
12964 0.07641186432185369
13112 0.03264747673485123
13366 0.10668021589330987
13726 0.050788891604520145
13754 0.023290732749227487
13770 0.05024909906865014
13786 0.02446568424182157
13971 0.05731662917929387
13973 0.03924084671237232
14039 0.05191936638751711
14040 0.042052279184683336
14061 0.06984991347839674
14163 0.01461353146597648
14178 0.05024909906865014
