13 0.15106762056313436
49 0.12723647468491936
604 0.1629522871906206
976 0.09583805546248109
1107 0.07523926072286825
1303 0.2441160234625459
1336 0.1749882005152257
1570 0.20840021095684463
1718 0.08518425240055942
1830 0.12522288346573873
1963 0.1791554521472321
2234 0.13632652481927746
2736 0.11577615161682903
3341 0.09867012408151611
3985 0.09687944256061204
4590 0.1445853893635719
4612 0.16607754999635996
4685 0.11524634038766075
4970 0.10091678336791268
5223 0.07332045577745246
5421 0.12267018877711786
5661 0.12144583468542804
5685 0.09482007231408489
5941 0.20083293761262136
6434 0.17306032047337488
6606 0.05956414542037106
7201 0.04213126715196262
7442 0.1005345165955197
7466 0.08178855091869532
7718 0.09549617954760502
7891 0.07634146458158313
7945 0.22282563752286186
8124 0.07311218716365715
8658 0.054057896120294886
8996 0.049765317049487
8997 0.035782050271046285
9497 0.036982688278635996
9720 0.1943507064130589
10930 0.1466409115549049
11047 0.12934375434226253
11213 0.09189658420144961
11371 0.09618253121916369
11525 0.12025370420790445
11876 0.09867012408151611
11967 0.1572826041220216
12678 0.4410539281139934
12680 0.22887438844123653
12834 0.037547747710111136
13874 0.04830001375296796
