13 0.09751151976336513
976 0.06186179675350484
1318 0.0625339940001562
1479 0.09024668541636816
1519 0.05199195948098043
1545 0.12328224360150662
1689 0.04249440515729878
1830 0.08082919179091623
2276 0.12011904502463121
2371 0.07241757154194182
2895 0.08395698087847416
2929 0.07878365215926543
3130 0.04148411796958942
3341 0.12737969551069256
3519 0.06827581064787441
3642 0.10422411400160202
3643 0.15224169102191254
3666 0.06883276639126285
3751 0.0765041118483974
3799 0.09827102460683516
3865 0.05263109514586339
3881 0.12963416576064643
4208 0.1725088241450404
4219 0.09713126653626994
4685 0.07438950687430965
4686 0.10617412260444603
4722 0.08348914221854936
4758 0.09827102460683516
5223 0.04732707807239228
5551 0.04652959339044204
5663 0.0492770866752363
6083 0.1032958045266824
6109 0.03652328721867654
6519 0.05716528820018916
6520 0.10617412260444603
6606 0.07689523832698618
6681 0.055514984204390716
6846 0.11051381853949603
7201 0.027194999657966283
7945 0.14383007077293813
8124 0.04719264430707259
8744 0.01715444067795497
8932 0.11425157587391403
8996 0.03212264599728133
9497 0.04774336321101268
9588 0.11051381853949603
9600 0.20135121682339832
9640 0.3450176482900808
9719 0.19148432240186744
9784 0.08040847528857129
9944 0.11904280923073325
10068 0.05623697872526954
10499 0.11470907988940862
10794 0.08693303484372841
10999 0.03576727576414012
11047 0.08348914221854936
11213 0.11863529131049522
11371 0.06208414985889263
11574 0.1093670326375186
11608 0.1403861781477591
11659 0.13197455789878468
11965 0.08491573209737183
11967 0.10152318347973475
12064 0.03807660149731194
12181 0.1625121007132138
12219 0.10152318347973475
12513 0.0625339940001562
12611 0.05429286573540038
12678 0.21351947558820322
12847 0.17386606968745683
12892 0.09534465509270282
13155 0.1117074247756568
13285 0.1725088241450404
13617 0.09604925045064645
13786 0.15825038916986903
13858 0.1560077829674146
13868 0.14383007077293813
13967 0.14383007077293813
14124 0.164097203896066
14178 0.0812560503566069
