821 0.07745099618564805
898 0.08518969881263258
917 0.032224982659727834
1083 0.10022463966003775
1111 0.03645799290294406
1289 0.0662598087602178
1461 0.04734392574403125
1545 0.08728057839108005
1570 0.06349046644345635
1665 0.05524005747913131
1682 0.05594792710795978
1689 0.0401132247668753
1830 0.11444987379039705
1871 0.025951931112337498
1910 0.05669407812651605
1942 0.027250735206854584
1962 0.05669407812651605
1963 0.03638724154993473
2017 0.06102600499802541
2086 0.04344875671694061
2144 0.04875380428454285
2150 0.12961157622566608
2396 0.057482888938385615
2609 0.06661584972830051
2659 0.025787638313073808
2662 0.053311282276549216
2680 0.05831953491824459
2695 0.11048011495826263
2744 0.04078660276154291
2770 0.03302911877261455
2776 0.027901381123502125
2918 0.0662598087602178
2969 0.04078660276154291
3090 0.04435900517605289
3120 0.05216058004001803
3130 0.019579774586912815
3256 0.05216058004001803
3341 0.06012097754801644
3343 0.05059659520804828
3519 0.032224982659727834
3579 0.07185540247293291
3642 0.049191950041411685
3756 0.03248785598195746
3865 0.024840951902937752
3891 0.0662598087602178
3992 0.035271950231868875
4086 0.06480578811283304
4219 0.04584425069651147
4222 0.04315821057182771
4298 0.03962621940770995
4351 0.08142113310663465
4384 0.024244083436201144
4428 0.04344875671694061
4450 0.036636065465856585
4452 0.024464895061293086
4577 0.038746045345546105
4590 0.1321466101611031
4612 0.05059659520804828
4685 0.0702210796574398
4686 0.10022463966003775
4763 0.04533355812082618
4857 0.05392473580975462
4870 0.06349046644345635
4884 0.08701672681934979
4928 0.04998858323098894
4970 0.03074494799493664
4974 0.03196702314639744
4990 0.030628487960785857
5189 0.04467627046242164
5346 0.0662598087602178
5372 0.14371080494586583
5395 0.10784947161950924
5440 0.08142113310663465
5491 0.1133881562530321
5551 0.021961150309943073
5663 0.13954751311451463
5685 0.057775091414568325
5749 0.05669407812651605
5798 0.04791011717318388
5801 0.057482888938385615
5847 0.04315821057182771
5893 0.05831953491824459
6001 0.05524005747913131
6039 0.05161931724936093
6083 0.0975076085690857
6278 0.022337549063811916
6315 0.018146600517733386
6669 0.06972805647545176
6681 0.05240419370684543
6695 0.026542865578026105
6696 0.039188073650841114
6720 0.029949641333501274
6813 0.018819925867829802
7099 0.03155986934133956
7100 0.03275583395826701
7242 0.04098951628061297
7351 0.05216058004001803
7408 0.09503423553787002
7442 0.09188546388235756
7466 0.04983481757259513
7479 0.02374219423044852
7491 0.04121300628141516
7558 0.05524005747913131
7580 0.01581953421619853
7588 0.04638219647425804
7608 0.08142113310663465
7627 0.05291376259789889
7652 0.05524005747913131
7670 0.0662598087602178
7671 0.022465331755904892
7674 0.03897410917654592
7699 0.05272394120552945
7733 0.046750229808614076
7865 0.03926390039186856
7906 0.05059659520804828
7945 0.13577053110389264
8011 0.03876341146333775
8124 0.13364459213574753
8230 0.10662256455309843
8279 0.046750229808614076
8451 0.04602372353664579
8517 0.027250735206854584
8554 0.06228967183923119
8601 0.05669407812651605
8703 0.06972805647545176
8706 0.06817350725335679
8744 0.016193189012004464
8795 0.023671962872015624
8931 0.027806532419231884
8969 0.061185047883062664
8996 0.03032264869283374
8997 0.010901232064886822
9010 0.08701672681934979
9322 0.07437151874653478
9328 0.07437151874653478
9422 0.14371080494586583
9423 0.05524005747913131
9497 0.04506805666583087
9600 0.04751711776893501
9652 0.020494758140306484
9662 0.06228967183923119
9708 0.02461409037544401
9719 0.11297154348034857
9783 0.042241728991315404
9850 0.05456673212903489
9853 0.04751711776893501
9916 0.04467627046242164
9944 0.0280930568734675
10047 0.061185047883062664
10068 0.05308573115605221
10156 0.022529669551443428
10174 0.07881081556523603
10180 0.044048870053701034
10335 0.06578359981365607
10386 0.029302627587462333
10499 0.027070334832154853
10503 0.06349046644345635
10567 0.013828827277004052
10628 0.027712331151435118
10657 0.021179217361234907
10672 0.0420535866156592
10791 0.05669407812651605
10930 0.022337549063811916
10999 0.025322288311512023
11000 0.005595593712715136
11047 0.07881081556523603
11108 0.03316781775062261
11128 0.061185047883062664
11262 0.02899015162342092
11371 0.14651313793731166
11574 0.10323863449872187
11627 0.07185540247293291
11659 0.12457934367846238
11820 0.05831953491824459
11858 0.0662598087602178
11876 0.03006048877400822
11881 0.05524005747913131
11950 0.05272394120552945
11965 0.040078733132714435
12023 0.027525835987011398
12050 0.048329142097039486
12064 0.017971486700032967
12181 0.03835142767098216
12215 0.025149354282221505
12387 0.032224982659727834
12405 0.05669407812651605
12413 0.056186113746935
12523 0.0268040802941426
12554 0.05456673212903489
12558 0.03835142767098216
12565 0.04435900517605289
12678 0.3695172793193858
12695 0.06148989598987328
12725 0.07837614730168223
12726 0.19006847107574004
12735 0.08662056597655779
12763 0.03209540018514516
12834 0.04575665264580442
12865 0.051321372831801715
12866 0.10784947161950924
12877 0.01891885412048105
12900 0.06471158684503628
12903 0.022337549063811916
13438 0.05594792710795978
13661 0.048329142097039486
13686 0.07185540247293291
13721 0.14371080494586583
13770 0.03835142767098216
13858 0.11044939752166896
13862 0.04315821057182771
13874 0.014714910260030016
13875 0.0775268229266755
13914 0.08142113310663465
13925 0.04259484940631629
13935 0.05272394120552945
14014 0.03681646584055632
14161 0.05161931724936093
14162 0.06016232584175002
14178 0.03835142767098216
