49 0.0415516662041094
124 0.06946727272199729
153 0.05921347845350455
478 0.08302205144471285
971 0.03198604709244543
1001 0.04132920940841666
1171 0.1184269569070091
1240 0.04006045239687882
1403 0.04595756036286004
1461 0.025374688721201882
1479 0.04565869973078898
1544 0.07102588117035731
1545 0.031186225381958737
1604 0.025374688721201882
1665 0.05921347845350455
1682 0.059972265191377876
1825 0.09327584571320559
1830 0.040894086917838614
1963 0.0195022891161319
2017 0.0327078047793413
2046 0.03927130006885351
2105 0.04372038578570737
2144 0.052260668639234634
2276 0.060772086901864565
2371 0.0732767555730473
2459 0.07276825717622011
2542 0.05180546047260214
2609 0.03570376609436731
2692 0.046574028650532506
2696 0.08727776057602782
2816 0.048594403943593635
2864 0.07102588117035731
2895 0.04247653598077278
2935 0.04479672205431587
3020 0.04721730817914901
3120 0.05591249399928173
3321 0.023019420663183
3341 0.03222274171228003
3356 0.09327584571320559
3432 0.014495999886189593
3519 0.03454292778582313
3527 0.03246328519336738
3633 0.012926597494890661
3642 0.15819099074779652
3666 0.03482470960344209
3734 0.04871815474813731
3751 0.03870588991651907
3832 0.039464676654392405
3865 0.026627763210145716
3881 0.13117218481784063
3984 0.018667962989564475
4021 0.06805733987827266
4219 0.07371274600484808
4284 0.060772086901864565
4298 0.08495307196154556
4566 0.09073151504347607
4624 0.04177751941771201
4685 0.11290812981635118
4686 0.10743380459482516
4722 0.04223984136093817
4783 0.07276825717622011
4784 0.04026449836487909
4913 0.040894086917838614
4917 0.05273033024926551
4981 0.05921347845350455
5068 0.07702396630753507
5247 0.016211405787696868
5262 0.05780354560977991
5421 0.04006045239687882
5491 0.060772086901864565
5501 0.0565163777705496
5571 0.03295643413007049
5622 0.060772086901864565
5663 0.09972344995197374
5746 0.03570376609436731
5772 0.07102588117035731
5847 0.04626258350205686
5962 0.029806658128386072
5974 0.03870588991651907
6001 0.1184269569070091
6039 0.16599689442128274
6167 0.06677017203904234
6297 0.05321539331632678
6310 0.021044077667123923
6443 0.04971847092288514
6484 0.04823792649811593
6488 0.035855491507928335
6645 0.050518292633371834
6669 0.07474360017227918
6681 0.02808681540660816
6695 0.02845209564802633
6702 0.04823792649811593
6813 0.02017364437559267
6943 0.07702396630753507
7039 0.04754975134128717
7099 0.05074495923392593
7100 0.035111963253245296
7201 0.013758824690715842
7242 0.04393789488757458
7328 0.07102588117035731
7401 0.03346659151721463
7406 0.038891969076205075
7408 0.05093502718107089
7423 0.08543415892372024
7454 0.14553651435244022
7466 0.026709719642163527
7479 0.02544997182587457
7533 0.03308233359757929
7536 0.039464676654392405
7608 0.08727776057602782
7693 0.07122353505023662
7728 0.07474360017227918
7732 0.04565869973078898
7891 0.024930862487993435
7945 0.07276825717622011
8040 0.11698344153321737
8124 0.02387627607570554
8279 0.050112976919231986
8396 0.09327584571320559
8401 0.033861097513561485
8433 0.021156573252155884
8463 0.030533482812468475
8484 0.08355503883542402
8498 0.049334213003249805
8567 0.04479672205431587
8683 0.1246549986123282
8688 0.026709719642163527
8714 0.07972106699049003
8744 0.043394915411614624
8795 0.025374688721201882
8996 0.03250375881134102
9026 0.06448980590378645
9094 0.020766525470160353
9589 0.05533229814042757
9640 0.08727776057602782
9708 0.05276916703606181
9719 0.07265855642811293
9757 0.04595756036286004
9908 0.03966061459361121
9944 0.24091033844395707
9974 0.051363842658915804
10009 0.06677017203904234
10044 0.06251446290772737
10068 0.02845209564802633
10072 0.05093502718107089
10156 0.024150230166812493
10162 0.03927130006885351
10311 0.08727776057602782
10319 0.060772086901864565
10335 0.03525770924144543
10382 0.03798413222962319
10499 0.05803501160072153
10506 0.04177751941771201
10740 0.06558609240892031
10761 0.1130327555410992
10794 0.04398221736680097
10888 0.05849172076660868
10999 0.018095814785536762
11047 0.04223984136093817
11125 0.08727776057602782
11132 0.08302205144471285
11135 0.03663837778652365
11213 0.0600214081927727
11255 0.09215634184864932
11371 0.21987257264454033
11462 0.15944213398098006
11525 0.03927130006885351
11573 0.08302205144471285
11574 0.11066459628085513
11576 0.031075415139923922
11604 0.05921347845350455
11659 0.06677017203904234
11747 0.11560709121955982
11842 0.10001217999690248
11965 0.04296159904783404
12064 0.019264176922550523
12077 0.07702396630753507
12164 0.05533229814042757
12181 0.04111004839042307
12235 0.06346918758481952
12413 0.030113792305494633
12416 0.06448980590378645
12432 0.07276825717622011
12582 0.0327078047793413
12611 0.02746850638003686
12639 0.059972265191377876
12668 0.0478898375406098
12678 0.3240791031020771
12735 0.02321279724872189
12800 0.07702396630753507
12834 0.012261982921408066
12865 0.0366752817075207
12900 0.13873259110160152
12903 0.02394429043984637
13064 0.04177751941771201
13786 0.0600479699175499
13824 0.04398221736680097
13860 0.048594403943593635
13874 0.015773354724634557
14004 0.060772086901864565
14014 0.039464676654392405
14116 0.04823792649811593
14161 0.05533229814042757
14163 0.0119556966563819
