170 0.05804492415405747
328 0.027784545913427265
421 0.025619512414444077
555 0.03359768221530146
917 0.022973110333652437
1002 0.0217526439167602
1065 0.03539141527564508
1111 0.02599081285308364
1117 0.029608597314872767
1397 0.018619602515941948
1458 0.017026657932907002
1461 0.03375136741671917
1481 0.03679928343295478
1618 0.026117760342191154
1620 0.021917997286396405
1656 0.02719701053085164
1800 0.07359856686590956
1820 0.07437029667197742
1838 0.029428073095813086
1942 0.0388539632862291
2037 0.05521462337504372
2058 0.029428073095813086
2103 0.12472755604847652
2136 0.048395237695601286
2202 0.043618669112397215
2234 0.029608597314872767
2250 0.042889573101894285
2340 0.027937080657273954
2357 0.03306575300199944
2396 0.040979409169052926
2573 0.032810198532526084
2736 0.025145285970082976
2763 0.025145285970082976
2764 0.040979409169052926
2771 0.05122553847461503
2776 0.01989082550578215
2793 0.017026657932907002
2813 0.04440615279517259
2865 0.19883583512534692
2889 0.03387483558236678
2927 0.015879149794275578
2965 0.017335739704722603
2990 0.06203400905448617
3010 0.014414282671577199
3130 0.041875118442374785
3147 0.02405101548247193
3149 0.04157585201615884
3153 0.03332812305463531
3159 0.028737382965838852
3165 0.026117760342191154
3188 0.0347564663367164
3197 0.05521462337504372
3236 0.021917997286396405
3238 0.03097451106360749
3247 0.07078283055129016
3274 0.046199885855516216
3281 0.020814954356027014
3284 0.04221080095508752
3318 0.09941791756267346
3328 0.030767381436287707
3353 0.02599081285308364
3357 0.046199885855516216
3432 0.06748494070705414
3495 0.040979409169052926
3517 0.025865482573464705
3529 0.04221080095508752
3590 0.029792496013094884
3746 0.02549879563732546
3756 0.02316051207406989
3758 0.01809709244543852
3777 0.05122553847461503
3798 0.048395237695601286
3840 0.053285187557682176
3940 0.02374513714930241
3992 0.025145285970082976
3993 0.03844281061534059
4029 0.0323181813167679
4045 0.03718514833598871
4155 0.03642798299431521
4253 0.03938050017607377
4262 0.022343963986399863
4414 0.0357249487047521
4420 0.05052343368516142
4422 0.043618669112397215
4450 0.026117760342191154
4452 0.01744096310241619
4489 0.03831226646757414
4532 0.0347564663367164
4560 0.046199885855516216
4591 0.03679928343295478
4608 0.10603854306991733
4648 0.05804492415405747
4702 0.027937080657273954
4720 0.3318803244809997
4721 0.3575099521571386
4734 0.025030216893407422
4784 0.026778296535859017
4808 0.017335739704722603
4845 0.04221080095508752
4881 0.017763559016331504
4922 0.01606134562898819
4928 0.03563673718973465
4985 0.020306589929803304
5023 0.06203400905448617
5063 0.027937080657273954
5099 0.05804492415405747
5172 0.030365762656546263
5223 0.015924383409137887
5260 0.06851444030961129
5270 0.05301927153495867
5336 0.10162450674710034
5390 0.07962191704568944
5455 0.09877148364363873
5551 0.0156560496696481
5579 0.05122553847461503
5582 0.05587416131454791
5663 0.016580512752160218
5689 0.02255541353199216
5744 0.06203400905448617
5746 0.02374513714930241
5747 0.03539141527564508
5837 0.06416220504404631
5903 0.022698535473718022
5938 0.01936246800931066
5945 0.03306575300199944
5962 0.019823208099398647
6102 0.018679409957883013
6230 0.040193023231087054
6429 0.022973110333652437
6528 0.021351025137018757
6563 0.020377624851409197
6566 0.0347564663367164
6569 0.0404170678947439
6636 0.025741728817188888
6637 0.030767381436287707
6728 0.04221080095508752
6750 0.09941791756267346
6799 0.04221080095508752
6819 0.03642798299431521
6821 0.020377624851409197
6859 0.03387483558236678
6906 0.048395237695601286
7025 0.021917997286396405
7037 0.05804492415405747
7276 0.030767381436287707
7284 0.13896307244441936
7347 0.05521462337504372
7402 0.0347564663367164
7418 0.018922343137746447
7422 0.017026657932907002
7468 0.06352583310128994
7501 0.03332812305463531
7540 0.02405101548247193
7551 0.03539141527564508
7571 0.10199518254930184
7572 0.031186095431280335
7633 0.01596982595598788
7702 0.05804492415405747
7703 0.04440615279517259
7717 0.01949192111256686
7862 0.016776306157315676
7865 0.013995568676584573
8004 0.032810198532526084
8027 0.026117760342191154
8097 0.03642166242792996
8115 0.016925751469859966
8224 0.05122553847461503
8268 0.1853447381581073
8293 0.07284332485585993
8382 0.043618669112397215
8411 0.01634112639462745
8428 0.03758676711573015
8433 0.014070384960340599
8658 0.02348154154207123
8691 0.022086177345867212
8706 0.03240048299380834
8744 0.017316126516867248
8795 0.016875683708359585
8995 0.04208226398595747
8997 0.015542922684788182
9011 0.031623424935898155
9105 0.05216463218972206
9168 0.029979897753512334
9250 0.03539141527564508
9375 0.08621214889751655
9393 0.05122553847461503
9432 0.11042924675008745
9489 0.031623424935898155
9497 0.02409667949025773
9689 0.04970895878133673
9716 0.05301927153495867
9722 0.04810203096494386
9725 0.04605591669693114
9827 0.011980741055559187
9902 0.04767283525395788
9905 0.015744683547521534
9932 0.021917997286396405
9937 0.03938050017607377
9957 0.05587416131454791
10003 0.02316051207406989
10048 0.023645255135040767
10136 0.048395237695601286
10156 0.01606134562898819
10162 0.026117760342191154
10324 0.028737382965838852
10327 0.052753355512235145
10329 0.039885138681441876
10349 0.03758676711573015
10362 0.01995891085641657
10371 0.030767381436287707
10440 0.03097451106360749
10447 0.048395237695601286
10460 0.019298374662748714
10478 0.04440615279517259
10495 0.02344848269775179
10506 0.027784545913427265
10516 0.011800216836499509
10569 0.053831794589971935
10574 0.02763434003546946
10616 0.024366709751837887
10627 0.04221080095508752
10657 0.015098611606953962
10684 0.032810198532526084
10836 0.02857202959620264
10877 0.05301927153495867
10924 0.016875683708359585
10999 0.00601739887572719
11000 0.031912679203429536
11030 0.04723645357418635
11052 0.08937748803928465
11138 0.025619512414444077
11154 0.04970895878133673
11177 0.06203400905448617
11203 0.040979409169052926
11232 0.018739583196849707
11255 0.012257894422624508
11331 0.030767381436287707
11332 0.02809201762159446
11338 0.024916478124880962
11339 0.026642593778841088
11371 0.02088977063978304
11425 0.03607018742245184
11430 0.03256111449663133
11608 0.04723645357418635
11636 0.0253795421299205
11714 0.02119485846281581
11733 0.016293940242296304
11734 0.03679928343295478
11849 0.02405101548247193
11850 0.05122553847461503
11879 0.045262196294783036
11905 0.02167099785563746
11922 0.0347564663367164
11948 0.05521462337504372
11957 0.017493999855665365
12042 0.039885138681441876
12064 0.012811828362458201
12069 0.046132730004991296
12165 0.042889573101894285
12215 0.017928912385967714
12255 0.03938050017607377
12256 0.026642593778841088
12285 0.03256111449663133
12324 0.0389004882014656
12333 0.07215304644741578
12348 0.034453725714911905
12378 0.027403732902566317
12450 0.05122553847461503
12497 0.05301927153495867
12523 0.019108562461973344
12611 0.01826819752169961
12764 0.019108562461973344
12768 0.023066365002495648
12834 0.008154951088960128
12865 0.012195626531843222
12879 0.043618669112397215
12898 0.03387483558236678
12903 0.015924383409137887
12984 0.031186095431280335
13079 0.01410800754500983
13112 0.017763559016331504
13332 0.314292325558229
13336 0.02103270805056032
13404 0.046199885855516216
13616 0.020166040483736353
13628 0.028249433682287328
13672 0.04723645357418635
13709 0.023645255135040767
13723 0.01760093888574653
13764 0.0347564663367164
13786 0.013311828948808025
13787 0.034257220154805645
13800 0.04221080095508752
13853 0.046199885855516216
13856 0.06203400905448617
13861 0.04221080095508752
13874 0.010490223083220706
13884 0.030365762656546263
13918 0.02127263194215202
13919 0.0880069118106198
13967 0.048395237695601286
13989 0.019298374662748714
14062 0.012164639753781308
14072 0.014730399629774899
14163 0.023853757281871005
14211 0.10498546929022799
14212 0.2515819228078179
14213 0.04157585201615884
