13 0.0888931240994421
1689 0.07747721377631356
1718 0.05012519752236717
1963 0.03514030732606017
2105 0.07877781853068898
2144 0.09416617434560647
2311 0.18748206396774966
2609 0.06433302807597188
2895 0.15307316178346753
3341 0.05806072507258386
3642 0.28503731013265093
3734 0.04389153806544677
4576 0.09255022350113197
4685 0.20344413713338594
4686 0.09679009700320859
4722 0.15222018276814434
5505 0.16806959762220602
5663 0.04492181223009151
6067 0.06781471237779531
6278 0.043144151937766564
6519 0.052112828007311346
6681 0.050608383422134945
6695 0.051266565642034155
6702 0.26075332262101686
6787 0.10950252033803935
7171 0.16806959762220602
7201 0.04958282847701267
7423 0.07697000549129514
7454 0.13111788598390625
7466 0.14438116744595147
8115 0.04585717225682198
8344 0.05263378971532264
8484 0.07527705403795314
8688 0.04812705581531715
8744 0.01563827358800816
8919 0.12516998891863373
8996 0.08785061592625003
9719 0.08728014739014342
9781 0.060773745391639274
9783 0.04079417058041959
9821 0.08821827728033395
9944 0.16278210881812322
9974 0.09255022350113197
10068 0.10253313128406831
10567 0.02670986971112119
10791 0.10950252033803935
10794 0.23774880363236753
11042 0.12516998891863373
11213 0.10814990576117935
11255 0.033210482680499864
11311 0.05806072507258386
11371 0.11319388829971504
11842 0.060069166248682596
11876 0.05806072507258386
11965 0.0774105944574005
11973 0.33613919524441205
12064 0.03471126355531581
12078 0.05849414967214523
12175 0.04872607036260531
12181 0.07407436768198211
12333 0.06516174846920002
12410 0.33613919524441205
12413 0.1085214058787488
12678 0.1946479071105694
13184 0.10074623603421132
14090 0.06352929807262554
