1319 0.061049038941393165
2204 0.07624354851667679
2694 0.4253628093631337
3010 0.07686195880007358
3092 0.06952086511049738
3722 0.15788331884396897
3865 0.09443081839563622
3915 0.09802956826731898
4383 0.09443081839563622
4535 0.23464170170076926
5223 0.0849143401303788
5390 0.0849143401303788
6866 0.30074640538121444
8411 0.0871365583919979
8673 0.08163444728956991
8982 0.1399547414021427
8997 0.04144012956630188
9515 0.16862707912153532
9783 0.08028921465414629
10335 0.12503544935973082
10546 0.24635382863670738
10845 0.3095156845841427
11255 0.06536334811479909
11913 0.2287020919335027
12064 0.06831711616774662
12667 0.17631050888666516
12768 0.24599573033005986
13336 0.05607685017943576
13480 0.08006832507211674
13806 0.12055736940329335
14074 0.40085137933001286
14170 0.07941118247270215
