79 0.025581213979725476
194 0.02413315843587254
548 0.03924392192018858
569 0.08153716915915486
920 0.03393131394714012
971 0.059764405394832236
995 0.16892534071014753
1010 0.03902965251777424
1012 0.02574285441438227
1024 0.08822329122181147
1550 0.05745094783731846
1589 0.07447750815157018
1617 0.052234915873653275
1653 0.0702979762557807
1662 0.06127224479569114
1689 0.020085195750422412
1714 0.08027170142294358
2105 0.08168945829922837
2204 0.08034078300168965
2479 0.03321508634657118
2558 0.021150964564870457
2599 0.05018373661769844
2605 0.10133740430639494
2736 0.035322217499265354
2760 0.0410893390683144
2848 0.04741139719824146
2873 0.04506513396774835
2949 0.0901302679354967
2969 0.040844729149614185
3035 0.04719551171905648
3078 0.16337891659845674
3092 0.16482786943735528
3137 0.2076519118471385
3147 0.16892534071014753
3184 0.032401904774714524
3208 0.032270907589014554
3214 0.12965915045886758
3281 0.02923929144713723
3328 0.04321971681962253
3512 0.058062932967849014
3540 0.18381673438707344
3633 0.02415273168415149
3758 0.07626432678744939
3763 0.042934756216440204
3790 0.1084356547833164
3865 0.0497527071929
3915 0.129121945809476
3928 0.0656050308439339
3984 0.017440099815703086
3992 0.035322217499265354
4061 0.06982742832296365
4211 0.04719551171905648
4450 0.03668827678071218
4560 0.0648981450666871
4827 0.021992447899322372
4899 0.031025010447932263
4962 0.10928899410526285
5059 0.04713220089268394
5210 0.044111645610905734
5211 0.08761578986113988
5223 0.022369383071979634
5247 0.03029023951336816
5279 0.03364035373473945
5390 0.04473876614395927
5544 0.1907428466617069
5548 0.07301990088095167
5571 0.030788763676003122
5844 0.10179394184142036
5999 0.05929457688123796
6102 0.02623943836134108
6120 0.04719551171905648
6172 0.0648981450666871
6182 0.04839801761690341
6235 0.02872547391865923
6488 0.06699427797118784
6579 0.04013585071147179
6606 0.018172461861224898
6645 0.04719551171905648
6712 0.1970482207140123
6734 0.037425523548249136
6752 0.06533536822467377
6756 0.04971521379635487
6813 0.037693493580794976
7026 0.048823285005071666
7201 0.012853854278958084
7214 0.05677487480393956
7396 0.17269442933154677
7448 0.04506513396774835
7479 0.023776030046674036
7486 0.12268855068263528
7491 0.02063587017589194
7580 0.03168415835520008
7611 0.05602766041994641
7627 0.02649458590892958
7865 0.01965992836225415
8144 0.06024806523808056
8170 0.07447750815157018
8250 0.0374967653536158
8433 0.01976502468330857
8669 0.03188520535703465
8673 0.10752672755189982
8744 0.04864879944505661
8981 0.03138712984463082
8982 0.03686893425018025
8996 0.06073172508132889
8997 0.08733414228011531
9099 0.052818024526550225
9126 0.0877178743414117
9250 0.04971521379635487
9287 0.04839801761690341
9387 0.04506513396774835
9496 0.08964660809224835
9528 0.11583248870642278
9652 0.061571897771561475
9765 0.05116242795945095
9783 0.021150964564870457
9878 0.08153716915915486
9904 0.05464449705263143
9908 0.037051984603321056
9918 0.08073625352177242
9961 0.0330761897038871
9964 0.048823285005071666
10005 0.0435106770320232
10032 0.05338725801545302
10037 0.034842859632586376
10068 0.02658069272715476
10091 0.042934756216440204
10156 0.045123554714229686
10220 0.06982742832296365
10234 0.1393714385303455
10316 0.025906407797982173
10335 0.03293867514026988
10445 0.12086093304310011
10460 0.13554456847914548
10567 0.055394140854369125
10628 0.02775182494610798
10645 0.03378506814202951
10672 0.3790216676333248
10674 0.05756480977718226
10929 0.06798201117483783
10999 0.008452791991355874
11000 0.02801784092724569
11003 0.020579804786150468
11246 0.05350906550063919
11255 0.06887589401752918
11317 0.0297729523291341
11328 0.040844729149614185
11352 0.04608931352535892
11430 0.04573941889692093
11467 0.06982742832296365
11511 0.034079123908170854
11514 0.07447750815157018
11581 0.04506513396774835
11662 0.06358094888723562
11912 0.0410893390683144
12017 0.03840608360741609
12175 0.07579048964310987
12225 0.07195780607427177
12329 0.05756480977718226
12335 0.029450289432891155
12345 0.08153716915915486
12915 0.04506513396774835
13585 0.052234915873653275
13738 0.04719551171905648
13744 0.03780943989153785
13806 0.03175899352443564
13810 0.05756480977718226
13874 0.014735880983902489
13875 0.03881865453202032
13982 0.05607357109858061
14090 0.03293867514026988
14113 0.042655552788770194
14170 0.08367864170896312
14171 0.029557008879159425
