79 0.03950849064071688
194 0.03727206476402103
484 0.07825445447520377
931 0.06463497113708506
994 0.044520960532588395
1002 0.09438494251016123
1281 0.13458309713264835
1319 0.04967651066583717
1333 0.12592875721801805
1458 0.03693942070415138
1620 0.09510241245757071
1653 0.027142642049396735
2064 0.053812488913969184
2154 0.13458309713264835
2558 0.032666263853451664
2694 0.08653101057194124
2926 0.07118189205160036
2927 0.03444989597995867
2929 0.05751084012474355
3010 0.12508743732377123
3092 0.0282850807895211
3130 0.030282760583909735
3208 0.04984027933383102
3302 0.09819656432373129
3432 0.020915560141007764
3496 0.06909787424722497
3633 0.03730229434956962
3756 0.10049369671944511
3865 0.07683976092920793
3915 0.03988405860306697
3984 0.02693507903448091
4450 0.05666261346954078
4535 0.3341300223360123
4564 0.09019902172288621
4566 0.06545600422446621
4720 0.06545600422446621
4841 0.07118189205160036
4842 0.07349162752853652
5390 0.0690960610734395
5551 0.03396587912854619
5689 0.024467042002532195
5844 0.052404666978286926
6072 0.06909787424722497
6245 0.026458473588043274
6471 0.11502557838272706
6618 0.06909787424722497
6681 0.0810501492023278
6723 0.0528637003366058
6752 0.050453074393931006
6851 0.11863130467168488
6866 0.04078697026111108
6868 0.13458309713264835
6869 0.09633937361150999
6870 0.111134065414764
7034 0.09633937361150999
7101 0.111134065414764
7155 0.12592875721801805
7170 0.060945774645943224
7201 0.019851926569233284
7342 0.053812488913969184
7491 0.03187073468653361
7652 0.08543619477621898
7693 0.0342549701640479
7733 0.07230553192799759
7849 0.09157654666484275
7856 0.06630988722752133
8078 0.05869693572528249
8139 0.0876850336968797
8411 0.035452156556468516
8666 0.06630988722752133
8744 0.012522474754849754
8981 0.04847534314393276
8996 0.023449031717884313
8997 0.06744089912276323
9094 0.02996299088031241
9134 0.04791607372041651
9150 0.054552825389175184
9497 0.01742595610505215
9528 0.059631868912028846
9783 0.032666263853451664
9853 0.07349162752853652
9854 0.10784383808171184
9906 0.04701533971156023
9981 0.08067336782955173
10037 0.053812488913969184
10068 0.041052119366456856
10335 0.10174320417540496
10362 0.08660191657423519
10516 0.025600630249417628
10546 0.10023088657947302
10569 0.058394175634881314
10845 0.37778627165405415
10887 0.06027871321630934
11000 0.051926039487781635
11003 0.03178414540552355
11255 0.07978069227830371
11325 0.04359948383162728
11511 0.05263294967302596
11875 0.052404666978286926
11912 0.06345976267194973
11957 0.11385996412446678
12017 0.05931565233584244
12064 0.0416929898752087
12329 0.08890503594235051
12335 0.04548402141305531
12417 0.07230553192799759
12667 0.07173324123591623
12735 0.03349259524754886
12768 0.3002555748639133
12834 0.08846103865006827
12877 0.08778167398853204
12999 0.17518252690464395
13006 0.07064150297296493
13109 0.0876850336968797
13194 0.13458309713264835
13302 0.11502557838272706
13336 0.022815283371778853
13537 0.10499371352614024
13557 0.06719935878154097
13787 0.037160606398493834
13806 0.09809932393460387
13822 0.03504558753057699
13875 0.059952840802592944
14065 0.04359948383162728
14170 0.03230902993312467
