49 0.07751884332038722
971 0.05967321167863499
1336 0.10661159020829154
1519 0.09814706138214906
1553 0.15488604876796333
1657 0.07794019537382027
1661 0.11662706452245732
1718 0.05189851991384941
2352 0.05945504434945665
2935 0.16714564759629363
3016 0.17401554089071636
3020 0.08808867246791413
3142 0.07119376642927855
3148 0.16282550534106507
3321 0.04294506157586741
3512 0.057974335505937225
3519 0.0644433316753938
3751 0.07220975932171063
3763 0.0857384852789237
3865 0.04967679019464964
4307 0.10661159020829154
4566 0.08463441711732109
4660 0.06926754135674934
4685 0.14042770401934054
4686 0.10021432383469266
5228 0.08014921589481239
5685 0.11553828959101972
5816 0.1437338446477046
5847 0.08630753685005306
6230 0.056374001811228536
6320 0.12456652109555907
6702 0.4499636967551963
6729 0.10218644999625658
6775 0.04454361216455575
7025 0.06148356701698127
7100 0.06550492499456809
7153 0.07550349393398154
7189 0.17401554089071636
7641 0.08463441711732109
7652 0.11046874356721666
7770 0.24471500114913394
7857 0.11046874356721666
8118 0.28739202643662415
8124 0.04454361216455575
8968 0.07924428159659862
8997 0.021800220066708724
9244 0.11337648554590782
9599 0.17401554089071636
9783 0.042237381175249146
9944 0.11236066135328424
10657 0.042354074894228266
10999 0.050639363926736077
11213 0.0559880091776488
11314 0.07550349393398154
11371 0.05859922310956889
11378 0.0983737737193516
11976 0.08305695787350355
12078 0.06056354770968997
12238 0.10431042261197596
12375 0.27888351829239305
12405 0.11337648554590782
12678 0.13435608945460012
12877 0.07566762743541834
13064 0.07794019537382027
13122 0.08014921589481239
13912 0.05308026719895762
14062 0.03412380400298954
