49 0.04156211508912109
127 0.044531402872248035
338 0.0459691171861482
898 0.1370105442012092
900 0.08304292877523238
971 0.03199409053711515
1033 0.04860662384679858
1107 0.02457709411651026
1241 0.05653058979106644
1255 0.031083229590441807
1314 0.09329930153761075
1336 0.05716033666495495
1375 0.04658574049543206
1665 0.05922836870662855
1940 0.02873932473917694
2790 0.07278655601285401
2895 0.042487217440283394
3020 0.04722918178781013
3148 0.08729970807820155
3233 0.09329930153761075
3328 0.04627421702868807
3450 0.07476239574306866
3455 0.05922836870662855
3633 0.012929848111367818
3642 0.05274359020266176
3666 0.03483346687888863
3677 0.06253018325047564
3734 0.02436520288531103
3897 0.05094783567446482
3940 0.035712744423769836
4219 0.02457709411651026
4406 0.06253018325047564
4534 0.06807445407328702
4606 0.05922836870662855
4660 0.037138138322202335
4685 0.18822753753015206
4686 0.053730410341410934
4722 0.042250463299493515
5147 0.09329930153761075
5229 0.08729970807820155
5372 0.15408667063164633
5442 0.06560258516602373
5613 0.03321766481665419
5663 0.02493713178449047
5734 0.07278655601285401
5798 0.025684604743424815
5816 0.19265904706419418
5962 0.05962830705602608
5974 0.0387156231818718
6039 0.11069242480729073
6297 0.10645755049443868
6658 0.08729970807820155
6702 0.2895003405534163
6729 0.054787775634626404
6813 0.04035743477465943
6842 0.08304292877523238
7099 0.0338384799542985
7206 0.06643532963330838
7422 0.025608135228931492
7479 0.025456371661391464
7641 0.04537716552596787
7770 0.13120517033204745
7857 0.2369134748265142
8093 0.08304292877523238
8118 0.30817334126329265
8230 0.1143206733299099
8484 0.04178802509741989
8601 0.0607873690940356
8744 0.017362331125405788
8996 0.03251193244357514
8997 0.07012978134639607
9198 0.05781808131090865
9206 0.08304292877523238
9244 0.0607873690940356
9598 0.2618991242346046
9652 0.021974471915526653
9944 0.3012136493932165
10079 0.03187711903372828
10094 0.05716033666495495
10335 0.03526657540213872
10499 0.0290248027539882
10516 0.03549511004103451
10657 0.022708348832963163
10682 0.07704333531582316
10727 0.05922836870662855
10794 0.04399327745593356
10884 0.035562521629711887
10888 0.058506429521281086
10999 0.04525091322772975
11255 0.03687180646177935
11365 0.022897649727683607
11371 0.0942547986022047
11505 0.08906280574449607
11526 0.05998734625454865
11606 0.04658574049543206
11718 0.07704333531582316
11762 0.08729970807820155
11842 0.033345776596351115
11861 0.044531402872248035
11926 0.06948474146900692
11957 0.026311018625268204
11965 0.04297240248484097
12017 0.041120386222998705
12021 0.04567018140040307
12064 0.009634510616484631
12164 0.11069242480729073
12181 0.041120386222998705
12182 0.0387156231818718
12374 0.13120517033204745
12375 0.07476239574306866
12405 0.0607873690940356
12678 0.07203568853261941
12733 0.027737311234145984
12735 0.023218634508004352
12865 0.01834225217066219
12900 0.0693837389053545
12903 0.0239503116457413
12928 0.03947460072979192
13064 0.08357605019483978
13112 0.026716436263053395
13206 0.09329930153761075
13261 0.04399327745593356
13410 0.1745994161564031
13435 0.08729970807820155
13617 0.04860662384679858
13721 0.15408667063164633
13868 0.07278655601285401
13874 0.03155464241489109
13912 0.05691850083898688
13935 0.05653058979106644
14065 0.030225202685608098
14110 0.0475617085485303
14113 0.04567018140040307
