11 0.01962144619840907
49 0.028003956725649357
81 0.039907224900240394
108 0.023663886176464023
127 0.0300046202242799
338 0.030973331497610775
406 0.02982168144549994
472 0.034616922941614454
483 0.04600426891510657
538 0.03691521701137538
543 0.08426388031688956
637 0.07473524447110504
884 0.047868253776525815
896 0.03350801629351348
917 0.023280381829688297
968 0.020088348810450282
1103 0.17680832191920143
1336 0.03851381458707175
1440 0.07383043402275076
1519 0.017727986783392217
1553 0.055953133732635725
1611 0.0724055589002544
1665 0.039907224900240394
1689 0.01448955301006287
1718 0.018748524146392418
1963 0.013143666917627661
2144 0.035221343371349294
2460 0.047868253776525815
2597 0.03835086907790794
2671 0.26864209237215675
2793 0.017254394037402667
2850 0.03160321779997628
2895 0.0286272774145314
2935 0.09057293585035134
3020 0.031822344944130485
3256 0.037682509642036024
3321 0.015514055608136889
3332 0.018512539550308096
3512 0.02094343404991912
3519 0.04656076365937659
3642 0.07107574840325374
3722 0.0300046202242799
3745 0.030973331497610775
3865 0.07178366566335304
3890 0.028789392916757417
3911 0.04586759027789526
3984 0.012581368582136074
4016 0.047868253776525815
4062 0.04420208047980036
4174 0.05191069375458077
4184 0.031822344944130485
4211 0.034047060202334854
4287 0.037682509642036024
4406 0.04213194015844478
4477 0.05512155564384264
4660 0.025023144664703525
4685 0.07609500821987239
4722 0.02846775587191786
4741 0.0394207926370683
4747 0.02116917691011855
4887 0.023002134457553284
5223 0.016137376297018922
5390 0.016137376297018922
5421 0.08099683679263728
5491 0.04095765698943033
5501 0.03808950018038982
5517 0.04095765698943033
5571 0.022211156363181727
5624 0.05372841847443135
5663 0.016802281545519243
5816 0.10384872098489979
5924 0.04213194015844478
5938 0.03924289239681814
6001 0.039907224900240394
6039 0.07458296738540977
6044 0.016704536804620695
6120 0.034047060202334854
6297 0.035864784922185436
6310 0.014182763151458408
6320 0.04500009696748529
6388 0.0628637305197312
6434 0.03808950018038982
6484 0.03251019584997282
6585 0.05372841847443135
6636 0.052172062652098894
6695 0.01917543453895397
6696 0.02831074658425382
6702 0.39012235019967384
6720 0.021636600809640697
6813 0.013596130208536974
6821 0.020650181034825847
6846 0.11304752892610807
7025 0.022211156363181727
7039 0.032046396703704315
7057 0.03691521701137538
7100 0.047327772352928045
7190 0.0628637305197312
7195 0.035221343371349294
7408 0.0343279205698234
7422 0.017254394037402667
7471 0.04213194015844478
7479 0.017152137923419825
7491 0.05954724833908045
7533 0.022296006949499493
7566 0.042036230352002026
7580 0.011428549110785809
7641 0.0305744829635595
7770 0.13260624143940108
7857 0.1197216747007212
8085 0.05512155564384264
8095 0.05882129054167624
8118 0.41528555003664613
8182 0.03160321779997628
8202 0.021557159084822385
8322 0.0628637305197312
8567 0.09057293585035134
8574 0.038956993490799785
8737 0.025839848849920546
8746 0.038956993490799785
8968 0.0286272774145314
8996 0.010953036765150432
8997 0.007875406716720015
9021 0.04213194015844478
9244 0.122872970968291
9398 0.09173518055579052
9426 0.0296420390409323
9497 0.016279319349545816
9598 0.05882129054167624
9631 0.047868253776525815
9652 0.014806083840340446
9719 0.048968603568532595
9855 0.04586759027789526
9914 0.05191069375458077
9944 0.0811813738034758
9957 0.05662149316850764
10051 0.04904253694554025
10266 0.039907224900240394
10361 0.02116917691011855
10499 0.01955649558619184
10516 0.011958047893254034
10567 0.029971191854306065
10657 0.01530055957608625
10727 0.039907224900240394
10740 0.04420208047980036
10761 0.03808950018038982
10794 0.1185681561637292
10823 0.04152751972870993
10856 0.06038195723356755
10884 0.023961516747594398
10999 0.006097883195348494
11000 0.056594159692769395
11047 0.05693551174383572
11097 0.034819543986716384
11135 0.024692621012880805
11213 0.020225866628143904
11314 0.027275904621327958
11326 0.024268306606198865
11356 0.05270282958178769
11365 0.015428107802458048
11371 0.0423383538202371
11378 0.03553787420162687
11394 0.08426388031688956
11525 0.026467092373287315
11526 0.040418613080608956
11957 0.017727986783392217
11965 0.028954188135089966
12023 0.03977112904764012
12064 0.012983189993979224
12165 0.0869264652302465
12181 0.027706326154518984
12308 0.03691521701137538
12375 0.4029906352177498
12405 0.04095765698943033
12678 0.0728049198185966
12834 0.024792077223690454
12847 0.0296420390409323
12877 0.01366759921504611
12903 0.016137376297018922
12947 0.11687098047239938
13033 0.04346323261512325
13064 0.02815617164740503
13336 0.010657013073500417
13557 0.031388803434786845
13770 0.027706326154518984
13786 0.013489878221921986
13824 0.0296420390409323
13858 0.026597419506418012
13874 0.010630532623100875
13912 0.01917543453895397
13916 0.037682509642036024
14062 0.02465469012907573
14065 0.020365307834232484
14110 0.032046396703704315
14124 0.055953133732635725
14163 0.04028801277735495
