79 0.031990116623860684
337 0.036304766432058676
920 0.042432180553672524
971 0.18684319478071237
994 0.03604872513595875
995 0.12674788665602676
1008 0.04704018279591429
1012 0.0321922530963479
1024 0.11032601413534873
1029 0.057636143302599196
1397 0.03270818607764283
1402 0.049075764738901885
1403 0.05369126968210009
1458 0.029909934729974653
1480 0.07006436021436162
1550 0.03592211305772591
1604 0.029644725361235618
1615 0.10738253936420018
1620 0.03850232211342439
1653 0.06593238090536313
1963 0.022784122048365395
2204 0.025117172116160033
2209 0.05077705248011473
2367 0.08115718163340381
2605 0.12672562704374382
2758 0.07950998617854571
2760 0.051383517210500995
2848 0.059289450722471236
2949 0.11271074878938532
2965 0.030452884242301602
3035 0.05901947910728522
3078 0.35754337343068016
3092 0.11451247801397697
3137 0.11128940528259287
3147 0.08449859110401785
3214 0.05404762192309354
3215 0.06105506105027281
3220 0.03592211305772591
3257 0.048284062743429605
3490 0.05334211697105111
3512 0.07260953286411735
3527 0.037926186384179605
3633 0.030203754363385092
3756 0.04068498980703661
3790 0.10170166021398334
3915 0.03229421487517133
3928 0.04102058232015041
3984 0.06542818813973661
4060 0.07534210983324284
4061 0.08732140614461377
4079 0.04610576759161978
4211 0.05901947910728522
4434 0.07198661407007152
4450 0.04587984971603204
4700 0.05334211697105111
4762 0.05404762192309354
4808 0.030452884242301602
4827 0.02750225121063831
4923 0.07099877541865614
5059 0.029470153458924512
5279 0.04206832561172263
5548 0.045656846991228274
5551 0.02750225121063831
5844 0.042432180553672524
5870 0.06275634879148566
5970 0.04136282065968018
6102 0.06562649403497255
6120 0.05901947910728522
6133 0.07303435736164374
6172 0.08115718163340381
6601 0.05404762192309354
6605 0.09313647794477474
6606 0.022725237932178993
6712 0.18481127106090747
6813 0.07070535764444488
6866 0.03302530454155578
6895 0.07662287874114938
6923 0.055948709246602536
7026 0.06105506105027281
7099 0.019761429673550938
7201 0.016074151045993187
7214 0.07099877541865614
7396 0.07198661407007152
7466 0.06240882888986503
7475 0.05019114988348271
7486 0.0767129552151157
7530 0.07662287874114938
7611 0.21019308064308487
7671 0.02813364458424984
7738 0.10897224629575651
8027 0.04587984971603204
8081 0.07950998617854571
8250 0.023445445115122344
8366 0.08998551085720632
8665 0.2340186436375062
8669 0.039873457090648684
8673 0.18825179994237304
8744 0.030418430671265408
8847 0.08115718163340381
8981 0.03925059791977759
8996 0.0949336771927509
8997 0.08191057896040416
9099 0.03302530454155578
9204 0.03159280093306201
9347 0.06532141328242204
9496 0.03736863895614247
9528 0.048284062743429605
9652 0.05133173617237943
9783 0.026449949704248233
9784 0.14258113551267043
9853 0.05950634148226107
9890 0.036961973808052356
9906 0.03806842974996399
9911 0.05901947910728522
10070 0.06336281352187191
10091 0.10738253936420018
10156 0.05642843138466477
10180 0.055163007067674366
10316 0.03239678177195081
10335 0.04119085435147132
10374 0.05635537439469266
10445 0.03778510420167793
10489 0.04962446070893157
10499 0.03390055340466112
10567 0.08659015496754245
10614 0.03159280093306201
10645 0.08449859110401785
10672 0.26332143059203766
10797 0.04280386092993396
10929 0.08501365367301465
10970 0.06464358242977845
10999 0.010570483551524236
11000 0.0490520738902548
11003 0.025735696348383574
11097 0.09053783219328923
11102 0.09605604289465934
11246 0.03345738883142749
11247 0.09313647794477474
11255 0.0645986118154821
11293 0.09313647794477474
11317 0.07446403583508632
11365 0.026744126532536078
11376 0.07198661407007152
11467 0.08732140614461377
11482 0.08972980418992396
11520 0.05404762192309354
11623 0.06052325073999553
11910 0.039404220899130066
12017 0.04802802144732967
12335 0.03682851776742576
12354 0.029211558040100397
12513 0.036961973808052356
12667 0.029041286008779487
12834 0.014325421686279753
12877 0.023692341762412823
13112 0.031204414444932514
13480 0.02637718129618693
13585 0.06532141328242204
13786 0.070152804484184
13822 0.028376493611210578
13874 0.018427684925507604
13982 0.03506088648454336
13990 0.06532141328242204
14062 0.02136905448403132
14170 0.02616069656934153
14189 0.04299274227863572
