194 0.09278735667339613
968 0.10706313596559082
971 0.1148913271024826
1604 0.09114385574326983
1653 0.06757055249932957
2204 0.07722371801857537
2367 0.2495208967257908
2605 0.19481142310317856
2758 0.2444565305328466
2793 0.09195925221436421
3078 0.1570401347135766
3092 0.07041460934266687
3137 0.11405452827587664
3790 0.10422856381634095
6102 0.1008855982366703
6712 0.378806271583409
7242 0.07891070501980069
7396 0.4426512634742495
7633 0.08625140991808583
7693 0.08527641692435063
7717 0.1052738885573533
8673 0.0826839209446436
8996 0.11675090625799725
8997 0.04197287432891915
9496 0.1148913271024826
9652 0.07891070501980069
9784 0.1461237402665864
10091 0.16507588715857668
10672 0.16191838643494705
10999 0.06499872177709895
11003 0.0791253947151393
11246 0.10286603717994475
11255 0.13240728853178077
11293 0.2863517069830921
11482 0.18391850442872842
11912 0.1579806128458773
12335 0.11323070359835484
13480 0.08109766502061906
13754 0.06844307830005202
13786 0.07189583772467971
13822 0.08724462813145097
13982 0.10779605278978319
