896 0.19088992579926592
1397 0.1074917163527188
1623 0.18941459953911727
1959 0.1353690364168797
2137 0.14583691027241105
3204 0.17530277262990895
3247 0.2043160679114242
3786 0.11522359742374959
4452 0.10068738347760124
4489 0.1474521731039907
5474 0.15303601010619083
6109 0.07094591325379868
7284 0.13370657039096814
7468 0.07334743936609288
8268 0.3566675497772179
8744 0.0333222322779666
9105 0.2007656838066446
9383 0.1003828419033223
9497 0.04637036754842033
9652 0.08434794291918207
9827 0.06916530136112795
9905 0.09089469318716469
10490 0.3187562478452911
10924 0.09742400273497019
10999 0.034738686423463325
11325 0.1160179721563643
11577 0.19556079217035574
11714 0.1223587728078718
11797 0.1924045986959208
11921 0.32435270166166036
12064 0.03698160095302672
12215 0.10350433437314935
12216 0.2302585143889959
13122 0.16494747932169426
13615 0.24368465650115423
13709 0.1365050116342341
14212 0.12103271566787203
