341 0.2146287424677056
741 0.2146287424677056
1318 0.11020245999936175
1519 0.09162443446322767
1545 0.10862896842230059
1566 0.11841249660294251
1689 0.07488707637212798
2597 0.09910535057845486
2793 0.08917674155554621
2895 0.14795577949017805
3517 0.13546988867412663
3642 0.36734432008938295
3666 0.12130266595253149
3734 0.0848484038852247
3751 0.13482173113296833
4236 0.17596711201842843
4685 0.1310952032852384
4722 0.14713131637965948
5223 0.16680720659379134
5415 0.3249017402537221
5421 0.13953999129760356
6681 0.0978329934616728
6702 0.16802405966553616
7466 0.09303624456121501
8124 0.08316669324689678
8401 0.11794617808005099
8412 0.11794617808005099
8567 0.15603753406707468
8996 0.0566091238403901
8997 0.04070285562618764
9719 0.08436228853359334
9944 0.10489343142250569
10361 0.10940970828445576
10567 0.051633866409321806
10628 0.10347188347225379
10684 0.1718426837756817
10794 0.1532004223968994
10999 0.031515992538985654
11371 0.10940970828445576
11503 0.2037404402200496
12678 0.1254270941952782
12725 0.14631983748115487
12847 0.1532004223968994
13122 0.1496453684016051
13786 0.13944081504159453
14084 0.19079074928706521
