12 0.15772430228937181
81 0.21863396779137093
1133 0.10142198526448173
1318 0.1168168548870256
1566 0.1255196611088034
2384 0.12214992341508792
3341 0.1189760516974888
4236 0.18652872712337623
4629 0.2943541512491729
4685 0.13896358882229587
4686 0.19833895581673314
4981 0.21863396779137093
5421 0.2958304726490384
5798 0.09481144203081135
6109 0.06822745950003828
6278 0.08840952029060818
6310 0.07770106264717798
6681 0.10370496811452072
7466 0.09862031646302832
8412 0.12502535396520542
8433 0.07811643017424973
8691 0.12261877235893114
8744 0.03204541528787925
8795 0.09369098086246562
8912 0.34440247018061976
8997 0.04314585699084623
9944 0.11118917633196194
10567 0.05473295133002243
10684 0.3643134981585184
10930 0.08840952029060818
11371 0.1159765219031507
12182 0.14291378433356888
12678 0.13295527760084452
12847 0.3247911437162704
13112 0.09862031646302832
13786 0.0739050537353561
