79 0.03922206167874156
194 0.037001849459717975
272 0.09394486776414274
313 0.06262464663433667
320 0.14133167403667404
328 0.05984170413355887
548 0.06017022989171964
721 0.059518194232195724
905 0.11032836480508183
976 0.04483076110036214
1002 0.09370066982166161
1006 0.26721479110177515
1012 0.1973494738029241
1099 0.04720646912493992
1119 0.0895450961553868
1232 0.13360739555088758
1288 0.13360739555088758
1319 0.024658182756697365
1402 0.06017022989171964
1451 0.05857628418962173
1461 0.036346452257085125
1689 0.030795363628052484
2114 0.09738812269483513
2204 0.06159072725610497
2278 0.078457736445304
2425 0.03946989476058482
2674 0.08185531493542744
2693 0.04467083968509744
2907 0.06810979184616786
2934 0.06084296852010369
2965 0.0373373100852104
3023 0.11419166505213728
3092 0.028080019391362263
3220 0.04404295709662897
3238 0.06671217634887756
3278 0.08481679878847011
3648 0.04142723802135338
3914 0.05984170413355887
3915 0.03959490684556435
3919 0.14971532604710647
3924 0.09748465810983503
4383 0.038141343717129454
4489 0.08251606205054714
4795 0.0690955271100369
4808 0.0373373100852104
4827 0.06743926606902877
5223 0.03429756395689232
5689 0.024289660651593683
5970 0.050713635157886225
6081 0.06262464663433667
6210 0.04775215130484357
6304 0.058271394225258746
6606 0.02786268941499197
7201 0.019708003917969664
7468 0.05472818049472757
7551 0.07622520117449795
7555 0.11891996241905398
7604 0.10881618795640664
7627 0.0406224772403825
7633 0.034395437049803246
7668 0.078457736445304
7770 0.09394486776414274
7851 0.04720646912493992
8115 0.036454287028964104
8244 0.04515427100172529
8392 0.11891996241905398
8433 0.030304465527906013
8563 0.08704933405927612
8688 0.038258737296858664
8691 0.047568691397399394
8744 0.012431689220215909
8875 0.11141694093226015
8981 0.04812390622510993
8996 0.02327903074580572
8997 0.11716593974585504
9105 0.07490064190023232
9383 0.26215224665081316
9645 0.03429756395689232
9708 0.0377930155399267
9719 0.034691798341504224
9835 0.07012936565663652
9870 0.11891996241905398
9905 0.03391053060442387
10050 0.07553040165193725
10156 0.03459254997765707
10188 0.26721479110177515
10222 0.12501579793691542
10316 0.039720660846369736
10335 0.050502792752197635
10386 0.0449918986597396
10495 0.10100558550439527
10785 0.06084296852010369
10923 0.13360739555088758
10924 0.07269290451417025
11000 0.03436639045588854
11003 0.031553716461563984
11228 0.11419166505213728
11255 0.05280153173096179
11267 0.25003159587383084
11733 0.035093506807256265
11797 0.2871253228865622
11876 0.1384666061648103
11901 0.08590367738014237
11905 0.04667448753694891
12335 0.04515427100172529
12354 0.07163071924072809
12413 0.043134697191256635
12558 0.05888562525933511
12903 0.03429756395689232
12915 0.0690955271100369
12948 0.04831225846034187
13240 0.11891996241905398
13332 0.061537768042664386
13337 0.08095349854141468
13660 0.049279983109490645
13787 0.03689119914591394
13874 0.022593596742488165
14060 0.05225137090613154
14090 0.050502792752197635
14170 0.16037397838622283
14171 0.04531789719660301
