104 0.22889873054370583
1012 0.1008945122992984
1029 0.18063881866000644
2017 0.11976068648167404
2204 0.15744066272174018
3092 0.07177926059928413
3214 0.169391947762924
3215 0.19135413074799693
3915 0.10121407315503501
4450 0.14379313705101626
4827 0.08619546493764785
6813 0.07386645222928948
7201 0.050378382201360324
7736 0.20472540757262378
8366 0.28202574715005074
8612 0.24014560144078828
8673 0.16857270854046888
8758 0.15821565069724242
8982 0.1445011916817033
8996 0.11901356556156367
9250 0.19484988607309187
9765 0.10026099153427273
9784 0.14895565182070733
9853 0.18650025161641626
9959 0.18968737130340085
10091 0.16827509566020876
10271 0.19135413074799693
10489 0.1555292121479796
10567 0.05427685616923774
10568 0.19668617744931705
10797 0.13415260684386887
11003 0.08065886298736791
11255 0.0674866860548526
11376 0.2256149731719662
12354 0.09155264445572273
12667 0.09101899079976651
12749 0.27367611269337516
13822 0.0889354490068932
14090 0.12909724425143165
14171 0.11584340834490875
