12 0.03476792029565791
49 0.016909688547716906
80 0.03378629934180072
151 0.024731548835066546
211 0.035518184547239096
349 0.03378629934180072
352 0.07591827929534206
483 0.013889427605552548
506 0.026690635948238818
509 0.03795913964767103
519 0.03795913964767103
564 0.03795913964767103
599 0.020558708529196237
699 0.03795913964767103
763 0.022290593734634618
790 0.03378629934180072
818 0.02299966362962817
874 0.030417336181895963
917 0.04217232691815217
920 0.0147807274048527
953 0.030417336181895963
987 0.03795913964767103
1001 0.016819158480594947
1027 0.013514720440180426
1029 0.040153681083873155
1045 0.016819158480594947
1054 0.015457860163853102
1057 0.05248899175205131
1095 0.041117417058392475
1107 0.009999274724757578
1112 0.01858106936431373
1117 0.036235506857528604
1133 0.011178465996424018
1135 0.022071655570155342
1149 0.03795913964767103
1255 0.012646318174724634
1318 0.012875248268494711
1350 0.020076840541936578
1458 0.010418757324561505
1524 0.019083037991334786
1525 0.035518184547239096
1545 0.025382826074766253
1570 0.027696324259889455
1614 0.024731548835066546
1653 0.01531115514371465
1714 0.017483468793819828
1793 0.023803540775593726
1891 0.032442944811862696
1901 0.01598168048824408
2017 0.013310628487949519
2046 0.01598168048824408
2048 0.02890438914093686
2051 0.03795913964767103
2058 0.05402186735463243
2160 0.019350643648148837
2172 0.017189745369291482
2367 0.02827010450599238
2412 0.05654020901198476
2425 0.022427549626551573
2428 0.022071655570155342
2436 0.02890438914093686
2450 0.03795913964767103
2479 0.11574986757827976
2565 0.011731159930195956
2573 0.06023052162580973
2594 0.02251779564236851
2648 0.021540329483053428
2650 0.035518184547239096
2730 0.01233977230442077
2760 0.017898815264285033
2763 0.015386615119146097
2768 0.017898815264285033
2831 0.02126777842418979
2873 0.019630700469723414
2884 0.03795913964767103
2953 0.021656309099690137
2965 0.01060788709898239
3010 0.008820222603553212
3014 0.021656309099690137
3078 0.01779226140272626
3090 0.019350643648148837
3092 0.007977802224129575
3127 0.02325587829720509
3130 0.008541247470242383
3151 0.015751583588381447
3176 0.025075650260824745
3184 0.014114505633915076
3227 0.016642082890902854
3241 0.01992442389425176
3249 0.01367246228592649
3250 0.01992442389425176
3288 0.029613459035930406
3313 0.09007118256947404
3321 0.009367885081941843
3323 0.022290593734634618
3383 0.05015130052164949
3402 0.07852280187889366
3477 0.02890438914093686
3481 0.015316203368926641
3512 0.03793895452417391
3527 0.052844479367834575
3554 0.05015130052164949
3590 0.01823028261192103
3607 0.03795913964767103
3672 0.16221472405931348
3717 0.6073462343627365
3746 0.03120586140400882
3756 0.014172115030627888
3758 0.011073765339748494
3789 0.013211119841958644
3790 0.05904420091186886
3814 0.020728301040217317
3865 0.010836320748104868
3897 0.1243698062413039
3915 0.11249291942936299
3922 0.025829149405560446
3940 0.029059704208760563
3962 0.03795913964767103
3974 0.020393762977893113
4024 0.02890438914093686
4211 0.020558708529196237
4219 0.009999274724757578
4283 0.01870269241025059
4298 0.017286069600494697
4358 0.022071655570155342
4370 0.09732883443558808
4384 0.01057594996298924
4451 0.032442944811862696
4493 0.07795617469918781
4495 0.03795913964767103
4539 0.03795913964767103
4577 0.016902112959499716
4578 0.03134534424136878
4586 0.05686070313216904
4593 0.03692370970904501
4624 0.01700160080656017
4660 0.015109778482732924
4663 0.019350643648148837
4715 0.032442944811862696
4798 0.11901770387796863
4808 0.01060788709898239
4814 0.023523483954019146
4817 0.013361006489179369
4820 0.020558708529196237
4875 0.15183655859068412
4881 0.03260902016255276
4887 0.013889427605552548
4928 0.021806423672929807
4954 0.02890438914093686
4990 0.026722012978358738
5006 0.035518184547239096
5026 0.04946309767013309
5049 0.01598168048824408
5050 0.10331659762224178
5083 0.035518184547239096
5106 0.022071655570155342
5161 0.03277173644665185
5208 0.018826823323757853
5210 0.01921535399925821
5247 0.006597324435656403
5417 0.03955154201574944
5449 0.03795913964767103
5456 0.03795913964767103
5494 0.03795913964767103
5551 0.038320281716376886
5571 0.013411809626246109
5641 0.024097264200122072
5663 0.020291514560551345
5754 0.024731548835066546
5798 0.01044986920784041
5800 0.017286069600494697
5847 0.07530729329503141
5870 0.02186040105192105
5903 0.013889427605552548
5929 0.026690635948238818
6027 0.030417336181895963
6044 0.010086735866196073
6109 0.00751985217065818
6154 0.024938485170065083
6207 0.014653983017887548
6210 0.013566843155526446
6245 0.007462607973740177
6276 0.03795913964767103
6417 0.047712000708198796
6429 0.01405744230605072
6484 0.019630700469723414
6563 0.03740772775509763
6591 0.022290593734634618
6606 0.00791605669807804
6618 0.019489043674796952
6629 0.014591597630431814
6655 0.02186040105192105
6664 0.03795913964767103
6681 0.0114300903961341
6685 0.03378629934180072
6701 0.07591827929534206
6708 0.030417336181895963
6723 0.014910197685464473
6734 0.03260566109596178
6810 0.03795913964767103
6836 0.024731548835066546
6866 0.023007916044924127
6982 0.024097264200122072
7020 0.012557129343213813
7099 0.027534602400690746
7149 0.029613459035930406
7160 0.03795913964767103
7201 0.005599232511153374
7245 0.012254980254586937
7352 0.025075650260824745
7402 0.02126777842418979
7466 0.03260902016255276
7468 0.007774399903151577
7474 0.03795913964767103
7479 0.01035701179850997
7547 0.022071655570155342
7580 0.048306475237147296
7616 0.014529852104380282
7629 0.030417336181895963
7633 0.009772072817023685
7671 0.01960001706623661
7674 0.01700160080656017
7719 0.060834672363791926
7736 0.022753909670184043
7746 0.035518184547239096
7851 0.013411809626246109
7854 0.024731548835066546
7856 0.01870269241025059
7857 0.024097264200122072
7862 0.020531129872270473
7865 0.008564007935976285
7959 0.03984884778850352
8073 0.030417336181895963
8074 0.028816458116886844
8097 0.011143363063056331
8115 0.01035701179850997
8244 0.025657521001379722
8250 0.03266772799420184
8264 0.04192457084806894
8283 0.03795913964767103
8344 0.011887535891417571
8345 0.0546908478357631
8346 0.07159526105714013
8348 0.026244495876025654
8384 0.022753909670184043
8412 0.027559935143181745
8433 0.008609788658620218
8561 0.035518184547239096
8644 0.02186040105192105
8669 0.013889427605552548
8673 0.14051827622912763
8691 0.013514720440180426
8706 0.039652264213125774
8744 0.010595885621920292
8859 0.03378629934180072
8923 0.01870269241025059
8964 0.025829149405560446
8977 0.026244495876025654
8982 0.01606037619728788
8996 0.013227590812604481
8997 0.009510847061433977
9094 0.008451056479749858
9099 0.03451187406738619
9156 0.07591827929534206
9201 0.023523483954019146
9204 0.011004963036408215
9248 0.035518184547239096
9298 0.05686070313216904
9305 0.054345007870996956
9336 0.025075650260824745
9396 0.030417336181895963
9466 0.03378629934180072
9496 0.0911183354439482
9511 0.02186040105192105
9513 0.03134534424136878
9646 0.027696324259889455
9652 0.01788077797750815
9654 0.03905071519026351
9783 0.009213514161876381
9784 0.016555460734347008
9800 0.07873348762807697
9802 0.03795913964767103
9811 0.03795913964767103
9813 0.018461854854522505
9827 0.014662235433183506
9867 0.017898815264285033
9890 0.012875248268494711
9902 0.008334689947324876
9904 0.04760708155118745
9961 0.028816458116886844
9975 0.05165829881112089
9989 0.2384844193744766
9994 0.022290593734634618
10004 0.02186040105192105
10016 0.06269068848273757
10028 0.05922691807186081
10046 0.01895356771072301
10068 0.011578743282511138
10141 0.022290593734634618
10156 0.009828074486122268
10166 0.035518184547239096
10174 0.017189745369291482
10200 0.02827010450599238
10201 0.03795913964767103
10234 0.015177803342278527
10331 0.01405744230605072
10333 0.041117417058392475
10349 0.02299966362962817
10371 0.018826823323757853
10382 0.015457860163853102
10390 0.027172503935498478
10416 0.035518184547239096
10436 0.035518184547239096
10445 0.013161975601572479
10499 0.011808840182373772
10502 0.030417336181895963
10518 0.03795913964767103
10552 0.03795913964767103
10561 0.03843070799851642
10575 0.013260668566237576
10583 0.015904000236066265
10629 0.021656309099690137
10645 0.04415106500204956
10657 0.009238969320375797
10672 0.0366899106729964
10708 0.01858106936431373
10762 0.019630700469723414
10902 0.032442944811862696
10929 0.029613459035930406
10953 0.035518184547239096
10955 0.03795913964767103
10970 0.02251779564236851
10999 0.02577468414578696
11000 0.009763820401727723
11002 0.05015130052164949
11003 0.026894138411177944
11071 0.020393762977893113
11102 0.03345993929816825
11138 0.04703039498499713
11182 0.032442944811862696
11200 0.0875495857825909
11232 0.011466910914681968
11246 0.058272346311541566
11259 0.014845114500062767
11311 0.03933968788387317
11317 0.012969314807559822
11356 0.01060788709898239
11359 0.04046469697112753
11434 0.026244495876025654
11468 0.035518184547239096
11482 0.11460633057017656
11484 0.060834672363791926
11509 0.0732181704270855
11518 0.035518184547239096
11606 0.01895356771072301
11637 0.03795913964767103
11733 0.00997040111537662
11734 0.06755338692710554
11843 0.035518184547239096
11849 0.029434043334699705
11869 0.01779226140272626
11873 0.03795913964767103
11891 0.03795913964767103
11900 0.02827010450599238
11912 0.017898815264285033
11929 0.03537512149210147
11930 0.016140114263881802
11978 0.0437208021038421
11983 0.03795913964767103
11991 0.02299966362962817
12023 0.012007542576486696
12064 0.003919833566821305
12073 0.03795913964767103
12094 0.07591827929534206
12096 0.03795913964767103
12098 0.030417336181895963
12215 0.010970854525814177
12256 0.03260566109596178
12288 0.017094938118319476
12328 0.014653983017887548
12372 0.035518184547239096
12378 0.008384289037343503
12387 0.01405744230605072
12418 0.026244495876025654
12558 0.016729969649084124
12591 0.038978087349593904
12667 0.010116174242781882
12668 0.019489043674796952
12733 0.011285019857982793
12832 0.03795913964767103
12834 0.014970252540048178
12886 0.060834672363791926
13021 0.029613459035930406
13037 0.03795913964767103
13068 0.020728301040217317
13336 0.006435046793112079
13349 0.02126777842418979
13444 0.03795913964767103
13502 0.11387741894301309
13591 0.0244060568090285
13596 0.01779226140272626
13608 0.04492797652978034
13614 0.014114505633915076
13666 0.017286069600494697
13738 0.020558708529196237
13744 0.03294013460472472
13754 0.007754432601212662
13764 0.02126777842418979
13786 0.016291243520627205
13787 0.010481142712017236
13807 0.060834672363791926
13822 0.00988460200018041
13828 0.035518184547239096
13832 0.027238842193711896
13858 0.03212075239457576
13874 0.012838114093237053
13965 0.016729969649084124
13982 0.012213027917455613
14062 0.00744364689974848
14072 0.009013657268571942
14154 0.023523483954019146
14163 0.02432719615109012
14170 0.00911275639542959
