11 0.02120993950448378
79 0.019948419188547103
194 0.018819214803642934
548 0.030602699531264987
636 0.028197878012806134
721 0.03027107288785695
920 0.05291977736257612
971 0.06990708566344435
995 0.052691690249335496
1012 0.0401489351814842
1016 0.058078109737226
1024 0.13759434535677575
1029 0.03594078635380306
1194 0.030772419818919747
1319 0.025082402352399006
1489 0.03094485574613338
1524 0.03416171932010144
1550 0.022400336261338003
1567 0.01939876386702393
1617 0.12219951706967164
1642 0.09108563078694984
1653 0.10963775992556654
1657 0.03043561067215031
1779 0.03710700583628303
1813 0.06048293125568485
1882 0.06928155331153604
1963 0.01420773868404109
2105 0.0318510208063205
2172 0.030772419818919747
2176 0.07202791446013469
2204 0.01566258366905506
2209 0.03166358972497991
2225 0.03990376202084669
2337 0.08627598775003213
2367 0.05060805180612103
2605 0.23707096412845127
2648 0.03856066786623353
2736 0.027544525521847062
2743 0.03650812868725679
2776 0.02178871027541609
2797 0.04073317235655721
2848 0.05545763541801494
2949 0.07028424717366163
2965 0.018989830750183095
3010 0.015789622651289574
3035 0.03680340785765279
3078 0.063702041612641
3092 0.19994175806496195
3137 0.32385698240224037
3184 0.025267244137267
3214 0.16851526847229442
3215 0.11421827238710987
3281 0.022801014956751988
3297 0.025370374259504194
3432 0.01056057456232197
3512 0.1358337091129238
3527 0.02365003770102783
3540 0.04778054805281909
3633 0.009417239083450402
3728 0.025901369119945884
3756 0.05074074851900839
3758 0.03964765605192774
3775 0.051743523719862725
3790 0.06341919205779005
3819 0.04554281539347492
3915 0.020138048987743407
3931 0.038414913677238344
3984 0.08159951019278759
3985 0.023048773351741002
3991 0.024963646158636752
4077 0.058078109737226
4450 0.02860978861703498
4535 0.024101024654787032
4584 0.04778054805281909
4630 0.03439858633919394
4700 0.033263114425452246
4808 0.03797966150036619
4827 0.01714987295073918
4899 0.04838706358774987
4900 0.044889462902515845
4997 0.0301090094499256
5161 0.08800004977964346
5192 0.04778054805281909
5210 0.03439858633919394
5211 0.03416171932010144
5223 0.03488761955259076
5297 0.03166358972497991
5390 0.01744380977629538
5544 0.04958089251797795
5548 0.028470728422698096
5551 0.03429974590147836
5648 0.06795298918678981
5685 0.022558824640177902
5747 0.038768290107105
5832 0.19457267822667526
5844 0.07937966604386416
5903 0.024864318123414598
5962 0.021714641148579853
5970 0.02579305649434728
5999 0.04623834803820997
6031 0.04427346578875775
6102 0.02046170741228023
6190 0.06048293125568485
6230 0.02201402194244395
6292 0.05060805180612103
6299 0.04554281539347492
6606 0.01417101968588785
6636 0.028197878012806134
6681 0.02046170741228023
6693 0.05291977736257612
6712 0.038414913677238344
6717 0.06795298918678981
6730 0.044889462902515845
6734 0.08755409723905445
6813 0.1322714883867132
6841 0.06358328541887874
6866 0.02059394239072569
6895 0.04778054805281909
7026 0.07614551492473991
7067 0.05060805180612103
7201 0.010023530296426825
7206 0.024193531793874935
7214 0.04427346578875775
7245 0.021938393452902265
7396 0.08977892580503169
7455 0.06358328541887874
7486 0.04783671800314576
7491 0.016092003644369163
7540 0.026345845124667748
7611 0.1747631300213461
7621 0.04778054805281909
7718 0.022719678604393563
8078 0.0889108437155342
8081 0.04958089251797795
8115 0.018540723453798917
8366 0.05611322748777378
8383 0.038768290107105
8433 0.015412911911338895
8447 0.03680340785765279
8463 0.022244144896527655
8646 0.05060805180612103
8665 0.09728633911333763
8669 0.0745929543702438
8673 0.11739018842613266
8691 0.04838706358774987
8744 0.012645564112251737
8804 0.06795298918678981
8981 0.024475915168149974
8982 0.0287506666431266
8996 0.08287833189311222
8997 0.1191816636164833
9099 0.02059394239072569
9126 0.06840304487025596
9174 0.06785989322478606
9187 0.051743523719862725
9247 0.06795298918678981
9250 0.038768290107105
9269 0.044889462902515845
9287 0.037741130818961924
9511 0.11740094296825462
9528 0.0301090094499256
9645 0.01744380977629538
9652 0.016004739883923452
9765 0.019948419188547103
9781 0.049143422985063905
9827 0.013123884459620722
9853 0.07421401167256605
9890 0.023048773351741002
10037 0.05434143744932611
10048 0.025901369119945884
10079 0.023217167645480548
10091 0.06696167863201768
10144 0.12716657083775748
10156 0.03518768051548328
10234 0.027170718724663055
10268 0.03464077665576802
10335 0.02568582162419059
10374 0.14056849434732327
10432 0.031298232176000036
10438 0.03650812868725679
10445 0.07068618472642238
10460 0.06341919205779005
10558 0.05060805180612103
10567 0.010799189819804602
10583 0.05694145684539619
10614 0.05910198238067427
10628 0.021641077616992816
10645 0.026345845124667748
10670 0.04073317235655721
10672 0.1642021609530458
10674 0.08977892580503169
10797 0.02669166138899647
10882 0.044889462902515845
10970 0.08062098024342826
11000 0.061175852750754926
11003 0.03209656688052168
11071 0.03650812868725679
11097 0.018819214803642934
11246 0.020863381812922657
11255 0.10741985950600771
11317 0.13930300587288327
11359 0.036219170682579765
11365 0.016677121036334296
11482 0.0746050316616334
11514 0.058078109737226
11581 0.03514212358683082
11662 0.0991617850359559
11667 0.051743523719862725
11733 0.0178486279054197
11906 0.043137993875016066
11912 0.03204176942363692
12017 0.05989869408061183
12041 0.04677646995177686
12104 0.051743523719862725
12117 0.022479289109200953
12175 0.07880264317423236
12335 0.06889665822313604
12351 0.0416317772512064
12354 0.01821576369308562
12667 0.05432875602386965
12768 0.025267244137267
12865 0.013359273251492963
12903 0.01744380977629538
12960 0.058078109737226
13174 0.038072757462369954
13585 0.04073317235655721
13608 0.026809444151876128
13628 0.06188971149226676
13632 0.04958089251797795
13738 0.03680340785765279
13744 0.08845223962064673
13806 0.0495317944124084
13810 0.044889462902515845
13816 0.028470728422698096
13827 0.07737916948304184
13874 0.01149114859100918
13879 0.04698188528584685
13982 0.04372658399088571
14072 0.016135901935340063
14090 0.02568582162419059
14170 0.032626610747668504
14171 0.023048773351741002
14204 0.04427346578875775
