15 0.0592212477532099
108 0.03718979652291587
115 0.09879566396095464
127 0.04715479581701884
338 0.048677207430900815
341 0.06526400597498432
1303 0.08443874922579386
1318 0.03351020895506811
1336 0.06052771371251296
1440 0.058015382554442024
1445 0.06722512651114859
1461 0.026876295796037685
1519 0.027861029093819545
1545 0.033031743850598885
1618 0.041595271908244684
1665 0.0627175757509475
1689 0.1138577839949619
1714 0.04550395303630224
1718 0.029464889786479525
1921 0.08793507722353144
1963 0.06196914926649558
2105 0.046307642769692126
2172 0.08947896727069757
2214 0.1287368370633282
2311 0.1102068146322303
2365 0.04550395303630224
2459 0.07707449048610827
2519 0.19759132792190928
2608 0.04576729561548395
2693 0.033031743850598885
2744 0.046307642769692126
2760 0.04658496885236978
2793 0.027116738078948197
2850 0.04966712697508979
2895 0.04499018521777609
3165 0.041595271908244684
3180 0.08443874922579386
3256 0.1184424955064198
3321 0.024381649193599426
3341 0.034129598480352914
3443 0.0273609276648447
3517 0.082386986218204
3519 0.14634834815644243
3520 0.09879566396095464
3645 0.09244262798373255
3734 0.07740174975352708
3745 0.048677207430900815
3865 0.08461057177321253
3928 0.03718979652291587
4219 0.026024957223207985
4236 0.05350783179424093
4262 0.035585105512318846
4434 0.06526400597498432
4629 0.08443874922579386
4685 0.23917946959374112
4686 0.17068718019612433
4722 0.044739483635348784
4836 0.09879566396095464
4899 0.03517455325719509
4981 0.0627175757509475
5223 0.0760837509643823
5421 0.08486224837445845
5663 0.0528124101966059
5798 0.05439542498993763
5816 0.08160351967959352
6039 0.058606717435477525
6109 0.07828721040404117
6151 0.09430959163403768
6154 0.03245350426044452
6278 0.05072250064292154
6332 0.09879566396095464
6363 0.07357816248837068
6387 0.06946730417290069
6702 0.05109251961257087
6846 0.1184424955064198
7082 0.19759132792190928
7100 0.1115693895687476
7396 0.13052801194996863
7408 0.05394922759205536
7422 0.027116738078948197
7454 0.07707449048610827
7693 0.05029223718910574
7795 0.08443874922579386
7865 0.02228941061506838
7906 0.05744555558979295
8095 0.09244262798373255
8097 0.058005316389734024
8411 0.026024957223207985
8412 0.03586490785175824
8567 0.047447673776533784
8737 0.04060950571454451
8795 0.026876295796037685
8875 0.041193493109102
8931 0.03157053744980604
8970 0.04933015668400902
8976 0.043542832500137955
8995 0.06702041791013622
8996 0.03442724542929053
8997 0.012376867060040372
9086 0.09879566396095464
9099 0.02994117310237358
9244 0.0643684185316641
9484 0.0627175757509475
9497 0.03837648873222658
9719 0.1026110639165344
9722 0.03830376401175343
9783 0.047959740788913484
9890 0.03351020895506811
9899 0.04499018521777609
9944 0.19137508209903642
9961 0.03750007427836354
9964 0.11070663402252384
9979 0.054403419237561125
10026 0.07707449048610827
10059 0.09244262798373255
10271 0.05535331701126192
10278 0.06722512651114859
10358 0.07916672906463931
10519 0.05185698901352432
10567 0.01570075343639758
10583 0.04139309472083225
10628 0.03146358471625556
10682 0.08158204124630937
10684 0.15676104437476632
10727 0.0627175757509475
10755 0.06830614232721613
10793 0.0627175757509475
10794 0.04658496885236978
10884 0.037657548112692646
10930 0.02536125032146077
10999 0.00958333866062421
11000 0.03811821586333251
11047 0.044739483635348784
11097 0.0547218553296894
11138 0.04080175983979676
11255 0.01952198216276483
11259 0.038637149240554
11353 0.08158204124630937
11365 0.024246574955118415
11371 0.09980745038757914
11525 0.041595271908244684
11526 0.06352126548433738
11574 0.058606717435477525
11957 0.027861029093819545
11965 0.04550395303630224
12021 0.04836066101578672
12181 0.043542832500137955
12182 0.040996402276101136
12237 0.3263281649852375
12678 0.15255877718646663
12807 0.02514611859455287
12847 0.04658496885236978
12866 0.12244841360912001
12877 0.021479786962036573
12882 0.09244262798373255
12903 0.02536125032146077
12916 0.09879566396095464
12999 0.04286638869377886
13057 0.04424980270031675
13079 0.02246848130275092
13122 0.04550395303630224
13336 0.033496792943478966
13338 0.04401058408991474
13786 0.042400966810867
13858 0.04180009200949104
14062 0.019373464324465343
14084 0.058015382554442024
14182 0.07208479354198317
