96 0.16639068099593218
149 0.0729491640514032
1196 0.12140449697915931
1299 0.10840865443596417
1392 0.16639068099593218
1397 0.09988483381043396
1600 0.1019401773313872
1684 0.1429241601478847
1942 0.052108009051198646
2001 0.15569096058047532
2398 0.16639068099593218
2614 0.3093396123438965
2894 0.14809938813140502
3403 0.284421814133002
3633 0.023059189050383035
4205 0.142210907066501
4259 0.16639068099593218
4283 0.1639633435048089
4516 0.16639068099593218
4613 0.33278136199186437
4734 0.0671372832072145
4745 0.142210907066501
4808 0.04649877670333178
5231 0.08482191125010502
5336 0.09086075601247356
5390 0.04271316718478569
5711 0.14809938813140502
5718 0.07372535993545379
6695 0.05075444274386522
6696 0.07493421667329642
6923 0.08542857607174166
7466 0.047646294777478684
8109 0.1333318228064319
8124 0.042591839350335454
8344 0.052108009051198646
8411 0.043830975790303685
8839 0.10840865443596417
9094 0.037044491941927875
10361 0.11206314779847242
11528 0.2198339879165542
11617 0.08092598067829311
11678 0.07708082702710684
12139 0.15569096058047532
12393 0.11504052994190474
12440 0.1373996677159482
12752 0.1069818876447801
13872 0.04794114429751657
13934 0.14809938813140502
13975 0.3130224285793437
14040 0.12274365375130933
