898 0.16648596402583815
1012 0.0502375851882472
1029 0.17988804017043686
1489 0.07744139761900044
1653 0.06859380303875884
1669 0.1700565191896676
1718 0.05071777843788965
1916 0.10303823468316504
2176 0.1802542693730804
2337 0.10795547290856405
2605 0.19776153800388604
2758 0.12407922154458326
3078 0.07970913120645348
3092 0.07148092868339298
3137 0.17367255909987542
3141 0.1513622414969383
3214 0.16868791398087146
3355 0.09888076900194302
3512 0.05665536335438653
3790 0.05290347135685868
4060 0.11757504669467232
4153 0.12949133864030898
4262 0.06125247744489699
4899 0.06054579574802204
5070 0.07924007344075133
6470 0.1700565191896676
6488 0.06537019346274044
6712 0.09613567531172973
6813 0.14711889088335786
7020 0.11251159678232571
7099 0.030838677358037955
7214 0.11079706094757968
7242 0.04005284223354184
7580 0.030916066626978086
7611 0.21867772065499488
7694 0.1513622414969383
7792 0.17988804017043686
8078 0.07416827810629807
8092 0.13626932438740164
8366 0.14042679006862363
8673 0.1259040597856321
8688 0.04869601466647613
8744 0.01582314951744141
8982 0.07195030494203883
8996 0.059259458242087906
9105 0.04766705613153712
9126 0.1141218740761614
9435 0.1700565191896676
9496 0.05831558845258441
9765 0.09984428267653528
9918 0.07877903415042277
9957 0.0765851307260211
10037 0.06799638846639536
10583 0.07124974239248912
10614 0.04930211077366606
10628 0.10831624554272479
10672 0.08218519382080378
11246 0.05221189136916397
11482 0.14002774731003345
11733 0.08933456997936759
12098 0.13626932438740164
12117 0.16876739517348857
12175 0.04930211077366606
12416 0.11757504669467232
12513 0.11536193520536459
12667 0.0453203469628482
12892 0.08794531757362838
12900 0.06323282667798343
12956 0.08434395699043573
13057 0.07616698061788812
13480 0.041162881281626186
13540 0.10193725970564838
13631 0.2060764693663301
13676 0.05255546469975983
13806 0.06197817526347969
13924 0.2481584430891665
14041 0.054714227869391785
14170 0.08165009255815514
