10 0.023902275225637083
11 0.01915978625842825
79 0.03604040905117079
149 0.02691231863565988
194 0.01700014906280248
300 0.06214723636639494
337 0.020450669938206403
548 0.027644641882452657
968 0.07846281371944662
994 0.020306440500815877
997 0.02432561622554024
1012 0.0362681381725822
1072 0.2057032289888355
1075 0.15325138591647156
1177 0.12276930334147754
1215 0.1148746471414327
1240 0.026363705387518883
1241 0.07438663539548934
1255 0.040901339876412805
1319 0.03398690513602852
1402 0.027644641882452657
1423 0.05463664971308155
1489 0.22362980215703956
1492 0.05299597528013005
1519 0.0173108767889686
1604 0.016699033029339564
1620 0.02168856485744641
1623 0.03246674910850771
1653 0.0742801286249302
1689 0.11318910373710565
1963 0.06417209166114857
2064 0.24544396420478545
2114 0.022372025005953762
2176 0.02168856485744641
2204 0.04244591390141462
2209 0.20022090483749427
2234 0.029298661497699822
2341 0.03679590296871754
2382 0.16319203137518176
2507 0.05068932161305911
2558 0.02979879748275067
2648 0.0174166964064912
2659 0.018191504703978727
2848 0.016699033029339564
2915 0.038968274383242324
2920 0.05743732357071635
2965 0.017154273267979865
3010 0.04279019207518126
3092 0.03870329637381167
3130 0.013812259857859444
3142 0.05022775013104991
3220 0.02023511923706458
3228 0.17915360917380085
3257 0.027198671895863627
3281 0.04119413664091223
3602 0.11412120100737896
3722 0.029298661497699822
3761 0.02329989905340309
3889 0.045716276340899545
3890 0.08433607939251254
3915 0.018191504703978727
3984 0.04914139975916287
4029 0.031979882212982785
4283 0.030244580608629286
4304 0.059332150501745826
4383 0.01752367890023105
4459 0.03439264384010988
4549 0.04788864775542433
4590 0.03107361818319747
4700 0.03004790101106031
4795 0.03174528510317577
4808 0.017154273267979865
4827 0.01549216583224574
4828 0.05463664971308155
4998 0.03246674910850771
5050 0.04176894824087712
5062 0.031979882212982785
5087 0.034093072235770565
5102 0.1148746471414327
5247 0.010668694448833975
5628 0.038968274383242324
5661 0.02610057291103789
5798 0.03379747735496525
5903 0.02246093255501636
5970 0.06989969716020926
6102 0.018483878297668337
6109 0.02432107315370214
6151 0.029298661497699822
6245 0.012067965588135356
6271 0.02843656681510363
6315 0.08960874015304689
6486 0.03439264384010988
6488 0.09438571539580083
6705 0.0394676304516927
6740 0.041140645797767106
6813 0.07965741549421045
6851 0.0541088849169462
6911 0.02894461124554097
6919 0.04918861711851264
7153 0.026634148026881528
7201 0.009054655624728151
7245 0.039635655662483164
7342 0.24544396420478545
7442 0.02160640986390419
7486 0.02160640986390419
7604 0.04999456629103709
7633 0.03160531516477075
7651 0.03004790101106031
7891 0.11484866297191137
7914 0.041140645797767106
8097 0.018020204525585396
8115 0.01674857669331484
8156 0.025231880255325564
8247 0.03246674910850771
8293 0.018020204525585396
8294 0.03324598959772225
8344 0.01922362457872103
8389 0.03679590296871754
8411 0.016170071335558468
8433 0.013923099487332712
8666 0.030244580608629286
8688 0.03515522853576604
8739 0.05590745053925989
8981 0.022110072638445697
8997 0.030760446067992706
9051 0.045716276340899545
9099 0.01860333144002017
9126 0.04119413664091223
9134 0.021854984447699104
9150 0.02488207104394832
9589 0.03641407720853014
9645 0.01575769071740381
9652 0.028915442708630994
9661 0.035020946283219896
9719 0.03187763593840376
9859 0.038968274383242324
9890 0.020820878383220193
9921 0.03569261320319819
9932 0.02168856485744641
10002 0.03849328706083299
10031 0.027953725269629946
10048 0.046795484356181825
10050 0.06940345445457433
10110 0.027198671895863627
10156 0.01589321924902229
10361 0.0620133043349698
10390 0.0439413196554019
10445 0.021284552155303133
10451 0.022024298436355824
10499 0.019096363825909637
10930 0.01575769071740381
10981 0.12276930334147754
10992 0.2026122787187868
10999 0.011908820325508083
11000 0.059209921500336396
11003 0.014497055989484064
11097 0.01700014906280248
11098 0.12162808112770121
11213 0.019749985682407798
11232 0.01854342165735393
11262 0.020450669938206403
11352 0.03246674910850771
11371 0.02067110144498993
11574 0.03641407720853014
11576 0.020450669938206403
11875 0.286827302707645
11886 0.035020946283219896
11905 0.021444150958504438
11955 0.025844365783566862
12064 0.006338858581621156
12175 0.017796394462821323
12335 0.06223710563607272
12374 0.04316207916618736
12378 0.013558438543158654
12413 0.29726741746862373
12484 0.2459430855925632
12558 0.0270544424584731
12610 0.026363705387518883
12666 0.046024269962175166
12766 0.052464278298556766
12877 0.10676818700443305
12895 0.040550446373787546
12903 0.03151538143480762
12968 0.059710232632215796
13022 0.02160640986390419
13075 0.03604666345535704
13219 0.03569261320319819
13321 0.041140645797767106
13336 0.020812542620645275
13480 0.01485840790624697
13669 0.03641407720853014
13676 0.07588298077277304
13787 0.05084793547431901
13816 0.025718747150850485
14062 0.0120373031723618
14090 0.02320302950829108
14163 0.007868020591199178
14170 0.05894584358716499
14171 0.14574614868254135
