917 0.09440660259751801
947 0.14680950842976404
1255 0.08492981214150964
2172 0.11544244141288179
2760 0.12020439442916463
2793 0.06997001736770343
2816 0.13280960461750235
2850 0.1281573663813535
2892 0.21787947844739877
3341 0.0880654816029283
3386 0.2549249951478647
3519 0.09440660259751801
4086 0.1898556268901607
4685 0.20572031430364052
4900 0.1684023947961767
5816 0.10528183132910872
6487 0.15446053818939007
6587 0.19887729203338858
6702 0.39550603109892674
7099 0.046229040282167844
7100 0.09596178939494011
7196 0.20427594910087885
7202 0.15797839699475727
7396 0.1684023947961767
8433 0.05782139301351537
8996 0.04441675384399852
9204 0.07390684232304305
9298 0.12728787326419921
9749 0.1528101101896947
9779 0.15122442179017087
9783 0.061875876924813986
9944 0.24690502558290447
10278 0.17346272460340023
10499 0.0793054993905333
10567 0.04051305829751112
10793 0.16183177533292262
10930 0.06544028711318049
10999 0.04945627092552342
11371 0.08584524457075343
11512 0.1684023947961767
12017 0.11235469168170056
12678 0.19682567014982782
12807 0.06488517717981516
12968 0.12398564095217819
14065 0.08258539475631309
