108 0.03934969453894482
175 0.045124099156585724
338 0.051504267904088616
341 0.06905438963402398
968 0.03340408179740113
994 0.034580355577291506
1255 0.03482596756573807
1303 0.08934275795884457
1319 0.01929238927141237
1336 0.06404302438870525
1440 0.061384782803816526
1519 0.05895826742192116
1665 0.06636006858768959
1689 0.024094076547701612
1922 0.10453348934674403
1963 0.021856058403656727
2106 0.10453348934674403
2172 0.09467570029840347
2558 0.025372566223209225
2608 0.04842535508988798
2693 0.03495015171187673
2760 0.049290516911472605
2816 0.054459357276348486
2895 0.047603111904072216
2899 0.09781148362281986
2926 0.055288455333459365
2937 0.10453348934674403
3020 0.10583211427968249
3151 0.04337737921653462
3235 0.08376455096820506
3256 0.06266068188536762
3341 0.03611176721849473
3388 0.06266068188536762
3430 0.05661544384216322
3519 0.07742396214357725
3645 0.09781148362281986
3734 0.027299021903354554
3745 0.051504267904088616
3992 0.04237231356054702
4190 0.05328862351522012
4262 0.03765180675788436
4434 0.06905438963402398
4566 0.05084103922452231
4685 0.2108920534763082
4686 0.06020009994132586
4722 0.047337850149201735
4844 0.09304214466116655
4887 0.03824929506078733
4892 0.06333744956608739
4899 0.03721741057017088
4900 0.13810877926804796
4985 0.03421862836934094
5038 0.051169337199790124
5066 0.15254262577275018
5223 0.08050252057659975
5358 0.03750573968091403
5517 0.0681067885277407
5663 0.027939816877209405
5687 0.047603111904072216
5816 0.38854289154883387
5832 0.07482879425166489
5962 0.03340408179740113
5974 0.04337737921653462
6039 0.06201046105738354
6067 0.042178410695261646
6109 0.02070848797066496
6151 0.04989343811823904
6154 0.03433832929362611
6320 0.07482879425166489
6487 0.06333744956608739
6702 0.32435913523875554
6846 0.06266068188536762
7006 0.03918795173416357
7100 0.07869938907788963
7401 0.03750573968091403
7408 0.05708247489472812
7466 0.029933367768686263
7491 0.024754662181269337
7501 0.056161209784437525
7547 0.06078186159705008
7693 0.02660654744174316
7751 0.04989343811823904
7770 0.07350180574296102
7795 0.08934275795884457
7857 0.06636006858768959
8041 0.0681067885277407
8078 0.04559113020915063
8411 0.027536427000651075
8563 0.0681067885277407
8688 0.029933367768686263
8706 0.027299021903354554
8951 0.056161209784437525
8995 0.03545640497133747
8996 0.03642670081900333
9094 0.023272877907517742
9244 0.2043203655832221
9645 0.053668347051066496
9708 0.05913798066394559
9719 0.027142619743454263
9944 0.20248970758208756
9961 0.03967799251421263
9964 0.17570433181330225
10105 0.10453348934674403
10298 0.10453348934674403
10362 0.03363275447100824
10499 0.032519685136681145
10516 0.039769083435637974
10567 0.08306308578118199
10569 0.13606791045886776
10684 0.055288455333459365
10794 0.049290516911472605
10806 0.045124099156585724
10884 0.039844612067371755
11000 0.04705404006746923
11047 0.047337850149201735
11255 0.020655774075724786
11311 0.03611176721849473
11365 0.025654760372556443
11371 0.03520134600218568
11512 0.06905438963402398
11525 0.04401102982225863
11581 0.054059855873125916
11861 0.04989343811823904
11965 0.04814671817818793
12017 0.046071700262869
12064 0.010794603992650422
12181 0.046071700262869
12215 0.06042400936077263
12237 0.2589604168117271
12256 0.04489542648297862
12329 0.06905438963402398
12331 0.10453348934674403
12403 0.047603111904072216
12678 0.08070952038986484
12733 0.03107716650197094
12807 0.02660654744174316
12877 0.022727283683763456
12903 0.026834173525533248
12947 0.0647799682007976
13088 0.03137588640339647
13117 0.08155079997558905
13332 0.04814671817818793
13336 0.017721104894295275
13464 0.040881106180148036
13858 0.08845549080967641
14065 0.10159387640213532
14084 0.061384782803816526
14154 0.0647799682007976
14163 0.013398652990029803
