43 0.0598665402447437
120 0.0598665402447437
194 0.017719142271346848
337 0.021315597224516262
556 0.049399105008836874
648 0.04668265374686865
703 0.02747871473571137
920 0.07473954735938072
931 0.030727469930454464
971 0.043880456209966195
994 0.021165267841438618
995 0.049611610568629214
1004 0.052833142696678645
1012 0.07560407827281838
1024 0.09716347652709698
1099 0.02260584686350238
1135 0.03720217328961252
1319 0.011808108372919218
1397 0.01920393901115728
1402 0.057627652645401234
1433 0.05126896838574263
1458 0.017561003261343883
1471 0.02850158483245636
1479 0.09395618197289282
1482 0.04498754797075484
1493 0.03238782550903233
1502 0.06398081406302589
1519 0.018043011713152906
1550 0.021090930162709284
1615 0.03152372516039431
1623 0.033839876604407605
1642 0.04288062141883072
1653 0.10322891187026718
1655 0.04609036323895018
1963 0.04013168653262462
2105 0.02998917728733151
2173 0.052833142696678645
2176 0.1130292343175119
2204 0.04424109367971151
2340 0.028813826322700617
2605 0.14880869315845008
2618 0.03152372516039431
2648 0.03630661359302207
2763 0.025934417116269648
2776 0.02051505662204991
2848 0.01740529103290168
2919 0.07106996476104283
2949 0.26470319577064266
2955 0.03437405508251704
3010 0.014866644176616898
3035 0.03465207378226636
3078 0.05997835457466302
3092 0.24204112997511054
3137 0.02178042877463556
3147 0.07441741585294383
3184 0.023790253650031255
3208 0.02369407238238941
3214 0.031732950052483486
3220 0.021090930162709284
3225 0.030920752874624736
3355 0.03720217328961252
3471 0.16246549258238677
3512 0.08526238889806505
3540 0.04498754797075484
3648 0.01983833605961882
3672 0.1093663364834536
3756 0.04777471065311936
3758 0.03733006215400351
3790 0.1194240778407317
3819 0.04288062141883072
3895 0.04288062141883072
3915 0.018960884330418745
3922 0.04353549687537956
3925 0.08576124283766144
3928 0.12042195785610744
3931 0.07233875885796591
3984 0.02560987702310753
4044 0.04871886887839647
4062 0.04498754797075484
4079 0.05414010711509728
4117 0.04498754797075484
4452 0.017988310514570664
4542 0.02331821282943946
4584 0.08997509594150968
4585 0.04113684865367874
4621 0.06987585003275698
4808 0.017879784905061855
4823 0.05126896838574263
4827 0.03229476276458109
4832 0.04871886887839647
4879 0.052833142696678645
4899 0.022779304895283934
4962 0.08024259403879078
4991 0.058271963761835806
5053 0.03333241847817909
5059 0.01730279472946602
5161 0.027618676234201306
5210 0.03238782550903233
5211 0.03216480449277413
5247 0.02223981849689196
5417 0.03333241847817909
5474 0.02734065753445199
5544 0.04668265374686865
5548 0.026806479056342553
5551 0.016147381382290545
5613 0.022779304895283934
5798 0.017613442901380356
5832 0.09159949029722719
5844 0.024913182453126907
5962 0.02044531718764632
5970 0.14571197865739532
5999 0.04353549687537956
6044 0.01700137510881496
6102 0.019265623382048985
6134 0.04871886887839647
6154 0.021017133126426894
6155 0.06617579894266067
6235 0.021090930162709284
6292 0.14294931208098524
6358 0.06398081406302589
6384 0.049914018966895776
6485 0.04498754797075484
6579 0.05893740355849892
6587 0.049914018966895776
6606 0.013342656245982024
6681 0.019265623382048985
6693 0.024913182453126907
6734 0.02747871473571137
6752 0.04797079039612961
6775 0.016377483028287516
6789 0.022351095882646367
6813 0.04151319711654998
6866 0.019390128597636943
6923 0.03284913439021738
7201 0.009437607319789017
7214 0.04168547133033141
7245 0.020655990106532556
7479 0.017456930064264204
7540 0.024805805284314607
7611 0.2879579405757512
7641 0.031117789119286546
7862 0.01730279472946602
8027 0.10774964208608133
8078 0.05580905493662687
8115 0.017456930064264204
8250 0.06882755543389835
8291 0.05694741651496083
8366 0.052833142696678645
8381 0.0546831682417268
8411 0.016853957778494626
8665 0.2747984708916816
8666 0.03152372516039431
8669 0.023410880576352572
8673 0.14210765239655793
8700 0.036169379428982955
8711 0.04498754797075484
8737 0.026299020930114044
8976 0.028198665389503674
8996 0.04459068546538894
8997 0.06412281659358615
9099 0.038780257195273886
9126 0.06440456185317392
9135 0.0598665402447437
9336 0.16906184194253512
9423 0.04061637314559669
9489 0.032615858650738544
9496 0.043880456209966195
9528 0.028348994772581314
9530 0.04668265374686865
9533 0.05860195632571654
9544 0.06398081406302589
9645 0.03284827240726928
9652 0.04520756035436337
9664 0.04061637314559669
9672 0.04353549687537956
9765 0.018782339294087274
9843 0.03684609999141405
9890 0.021701463023870146
9896 0.05694741651496083
9918 0.11855697764626974
9959 0.03553498238052141
9974 0.035232062937568726
10037 0.05116492220534698
10048 0.024387311014174178
10068 0.019516180501401532
10070 0.07440434657922504
10091 0.09457117548118293
10096 0.049914018966895776
10271 0.03584722387076567
10318 0.04764977069366175
10324 0.029639244411567435
10335 0.024184363293805883
10445 0.044369494223663715
10459 0.028656504601390704
10495 0.024184363293805883
10499 0.03980802594691057
10558 0.04764977069366175
10567 0.05083962929084512
10583 0.026806479056342553
10614 0.018549063554608437
10628 0.020376053794047073
10645 0.049611610568629214
10672 0.030920752874624736
10708 0.031318727324297614
10749 0.031732950052483486
10797 0.025131406944709077
10922 0.03437405508251704
10999 0.0062062420997618896
11000 0.05348555963766836
11003 0.015110185013342646
11071 0.03437405508251704
11102 0.028198665389503674
11108 0.024387311014174178
11206 0.0546831682417268
11246 0.039287636010514715
11255 0.012642582283684015
11262 0.021315597224516262
11317 0.06558004161284339
11328 0.02998917728733151
11352 0.033839876604407605
11356 0.017879784905061855
11359 0.03410198804631288
11386 0.03308789947133033
11482 0.052683009784031634
11514 0.0546831682417268
11564 0.09982803793379155
11634 0.052847052291404
11733 0.06722116315782582
11861 0.030537799963984175
11866 0.031117789119286546
11880 0.028198665389503674
11905 0.022351095882646367
11910 0.023135378193482412
11926 0.04764977069366175
12064 0.006606950129128885
12175 0.055647190663825306
12217 0.07440434657922504
12378 0.014131870293373568
12513 0.021701463023870146
12630 0.06398081406302589
12666 0.0719561855941944
12667 0.10230596413893861
12768 0.14274152190018752
12847 0.030168775741547468
12903 0.01642413620363464
12968 0.031117789119286546
12995 0.044235570837677575
13071 0.04226546048563378
13088 0.03840787802231456
13177 0.05694741651496083
13326 0.05694741651496083
13363 0.03720217328961252
13480 0.015486819712220417
13540 0.03835212487236267
13585 0.03835212487236267
13591 0.04113684865367874
13628 0.029135981880917903
13806 0.02331821282943946
13827 0.024285329776232555
13874 0.021638872702155892
13965 0.028198665389503674
13982 0.0411705573722725
14110 0.06523171730147709
14170 0.015359715155541015
