1434 0.3325925949838422
1653 0.08809002668449409
3078 0.20472926660756205
3092 0.09179775192803545
3147 0.16934356934203207
3790 0.1358801523483039
4452 0.12280208902939349
4542 0.15918811528007
5520 0.17386288327006238
6579 0.20117609914198276
6752 0.16374281698840473
8744 0.04064103757117984
8982 0.18480107536012697
9496 0.14978092816948696
9918 0.20234035475677517
10025 0.25397074353911103
10162 0.18389555163646862
10318 0.3252941057590419
10374 0.22588353549838136
10499 0.1358801523483039
10567 0.20824232528136566
11246 0.1341038607046968
12667 0.23280648667647144
12768 0.16241063019212174
12865 0.08586959368804396
12968 0.2124340419145652
13051 0.19250585066713014
13480 0.1057249824291044
13982 0.1405309978311832
14170 0.10485726863948854
