1010 0.1581363996277358
1029 0.18674002026779526
1145 0.1728274557165239
1319 0.0651611831408408
1653 0.07120655802112669
1657 0.1581363996277358
1714 0.16261838161684963
2204 0.16275833049467436
2605 0.20529432406982875
3092 0.2226109649944031
3147 0.4106607688647909
3512 0.11762676041223727
3984 0.14132406599047537
4689 0.15012348474184242
5247 0.061363464846688594
5434 0.1695646950687687
5520 0.14054005829321967
5551 0.08910677665438083
5613 0.1257040002704252
5970 0.13401476097679016
6044 0.09381940630324213
6752 0.1323596193265761
6813 0.07636134297562037
6866 0.10700136556781235
8673 0.08713318444772865
8706 0.1844081145974186
9336 0.23323527564775287
9652 0.0831569298702449
10037 0.14117277555885346
10156 0.0914135281842929
10499 0.10983715542241014
10567 0.11222018939564407
10645 0.2737738459098606
10999 0.03424816789507521
11000 0.04540794194936301
11365 0.08665046695629695
11849 0.1368869229549303
12667 0.09409322045387018
12984 0.17749639908875964
13051 0.15560988616828542
13480 0.0854615712921084
13738 0.19122200225690908
