1022 0.1767016930439496
1185 0.22467699919222292
1255 0.0754598045954379
1550 0.07466445589352647
1909 0.12922186760943208
2700 0.2016007751118256
2776 0.07262579357540672
3204 0.11087210079908667
3247 0.12922186760943208
3786 0.07287438821614936
4079 0.09583127933620522
4384 0.1262120890194468
4489 0.046628846635369176
4726 0.18703574579973956
5260 0.0625403354603594
5613 0.08064150762996213
5661 0.09630707148700063
6236 0.22649985717970164
6310 0.051100909883332206
6775 0.057978280226568826
6921 0.10616533209199519
7284 0.16912828162945295
7468 0.046389367200258935
7571 0.18620346026760448
7668 0.1330066051076914
7671 0.05847604960791946
7810 0.11628992779822693
7856 0.11159781805164166
8097 0.13298352732494975
8268 0.4511563615043035
8293 0.06649176366247488
8744 0.04214999957556818
9168 0.1094632228826025
9497 0.029327431550515048
9758 0.0878155652816498
9781 0.08190205037810555
9827 0.04374432959197724
9902 0.04973258351554881
10371 0.11233849959611146
10459 0.2028950176560942
10678 0.15180261097607356
10949 0.07682581641826484
10999 0.04394170251832018
11052 0.3263369333134284
11246 0.06954150299294298
11338 0.1819511207715042
11714 0.07738710568512902
12064 0.023389406379965186
12318 0.1188878148536421
12378 0.050028538242387614
12834 0.029775526120431245
12877 0.04924475917358561
13676 0.06999911150264042
13709 0.08633404470699821
13754 0.04627022353474369
14072 0.05378393986133419
14211 0.09583127933620522
14212 0.07654842676017107
