994 0.08007575518063786
1104 0.14509976367621633
1433 0.19396878846875681
1519 0.06826314693901878
1653 0.048818972764800246
3078 0.22691950194246893
3092 0.050873772206876805
3137 0.08240312833992895
3147 0.09384920643982439
3215 0.1356228300102551
3321 0.05973821339885452
3790 0.1506079565744169
3915 0.07173578633757575
4586 0.1208653033922688
4591 0.14359408442666008
5125 0.1622326808454182
5211 0.1216909244566118
5247 0.08414116346461953
5520 0.09635378353977585
5663 0.06469863882835498
5685 0.08035907676059234
5746 0.09265564191628
6579 0.2229812130746005
6729 0.14214523701551945
6752 0.09074530254848577
6795 0.24206223335090743
7006 0.18149060509697154
7580 0.044006617151825515
7862 0.06546264214927015
8078 0.1055727773786666
8130 0.1622326808454182
8250 0.05207983683358869
8982 0.10241566502442534
9137 0.1998866176273904
9496 0.08300770618655966
9722 0.09384920643982439
9779 0.14359408442666008
9918 0.11213583012604303
9956 0.2264964684625535
10037 0.19357514466839204
10460 0.07530397828720845
10501 0.20688592393114347
10567 0.15387555646605564
10754 0.11279208371050566
11000 0.015565764888353944
11003 0.05716721777050412
11246 0.148639135888684
11314 0.10502823066207709
11359 0.06450999029228392
11482 0.06643953709523075
11606 0.1208653033922688
11911 0.15000727400452218
12040 0.1998866176273904
12648 0.17505877025620892
12667 0.12901998058456784
12834 0.031821346122048635
13088 0.07265534886124113
13464 0.09466604363504344
13628 0.1102318085233974
13982 0.07788144939838415
14163 0.031026495785500624
14170 0.05811127927383863
