11 0.026204255659344554
108 0.03160289598388373
149 0.03680715788801425
154 0.08395391703455282
175 0.0362404900144944
305 0.055459609493912945
321 0.08272918203662585
339 0.037198794513708076
341 0.055459609493912945
472 0.04623057290116793
592 0.05626680725631779
1099 0.02966278906993527
1519 0.0236755585342714
1611 0.04834846925640564
1620 0.02966278906993527
1689 0.019350660885337715
1718 0.025038476522046372
1917 0.053978675162398654
1963 0.01755324274918688
2006 0.03254951580896046
2019 0.6716313362764226
2046 0.035346551324302644
2128 0.06392759979272945
2225 0.04929992287544525
2262 0.061255732628795106
2267 0.08395391703455282
2311 0.031216936052083002
2608 0.07778365132536058
2614 0.05202669603605009
2617 0.036426712425260875
2621 0.05469856319998443
2662 0.05143483480529845
2792 0.08395391703455282
2850 0.042205798212553436
2895 0.03823145799835002
2927 0.021490096234743357
3075 0.08395391703455282
3232 0.03844796171697081
3256 0.05032463492042147
3257 0.037198794513708076
3341 0.058004842811209996
3432 0.013047278879892817
3519 0.0310907295590564
3590 0.04031976615180141
3624 0.05903146005932665
3633 0.023269443130258652
3642 0.047460494591095026
3745 0.04136459101831293
3746 0.03450887353639812
3865 0.04793320299091748
3956 0.025118444842459682
3985 0.02847608072694543
4060 0.058044735730060366
4138 0.0654958438490628
4219 0.04423062737669318
4404 0.028579697478082734
4590 0.04249844043929126
4630 0.04249844043929126
4685 0.033874721051484605
4686 0.04834846925640564
4700 0.04109559832767645
4719 0.06727377232280539
4722 0.038018418488236984
4735 0.042205798212553436
4741 0.05264609540552119
4763 0.04373791012914313
4815 0.041919449857511414
4970 0.02966278906993527
4982 0.07855527671001365
4985 0.027481985965537137
5051 0.03269041326476639
5059 0.02270426555924299
5068 0.06932624011726864
5160 0.04510471788770958
5247 0.014591248206941602
5421 0.10817050881216718
5474 0.03587568129496457
5593 0.07175379427385967
5767 0.05329572108836963
5800 0.03823145799835002
5829 0.04623057290116793
5893 0.05626680725631779
5914 0.08395391703455282
6044 0.022308750775704947
6088 0.058044735730060366
6245 0.016504988693209616
6278 0.021551313286602567
6315 0.017507877508283712
6363 0.06252475768111465
6387 0.05903146005932665
6434 0.1017363338635572
6481 0.04929992287544525
6563 0.027578121295269237
6702 0.08683411762555235
6752 0.031472995584515086
6789 0.029328511630292372
6813 0.036315006382264294
6846 0.05032463492042147
6979 0.07855527671001365
7025 0.02966278906993527
7099 0.030449026861292677
7100 0.03160289598388373
7201 0.012383776504465184
7233 0.07965314655071384
7242 0.059320154438579936
7442 0.029550428189420486
7475 0.07733608834217086
7533 0.029776106224758254
7580 0.04578815746089421
7598 0.02586063180557997
7627 0.02552565350080599
7633 0.0216128130972102
7649 0.03173407621074648
7652 0.10659144217673926
7677 0.08395391703455282
7699 0.0508681669317786
7856 0.04136459101831293
7891 0.022439287951913175
7892 0.03341817282804673
8017 0.03680715788801425
8173 0.0458446129693672
8296 0.07472488044180782
8299 0.05903146005932665
8344 0.026291565384163603
8419 0.05626680725631779
8463 0.027481985965537137
8484 0.037602300705888464
8660 0.05202669603605009
8688 0.024040367253801223
8737 0.03450887353639812
8739 0.03823145799835002
8995 0.02847608072694543
9015 0.08395391703455282
9157 0.08395391703455282
9204 0.024339586257815043
9316 0.06009720352452362
9338 0.05626680725631779
9587 0.07855527671001365
9719 0.02179903550797668
9720 0.05712611735657546
9906 0.029328511630292372
9944 0.13552119530411957
10278 0.05712611735657546
10331 0.0310907295590564
10354 0.05469856319998443
10362 0.027011453421749383
10483 0.053978675162398654
10493 0.03552060197690862
10516 0.015969859765327703
10522 0.03982657327535692
10580 0.04789708076383044
10614 0.024339586257815043
10831 0.0654958438490628
10930 0.0646539398598077
11000 0.026993201622695917
11213 0.027011453421749383
11331 0.04163913033903358
11359 0.022373859391138718
11371 0.0848137061215627
11394 0.05626680725631779
11425 0.04881569913731535
11528 0.055459609493912945
11618 0.08395391703455282
11708 0.047460494591095026
11866 0.04083193257662875
11876 0.029002421405604998
12057 0.02552565350080599
12064 0.026008391005118217
12078 0.0292189251242258
12183 0.041919449857511414
12215 0.024264148745396088
12285 0.044066684495624606
12398 0.04031976615180141
12403 0.03823145799835002
12405 0.05469856319998443
12565 0.04279765944330508
12610 0.0360568362707224
12678 0.22687065622401997
12733 0.02495898562728614
12834 0.022073056298587978
13043 0.03418802222003115
13079 0.03818623084367447
13336 0.028464680158552726
13660 0.030965708121019193
13756 0.16790783406910564
13824 0.07917332508914068
13846 0.06727377232280539
13874 0.01419697568843444
13912 0.05121722262026915
14062 0.0329261052835444
14065 0.02719767583251586
14163 0.04304340775494307
