11 0.04712596267088285
175 0.06517521435448721
306 0.14127449701158862
318 0.0739066836282011
817 0.06725872323299871
960 0.05196587610155847
995 0.05853733404640237
1027 0.05375514984160805
1170 0.12467691684705468
1184 0.0668986375512525
1190 0.10273610932041204
1329 0.1459350679602963
1357 0.08956511414468209
1458 0.04144087653341634
1483 0.19963166000644234
1484 0.1290426514839116
1566 0.05502687770532171
1690 0.08779058047687027
2172 0.06837265647893902
2332 0.07865864029278001
2575 0.1498389195128405
2793 0.04144087653341634
2848 0.04107342308342919
2961 0.09148175651798679
3114 0.11016284556103224
3221 0.14127449701158862
3251 0.07751817491493501
3396 0.1888605986027189
3443 0.04181405676071437
3606 0.05417159940954542
3724 0.10438816064140423
4084 0.10616269430921603
4422 0.10616269430921603
4489 0.12433004845729512
4619 0.11244507131937768
4624 0.06762430661803946
4700 0.0739066836282011
4795 0.1561632369558093
4840 0.10616269430921603
4881 0.043234406827844574
5040 0.1343858788460203
5123 0.09050426379273505
5158 0.12968985970935232
5404 0.14127449701158862
5421 0.06484492985467616
5422 0.27349062591575607
5501 0.18296351303597358
5689 0.02744860767810847
5825 0.09707572173757895
5925 0.09250085698019594
6230 0.04891253820296358
6249 0.08956511414468209
6278 0.03875807039345372
6465 0.11778829868148635
6770 0.08956511414468209
6936 0.06762430661803946
7078 0.06914515078009358
7192 0.10273610932041204
7422 0.04144087653341634
7468 0.030922876545784985
7493 0.12098574080593817
7497 0.0668986375512525
7898 0.11244507131937768
7929 0.0946791986424386
8207 0.09584749115484374
8411 0.03977237365108025
8429 0.07808161847790465
8658 0.02857565083217484
8744 0.028096939276052658
8997 0.018914819998347505
9105 0.042320853383826046
9120 0.14127449701158862
9337 0.08177279451902116
9383 0.16928341353530418
9538 0.06837265647893902
9542 0.07343250483438242
9725 0.07472977824897087
9760 0.11778829868148635
9827 0.05831942038404399
9902 0.06630288935459645
9905 0.03832070213200983
9908 0.06419772162923548
10040 0.05084323707599341
10190 0.05683492466984848
10242 0.05158578484173638
10461 0.25377941505725543
10499 0.046969967027348264
10561 0.15285913431382492
10924 0.04107342308342919
10945 0.07076917957407937
11118 0.06654388666881413
11332 0.06837265647893902
11371 0.05084323707599341
11511 0.059046826599104166
11921 0.06837265647893902
12648 0.054595420147802394
12764 0.04650798652548679
12878 0.10119071851695242
13112 0.043234406827844574
13486 0.1290426514839116
13516 0.080478141573045
13617 0.07865864029278001
13660 0.0556890004417361
13696 0.07751817491493501
13723 0.042838608616594005
14163 0.019352410286491747
