337 0.07910764004946282
482 0.0985322832703312
670 0.12463502276651398
702 0.11403750996445507
1101 0.09669492898107064
1483 0.10465246870692484
1566 0.08653985941273223
2225 0.13943633564214686
2370 0.23744918594859232
2386 0.159140967460044
2424 0.12019951471997681
2488 0.11264259890891502
2793 0.06517338033147045
2895 0.10813109024561385
2926 0.1255884481932674
3323 0.13943633564214686
3341 0.16405670149886212
3691 0.1380667922486134
3728 0.0905075565635423
3745 0.1169926170371828
3899 0.159140967460044
4438 0.13187941983108506
5663 0.06346565884775716
6062 0.10198054745725554
6175 0.13943633564214686
7627 0.07219491190717973
7856 0.1169926170371828
8119 0.23744918594859232
8474 0.0985322832703312
8669 0.08688377315297525
8874 0.15073776226269675
8996 0.04137186326754275
9125 0.19607732268104958
9366 0.18653817423722066
9652 0.05592561125324828
9755 0.4254065090843895
9902 0.026068364055343286
9944 0.07665966911466286
9961 0.09012907807298397
10068 0.07242954377414842
10072 0.12966358705126615
10113 0.10249998042114128
10162 0.09997162889483165
10495 0.08975436560001213
10499 0.07386888939864888
10949 0.1610793736958507
10950 0.14676593840180369
11000 0.030538247542719943
11326 0.09166636469631848
11987 0.21505708941178692
12064 0.0245200839148311
12648 0.08586131325624784
12919 0.10635162727109737
13088 0.07127073564137226
13336 0.04025372115248436
13695 0.0985322832703312
14107 0.1380667922486134
14163 0.03043521521353812
