210 0.057619558453636484
336 0.04981609302774715
339 0.05008166667915078
369 0.08247012366414161
717 0.06024755673283941
721 0.20140493627480346
729 0.05236103682511076
916 0.06277651667395343
995 0.04382222657004082
1002 0.039634471605259305
1083 0.06509275242385018
1097 0.056059801768057894
1107 0.02977439949664188
1368 0.05569018261963131
1450 0.07004484105888903
1458 0.031023474339793057
1683 0.06848508437331047
1684 0.14563265927471802
1919 0.046902795990194916
1920 0.06332812615299352
2264 0.08817869136349864
2311 0.042028141141204484
2617 0.04904219326857275
2631 0.12897007363152882
2768 0.10659302616737228
2776 0.03624213965579902
2954 0.08817869136349864
2989 0.06924800349287887
3037 0.07575340875824609
3117 0.07087875390925565
3177 0.06924800349287887
3321 0.02789433839414092
3439 0.058885441449539264
3443 0.031302844569724445
3581 0.08417864380595261
3698 0.09660392641120517
3756 0.04219968210189444
3786 0.03636619477786972
3984 0.022621354567496147
3992 0.045816045470201114
4100 0.11302925657400377
4182 0.10924992941429401
4219 0.02977439949664188
4467 0.11302925657400377
4485 0.17635738272699727
4678 0.056059801768057894
4688 0.1006039739687512
4790 0.1006039739687512
4881 0.03236614722032368
4913 0.04955439650269069
5016 0.15895105983530422
5064 0.057619558453636484
5094 0.07466665823825228
5125 0.07575340875824609
5140 0.10576093218906814
5336 0.06172174813139267
5383 0.06509275242385018
5412 0.058885441449539264
5653 0.07575340875824609
5718 0.05008166667915078
5796 0.07947552991765211
6133 0.07575340875824609
6519 0.0350466371727487
6636 0.046902795990194916
7059 0.14728408518725478
7099 0.020497142903512854
7105 0.06448503681576441
7170 0.051185146919067455
7198 0.09660392641120517
7422 0.062046948679586114
7566 0.03779066105827947
7716 0.051185146919067455
7865 0.02550066885819574
7932 0.06572179568893868
8017 0.14866318950807209
8084 0.09333564958381557
8107 0.06509275242385018
8411 0.02977439949664188
8433 0.1025479523904689
8706 0.02951769973638328
8787 0.17213465039775994
8973 0.07691031942101698
9045 0.07466665823825228
9094 0.10065735314732306
9426 0.05329651308368614
9509 0.07691031942101698
9515 0.057619558453636484
9552 0.1195638458549279
9647 0.1517038058537932
9652 0.026621402125042187
9890 0.038338059120973114
9961 0.08580549686529776
10197 0.06448503681576441
10218 0.06572179568893868
10271 0.06332812615299352
10393 0.1006039739687512
10884 0.04308290968376524
10950 0.03493135771695882
10995 0.3869102208945865
10999 0.010964020088324502
11000 0.06541491946442057
11043 0.1916917498223996
11600 0.056059801768057894
11604 0.07175336120070006
11678 0.05236103682511076
11722 0.05978192292746395
11858 0.25820197559663993
11897 0.07814707829419125
12057 0.13746330085226546
12242 0.08247012366414161
12393 0.07814707829419125
12733 0.033602906093497954
12735 0.028128667137398675
12834 0.014858753658383246
12903 0.029015071660987362
12943 0.10924992941429401
13068 0.06172174813139267
13079 0.025705538443473813
13098 0.1006039739687512
13147 0.08606732519887997
13786 0.048509717577740905
13872 0.065132877235929
13874 0.03822748632449195
14079 0.06509275242385018
14113 0.05532803103790144
14163 0.028975207773513253
14180 0.06572179568893868
