390 0.06760965630875496
968 0.0441365593776167
981 0.06512718534253763
1010 0.06186255293992002
1241 0.08368729068966392
1319 0.025490887304677683
1479 0.06760965630875496
1545 0.04617936980408105
1657 0.06186255293992002
1962 0.08998898200839878
1963 0.028878243842903786
2105 0.06473947515120734
2316 0.10286448061668503
2331 0.09256902575935055
2599 0.07954193447716643
2608 0.06398405360369164
2671 0.11804790700510655
2895 0.06289762993206652
3150 0.05473415770046873
3204 0.06760965630875496
3256 0.08279308269717647
3430 0.07480555561997729
3519 0.10229969268804175
3527 0.09614078226133205
3633 0.019141211182626645
3642 0.07808105632048803
3865 0.07885874672400585
3882 0.06896504036564242
4030 0.051992452300974164
4079 0.05843778383247248
4219 0.036383671694164045
4262 0.049749046081344596
4566 0.06717587868939569
4685 0.22292005383003868
4722 0.06254714159158585
4743 0.12923756985492843
4892 0.08368729068966392
4899 0.04917508170032341
4900 0.09124104014750382
4985 0.045212813571828755
5346 0.10517240839682031
5624 0.11804790700510655
5663 0.036916667671931996
5816 0.228168341922416
6083 0.07738559937092905
6487 0.08368729068966392
6488 0.05309344050369055
6506 0.13811930492461508
6606 0.02880360985603806
6645 0.07480555561997729
6702 0.2142866299838175
6757 0.09256902575935055
7020 0.0456907609822393
7100 0.10398490460194833
7161 0.08768105422826351
7201 0.02037354138502611
7338 0.06896504036564242
7454 0.10775245214777207
7502 0.08768105422826351
7581 0.12293587853619357
7906 0.08031061173095913
8355 0.07671154452757116
8433 0.03132784452214054
8463 0.045212813571828755
8563 0.08998898200839878
8744 0.012851506213823841
8996 0.0481303229162163
8997 0.034606463622791205
9043 0.4917435141447743
9645 0.03545578951525359
9719 0.035863337158521885
9944 0.22295675960246403
9961 0.052426229920333446
10018 0.09711737724785006
10174 0.06254714159158585
10362 0.04443870284313425
10582 0.06473947515120734
10614 0.04004300043199328
10794 0.13025437068507525
10860 0.10077670598567931
11000 0.035526940278746554
11255 0.027292317283655793
11310 0.06361589277015538
11371 0.04651127091056204
11511 0.054015894862379885
11512 0.09124104014750382
11523 0.13811930492461508
11581 0.0714288766612725
11957 0.03895055530416469
11965 0.06361589277015538
12016 0.12293587853619357
12017 0.06087418737066081
12064 0.042788484620152695
12181 0.06087418737066081
12678 0.0533204379128209
12735 0.03437262237436432
12834 0.018157075340916564
12877 0.030029387183407252
12947 0.08559327959725781
13332 0.06361589277015538
13336 0.023414761200377894
13411 0.11067746450780215
13504 0.09887071707808542
13764 0.07738559937092905
13874 0.023356580411979914
13952 0.13811930492461508
