10 0.038538707405294144
13 0.026173795851698534
65 0.046304382874414046
108 0.01862831698728517
152 0.03421445101658314
179 0.046304382874414046
210 0.0252270667482604
213 0.03965450370114033
321 0.024382345020896014
322 0.01910411945162808
328 0.022164664192728372
339 0.043853635192142956
341 0.032690649178812974
349 0.04404655701227026
390 0.02422378736494593
401 0.04948660969682745
414 0.04948660969682745
428 0.046304382874414046
439 0.03316645164315588
465 0.03860650432771307
558 0.03860650432771307
590 0.03860650432771307
636 0.020535040477215116
793 0.04948660969682745
865 0.04948660969682745
909 0.04948660969682745
947 0.028498989827313078
1001 0.043853635192142956
1010 0.022164664192728372
1027 0.017618884458198692
1111 0.041467486334282676
1319 0.009133101209573105
1399 0.03181771290807151
1403 0.024382345020896014
1461 0.013462298919116955
1545 0.016545554227827195
1547 0.1979464387873098
1566 0.01803570826687683
1604 0.02692459783823391
1611 0.056997979654626156
1653 0.00998043113776246
1662 0.03479607535866914
1663 0.04948660969682745
1928 0.027250596494255777
1947 0.036855198530886694
1963 0.010346753356191445
2006 0.01918630174213075
2058 0.023475760951434024
2105 0.023195433401100907
2172 0.044819889374398236
2305 0.04948660969682745
2311 0.018400813028228963
2313 0.04404655701227026
2331 0.03316645164315588
2341 0.02966384004950312
2367 0.07371039706177339
2384 0.017551516344727926
2425 0.04385755598494505
2460 0.03768210336744344
2479 0.037725226206867135
2542 0.027484892610404182
2595 0.03316645164315588
2608 0.022924774268412055
2671 0.04229525121544389
2692 0.024709406387204265
2744 0.023195433401100907
2760 0.07000303694240627
2770 0.018783734680388735
2793 0.02716547224368776
2797 0.02966384004950312
2850 0.02487819433401872
2895 0.022535520758684
3020 0.02505069220150267
3120 0.02966384004950312
3151 0.020535040477215116
3208 0.01832642065105087
3220 0.032625987786804304
3256 0.1483192002475156
3301 0.027975573443241187
3321 0.012212733930159862
3328 0.02454417213618527
3341 0.017095468074126804
3343 0.028774398332025945
3388 0.08899152014850938
3430 0.026801997998329052
3432 0.007690714386431547
3512 0.016486764911514285
3517 0.0412675259988077
3519 0.10995852390630521
3523 0.023475760951434024
3590 0.047532946671216124
3666 0.01847591730499756
3668 0.0314151458463295
3734 0.012923476012125765
3738 0.022044839925846986
3745 0.024382345020896014
3746 0.020341244531450083
3751 0.020535040477215116
3852 0.01910411945162808
3882 0.024709406387204265
3897 0.02702309253519957
3908 0.03510303268945585
3984 0.009904109592743234
4030 0.01862831698728517
4079 0.02093760753895713
4103 0.027484892610404182
4219 0.013035864620440369
4236 0.026801997998329052
4304 0.023915969989554753
4307 0.03031824701857591
4498 0.03542427750529966
4527 0.04229525121544389
4566 0.0722051090155271
4577 0.011017481887656146
4685 0.21964187905981455
4686 0.08549696948193924
4702 0.022286346274041493
4722 0.022409944687199118
4734 0.01996744355089223
4758 0.026377660223514315
4820 0.026801997998329052
4826 0.03421445101658314
4881 0.028341173664776568
4887 0.01810738307580402
4985 0.016199247887510673
5223 0.012703414762996872
5288 0.03542427750529966
5421 0.02125369067291137
5517 0.03224205068288624
5571 0.017484721583854862
5624 0.04229525121544389
5685 0.03285682538906413
5687 0.022535520758684
5800 0.045071041517368
5816 0.2656880765955289
5938 0.015446090164871758
5962 0.047440913965062545
5978 0.12688575364633167
6067 0.01996744355089223
6102 0.029802383693785777
6207 0.01910411945162808
6294 0.01969833134577914
6297 0.028232919023916087
6315 0.010320012829368215
6412 0.041467486334282676
6495 0.03031824701857591
6519 0.015344162277300425
6597 0.04086433018985684
6601 0.04908834427237054
6606 0.02064002565873643
6618 0.025407496235449425
6619 0.027975573443241187
6645 0.026801997998329052
6681 0.014901191846892889
6702 0.35829040113457544
6720 0.034064857767124715
6755 0.02422378736494593
6757 0.03316645164315588
6813 0.02140586896305598
6821 0.01625591482704811
6859 0.02702309253519957
7006 0.0185517472381885
7078 0.022663138806772093
7099 0.0089740845999648
7100 0.09314158493642584
7158 0.03860650432771307
7202 0.03066711943281759
7245 0.01597658509465928
7401 0.01775538071654371
7402 0.027726398958598686
7406 0.0412675259988077
7422 0.02716547224368776
7448 0.051184343019225066
7466 0.028341173664776568
7479 0.01350223965178163
7491 0.011718965024479474
7501 0.026586961614619375
7670 0.03768210336744344
7671 0.012776085069508662
7674 0.044329328385456744
7675 0.046304382874414046
7714 0.020535040477215116
7728 0.03965450370114033
7733 0.026586961614619375
7752 0.04948660969682745
7795 0.04229525121544389
7857 0.062830291692659
7892 0.01969833134577914
7906 0.028774398332025945
8040 0.031032224194169726
8041 0.03224205068288624
8124 0.012667330391246828
8166 0.03316645164315588
8173 0.05404618507039914
8194 0.03610717211737478
8281 0.04948660969682745
8419 0.03316645164315588
8433 0.022448836031374684
8463 0.016199247887510673
8498 0.026173795851698534
8563 0.03224205068288624
8617 0.04948660969682745
8658 0.009366006639613468
8688 0.014170586832388284
8706 0.012923476012125765
8744 0.009209103280196305
8893 0.04294342810915068
8931 0.06325455195341671
8935 0.03768210336744344
8993 0.06842890203316628
8995 0.016785216728478818
8996 0.04311139753485304
8997 0.03719733224598615
9026 0.03421445101658314
9043 0.08809311402454052
9079 0.031032224194169726
9094 0.02203496377531229
9187 0.03768210336744344
9250 0.028232919023916087
9258 0.046304382874414046
9298 0.04941881277440853
9381 0.032690649178812974
9409 0.032174253760467314
9645 0.025406829525993744
9652 0.011655415389569612
9719 0.012849434547604734
9722 0.01918630174213075
9725 0.012246783168077955
9757 0.07314703506268805
9781 0.035788585925823124
9858 0.04404655701227026
9867 0.023334345647468755
9899 0.022535520758684
9944 0.4153912124611412
9957 0.022286346274041493
9961 0.03756746936077747
9964 0.027726398958598686
9989 0.023915969989554753
10005 0.024709406387204265
10040 0.033328941400489066
10156 0.025625348239204423
10162 0.020835013437130467
10174 0.022409944687199118
10234 0.01978701406370321
10275 0.03768210336744344
10290 0.03316645164315588
10316 0.014712066140498147
10362 0.031843785258429326
10516 0.02824028627971867
10567 0.03932242702271838
10569 0.04294342810915068
10613 0.024068369671842366
10614 0.014346961379146015
10628 0.015760065513925406
10684 0.026173795851698534
10753 0.07721300865542614
10793 0.0314151458463295
10882 0.032690649178812974
10999 0.02400140455952886
11000 0.03182226822413414
11017 0.11896351110342102
11130 0.04948660969682745
11138 0.020437544353502222
11255 0.019557067042516706
11311 0.017095468074126804
11326 0.03820823890325616
11356 0.02765860203617976
11364 0.05195018632354461
11371 0.016664470700244533
11394 0.03316645164315588
11437 0.033672971708473276
11512 0.032690649178812974
11574 0.02935602267411195
11636 0.020246112008727852
11676 0.03479607535866914
11737 0.046304382874414046
11816 0.036855198530886694
11820 0.03316645164315588
11876 0.017095468074126804
11910 0.035788585925823124
11930 0.021041560542532516
11957 0.013955550448678616
12008 0.036855198530886694
12017 0.021810543809698584
12021 0.02422378736494593
12057 0.015046088338331591
12058 0.04948660969682745
12064 0.02044085040896974
12080 0.13685780406633255
12117 0.01637049112514139
12197 0.08459050243088778
12237 0.16345732075942737
12264 0.026173795851698534
12267 0.03965450370114033
12283 0.03860650432771307
12425 0.04229525121544389
12479 0.046304382874414046
12513 0.016785216728478818
12656 0.0989732193936549
12678 0.2101453139679089
12733 0.014712066140498147
12735 0.02463065606397304
12789 0.04948660969682745
12807 0.012595655582319638
12834 0.006505478007742967
12847 0.04666869129493751
12903 0.025406829525993744
12935 0.027484892610404182
12964 0.03316645164315588
13044 0.046304382874414046
13075 0.029059823860472827
13228 0.04404655701227026
13231 0.04948660969682745
13260 0.04948660969682745
13332 0.09117146535743559
13336 0.041946241667663434
13660 0.036505453608318805
13661 0.054969785220808365
13744 0.02147171405457534
13806 0.01803570826687683
13874 0.03347361121839027
13925 0.02422378736494593
13968 0.036855198530886694
14040 0.018252726804159403
14062 0.029112423432240787
14065 0.016031661370018147
14084 0.029059823860472827
14163 0.025371923012402056
14204 0.03224205068288624
