10 0.18060172504672545
287 0.1087085626846638
297 0.15460416603962704
339 0.0685029216814782
1097 0.07667996024571563
1319 0.028533284145187302
1368 0.07617438618527443
1397 0.04640467644833553
1522 0.15460416603962704
1684 0.19919989317597075
1942 0.048416865867282895
2044 0.0751934764544437
2307 0.15460416603962704
2768 0.2916010671176439
3273 0.08989587051262687
3697 0.07826241078658902
3789 0.1076154088092406
4388 0.09471910330504694
5070 0.07203984610294498
5223 0.03968752067116305
5314 0.14758396451367192
5718 0.1370058433629564
5835 0.15460416603962704
5861 0.10072937685109966
6141 0.12061295857319523
6193 0.0805449389222575
7105 0.08820420164763682
7306 0.2042617420974148
7596 0.07995407965157908
7637 0.12061295857319523
7838 0.1051998053808527
7862 0.04181072386276283
7932 0.08989587051262687
7991 0.0805449389222575
8411 0.04072614775180018
8417 0.08586724624606208
8874 0.0981459925086846
9094 0.06884078782252787
9552 0.0817711680904001
10271 0.08662175110676344
10995 0.08820420164763682
11043 0.08740021246494732
11232 0.09340739624080886
11258 0.5165438757978517
11276 0.08740021246494732
11678 0.14324139920386453
11876 0.05340900499851551
12783 0.14466237517857924
12807 0.03935086357616741
12834 0.020324164622267812
12854 0.0751934764544437
12943 0.22415206565469598
13147 0.11772498058431557
13577 0.08306196470394542
13639 0.15460416603962704
13982 0.049742565651451943
14040 0.05702446829141185
14180 0.08989587051262687
