104 0.07020293641540551
108 0.03943028235443644
535 0.05127413153563952
636 0.04346621569350784
670 0.054981094548184284
717 0.05583320227868499
729 0.048524529775405244
789 0.05627622742980744
797 0.05377967055031602
952 0.060906342295185434
1002 0.03673044336317514
1097 0.2078091409215854
1368 0.05160974817496537
1683 0.06346716408507279
1684 0.13496211572072042
1801 0.05976020107252804
1969 0.079761149464093
2017 0.03673044336317514
2286 0.10474757297943485
2311 0.07789745619526306
2425 0.06188842563509587
2631 0.05976020107252804
2693 0.03502172930378849
2768 0.09878292688101799
2954 0.08171781527008194
3010 0.024339247923845828
3117 0.06568544881952919
3208 0.038791262855916345
3232 0.04797072987316831
3273 0.060906342295185434
3756 0.0391077002066542
3789 0.03645585101849186
3908 0.03715103440066526
4087 0.10474757297943485
4219 0.05518564270395552
4569 0.05817686465445641
4577 0.02332054054919121
4688 0.09323269412475839
4913 0.04592353273348241
4962 0.06568544881952919
4990 0.11060838169364726
4991 0.04770060264304494
5016 0.1473046735413671
5026 0.06824627060941654
5059 0.028327644469911675
5061 0.08649692179442568
5095 0.08952573111221364
5231 0.05339775813011266
5258 0.07020293641540551
5336 0.057199379282640676
5390 0.053778259336296846
5474 0.04476134857513099
5487 0.09761702068444061
5663 0.027997037367323806
5685 0.03477377755718619
5718 0.046412169684327716
5945 0.05583320227868499
6210 0.0748749263931878
6230 0.03393397991144298
6278 0.026889129668148423
6519 0.06495752155164744
7059 0.06824627060941654
7099 0.01899531180893765
7105 0.05976020107252804
7206 0.03729363148754387
7671 0.02704294982841836
7714 0.08693243138701567
7715 0.08171781527008194
7716 0.047434797634520035
7717 0.1316523926386686
7865 0.047264456180854134
7892 0.041695165881354954
8017 0.27554119640089453
8097 0.030749912840963123
8202 0.035919918779843595
8355 0.05817686465445641
8411 0.02759282135197776
8787 0.079761149464093
9094 0.11660270274595606
9239 0.09801180064910214
9426 0.049391463440508994
9552 0.055401685585674404
9647 0.035147106945103514
9708 0.08888864206338665
9908 0.04453835920530683
9957 0.0943463574121052
10218 0.3654380537711126
10382 0.04265569111017629
10506 0.04691561604878589
10645 0.040611360411463786
10657 0.025494772066052343
10887 0.04691561604878589
10999 0.02032136685952334
11000 0.03367886165166349
11043 0.47372385198177097
11232 0.0949282122065711
11258 0.0499956194244074
11303 0.11843096299544274
11356 0.14636138205077018
11365 0.05141460217558443
11378 0.05921548149772137
11617 0.05094516120911289
11648 0.05817686465445641
11678 0.048524529775405244
11892 0.06568544881952919
12057 0.0636956641778372
12151 0.07127507992720448
12406 0.07918790644281745
12733 0.06228162451099969
12735 0.0260676722389994
12807 0.026661037408215005
12819 0.06919581239412204
12854 0.05094516120911289
12865 0.020592934418475997
12943 0.05062257906133066
12957 0.04498737190690681
13147 0.079761149464093
13616 0.06810276586899557
13786 0.02247769885516021
13805 0.08952573111221364
13872 0.0301802870266785
13875 0.04666198579977996
13965 0.04616605468476914
13988 0.06346716408507279
13989 0.0651725703104323
13997 0.04226479169563957
14041 0.0337016340453872
14062 0.0205406116709072
14163 0.04027827992741691
14178 0.04616605468476914
14180 0.060906342295185434
