194 0.02212577706380064
917 0.08875989964492594
940 0.04072720937613541
944 0.0747549572519779
1001 0.0353992043585136
1383 0.057189842218027594
1519 0.022530190717545386
1645 0.05829232441008571
1718 0.02382717393982054
1800 0.04739309939716161
1867 0.05136731386205069
1923 0.06401922550327602
1959 0.09059656880807453
1963 0.016704058165220456
2049 0.041934841982255965
2234 0.03813235108533809
2352 0.027296456347230203
2372 0.03910748997257747
2384 0.028335608264472113
2425 0.21241421562983845
2443 0.06828251453318142
2617 0.034664473784908084
2648 0.022667915466759773
2716 0.09760225843348017
2744 0.1123418686116551
2776 0.10246806810840534
2852 0.034844200942672064
3130 0.017976723688321667
3156 0.07989242405983507
3157 0.028664732020243215
3241 0.041934841982255965
3439 0.04162197294606637
3442 0.03617917685361136
3544 0.1188269365392596
3633 0.01107186111062401
3666 0.029827984363211303
3679 0.04600948407073013
3691 0.04645411046932571
3746 0.03283941542909123
3847 0.06360296050949799
3893 0.044762193991934464
4154 0.043994046558055284
4188 0.03110892798682726
4219 0.042090853692472306
4222 0.03962472718407729
4384 0.022259152528779042
4450 0.0336365683365515
4489 0.03289442770693084
4650 0.062327309025884764
4775 0.29749978508103136
4881 0.022877350849566467
4928 0.022947939066540784
4990 0.1406042400074812
5022 0.06083493292714558
5086 0.13194479947000548
5130 0.042922657761174175
5138 0.05949995701620627
5197 0.04044246588351678
5247 0.02777071589956924
5260 0.04411922430025397
5268 0.05949995701620627
5358 0.05732946404048643
5360 0.16648789178426548
5390 0.020508711456917204
5455 0.03180148025474899
5622 0.10410475082034082
5663 0.02135372799719593
5847 0.07924945436815457
5962 0.07658980155445791
5963 0.2575359465670451
6026 0.06083493292714558
6067 0.09670782524798648
6068 0.032534086144493386
6106 0.06401922550327602
6196 0.05829232441008571
6206 0.045164467530451405
6230 0.05176383253586587
6278 0.020508711456917204
6429 0.029586633214975316
6519 0.02477200048682261
6606 0.01666088758793434
6619 0.045164467530451405
6673 0.06828251453318142
6730 0.05277660407503044
6755 0.03910748997257747
6775 0.020450455941992084
6967 0.20221232941758388
7053 0.06828251453318142
7062 0.055236667986300864
7099 0.08692792375168755
7100 0.03007402223322296
7206 0.028444369036779826
7284 0.11931193745284521
7468 0.049088229578309335
7566 0.026711557788516492
7580 0.02904868942389501
7614 0.05205237541017041
7718 0.10684623115406597
7891 0.02135372799719593
8042 0.041934841982255965
8074 0.03032493245560232
8154 0.04044246588351678
8268 0.18565709091079113
8293 0.04690676846470736
8744 0.007433703672363606
8795 0.08693549230027796
8835 0.06401922550327602
8970 0.039891485503802414
8996 0.013920024324832326
9105 0.044787893816611864
9112 0.05617565691413676
9269 0.05277660407503044
9375 0.1850516532197788
9383 0.06718184072491779
9497 0.14482373093175252
9600 0.043626758459647225
9642 0.15978484811967014
9673 0.06083493292714558
9719 0.06223334838022728
9720 0.0543624902083491
9725 0.05931454186660479
9730 0.04101849926630398
9753 0.07989242405983507
9783 0.019391640256711834
9827 0.04628930773059185
9905 0.020277279412356977
9918 0.03701033064395576
9961 0.03032493245560232
10041 0.05949995701620627
10174 0.03617917685361136
10209 0.03431249136846112
10327 0.1358800926588812
10331 0.14793316607487655
10371 0.03962472718407729
10516 0.03039455104929887
10519 0.08386968396451193
10574 0.07117948513655646
10636 0.05205237541017041
10666 0.055236667986300864
10679 0.045164467530451405
10732 0.021479180033681277
10789 0.05617565691413676
10950 0.07407155266606238
10999 0.038748469593067915
11108 0.060904551520842114
11262 0.053233293683076895
11320 0.03813235108533809
11339 0.06862498273692225
11430 0.041934841982255965
11525 0.0336365683365515
11576 0.026616646841538447
11606 0.039891485503802414
11714 0.0818893690416906
11745 0.042922657761174175
11752 0.04691490860231325
11861 0.03813235108533809
11869 0.03744728953721837
11905 0.0279096672433612
11941 0.05136731386205069
11955 0.0336365683365515
11956 0.09901953378622111
11995 0.09789307703227774
12141 0.0747549572519779
12182 0.03315228446528081
12183 0.039891485503802414
12215 0.046180612638246854
12245 0.03124444320561908
12436 0.07110986654285992
12472 0.08952438798386893
12585 0.06597239973500274
12611 0.02352726521238604
12614 0.05846602691793447
12695 0.0282277731269806
12733 0.04750305725503648
12735 0.07952869801307227
12763 0.029467660019953004
12764 0.02460955528514915
12788 0.06597239973500274
12834 0.010502606884784271
12865 0.0628260646963253
12877 0.017369914628684077
12991 0.07110986654285992
13079 0.018169435421065482
13080 0.05949995701620627
13112 0.022877350849566467
13201 0.12803845100655203
13336 0.013543812952876953
13438 0.05136731386205069
13653 0.0747549572519779
13660 0.029467660019953004
13676 0.02469051755535413
13709 0.030452275760421057
13754 0.016320718105567032
13786 0.034288104206066886
13860 0.04162197294606637
13993 0.04072720937613541
14072 0.037942004772226035
14162 0.055236667986300864
14163 0.010240267240666638
14178 0.07042297808216028
14212 0.05400126470706562
