729 0.18319123377162883
797 0.20303059597988338
1683 0.23960310685223526
1684 0.16983765122328887
1919 0.16409493749104415
2954 0.3085035026560098
3117 0.2479776407064058
3443 0.1095166762347094
8107 0.22773463531565719
8688 0.11323676537439777
8931 0.1263663414778375
9094 0.08804039143091229
9426 0.18646410727382626
9552 0.2091540749069072
10218 0.22993541701927758
11043 0.22355202954376374
11299 0.2885314084553738
11365 0.09705096010221073
12192 0.23960310685223526
13098 0.35197481240146117
13874 0.06687167413397505
14168 0.3085035026560098
