49 0.03970282785982629
98 0.08912554379022387
108 0.03354965902008222
213 0.07141788915723911
336 0.03928085979841346
465 0.06953043890310487
522 0.08339434301189262
583 0.052870291587506
590 0.06953043890310487
917 0.03300594274410377
968 0.02848041305816437
1008 0.0384729324593234
1171 0.11315755813366249
1194 0.04036038271345763
1319 0.016448744757039575
1397 0.026751168023552666
1403 0.04391268208069484
1440 0.05233683656811117
1519 0.05026798280384615
1709 0.06064513073205951
2065 0.07359679056833313
2228 0.06064513073205951
2316 0.19912899453117225
2331 0.05973288645954538
2412 0.06637633151039074
2575 0.029483307354853962
2793 0.024462551595973665
2895 0.040586545623519495
3020 0.04511637751016877
3181 0.04643219949944037
3182 0.05523158108171703
3256 0.053424671674117116
3341 0.09236697953987998
3417 0.045434028638157535
3430 0.0482704849028829
3432 0.01385100143301901
3519 0.06601188548820754
3642 0.05038409806707898
3745 0.04391268208069484
3865 0.076328888509415
3984 0.035674666687372736
3985 0.030230229505060314
4030 0.06709931804016445
4144 0.047139090809174757
4155 0.05233683656811117
4190 0.045434028638157535
4219 0.0234776342568275
4298 0.040586545623519495
4332 0.07141788915723911
4566 0.17338884585456688
4685 0.17980715141695774
4722 0.04036038271345763
4734 0.10788429085017465
4735 0.0448057082940647
4784 0.0384729324593234
4799 0.052870291587506
4842 0.04866867687740598
4948 0.05460326073762419
4985 0.029174897731165095
5076 0.0626678440310655
5106 0.10364556854024022
5358 0.031977497978930305
5434 0.04280349518766327
5491 0.05806803734644239
5503 0.0678655897900019
5816 0.22084850007732254
5901 0.17825108758044775
5962 0.05696082611632874
6032 0.04950038030338579
6068 0.03629403104822937
6102 0.02683709461232138
6151 0.042539284124551664
6251 0.07617388395395024
6297 0.10169515657700001
6314 0.07932799134666436
6387 0.0626678440310655
6606 0.037172752830489215
6618 0.045758982726951045
6702 0.09218316698357774
6737 0.03770869875726155
6813 0.019276019546727485
6846 0.053424671674117116
7023 0.12129026146411902
7068 0.07932799134666436
7099 0.016162355329882545
7100 0.06709931804016445
7161 0.056578779066831245
7201 0.013146626793873168
7406 0.037161473760817465
7408 0.04866867687740598
7448 0.04609158349178887
7466 0.05104254524609954
7491 0.04221178766798028
7501 0.0478832036817562
7536 0.03770869875726155
7580 0.032405829110391776
7651 0.04362711923055762
7699 0.05400168568121414
7857 0.22631511626732498
7892 0.035476758333378614
7906 0.05182278427012011
8264 0.024609028350535647
8412 0.032354450459865465
8463 0.029174897731165095
8563 0.05806803734644239
8658 0.03373641637656632
8688 0.02552127262304977
8706 0.02327522201050003
8737 0.03663464705588088
8744 0.01658562473154124
8893 0.07734125263161457
8993 0.061620336713679606
8996 0.06211501288756295
9029 0.17825108758044775
9187 0.0678655897900019
9244 0.05806803734644239
9298 0.22250860328530395
9515 0.045434028638157535
9584 0.040586545623519495
9597 0.06502913352527653
9661 0.050847578288500006
9719 0.02314187309391655
9783 0.021632720538926734
9944 0.3740604571932625
10003 0.033275186700387
10025 0.05182278427012011
10079 0.030451091503631893
10116 0.0678655897900019
10234 0.07127295238919608
10333 0.0482704849028829
10499 0.055452748010345526
10548 0.04643219949944037
10556 0.05182278427012011
10567 0.11331170878010982
10569 0.03867062631580728
10613 0.04334721146364172
10614 0.025838923751038537
10656 0.07359679056833313
10679 0.05038409806707898
10794 0.04202523182656061
10856 0.08560699037532654
10999 0.00864532141604482
11000 0.05731200778331238
11047 0.04036038271345763
11245 0.036463313075402154
11255 0.05283351130087351
11262 0.029692716819404465
11371 0.030012765518482542
11512 0.05887596468553245
11676 0.0626678440310655
11705 0.05182278427012011
11878 0.0478832036817562
11957 0.025133991401923076
12017 0.11784257939524038
12057 0.027098053661079934
12064 0.03681403756278827
12117 0.029483307354853962
12164 0.052870291587506
12180 0.07932799134666436
12329 0.05887596468553245
12347 0.05400168568121414
12487 0.07932799134666436
12554 0.05588913593534837
12678 0.13762632317638057
12770 0.04450172065706079
12807 0.04536963271664881
12810 0.037161473760817465
12866 0.11046316216343406
12932 0.04750625120082105
12968 0.04334721146364172
13038 0.05400168568121414
13064 0.039918631751232364
13161 0.07932799134666436
13211 0.07932799134666436
13336 0.015109063326382292
13410 0.08339434301189262
13428 0.050847578288500006
13557 0.04450172065706079
13600 0.04609158349178887
13786 0.038250759929537706
13858 0.03770869875726155
13872 0.025679205889819107
14062 0.01747718952221303
14163 0.011423728809356066
