11 0.03076938119614925
108 0.037108535578022045
213 0.07899374712310107
390 0.048254991359664476
416 0.09857979214245913
447 0.09857979214245913
465 0.07690608015559593
522 0.09224063776058632
583 0.0584786598045895
590 0.07690608015559593
1008 0.042554059404987146
1319 0.01819359265812624
1397 0.02958887509889264
1440 0.057888617009977536
1709 0.067078237369189
2105 0.04620645902686223
2228 0.067078237369189
2316 0.2202521752531854
2331 0.06606922416216433
2371 0.03872174665387193
2412 0.07341739175106181
2575 0.03261083396646324
2648 0.027970091298549413
2744 0.04620645902686223
2793 0.027057487102477382
2895 0.044891880163606415
2935 0.04734399902795808
3020 0.049902226993884614
3130 0.022181598636560752
3157 0.035369603033430626
3168 0.05523236816873273
3181 0.05135762858452377
3182 0.06109042987216276
3256 0.11818369470619214
3341 0.06811004834034963
3388 0.05909184735309607
3417 0.05025357387873116
3430 0.053390915398418747
3432 0.015320286240785783
3519 0.07301428606905297
3633 0.013661642887416288
3642 0.055728736157038
3734 0.02574420811686942
3745 0.048570846110311434
3865 0.08442569485391933
4030 0.037108535578022045
4144 0.052139505422716705
4190 0.05025357387873116
4219 0.02596809182429471
4566 0.09589078314290728
4678 0.048893213786859936
4685 0.1591045696540762
4722 0.04464172637249229
4734 0.03977614241351905
4784 0.042554059404987146
4808 0.02754865666067639
4842 0.05383134673170376
4962 0.061817736747796684
4985 0.03226970890506062
5076 0.06931551579802109
5154 0.06606922416216433
5434 0.04734399902795808
5491 0.06422777139185033
5590 0.07690608015559593
5663 0.026348506660076057
5798 0.027138284586700215
5816 0.2849882464427121
5847 0.048893213786859936
5962 0.031501554773270116
6032 0.05475127549028996
6041 0.19715958428491825
6068 0.04014402476093349
6151 0.04705176101654594
6234 0.07341739175106181
6387 0.06931551579802109
6419 0.0451461016738538
6488 0.03789434309590898
6606 0.0411159594831509
6618 0.05061299840695066
6846 0.05909184735309607
7068 0.08774293614902753
7100 0.07421707115604409
7161 0.0625805357576302
7406 0.04110348395372897
7408 0.05383134673170376
7448 0.05098088075436509
7466 0.028228515007021414
7491 0.04668952443157556
7501 0.05296255220807223
7536 0.04170875741530343
7580 0.01792168531069811
7651 0.048254991359664476
7857 0.0625805357576302
7906 0.05732003513623788
8041 0.06422777139185033
8264 0.02721950179999675
8412 0.035786541832767846
8463 0.03226970890506062
8563 0.06422777139185033
8658 0.037315103758145694
8688 0.028228515007021414
8706 0.02574420811686942
8737 0.04052077259109218
8744 0.018344992569543323
8893 0.0427727242057977
8976 0.04344768995989484
8996 0.05152803112591318
9043 0.2632288084470826
9094 0.021947372856461412
9244 0.06422777139185033
9298 0.24611184323769794
9597 0.07192728586559435
9708 0.02788489066044033
9719 0.051193427660986626
9781 0.035646323149374694
9783 0.023927473578424573
9944 0.4137399958604216
10003 0.0368049478177263
10025 0.05732003513623788
10234 0.07883343577059913
10499 0.030667528859373117
10548 0.05135762858452377
10556 0.05732003513623788
10567 0.04699934030055539
10569 0.0427727242057977
10679 0.055728736157038
10794 0.04648317914280629
10999 0.00956239874624958
11000 0.05071323505498236
11047 0.04464172637249229
11194 0.07690608015559593
11245 0.04033126386593604
11255 0.03895865196218994
11371 0.03319645592733995
11503 0.061817736747796684
11505 0.04705176101654594
11511 0.03855272578173361
11512 0.06512140194675803
11705 0.05732003513623788
11878 0.05296255220807223
11957 0.02780015181667491
11965 0.04540452538232581
12017 0.08689537991978968
12057 0.02997255762794548
12064 0.05089899057735716
12117 0.03261083396646324
12164 0.0584786598045895
12181 0.08689537991978968
12329 0.06512140194675803
12347 0.059730069780291536
12375 0.07899374712310107
12513 0.03343698803164626
12678 0.19028178896714174
12807 0.05018234697466768
12866 0.12218085974432552
12928 0.04170875741530343
12932 0.052545613408735016
12968 0.04794539157145364
13038 0.059730069780291536
13064 0.04415311540662377
13161 0.08774293614902753
13336 0.033423601334489586
13428 0.056241381375757404
13600 0.05098088075436509
13786 0.04230831928521196
13872 0.028403201499225556
14062 0.038662265318444175
14065 0.03193586821236611
14163 0.012635533693559013
