57 0.0764649607439084
60 0.06748150412172094
65 0.0764649607439084
92 0.08171994599474323
124 0.06086100567448421
179 0.0764649607439084
390 0.040002065354225166
452 0.07273648937255575
917 0.030263421055834343
1015 0.06375303275036827
1107 0.021526836437240633
1171 0.051877549052296724
1196 0.05962574873347873
1230 0.03312491716749607
1241 0.04951459087734598
1258 0.08171994599474323
1397 0.024528366540197407
1445 0.05560602042364938
1519 0.02304556396123544
1617 0.04898552197641264
1659 0.05962574873347873
1665 0.051877549052296724
1682 0.10508466013142709
1709 0.05560602042364938
1940 0.02517249354395404
2105 0.038303888192691246
2265 0.05560602042364938
2311 0.03038626925826039
2371 0.03209926676254004
2436 0.06222651887088612
2542 0.04538730686045644
2659 0.024217923235050384
2793 0.022429915266737092
2848 0.022231030724779204
2850 0.041082723384727515
2879 0.052542330065713544
2895 0.037214138342581485
2935 0.039246877678021826
3049 0.07273648937255575
3227 0.03582773813389269
3256 0.04898552197641264
3308 0.040803994613798494
3341 0.028230681720394005
3432 0.012700097423737485
3480 0.08171994599474323
3519 0.09079026316750304
3602 0.05064229211129125
3633 0.011325127540802268
3666 0.03051029305942811
3677 0.0547695761281808
3751 0.03391063580792176
3761 0.062037217464075374
3865 0.023328862417227564
3881 0.1149213258519811
3984 0.0654207920892898
3985 0.08315504009861202
3986 0.044259605626511156
4030 0.030761958992545323
4146 0.06086100567448421
4332 0.06548365145154171
4381 0.06375303275036827
4406 0.0547695761281808
4556 0.06548365145154171
4566 0.0794908312294656
4685 0.16486665975186077
4722 0.03700676770549712
4734 0.0659466639007443
4742 0.05962574873347873
4784 0.03527614900432368
4824 0.04165883548910378
4864 0.037214138342581485
4887 0.02990171232432794
4899 0.05819005566283209
4922 0.021158269752499584
4948 0.050066180006914984
4962 0.10249041915703884
4990 0.0287641063223661
5049 0.034405997568089736
5106 0.04751673820716675
5160 0.04390450428149447
5185 0.04355887344352606
5223 0.02097784379937996
5358 0.029320431570503763
5395 0.05064229211129125
5662 0.13496300824344187
5663 0.02184218991040201
5685 0.027129136677604786
5816 0.33749635124841526
5962 0.052227851142187705
6039 0.09695441260760615
6044 0.0434302525241431
6210 0.02920723968665596
6297 0.13986769140438574
6310 0.018436936993893996
6481 0.047988076997863824
6519 0.07601596393352979
6594 0.06984446229667168
6633 0.040002065354225166
6702 0.2113087647816597
6723 0.03209926676254004
6943 0.06748150412172094
7006 0.03063551517674656
7099 0.014819396870268838
7100 0.061523917985090645
7153 0.035457416131438
7201 0.012054250509113905
7233 0.03876680841321971
7235 0.06748150412172094
7401 0.029320431570503763
7406 0.03407366170990117
7454 0.06375303275036827
7469 0.044624711131282684
7479 0.02229698704177776
7580 0.01485658595839375
7598 0.02517249354395404
7633 0.021037707131301382
7693 0.041599790337689485
7694 0.07273648937255575
7699 0.04951459087734598
7733 0.04390450428149447
7770 0.1149213258519811
7857 0.051877549052296724
7892 0.03252893224299479
8040 0.05124520957851942
8097 0.023989875328184675
8124 0.020918255702140464
8182 0.041082723384727515
8433 0.018535495554935888
8451 0.043222221052968246
8567 0.07849375535604365
8683 0.10921155071480688
8706 0.021341242979572777
8744 0.02281124411213913
8888 0.07273648937255575
8895 0.051877549052296724
8993 0.11300038965870846
8995 0.027718346699537336
8996 0.05695376749208919
8997 0.02047532993209801
9044 0.08171994599474323
9079 0.05124520957851942
9094 0.01819377060528441
9103 0.04619759496476896
9298 0.040803994613798494
9594 0.037424881007346866
9602 0.040531134255158495
9616 0.08171994599474323
9628 0.06548365145154171
9645 0.02097784379937996
9719 0.06365692277524712
9944 0.3429791175530015
9961 0.031018608732037687
10079 0.027920856887167073
10116 0.06222651887088612
10438 0.04390450428149447
10567 0.025974110025846348
10657 0.019890020714800973
10664 0.044624711131282684
10794 0.07706656316995855
10824 0.0764649607439084
10924 0.022231030724779204
10999 0.04756179895334618
11000 0.010509970501669635
11125 0.0764649607439084
11132 0.07273648937255575
11255 0.048443482155714264
11328 0.038303888192691246
11371 0.11007580870849346
11462 0.13968892459334337
11505 0.07800924075135268
11511 0.03195915309174666
11528 0.053983857487755096
11747 0.1012845842225825
11842 0.02920723968665596
12016 0.07273648937255575
12017 0.07203388848676029
12019 0.08171994599474323
12064 0.008438773648777166
12175 0.023691922244728818
12396 0.06748150412172094
12513 0.05543669339907467
12554 0.05124520957851942
12614 0.02990171232432794
12678 0.25238142106376815
12791 0.0764649607439084
12794 0.05324306224869863
12865 0.03213159867449231
12900 0.09115880777478116
12964 0.1095391522563616
12995 0.05650019482935423
13332 0.03763910717927443
13614 0.03038626925826039
13728 0.041082723384727515
13754 0.06677620402072047
13792 0.07273648937255575
13844 0.08171994599474323
14040 0.030141726374687063
14044 0.04165883548910378
14065 0.026473959509250522
