194 0.026564653462963408
483 0.03509774458887257
898 0.09390647984314314
971 0.03289293282834195
1033 0.04997217881066208
1107 0.02526756323804238
1171 0.060892331074058045
1190 0.06526870037623313
1241 0.05811876073136117
1665 0.060892331074058045
1768 0.050347815675378826
2105 0.044959969849419815
2253 0.06998693844918343
2552 0.05073296333757589
2680 0.06428690682786531
2744 0.044959969849419815
2751 0.09592045302390295
2794 0.08975230692739881
2895 0.043680853740948794
2976 0.15372554243477574
2978 0.08198136187141648
3010 0.022288169746660775
3014 0.054724184977553915
3130 0.02158321643586517
3227 0.04205353822487617
3250 0.050347815675378826
3259 0.1918409060478059
3332 0.028247308354236465
3352 0.09592045302390295
3444 0.08975230692739881
3519 0.10656692276505493
3579 0.0792077915287196
3633 0.026586198780334788
3642 0.054225369139628006
3865 0.027382727978512326
3985 0.03253497466413225
3986 0.15585184390457113
3992 0.03888104700032317
4219 0.02526756323804238
4264 0.07303964543221549
4566 0.09330398411261102
4685 0.1548124830425455
4686 0.110479826025937
4705 0.08537593762522373
4722 0.04343744822702117
4758 0.051128115945923945
4864 0.08736170748189759
4997 0.042500997544038646
5066 0.06998693844918343
5372 0.1584155830574392
5442 0.06744562483275923
5491 0.18748539010060875
5571 0.16945416402486876
5644 0.05153380719000643
5647 0.052820138152809636
5663 0.05127543161554841
5697 0.03999465525353111
5746 0.03671605861351436
5816 0.23768593465109264
5847 0.04757424533268195
5856 0.07303964543221549
6039 0.05690110943408003
6044 0.02548857225949639
6068 0.07812215784969216
6092 0.09592045302390295
6102 0.08664944403991094
6155 0.0496055943235253
6207 0.03702972993400274
6297 0.21889673991021566
6486 0.05374239142918608
6702 0.0496055943235253
6720 0.0330141487690851
6813 0.020745618470184534
7006 0.07191812130084406
7099 0.06957827707955831
7100 0.03610747665762629
7201 0.014148922342315254
7233 0.04550333189801773
7242 0.022591822943590353
7468 0.039290877908242594
7491 0.022715001916799517
7533 0.03402030184239254
7566 0.03207043413940887
7580 0.017438220720426716
7633 0.02469343774099447
7693 0.14648580660395583
7699 0.05811876073136117
7714 0.03980330027669961
7857 0.060892331074058045
7865 0.02164073075796242
7892 0.0381814975420152
7911 0.05577374042002944
7980 0.09592045302390295
8115 0.05234308642967028
8124 0.024553229190193357
8166 0.06428690682786531
8230 0.11753239944011903
8344 0.03003908514856552
8433 0.021756415878766713
8484 0.04296201828159355
8706 0.025049719132529652
8744 0.017850108625181705
8872 0.04183464926754297
8895 0.060892331074058045
8996 0.0334253229903667
8997 0.024033336035575194
9103 0.054225369139628006
9204 0.027808876854466553
9206 0.08537593762522373
9402 0.039243266971557327
9531 0.034821145694823086
9588 0.05749775532025079
9708 0.02713265352402187
9719 0.024906203727798542
9842 0.05811876073136117
9859 0.060892331074058045
9944 0.15483797429680246
9966 0.036257354915043095
10062 0.09592045302390295
10079 0.032772675126399434
10499 0.029840225845309907
10522 0.04550333189801773
10567 0.030487641300352156
10580 0.054724184977553915
10708 0.04695323992157157
10761 0.4068313251195282
10794 0.045229225021350225
10922 0.05153380719000643
10930 0.024623171934433707
10999 0.03721775425981662
11000 0.0185044382895124
11245 0.039243266971557327
11255 0.018953841675855482
11326 0.03702972993400274
11356 0.026805489945376983
11371 0.06460186255489185
11503 0.12030021944440904
11505 0.045782468538352904
11507 0.08975230692739881
11677 0.06998693844918343
11897 0.06631825581870865
11965 0.0883593391577494
12057 0.02916400251486522
12064 0.00990518265160074
12181 0.08455124550826086
12183 0.04789452074273542
12513 0.0650699493282645
12663 0.09592045302390295
12678 0.07405945986800548
12735 0.023870939052061387
12865 0.03771511916365928
13174 0.05374239142918608
13721 0.1584155830574392
13764 0.05374239142918608
13770 0.04227562275413043
13775 0.041196268046349044
13786 0.020583494164061775
14088 0.047260574012193565
14113 0.04695323992157157
