108 0.06628703412918462
482 0.07307192216486562
762 0.1702052547218556
854 0.09696856785764973
968 0.056271275701185654
1255 0.05866653166334489
1440 0.10340652552466507
1519 0.04965945391172636
1604 0.047904266849113926
1682 0.22644040499090817
2105 0.08253866876698897
2265 0.11982195849437993
3263 0.1760932341955656
3751 0.07307192216486562
3984 0.035242800036174055
4252 0.1760932341955656
4566 0.08564492664367948
4685 0.1421043686377011
4686 0.10141085276892213
4899 0.0626950677399324
5223 0.0452038522066551
5365 0.11982195849437993
5469 0.1760932341955656
5517 0.22946033347727066
5590 0.13737744916657585
5685 0.05845889103744969
5816 0.1454499835923999
6109 0.034884749804517466
6315 0.03672275080464207
6462 0.3521864683911312
6481 0.10340652552466507
6702 0.18213445127174255
6866 0.05336709928170509
6928 0.2326529207442892
7401 0.0631807762524941
7772 0.1647695929815953
7857 0.11178770719385535
7865 0.03972861000328496
8041 0.11473016673863533
8124 0.1352263485547346
8688 0.05042463973692509
8744 0.0163848442092278
8919 0.1311455997083502
8996 0.09204460118539538
8997 0.06618152444440571
9244 0.11473016673863533
9266 0.1760932341955656
9853 0.09615901739161588
9916 0.09041007683334541
9944 0.22740442782036702
10018 0.12381841238991752
10037 0.07041014373175009
10567 0.08395499380463926
10930 0.0452038522066551
10994 0.09041007683334541
10999 0.03416265515068888
11047 0.07974358442190099
11124 0.1760932341955656
11255 0.03479594993468561
12092 0.10239086684984151
12375 0.14110665187883126
12513 0.059728543104880294
12678 0.06798013040912103
12947 0.1091259287607398
13064 0.07887077790270214
13324 0.10555585773562967
13336 0.02985231521358872
13770 0.07761067534315488
14062 0.03453123197608951
