49 0.06060827071203657
79 0.039940414234265406
189 0.1360544166895771
336 0.05996411623044055
339 0.06028378982049186
482 0.05645735221993741
971 0.04665562607439207
1197 0.254610927713366
1665 0.08637021953060496
1689 0.031359381102240694
2105 0.06377161782919706
2234 0.06493825722489346
2265 0.09257770035304462
2311 0.050589682714315354
2313 0.12109798303424335
2316 0.20265330637187748
2372 0.06659888968230035
2560 0.08070903554963786
2608 0.06302748985912014
2895 0.06195730825777644
2917 0.10360007736845514
2926 0.07196008271674374
3020 0.06887231386481675
3256 0.08155532333763413
3281 0.04565183705670279
3321 0.033576686728641066
3341 0.09400174920488533
3388 0.08155532333763413
3519 0.05038515442787335
3666 0.050796168238970305
3734 0.03553074258276045
3751 0.11291470443987482
3865 0.03883990290952305
3985 0.04614789505670508
3991 0.04998182356955969
4298 0.06195730825777644
4493 0.06985328154493296
4566 0.06617159705288021
4685 0.16469054366879757
4722 0.06161205972972584
4734 0.054896847889599185
4747 0.04581592585251747
4857 0.08431365720026444
4900 0.0898769835411081
4948 0.0833544960633523
5067 0.12109798303424335
5106 0.07910996539551407
5421 0.058433149991866266
5517 0.1772872874262427
5662 0.11234903020134923
5793 0.050589682714315354
5816 0.22475721756799746
5962 0.04347671633653249
6039 0.08070903554963786
6050 0.08070903554963786
6072 0.06985328154493296
6207 0.05252329558001414
6297 0.1552425333954217
6310 0.030695403401369014
6443 0.07252057066209115
6487 0.08243616289068167
6488 0.052299691789753744
6606 0.05674598984778136
6702 0.21108303768785988
6729 0.07989469088022724
6796 0.127305463856683
7099 0.02467261049102345
7100 0.05121516339754644
7161 0.08637021953060496
7242 0.03204444094710889
7487 0.18813279810169567
7533 0.09650939245703175
7580 0.04946905218703515
7651 0.06659888968230035
8172 0.11628308684127252
8484 0.06093770570133325
8688 0.038959446554149194
8744 0.012659375765455847
8932 0.08431365720026444
8976 0.05996411623044055
8996 0.04741077297645576
8997 0.034089095832459705
9068 0.1360544166895771
9094 0.030290559017809134
9244 0.08864364371312135
9497 0.035232928111236
9602 0.0674797292353479
9652 0.03204444094710889
9661 0.07762126669771086
9719 0.035327179066731246
9784 0.05933863554720946
9914 0.11234903020134923
9944 0.08784941943131794
10018 0.09566546920497163
10116 0.10360007736845514
10381 0.10614154937890957
10499 0.04232563956153517
10567 0.06486590903079058
10614 0.03944435623426312
10656 0.11234903020134923
10786 0.08864364371312135
10856 0.06534158808320713
10999 0.026394995471161597
11213 0.043774342747120026
11255 0.053768592452174926
11371 0.09163185170503493
11503 0.08531744621795374
11512 0.0898769835411081
11677 0.09927009085559822
11893 0.10902283270618161
12017 0.1199282324608811
12064 0.014049598447282466
12092 0.07910996539551407
12208 0.08531744621795374
12238 0.08155532333763413
12513 0.04614789505670508
12554 0.08531744621795374
12678 0.21009318232005655
12810 0.05672877180702974
12834 0.017885626456384314
12903 0.03492572427438094
12947 0.08431365720026444
13336 0.023064709736136363
13786 0.029195809690628485
13825 0.11234903020134923
13858 0.05756413700675738
13912 0.04150091856460364
14113 0.06659888968230035
