79 0.05049746989626716
194 0.023819499781816016
451 0.17537946840040952
906 0.06156771038171185
919 0.08600816920348685
920 0.10047092600518286
961 0.0444794224330248
968 0.054968487845804014
999 0.07350952399705597
1008 0.03712725155993684
1012 0.17785792179471555
1099 0.03038860212233243
1104 0.05155601868532121
1112 0.04210115858001733
1215 0.0804774305923196
1225 0.06156771038171185
1255 0.11461657808565026
1264 0.2414322917769588
1274 0.04514494368114434
1319 0.06349364557385657
1377 0.08600816920348685
1461 0.023397595640453808
1489 0.039166936154566324
1566 0.0313462218936715
1567 0.024553035635080364
1604 0.046795191280907616
1620 0.03038860212233243
1653 0.06938431347625364
1655 0.06195838265203715
1689 0.03964829693271942
1799 0.07350952399705597
1947 0.0640546638917521
1963 0.017982749653248323
2114 0.125384887574686
2172 0.03894868382185755
2176 0.03038860212233243
2204 0.07929659386543884
2209 0.04007663850033075
2262 0.06275458731071012
2425 0.025408274542102226
2571 0.1065994544108125
2597 0.026235223470536584
2659 0.025488749582522455
2785 0.08600816920348685
2800 0.0804774305923196
2907 0.04384486710010238
3010 0.01998494183851631
3014 0.049069065175280965
3024 0.08600816920348685
3092 0.19883795758465986
3136 0.08600816920348685
3142 0.03518792331960958
3184 0.031980777226593926
3193 0.0486217962598702
3214 0.04265799017110409
3228 0.06275458731071012
3236 0.03038860212233243
3257 0.07621800925343289
3321 0.02122584054024809
3339 0.05529946893171027
3353 0.036035430623881586
3588 0.0640546638917521
3691 0.05001016104419205
3882 0.04294516877369816
3915 0.05097749916504491
3919 0.04818872878227134
3931 0.0486217962598702
3984 0.03442686168566313
4126 0.0640546638917521
4283 0.04237673320080889
4384 0.023963085105386427
4532 0.04818872878227134
4549 0.06709844899287909
4569 0.047768988594239004
4598 0.05946502114949593
4808 0.04807089712618082
4817 0.03027349190514994
4827 0.08682644823826093
5247 0.014948278639056256
5528 0.031851482611283205
5844 0.03349030866839428
5903 0.0314707933511143
5929 0.060475889445656586
5962 0.027484243922902007
5970 0.09793889542414036
6102 0.07769521316288593
6109 0.017038550501469515
6165 0.06709844899287909
6210 0.030739878524862152
6304 0.037511515837761175
6488 0.03306177667871293
6528 0.029602513373586454
6693 0.03349030866839428
6696 0.038733868676967466
6712 0.0972435925197404
6771 0.0526933838365969
6775 0.022015933245810432
6813 0.0744071825086137
6821 0.028252925014821906
6831 0.05155601868532121
6866 0.026065774337602345
6923 0.04415845515874133
6935 0.0526933838365969
7047 0.054599803786448214
7201 0.012686792738161841
7233 0.04080108199897537
7328 0.06549183187584848
7396 0.05681663995914085
7418 0.026235223470536584
7530 0.060475889445656586
7580 0.015636179678555736
7641 0.04183104124266973
7693 0.02189136178836762
7862 0.023259811844831228
7891 0.0229883505516437
7901 0.05001016104419205
8020 0.08831691031748266
8027 0.03621143925671921
8097 0.02524873494813358
8250 0.03700941990384631
8293 0.05049746989626716
8301 0.04514494368114434
8389 0.05155601868532121
8433 0.039016277325047526
8480 0.08600816920348685
8673 0.02122584054024809
8688 0.024628606353505958
8744 0.008002751835172572
8758 0.11953038668290894
8761 0.08600816920348685
8931 0.027484243922902007
8981 0.030979191326018576
8997 0.03232464767066268
9051 0.0640546638917521
9126 0.028859268383631245
9204 0.02493514688949462
9347 0.15466805605596362
9387 0.0444794224330248
9409 0.02795957005722703
9469 0.1720163384069737
9497 0.033409275306065335
9652 0.020257215943958563
9680 0.051021029340352714
9682 0.0804774305923196
9853 0.046966375943065054
9859 0.054599803786448214
9890 0.05834571288454042
9906 0.03004614531262953
9932 0.03038860212233243
9959 0.047768988594239004
10005 0.04294516877369816
10048 0.03278338987776787
10068 0.026235223470536584
10108 0.04620837651166455
10136 0.06709844899287909
10156 0.08907416777015797
10180 0.08707665312822743
10234 0.034390006994798494
10286 0.08600816920348685
10316 0.025569702222417053
10361 0.028962998767827635
10445 0.029822525881765267
10567 0.06834272902470719
10568 0.04953149860563462
10582 0.04031387021523915
10614 0.02493514688949462
10628 0.05478226896867553
10672 0.041566169235048835
10785 0.039166936154566324
10887 0.07704476826784368
10999 0.04171465527996436
11000 0.04424590888933799
11003 0.08124931627430455
11042 0.0640546638917521
11048 0.05393428253832869
11097 0.023819499781816016
11255 0.08497589255061398
11259 0.03363619754339907
11325 0.027863170505574596
11328 0.04031387021523915
11332 0.1557947352874302
11365 0.021108249469015468
11482 0.07082074972022717
11576 0.028654144521412565
11634 0.03552063444290622
11733 0.04518205386725935
11866 0.04183104124266973
11875 0.10047092600518286
11885 0.06549183187584848
11919 0.043538326564113716
12064 0.01776319019840373
12175 0.02493514688949462
12327 0.11059893786342054
12378 0.01899719953792535
12413 0.11106978979030398
12417 0.04620837651166455
12610 0.07387820805641176
12667 0.022921321032061976
12668 0.04415845515874133
12807 0.02189136178836762
12877 0.03739915452596835
12945 0.05529946893171027
13024 0.1407516932784383
13079 0.019560301172692363
13336 0.04374176537335959
13437 0.06275458731071012
13480 0.020818631799846065
13754 0.017570065007599653
13786 0.018456425017305187
13874 0.014544358742500483
13876 0.06275458731071012
13912 0.026235223470536584
14170 0.10323883802992793
14171 0.37924713374951263
