1471 0.1416048009821601
1593 0.44698687876704724
1660 0.14725705011961931
2638 0.42254005730702077
3236 0.1123129280338886
3481 0.12826066687975624
3758 0.09273372082716141
3786 0.1022741124273616
3841 0.08856492450942138
4489 0.0654403284868624
5551 0.08022524854191511
5697 0.13254076295731512
6067 0.12826066687975624
6446 0.13652286194853713
6799 0.21629798507475734
6800 0.29743572389678935
6949 0.15460292335124995
7020 0.10515568022056297
7201 0.046888989300856526
7418 0.09696249777260905
8104 0.14009980230629368
8349 0.14009980230629368
8839 0.20710647868455365
8840 0.21629798507475734
9654 0.10900592555019578
9781 0.11494380554601391
10575 0.11104724536549726
10999 0.030834554729149952
11000 0.020441001040774398
11311 0.21962512428999537
11520 0.15765923555386666
11577 0.1735825550669046
12378 0.0702115581348323
13874 0.053754348757788034
