12 0.16907932007993892
79 0.1083822232726858
390 0.1807226056525852
763 0.21680206355632117
2172 0.16719035448030867
3157 0.13246478013966034
3439 0.19234247476606245
3551 0.3691969762855912
3734 0.09641614764088573
3992 0.14965280641199774
6775 0.18901032447808708
6873 0.2880254830563192
7099 0.06695154344854018
8264 0.10194135676444246
8345 0.1773107947025345
8923 0.1819055318522649
9099 0.11188943049371644
9251 0.21901186752238175
9298 0.18434558721755662
10234 0.14762186795164572
10321 0.30487008983762254
10516 0.07022928941644604
10950 0.11409923445977703
11003 0.17438460887811116
11034 0.25525838076161006
12288 0.16626824321241115
12347 0.2236985966083505
12582 0.1294614112918475
12865 0.07258258023449851
12903 0.09477437124371972
