10 0.028731885686981366
332 0.06567634081094308
362 0.07378782053547486
498 0.054953547871975296
535 0.036119275208475715
587 0.05020863640776422
727 0.1105300962345395
789 0.07928584981762704
962 0.04098179963828315
1002 0.025874197234168835
1097 0.475760872250776
1107 0.01943733961632587
1368 0.03635569520033708
1684 0.0633813277044849
1696 0.06306502759650709
1759 0.05020863640776422
1801 0.04209715668323242
1901 0.06213277659438245
1919 0.1530955434918995
2017 0.05174839446833767
2114 0.026892438438994647
2311 0.08231050163378828
2350 0.06567634081094308
2371 0.05796711944344646
2372 0.036119275208475715
2558 0.017909919344531358
2593 0.046842068147443496
2594 0.04377177878992125
2631 0.04209715668323242
2648 0.020935853406098767
2954 0.057564861086411276
3117 0.138813319624287
3130 0.016603116965586754
3232 0.03379224459484163
3273 0.042904538281108275
3313 0.04377177878992125
3332 0.02172953998594252
3376 0.040293225066672295
3402 0.038159626816897205
3439 0.03844162580142241
3443 0.020435139957311967
3537 0.057564861086411276
3622 0.05020863640776422
3758 0.021526015002593907
3776 0.037884263722299104
3789 0.025680764870309836
3978 0.04209715668323242
4114 0.04209715668323242
4240 0.052819949622200206
4278 0.04063244857389561
4283 0.03635569520033708
4384 0.020558324163943265
4678 0.03659699017313662
4688 0.13135268162188615
4827 0.018622458888701007
4913 0.03235012798204395
4920 0.06306502759650709
4981 0.046842068147443496
4990 0.05194425153718524
5016 0.15564977554335913
5044 0.040293225066672295
5059 0.09977487243303272
5070 0.03438240619133678
5247 0.012824373681566971
5258 0.04945338136187949
5279 0.028485510448604822
5314 0.035218646969246266
5374 0.03304898585095346
5487 0.1375296247653471
5582 0.033230421912815895
5663 0.05916625015810134
5796 0.051883258514453044
5861 0.04807503815798913
5945 0.03933084263889646
5974 0.030619108698379905
6210 0.026372246507287242
6519 0.0915166586938149
6636 0.030619108698379905
6696 0.033230421912815895
6964 0.06306502759650709
7000 0.052819949622200206
7059 0.04807503815798913
7105 0.4209715668323242
7198 0.12613005519301418
7206 0.02627092646680498
7237 0.07378782053547486
7306 0.04874392829842741
7580 0.013414535278062113
7598 0.022729131957223297
7627 0.022434716640952024
7671 0.01904999105879953
7699 0.04470846989766841
7714 0.030619108698379905
7718 0.024670519833593463
7838 0.05020863640776422
7865 0.016647360464687767
7932 0.042904538281108275
8017 0.19410076789226371
8124 0.018887830613152915
8344 0.023107883189832874
8411 0.01943733961632587
8706 0.03853952147941889
8787 0.11237303576504186
8874 0.046842068147443496
9094 0.11499457871164977
9102 0.03121936291436467
9426 0.03479305855657649
9500 0.028244215475805287
9552 0.11708060197713054
9647 0.09903536075687824
9666 0.035218646969246266
9708 0.0626162399915743
9916 0.037884263722299104
9957 0.033230421912815895
10141 0.12999038008133418
10145 0.04333012669377806
10152 0.06567634081094308
10218 0.08580907656221655
10316 0.021936667367833618
10324 0.0341823604384502
10520 0.060931429346732
10657 0.017959400989386608
10732 0.019837949595664088
10935 0.05101601800564007
10950 0.022803907876646587
10995 0.04209715668323242
11000 0.02846946878526644
11043 0.20856718668476645
11094 0.04945338136187949
11097 0.040870279914623935
11203 0.04874392829842741
11232 0.044580481671730635
11258 0.035218646969246266
11299 0.05383819082702602
11303 0.0417134373369533
11356 0.061861217887348725
11359 0.03932915532124191
11365 0.05432734139309882
11525 0.06213277659438245
11527 0.07378782053547486
11576 0.024582861059875158
11648 0.0819635992765663
11657 0.06904290907126379
11915 0.06306502759650709
12057 0.022434716640952024
12175 0.02139227192889884
12211 0.04874392829842741
12231 0.02977278399776731
12347 0.04470846989766841
12638 0.0774611768458234
12742 0.07378782053547486
12854 0.07177507421936909
12903 0.018941634807118506
12935 0.04098179963828315
12966 0.03709503944625502
13528 0.054953547871975296
13616 0.07196092266831089
13754 0.04522094176345392
13988 0.04470846989766841
13989 0.04590981714531886
13997 0.02977278399776731
14041 0.02374059898439375
14062 0.01446951871581167
14163 0.04728902710623124
14180 0.042904538281108275
