968 0.10020948807812166
1104 0.18797687337860752
1397 0.09412506931192693
2214 0.20431474376106853
2659 0.09293377524159006
2926 0.16586080225761837
2995 0.13853025362121157
3010 0.07286650477002811
3329 0.2589532915826586
3633 0.04345900543346362
5063 0.14122641184135803
5350 0.13748523896263815
5391 0.12951073363046647
6109 0.062123754545880906
7088 0.22880764290262676
7209 0.20431474376106853
7646 0.2446456683790925
8182 0.15765070127165012
8259 0.40862948752213707
8517 0.09820649995691834
8691 0.11164915962815837
8744 0.029178596539475618
9366 0.3695328472772159
9576 0.26802089914771726
9902 0.03442768692474924
9906 0.1095503608884266
9944 0.10124206806500834
10361 0.10560113233869237
10382 0.12770201977783158
10537 0.20431474376106853
10567 0.0996729603861639
11255 0.06196561721228806
11356 0.08763493742057422
12834 0.08244916461847625
14163 0.04019485298864709
14189 0.12372116378695956
