10 0.13060835549635116
328 0.025038811930879964
339 0.04954024633595507
343 0.04256843646144373
402 0.04975818481359352
436 0.040789279916068594
476 0.04975818481359352
556 0.021581398657567433
916 0.031048927745005894
917 0.020702853698022675
1005 0.035943595745398335
1029 0.02956781777289149
1097 0.11090750661022092
1133 0.016462891403272936
1222 0.04616331063751862
1319 0.010317413408285141
1368 0.027544065008317735
1393 0.05590366280858132
1520 0.03424969034365678
1567 0.01595900293869954
1656 0.02450933817259409
1657 0.025038811930879964
1683 0.03387235464754303
1684 0.14405826110482153
1718 0.033345497105345775
1752 0.05590366280858132
1940 0.017220209509474216
1942 0.01750716176043494
1943 0.03132175082863013
1963 0.011688442880441772
2017 0.019602996634468805
2182 0.015575546392755338
2257 0.0416343047955071
2306 0.05230878863250642
2320 0.0477797827904949
2547 0.04616331063751862
2558 0.01356904275935632
2574 0.02810421234866899
2608 0.05179497478269602
2681 0.05590366280858132
2720 0.03387235464754303
2743 0.030034559779181284
2763 0.022660369844260633
2768 0.02636016892098004
2769 0.043612706818605726
2770 0.021219468787445073
2906 0.0477797827904949
2951 0.026519921902994365
2965 0.015622581254404064
2978 0.0477797827904949
2984 0.04001783264253083
3037 0.03746722882361793
3150 0.022153600453381703
3177 0.03424969034365678
3178 0.05230878863250642
3184 0.02078689272180651
3232 0.025601925001523883
3284 0.0380394306194322
3357 0.0416343047955071
3443 0.030964437364578497
3509 0.05230878863250642
3534 0.04975818481359352
3581 0.0416343047955071
3697 0.1980935491385865
3728 0.021308575573943195
3764 0.05230878863250642
3786 0.017986524481492534
3807 0.04975818481359352
3810 0.03387235464754303
3836 0.04616331063751862
3850 0.05590366280858132
3897 0.030527244892869204
3940 0.021398587013329945
3943 0.05590366280858132
3984 0.011188400387174818
3985 0.01896179798750682
4190 0.05699664785218599
4202 0.02956781777289149
4236 0.03027748047146813
4278 0.030784249862347055
4383 0.01595900293869954
4502 0.04479660290594343
4540 0.03505625073488073
4542 0.02037444390800657
4574 0.05590366280858132
4577 0.024892292934210327
4626 0.04616331063751862
4660 0.02225266350215829
4734 0.045113344327163435
4799 0.03316269194896639
4808 0.031245162508808128
4895 0.03387235464754303
4899 0.019903569507968105
4901 0.04479660290594343
4944 0.04616331063751862
4946 0.043612706818605726
4948 0.03424969034365678
5038 0.027364946782432873
5059 0.07559216121018042
5100 0.040789279916068594
5106 0.03250564691596783
5142 0.04975818481359352
5211 0.02810421234866899
5297 0.026049047502955905
5474 0.023889081784193487
5487 0.05209809500591181
5613 0.03980713901593621
5619 0.04616331063751862
5718 0.04954024633595507
5746 0.021398587013329945
5830 0.03424969034365678
5861 0.03642295846645593
5963 0.030034559779181284
5964 0.0477797827904949
6141 0.043612706818605726
6193 0.4077419199306029
6230 0.018110527210925702
6240 0.05590366280858132
6278 0.014350698497611149
6433 0.04001783264253083
6519 0.017333878382162615
6521 0.0321945254979437
6574 0.04975818481359352
6606 0.011658234842267244
6618 0.028702150158569518
6696 0.025176272833642332
6720 0.019241066764346445
6731 0.0477797827904949
6734 0.024009710184136925
6789 0.01952941902856806
6798 0.04616331063751862
6817 0.05230878863250642
6821 0.018363860177606293
6866 0.016942254124330536
7083 0.05590366280858132
7099 0.04055110686026867
7204 0.03505625073488073
7206 0.019903569507968105
7306 0.1846486392866743
7353 0.05590366280858132
7439 0.04001783264253083
7472 0.043612706818605726
7491 0.013238592686135427
7496 0.03930816994395419
7498 0.04616331063751862
7566 0.03738211569554529
7580 0.010163217336905409
7596 0.028910772739892933
7633 0.014391650305417635
7637 0.043612706818605726
7652 0.035488826800519305
7693 0.014228965913018771
7743 0.04975818481359352
7768 0.05590366280858132
7838 0.0380394306194322
7862 0.06047372896814435
7932 0.03250564691596783
7991 0.029124422852185923
8013 0.040789279916068594
8017 0.02450933817259409
8107 0.0321945254979437
8124 0.02861986994928675
8264 0.015435920662579636
8401 0.020294207608118592
8411 0.014726257964002998
8417 0.031048927745005894
8476 0.05590366280858132
8484 0.05007762386175993
8488 0.035488826800519305
8507 0.02979811775041053
8737 0.022978944857198126
8744 0.005201635429255313
8752 0.05230878863250642
8874 0.035488826800519305
8906 0.030527244892869204
8931 0.017864232189149124
8982 0.023652639755422738
8999 0.05230878863250642
9030 0.0832686095910142
9094 0.09956917173684131
9259 0.05590366280858132
9392 0.028910772739892933
9402 0.02287147626104707
9409 0.05451955521995088
9437 0.03316269194896639
9474 0.04975818481359352
9513 0.04616331063751862
9531 0.020294207608118592
9552 0.02956781777289149
9584 0.050915516800498085
9592 0.03160323639523684
9594 0.051203850003047766
9611 0.033510424777420666
9647 0.037515943510060594
9666 0.13341303147696615
9708 0.015813256358693392
9779 0.03316269194896639
9781 0.020214690925992238
9782 0.03642295846645593
9827 0.02159355225868547
9835 0.0293433488055315
9975 0.0380394306194322
10048 0.021308575573943195
10068 0.017052392815555904
10107 0.05590366280858132
10156 0.014474125789716371
10159 0.030527244892869204
10173 0.05590366280858132
10190 0.021043897691284362
10271 0.0939652524858904
10316 0.03323963349983468
10324 0.02589748739134801
10328 0.0477797827904949
10362 0.017986524481492534
10383 0.05590366280858132
10417 0.05590366280858132
10432 0.025748474629456605
10434 0.05590366280858132
10657 0.013606531401372409
10664 0.030527244892869204
10739 0.04256843646144373
10769 0.05590366280858132
10817 0.03316269194896639
10884 0.021308575573943195
10918 0.04616331063751862
10930 0.014350698497611149
10949 0.01896179798750682
10954 0.05230878863250642
10970 0.06632538389793279
10995 0.12757581049777758
10999 0.005422745407892702
11000 0.010784622528224696
11043 0.2212226547666579
11087 0.031893952624444395
11097 0.030964437364578497
11107 0.0477797827904949
11135 0.021958734353681193
11138 0.023087732119318333
11150 0.026519921902994365
11216 0.10926887539936779
11217 0.05230878863250642
11232 0.03377538728118947
11241 0.04479660290594343
11276 0.03160323639523684
11343 0.0939652524858904
11425 0.03250564691596783
11436 0.05590366280858132
11525 0.023536742018442896
11576 0.018624645172989736
11617 0.02718937568627216
11631 0.22483369878935192
11636 0.02287147626104707
11649 0.04975818481359352
11678 0.05179497478269602
11708 0.03160323639523684
11745 0.030034559779181284
11869 0.026203243574335636
11876 0.019312280405261242
11941 0.035943595745398335
11967 0.06156849972469411
12000 0.043612706818605726
12037 0.05590366280858132
12050 0.031048927745005894
12057 0.016997152446031095
12097 0.05590366280858132
12113 0.03746722882361793
12117 0.01849329387237146
12208 0.03505625073488073
12211 0.03692972785733485
12216 0.035943595745398335
12316 0.050352545667284664
12383 0.02772687665255523
12390 0.0643890509958874
12468 0.08157855983213719
12515 0.03746722882361793
12638 0.058686697611063
12639 0.035943595745398335
12744 0.0416343047955071
12767 0.05590366280858132
12768 0.02078689272180651
12834 0.02204717909641845
12854 0.10875750274508864
12903 0.028701396995222297
12913 0.03642295846645593
12932 0.02979811775041053
12943 0.05403442790795719
12971 0.05590366280858132
13079 0.012713821155818308
13098 0.04975818481359352
13165 0.10461757726501283
13309 0.03930816994395419
13577 0.15017279889590643
13616 0.01817318507331696
13632 0.040789279916068594
13674 0.05959623550082106
13754 0.011420205764243662
13755 0.05590366280858132
13786 0.023992645591099607
13824 0.05272033784196008
13827 0.021219468787445073
13842 0.026049047502955905
13858 0.023652639755422738
13874 0.01890710927665754
13894 0.05590366280858132
13896 0.05590366280858132
13975 0.03505625073488073
13982 0.21583829377791042
13988 0.03387235464754303
13989 0.05217379207036531
13997 0.022556672163581717
14040 0.08247841513881668
14041 0.03597304896298507
14062 0.01096250152695998
14075 0.04256843646144373
14163 0.09315138321528638
14198 0.044908346653762005
14203 0.03746722882361793
