127 0.021684347247296665
175 0.019611529536489408
309 0.03314852004618164
318 0.022238869841456125
320 0.024029092991671712
321 0.0223844351496351
324 0.024029092991671712
328 0.04069694590986762
390 0.022238869841456125
451 0.023159939667739122
463 0.02815422985696038
847 0.04543163525020246
848 0.04543163525020246
924 0.21265832923055963
937 0.03882954273505056
976 0.015244177000103854
1107 0.011967694902421933
1127 0.013903265840923685
1249 0.03649599189679897
1255 0.030271651038716138
1349 0.033835252545829295
1460 0.017538711825682153
1471 0.08095386875730046
1517 0.03882954273505056
1593 0.5962538418724745
1612 0.029210542734509355
1620 0.04815602634625192
1653 0.009162626210775883
1660 0.02104629897130524
1674 0.025232757378546376
1820 0.027233160030677387
1838 0.021552137341808473
1942 0.014227672166845574
1963 0.009498931678329008
1973 0.11648862820515167
2095 0.042338936853626975
2242 0.04543163525020246
2479 0.017316994710911107
2558 0.011027252426165689
2565 0.04212153783968757
2638 0.1409108099600553
2659 0.0403913576375707
2759 0.029600109914931925
2763 0.018415567168187524
2793 0.01246975529275188
2848 0.02471837363155336
2885 0.03141089010530815
2918 0.03459440010415319
2934 0.020688941221761122
2951 0.021552137341808473
2995 0.010034789115675648
3084 0.03640518029452941
3102 0.05505458440824934
3151 0.037704763956331024
3157 0.01630048987765283
3173 0.03314852004618164
3214 0.022533002014903408
3236 0.06420803512833591
3278 0.028840962356608033
3281 0.015244177000103854
3315 0.03882954273505056
3328 0.022533002014903408
3333 0.024808797590156247
3337 0.03459440010415319
3393 0.0404373450609812
3422 0.028840962356608033
3430 0.02460581972571067
3443 0.0503281879361697
3481 0.01833129442167666
3509 0.04251016277178846
3517 0.018943015093800957
3518 0.04543163525020246
3519 0.01682473831933769
3527 0.015811811950363918
3721 0.01363637467417321
3734 0.02372903102251838
3745 0.0223844351496351
3763 0.0223844351496351
3786 0.02923447869453629
3789 0.015811811950363918
3841 0.03797367687487084
3928 0.017101897015704165
3956 0.013592838362327827
3984 0.03637023406955182
4079 0.019221962356066834
4120 0.025017659683339428
4129 0.037515872582567195
4144 0.024029092991671712
4241 0.022096187204925424
4248 0.04543163525020246
4405 0.023668756024516926
4452 0.012773178554125856
4542 0.03311569430517443
4590 0.04599603479956005
4732 0.03882954273505056
4735 0.022839654152732387
4881 0.0130094370213375
4899 0.01617517823759223
4900 0.030011949872560686
4903 0.022839654152732387
4985 0.05948747152910572
4998 0.024029092991671712
5091 0.04543163525020246
5130 0.02440840360425738
5185 0.024216252545288093
5214 0.030011949872560686
5296 0.030448764682538678
5551 0.011465967602154627
5613 0.01617517823759223
5687 0.041377882443522244
5697 0.037886030187601914
5798 0.02501398349222365
5945 0.024216252545288093
6006 0.030011949872560686
6067 0.0916564721083833
6077 0.026163758616034753
6109 0.018000364819846324
6154 0.014923891485097119
6315 0.01894876458555715
6656 0.037515872582567195
6695 0.01385809178894425
6723 0.01784536396351112
6744 0.0404373450609812
6789 0.015871114652939562
6821 0.014923891485097119
6866 0.013768584579661397
6921 0.02129478006687409
6949 0.022096187204925424
7020 0.015029079304896909
7023 0.030913780067415287
7032 0.0628217802106163
7064 0.12276110582457693
7066 0.09086327050040492
7069 0.054466320061354774
7070 0.03194485565930698
7096 0.09086327050040492
7100 0.017101897015704165
7164 0.04543163525020246
7201 0.013402953359265762
7402 0.025454474493317416
7442 0.04797361418299914
7444 0.04543163525020246
7468 0.009304839466003611
7486 0.01599120472766638
7501 0.02440840360425738
7502 0.057681924713216065
7513 0.033835252545829295
7551 0.02591948987819403
7617 0.026163758616034753
7670 0.03459440010415319
7726 0.04047693437865023
7862 0.012286406018277043
7865 0.010249886810882593
7911 0.026416599916086886
8055 0.09086327050040492
8078 0.03962901480186997
8104 0.02002336949411817
8115 0.024791709542385163
8131 0.024216252545288093
8301 0.0953866886695471
8349 0.16018695595294535
8567 0.02181902850855895
8589 0.033835252545829295
8606 0.04543163525020246
8744 0.004227250803505174
8839 0.2072007694045235
8840 0.15456890033707646
8889 0.04543163525020246
8911 0.04543163525020246
8951 0.02440840360425738
8960 0.037515872582567195
8972 0.028840962356608033
8981 0.016363972558700313
8995 0.015409821943262658
8996 0.007915762667635266
9074 0.0404373450609812
9080 0.04543163525020246
9094 0.010114700149438514
9104 0.023325584610897922
9105 0.03820363343795584
9189 0.0404373450609812
9206 0.0404373450609812
9402 0.01858712855154909
9484 0.028840962356608033
9531 0.016492640936622113
9535 0.026416599916086886
9559 0.030011949872560686
9568 0.03459440010415319
9654 0.015579364770037619
9719 0.035389623199963534
9773 0.03314852004618164
9902 0.004987713066273689
9904 0.028489417626894147
9964 0.025454474493317416
9969 0.09086327050040492
10003 0.016961985091643195
10171 0.0404373450609812
10191 0.04543163525020246
10194 0.04543163525020246
10234 0.01816564947851786
10354 0.029600109914931925
10382 0.018500837248451623
10396 0.019221962356066834
10422 0.05090894898663483
10432 0.02092519968897277
10496 0.023495127437672885
10516 0.008642084484951948
10522 0.021552137341808473
10540 0.04543163525020246
10548 0.023668756024516926
10613 0.022096187204925424
10631 0.037515872582567195
10666 0.03141089010530815
10670 0.054466320061354774
10707 0.02591948987819403
10732 0.012214353040944063
10797 0.01784536396351112
10852 0.09086327050040492
11000 0.020450307348898036
11198 0.04251016277178846
11218 0.02034847295493381
11232 0.013724244515493386
11311 0.12555720826031888
11326 0.035077423651364306
11332 0.02057365495925888
11364 0.023846672167386774
11420 0.03640518029452941
11472 0.12365512026966115
11680 0.0404373450609812
11705 0.026416599916086886
11804 0.03314852004618164
11866 0.04419237440985085
12007 0.042844619453731254
12017 0.02002336949411817
12050 0.025232757378546376
12057 0.013813199197059334
12064 0.014074432442537088
12067 0.03882954273505056
12182 0.018852381978165512
12315 0.03194485565930698
12328 0.017538711825682153
12378 0.020069578231351297
12383 0.022533002014903408
12670 0.026950565470085716
12706 0.04543163525020246
12735 0.01130619968843157
12803 0.0404373450609812
12834 0.005972413664760309
12877 0.009877577693055169
13061 0.13629490575060738
13088 0.01363637467417321
13112 0.0390283110640125
13296 0.03882954273505056
13441 0.04543163525020246
13447 0.037515872582567195
13450 0.023668756024516926
13612 0.0404373450609812
13628 0.020688941221761122
13723 0.07734203683169946
13726 0.020238467189325114
13754 0.00928094147497854
13879 0.03141089010530815
13948 0.33766367648075907
13971 0.022839654152732387
13973 0.01563677732630422
14014 0.019221962356066834
14060 0.017767468743347115
14062 0.008908975651702424
14163 0.005823231571921394
14198 0.018247995948399483
