338 0.09100751786733939
506 0.12987694363292207
704 0.11876015508342529
797 0.09483391222748964
940 0.09416045609498568
1107 0.0486565866139707
1307 0.1832230806600939
1319 0.102268367230729
1391 0.1144655453497235
1519 0.05208932962429233
1604 0.05024825989325521
1618 0.0777670423423541
1718 0.055087927702277335
2425 0.054566358110032284
2462 0.0745288229727518
2597 0.056342298908093384
2693 0.061756562821318056
2907 0.09416045609498568
2927 0.047281026329702984
2929 0.07893119757932578
3099 0.1483803192902256
3130 0.041561809107838285
3157 0.0662722607861319
3236 0.06526202096576067
3432 0.028705722371492073
3648 0.1145446938277684
3721 0.05544087235213451
3938 0.08556711022049851
3995 0.09041569871727345
4358 0.10740093161997094
4384 0.05146269500177994
4393 0.06705348179150805
4477 0.08098056808192416
4535 0.13102266709562188
4723 0.11072078797201129
4906 0.1220184045745414
4922 0.04782352427007222
4928 0.053055155068187906
5663 0.04936937242556113
6109 0.07318337550221793
6245 0.07262627365190237
6294 0.07352435708589147
6696 0.08318416686312684
7025 0.06526202096576067
7099 0.10048777062350406
7201 0.027245930244935827
7374 0.17632239601829866
7583 0.34566379469799663
7865 0.04167256179769227
8011 0.08228274030716795
8078 0.08055906366493751
8173 0.10086415291967535
8225 0.13222171883952263
8244 0.06242489716841294
8306 0.07223649908109991
8744 0.01718656738300556
9167 0.18470961313681603
9890 0.06265110718493408
10331 0.06840367706287173
10567 0.11741730261925998
10582 0.08657735004086974
10714 0.14409943462734034
10732 0.09931882981910568
10866 0.10171331531980356
11000 0.011877715787817725
11031 0.27483462099014083
11047 0.2509365001330065
11073 0.1144655453497235
11112 0.11725756667230691
11359 0.049225421022510166
11502 0.09222827998486768
11702 0.32880904776415637
11861 0.08816119800914933
11955 0.0777670423423541
12017 0.08140822606506573
12041 0.06357383076224002
12057 0.05615978086237249
12695 0.06526202096576067
12932 0.09845506582868745
12948 0.13358150622099052
13079 0.042007354602557244
13112 0.052891956587195775
