338 0.08153552107712059
727 0.08262922715433688
1196 0.12074380420293326
1318 0.056130425157056046
1374 0.11441447037247313
1963 0.03459995031776126
2462 0.06677191685642715
2597 0.05047823309334456
2693 0.05532898432531779
2736 0.06707888114895591
2907 0.08436030376913788
2927 0.1270801536793774
3099 0.06646850136355537
3328 0.08207667731776147
3432 0.025718051500608297
3648 0.05131148237379884
3696 0.10639968383756801
3721 0.09934125272575287
3734 0.043216612260768505
3804 0.24148760840586653
3995 0.0810052980371473
4052 0.06967310469068302
4393 0.12014920758250677
4477 0.07255216899010193
5137 0.29458683933565133
5347 0.10377297867310202
5760 0.20754595734620404
6182 0.09191056228666446
6315 0.0345105289439541
6429 0.06128427171305054
6543 0.14729341966782566
6601 0.08207667731776147
6620 0.10505348374403764
6696 0.07452641880023489
7380 0.1699273341466497
7479 0.045152020643325214
7640 0.10931881707274392
8173 0.2710988539967484
8517 0.05182443318687494
8744 0.03079560370261027
8882 0.10781868605218574
9028 0.06900011530869474
9497 0.02142718787045008
10306 0.13665192796845455
10331 0.06128427171305054
10567 0.026299148622223614
10587 0.059145474982582706
10851 0.3096873563707045
10999 0.03210465647445831
11031 0.16415335463552294
11032 0.099197048254045
11047 0.14987947351366643
11074 0.16548516988472337
11108 0.06307732037039564
11370 0.12601043626908345
11412 0.11846017775155686
11634 0.06834395243654584
11687 0.16548516988472337
11880 0.07293531663894853
12245 0.06471817638131805
12614 0.060551801443356826
12659 0.09530174327982417
12834 0.021754574416959785
13011 0.11441447037247313
13079 0.03763525944728656
13286 0.14143698417783304
13614 0.06153304274931401
13700 0.3066453885298443
13918 0.05674798653993551
13970 0.10639968383756801
14060 0.06471817638131805
14062 0.03245102979678174
14065 0.05361050638960809
