307 0.05419559634578886
338 0.0392426228417411
557 0.0482586734308761
727 0.03976901789657031
1001 0.0705810562769786
1092 0.16240870432388474
1127 0.024374107008580226
1196 0.05811336588296291
1318 0.02701528211614043
1374 0.05506709038159843
1458 0.021860989594380893
1461 0.021667149677889
1514 0.06213596302045991
1519 0.15722715827207265
1550 0.026255254210773255
1604 0.021667149677889
1618 0.0335333034421097
1689 0.03671597703096116
1718 0.04750804813960082
1721 0.0512096152469408
1846 0.03976901789657031
1867 0.0512096152469408
1871 0.02375402406980041
2182 0.022190816513842866
2425 0.21176210001163734
2428 0.1389344864418077
2462 0.03213697680472837
2570 0.05419559634578886
2594 0.04724760169485292
2597 0.02429491143039334
2617 0.034558053201498296
2659 0.04720729093650011
2736 0.03228471712451113
2744 0.037332325657356995
2763 0.03228471712451113
2927 0.14271370861604246
2953 0.04544000144479299
3004 0.07964715282245163
3099 0.031990944503789906
3130 0.05376460443026761
3328 0.03950307852988023
3353 0.033370312105269105
3355 0.04631149548060256
3376 0.04349282349451947
3391 0.046770878954696074
3432 0.02475592924237889
3442 0.03606810610342667
3484 0.05931729103437681
3536 0.040602176080971185
3606 0.028576730756361125
3648 0.049391899963233635
3666 0.05947282378572236
3761 0.030231834345306106
3804 0.11622673176592582
3861 0.204218657806118
3890 0.036475614131536105
3984 0.0318807101612419
3985 0.05403056423228086
4034 0.08771796802318019
4052 0.1341332137684388
4219 0.04196163398373064
4258 0.04544000144479299
4393 0.17348156885272267
4452 0.022392927279111973
4477 0.13967592854828811
4542 0.029027909193892212
4593 0.03873728932300215
4652 0.044624773218468174
4660 0.031703849115069654
4689 0.06773146911542806
4720 0.03873728932300215
4815 0.03976901789657031
4843 0.09262299096120512
4887 0.058286535120861
4913 0.03491898213707203
4928 0.04575497692808034
4990 0.11213806588693102
4998 0.042125907006264965
5137 0.14178311584291153
5185 0.08490804069188987
5188 0.07452545813386369
5279 0.03074748362888437
5341 0.042454020345944934
5347 0.049945395693010486
5760 0.19978158277204194
5789 0.07964715282245163
5793 0.02961553390493566
5826 0.1052291578251719
5945 0.042454020345944934
5962 0.07635466942998834
6067 0.03213697680472837
6068 0.03243420589101876
6109 0.015778408588757467
6154 0.026163387236076165
6186 0.0512096152469408
6245 0.046974890626241925
6250 0.0482586734308761
6294 0.06340769823013931
6310 0.03593858318078301
6315 0.033219476702322843
6419 0.036475614131536105
6422 0.07964715282245163
6429 0.02949580169716817
6484 0.041189800792014626
6519 0.024695949981616817
6590 0.05931729103437681
6695 0.02429491143039334
6775 0.020387672659434638
7099 0.01444350889975857
7201 0.011748499350712613
7242 0.018759027066704053
7380 0.1226777151171727
7401 0.05715346151272225
7402 0.044624773218468174
7580 0.11583803761438538
7640 0.05261457891258595
7702 0.07452545813386369
7718 0.0266295528060876
7862 0.0430791122699921
8173 0.2609569409671168
8202 0.027312511202430813
8279 0.12837265319511276
8499 0.1273620610378348
8666 0.0392426228417411
8706 0.02079993103671956
8744 0.014821764125873396
8970 0.03976901789657031
9177 0.05701426833187196
9204 0.023090986278979448
9409 0.05178345661397298
9497 0.09281514816437929
9531 0.028913594808787114
9645 0.020445749328838445
9719 0.02068076361191449
9757 0.11772786852522328
9783 0.038664215116256694
9902 0.008744064408781524
9916 0.04089257170572424
9918 0.0368967082360762
9961 0.0906955030359183
10007 0.07089155792145577
10037 0.03184658117997532
10048 0.030358786703795288
10079 0.027212655715277242
10125 0.09468813556562755
10174 0.07213621220685335
10306 0.06576986323286782
10327 0.03386573455771403
10331 0.02949580169716817
10396 0.033698425444949075
10460 0.02477770854111384
10461 0.044624773218468174
10587 0.05693281987716201
10596 0.11622673176592582
10732 0.04282647709781097
10754 0.037112639192377846
10851 0.07452545813386369
10999 0.023177706639646845
11000 0.01024338937717589
11031 0.23701847117928138
11047 0.07213621220685335
11108 0.030358786703795288
11135 0.03128508192466411
11169 0.042454020345944934
11411 0.04586823409337371
11465 0.048796271726655835
11636 0.06517096996939759
11717 0.07452545813386369
11733 0.02092023340645621
11861 0.03801528405370021
12064 0.016449455179068966
12140 0.0512096152469408
12246 0.05189257364328402
12255 0.10112339226676188
12387 0.02949580169716817
12411 0.14905091626772737
12424 0.10378514728656804
12513 0.02701528211614043
12523 0.07360201046926
12641 0.041806101232385075
12644 0.07089155792145577
12648 0.02880030567861084
12834 0.04188145474019167
12864 0.07452545813386369
12928 0.033698425444949075
12994 0.0347372285935236
13011 0.05506709038159843
13079 0.018113654914206093
13124 0.07964715282245163
13158 0.0638226852825943
13253 0.06213596302045991
13336 0.013502233193582706
13614 0.05923106780987132
13700 0.11069012470822859
13754 0.032541226390945345
13822 0.020740206796172306
13884 0.03898742924630197
13918 0.027312511202430813
13970 0.0512096152469408
14022 0.06064816854427989
14062 0.046855536322753084
14065 0.051604916601004865
14083 0.036475614131536105
