435 0.10530886920446599
1249 0.05554875392514529
1397 0.04151051015950983
1461 0.07524524107587766
1545 0.046239287364172064
1550 0.04558935905201546
1625 0.0749026155494007
1629 0.10789226055256212
1959 0.1045520148367007
1963 0.02891571325658616
1997 0.10530886920446599
2046 0.058226890455900904
2157 0.08204025985508924
2352 0.047251781384527576
2716 0.05631842853480795
2848 0.03762262053793883
2927 0.035400949525925415
2995 0.06109383549334729
3157 0.04962034755123216
3159 0.06406707267460861
3208 0.05121621307888466
3247 0.1578031219625931
3344 0.1382985142076274
3378 0.25881051023962603
3391 0.08121248328911894
3432 0.021492973136668425
3633 0.019166046832747374
3696 0.08891986029411184
3758 0.040345627097612656
3804 0.10090746338584068
3890 0.12667177822281642
3984 0.02767867206133765
4383 0.039480532826885024
4452 0.03888285345697443
4489 0.05694220110497093
4492 0.057116097373771914
4721 0.06641933990641731
4722 0.1252565925490524
4854 0.19448677336524375
5247 0.04807275273705707
5360 0.07205009842384957
5390 0.07100358653982868
6495 0.08472935490502363
6519 0.04288179888887029
6681 0.041643844768784286
6859 0.07552050079423647
7099 0.0501591268487422
7284 0.25817003100011976
7397 0.1382985142076274
7423 0.06333588911140821
7466 0.03960204823841687
7468 0.05664975367942795
7486 0.04867885212686444
7571 0.11369394319263387
7718 0.046239287364172064
8156 0.056846971596316936
8268 0.22955957989067563
8411 0.03643087937249131
8517 0.2598628788690835
8744 0.038604542985616566
8976 0.060953171401738934
8996 0.024096385915347032
8997 0.017325682690137054
9105 0.07753049481496971
9179 0.10299794689664359
9383 0.038765247407484854
9457 0.052937368347747864
9497 0.03581406416291205
9676 0.0606329689896766
9716 0.11820107372417624
9758 0.05361929298312803
9781 0.05000856079508971
9827 0.026709843718706622
9890 0.04690906385430671
9902 0.030366210793900346
9904 0.17344936437974648
10361 0.046571619111100866
10371 0.06859274780968243
10608 0.06521168762262235
10670 0.08290050641319241
10884 0.0527146915551466
11000 0.04446629543907196
11052 0.13283867981283462
11108 0.0527146915551466
11332 0.0626282962745262
11336 0.06769737958565976
11339 0.11879390645266172
11488 0.10530886920446599
11714 0.1417553441535827
12064 0.014281334173121385
12215 0.03997068675926157
12245 0.05408598028450707
12378 0.06109383549334729
12513 0.04690906385430671
12523 0.0426005966310095
12611 0.12218126539025331
12646 0.12940525511981302
12733 0.041115301707275315
12764 0.0426005966310095
12834 0.018180634078453092
12918 0.10789226055256212
12948 0.05000856079508971
12982 0.08041481445015498
12983 0.11082106810522029
13336 0.023445141765708097
13446 0.07000830189348217
13616 0.13487440899887695
13629 0.11082106810522029
13700 0.19220121802382584
13709 0.1054293831102932
13723 0.03923950319606118
13775 0.05939695322633086
13786 0.029677368802477785
13989 0.04302376362836827
14062 0.027119827163537627
14065 0.04480312879254418
14212 0.23369846272052708
