12 0.03686976070517804
61 0.06648055630437176
66 0.06451233762495236
81 0.05110805346725972
107 0.05110805346725972
108 0.030305669286029107
151 0.05245331211434046
156 0.06648055630437176
248 0.058741324714936816
307 0.054781220717434624
337 0.02682166324235806
338 0.03966666903539853
437 0.06812512479247633
481 0.06280738905419686
484 0.04681192618474613
527 0.037735729646413085
582 0.06880846490746594
604 0.045931014997331515
641 0.05245331211434046
704 0.05176297383644439
717 0.042912768116341274
736 0.04727627364441227
801 0.05995825918736283
820 0.05660835345411715
917 0.029814526123132245
968 0.07717973933090533
991 0.06648055630437176
1127 0.024637487653204053
1133 0.023708485456381777
1145 0.039408717880322575
1171 0.05110805346725972
1318 0.027307202653616476
1345 0.06280738905419686
1460 0.031079733423959335
1519 0.06811119279709862
1567 0.022982827244750623
1583 0.06451233762495236
1689 0.018556360453681312
1718 0.024010704249702447
1719 0.04727627364441227
1846 0.0401987521865678
1963 0.016832722226644243
2182 0.022430605054858443
2194 0.04360310639423736
2382 0.03567186896246117
2425 0.0713501165070605
2462 0.194905446741268
2485 0.03176268486456333
2554 0.06451233762495236
2597 0.04911487261390078
2609 0.06163292663059085
2631 0.045931014997331515
2636 0.06880846490746594
2648 0.02284251651514674
2672 0.12260703566888714
2693 0.02691730524689056
2723 0.058741324714936816
2730 0.07851452398960947
2736 0.03263357788912327
2907 0.1231227398241918
2916 0.07165759477429996
2927 0.1030398843427506
2953 0.045931014997331515
3010 0.018706870816200236
3044 0.059389273059144966
3096 0.1951205794566622
3099 0.12934652333297858
3112 0.05995825918736283
3130 0.03623038107239021
3216 0.04258110926408585
3432 0.02502343576476448
3467 0.08942816104981102
3536 0.08208182654946121
3648 0.04992561676553258
3661 0.07165759477429996
3699 0.03729540504971922
3721 0.04832907843573053
3734 0.042049380018252765
3761 0.030558512160219466
3864 0.04989111899483371
3914 0.0360588121470769
3956 0.02408739005321365
3995 0.039408717880322575
4034 0.04433291347606041
4141 0.05566213190484924
4219 0.06362259172111415
4391 0.045931014997331515
4393 0.058452056098750316
4477 0.10588892437721488
4493 0.08266889368729556
4542 0.029341577687793458
4566 0.03915587500613222
4671 0.06880846490746594
4689 0.034231679410394386
4702 0.10877031568166257
4817 0.028337450606609697
4887 0.02945818258865323
4957 0.03389565612538299
5172 0.039408717880322575
5186 0.053957183334093745
5341 0.042912768116341274
5347 0.05048509343492106
5395 0.04989111899483371
5551 0.020318437298279732
5568 0.05763035058426866
5610 0.045931014997331515
5661 0.034231679410394386
5820 0.1951205794566622
5925 0.04932355231576959
5938 0.02512863081610092
5985 0.06280738905419686
6109 0.031897812433159145
6210 0.02877401100872935
6245 0.031654993210820964
6260 0.05995825918736283
6261 0.06451233762495236
6278 0.020666681100252715
6294 0.06409286632380888
6310 0.036326926729192376
6315 0.08394609562632059
6429 0.05962905224626449
6695 0.04911487261390078
6696 0.03625677189388753
6720 0.05541876458677087
6775 0.04121595373710025
6913 0.13296111260874352
6917 0.06648055630437176
7099 0.014599581927718498
7201 0.0356263522919995
7239 0.0927277500465519
7242 0.03792346505899443
7245 0.05198334390909558
7327 0.17733165390424163
7380 0.08266889368729556
7399 0.06648055630437176
7649 0.03043146486420005
7704 0.1290246752499047
7724 0.05995825918736283
7820 0.06451233762495236
7862 0.043544614630981096
7891 0.021518206433722126
7941 0.03708080927722841
7959 0.08451569549431322
8004 0.04258110926408585
8090 0.06648055630437176
8173 0.043962796317912105
8199 0.06451233762495236
8202 0.027607643524786635
8225 0.11526070116853732
8244 0.08162581928092137
8344 0.02521235667613506
8658 0.030474368666221083
8688 0.06916069526159131
8689 0.07134373792492234
8716 0.032784681994714834
8717 0.03819178340789657
8744 0.007490962243690821
8795 0.02190127960303105
8882 0.10490662422868093
8997 0.020171620981448812
9307 0.05048509343492106
9409 0.026171507996536492
9497 0.08339385420128989
9511 0.04636387502327595
9584 0.07332428793940687
9719 0.04180846978049385
9783 0.019541005588682027
9902 0.008838550632207325
10004 0.04636387502327595
10079 0.027506709023638158
10125 0.15951885403650107
10162 0.03389565612538299
10209 0.10373035649121465
10316 0.023934476274611725
10386 0.02711076573439466
10396 0.06812512479247633
10516 0.015314333497762159
10567 0.07676651431396052
10587 0.02877401100872935
10588 0.039408717880322575
10624 0.03751366930317284
10657 0.019594993609513
10663 0.054781220717434624
10749 0.03992993914406244
10797 0.03162314087556338
10806 0.03475290067413425
10922 0.043253272239406455
10945 0.037735729646413085
11000 0.041416307759425564
11031 0.2395796348643746
11032 0.09651784720085137
11047 0.21874709546933846
11073 0.04989111899483371
11097 0.02229620225695
11213 0.02590269495403114
11359 0.085821854263704
11365 0.019758341013131255
11438 0.04433291347606041
11502 0.0401987521865678
11505 0.03842606792430916
11520 0.03992993914406244
11533 0.05660835345411715
11660 0.054781220717434624
11722 0.04258110926408585
11733 0.02114629233687502
11842 0.02877401100872935
11863 0.06280738905419686
11869 0.037735729646413085
11879 0.058741324714936816
11880 0.07096541551191461
11881 0.05110805346725972
11957 0.022703730932366214
11969 0.06451233762495236
12023 0.02546687968032366
12064 0.008313601986189278
12078 0.05603910997014987
12140 0.05176297383644439
12215 0.023268160859687914
12255 0.05110805346725972
12256 0.034576785497071556
12320 0.06648055630437176
12387 0.029814526123132245
12400 0.06880846490746594
12404 0.04727627364441227
12407 0.031485105499775234
12424 0.05245331211434046
12610 0.06915357099414311
12611 0.023708485456381777
12627 0.058741324714936816
12659 0.04636387502327595
12735 0.020035318206206864
12881 0.033568249778713324
12903 0.020666681100252715
12932 0.042912768116341274
12940 0.04047334659566649
12948 0.02911151474453992
13011 0.05566213190484924
13079 0.018309386643213344
13336 0.013648135026258472
13346 0.06648055630437176
13614 0.08980665638364242
13643 0.043962796317912105
13757 0.05995825918736283
13775 0.034576785497071556
13783 0.053957183334093745
13878 0.054781220717434624
13912 0.02455743630695039
13916 0.09651784720085137
13918 0.027607643524786635
13993 0.041040913274730605
14039 0.03666214396970344
14065 0.02608127336017512
14081 0.053957183334093745
