12 0.03618900143749298
61 0.06525306651437962
66 0.06332118881144659
81 0.05016439990440123
107 0.05016439990440123
108 0.02974610869124159
151 0.05148481984154955
156 0.06525306651437962
248 0.05765673125864744
307 0.053769746192370585
337 0.026326430957750398
338 0.038934267955283805
437 0.06686726986807032
481 0.061647720226410255
484 0.04594759585064718
527 0.03703898122200452
582 0.06753799286520064
641 0.05148481984154955
704 0.05080722789483456
717 0.04212043141443486
736 0.04640336964911922
801 0.05885119638480094
820 0.055563142948130056
917 0.029264033942500593
968 0.050503133989678164
991 0.06525306651437962
1127 0.024182583750070243
1133 0.023270734549174454
1145 0.038681079582392204
1171 0.05016439990440123
1318 0.02680300542191617
1345 0.061647720226410255
1460 0.030505880592780796
1519 0.06685359511154607
1567 0.022558474812154786
1583 0.06332118881144659
1618 0.03326981040248466
1689 0.018213737824411734
1718 0.023567373207433583
1719 0.04640336964911922
1846 0.039456526780788634
1963 0.016521924666882834
2182 0.022016448792956424
2194 0.04279802336114986
2382 0.0350132274381501
2425 0.07003271568498874
2462 0.19130673368607912
2485 0.031176222091967274
2554 0.06332118881144659
2573 0.0417948962753
2597 0.04820802092640424
2609 0.06049494294976821
2631 0.04508294971197088
2636 0.06753799286520064
2648 0.022420754764662924
2672 0.06017161632194928
2693 0.02642030703867178
2723 0.05765673125864744
2730 0.07706484032387574
2736 0.03203103504206262
2907 0.08056627659569608
2916 0.07033451670680997
2927 0.10113736708020507
2953 0.04508294971197088
3010 0.018361469179901384
3044 0.05829271595481817
3096 0.23939736776790105
3099 0.12695828313782587
3112 0.05885119638480094
3130 0.017780713620491564
3216 0.0417948962753
3432 0.024561405757507263
3467 0.08777696917163479
3536 0.08056627659569608
3648 0.049003795585845465
3661 0.07033451670680997
3699 0.036606786730965145
3721 0.04743673556681732
3734 0.041272984820661565
3761 0.029994283101992498
3864 0.048969934778247744
3914 0.03539302614572133
3956 0.02364264309257587
3995 0.038681079582392204
4034 0.043514355364071645
4141 0.05463439233104688
4219 0.06244787107959372
4391 0.04508294971197088
4393 0.057372803666854724
4477 0.13857840366413302
4493 0.08114250418949244
4542 0.028799817975839012
4566 0.038432905171641295
4671 0.06753799286520064
4702 0.10676199235563343
4842 0.04315107200903786
4887 0.028914269896440713
4957 0.03326981040248466
5172 0.038681079582392204
5186 0.05296092374601056
5341 0.04212043141443486
5347 0.04955294213861654
5395 0.048969934778247744
5568 0.05656627003397992
5610 0.04508294971197088
5820 0.19151789421432083
5938 0.02466465849881124
5985 0.061647720226410255
6109 0.04696328201966167
6210 0.02824273078645458
6245 0.031070518845253747
6260 0.05885119638480094
6261 0.06332118881144659
6294 0.06290946258296753
6310 0.035656190289236556
6315 0.08239612401027026
6429 0.058528067885001187
6695 0.04820802092640424
6696 0.035587330785211146
6720 0.02719775926038318
6775 0.04045494683208202
6913 0.13050613302875924
6917 0.06525306651437962
7099 0.014330016828527983
7201 0.03496855118256118
7239 0.09101563491457305
7242 0.03722325030826469
7245 0.05102352907833626
7327 0.21757177682035822
7380 0.08114250418949244
7399 0.06525306651437962
7649 0.029869581593484188
7693 0.02011302149543931
7704 0.12664237762289318
7724 0.05885119638480094
7820 0.06332118881144659
7862 0.021370305791737074
7891 0.02112089660112374
7941 0.03639615323157118
7959 0.08295520684800306
8004 0.0417948962753
8090 0.06525306651437962
8173 0.04315107200903786
8199 0.06332118881144659
8202 0.027097898985386774
8225 0.11313254006795984
8244 0.08011868899596487
8344 0.024746838453635452
8658 0.029911693224352328
8688 0.06788371967622338
8689 0.0700264548763002
8716 0.032179349177817125
8717 0.037486614456238715
8744 0.007352649928293687
8795 0.021496896748931557
8882 0.1029696396830991
8997 0.019799174356770196
9307 0.04955294213861654
9409 0.02568828010795858
9497 0.07162231922220277
9511 0.04550781745728653
9584 0.07197043622986352
9719 0.04103652272343565
9783 0.01918020257830304
9902 0.008675356590784274
10004 0.04550781745728653
10079 0.02699882812793361
10125 0.15657351519570417
10162 0.03326981040248466
10209 0.10181509042571638
10316 0.023492552697417422
10386 0.02661019549269152
10396 0.06686726986807032
10516 0.015031571303008957
10567 0.07534910570952205
10587 0.02824273078645458
10588 0.038681079582392204
10624 0.036821020976886824
10657 0.019233193770165732
10663 0.053769746192370585
10749 0.0391926770731805
10797 0.0310392546280639
10806 0.03411122688075015
10922 0.04245464850625741
10945 0.03703898122200452
11000 0.030488701154582097
11031 0.2743487395122635
11032 0.09473575212558383
11047 0.21470817279471888
11073 0.048969934778247744
11097 0.021884527593749172
11359 0.08423724884336753
11365 0.019393525145018447
11438 0.043514355364071645
11502 0.039456526780788634
11505 0.03771657316871951
11520 0.0391926770731805
11533 0.055563142948130056
11660 0.053769746192370585
11722 0.0417948962753
11733 0.020755849485872637
11842 0.02824273078645458
11863 0.061647720226410255
11869 0.03703898122200452
11879 0.05765673125864744
11880 0.06965511776734387
11881 0.05016439990440123
11957 0.022284531703848687
11969 0.06332118881144659
12023 0.024996661972646324
12064 0.008160100539700408
12078 0.05500440991418654
12140 0.05080722789483456
12215 0.02283854005813509
12255 0.05016439990440123
12256 0.033938363475238785
12320 0.06525306651437962
12387 0.029264033942500593
12400 0.06753799286520064
12404 0.04640336964911922
12407 0.061807535845002815
12424 0.05148481984154955
12610 0.06787672695047757
12611 0.023270734549174454
12627 0.05765673125864744
12659 0.04550781745728653
12684 0.07902131318720966
12735 0.0196653882612051
12881 0.0329484492511331
12903 0.020285093739168678
12932 0.04212043141443486
12940 0.03972605110846361
12948 0.028574002889847773
13011 0.05463439233104688
13336 0.01339613733958952
13346 0.06525306651437962
13614 0.08814847600862342
13643 0.04315107200903786
13757 0.05885119638480094
13775 0.033938363475238785
13783 0.05296092374601056
13878 0.053769746192370585
13912 0.02410401046320212
13916 0.047367876062791914
13918 0.027097898985386774
13993 0.04028313829784804
14039 0.03598521811493176
14065 0.025599711554148172
14081 0.05296092374601056
