12 0.0355202489430057
61 0.06404722636209441
66 0.0621510486779948
81 0.049237389867153585
107 0.049237389867153585
108 0.029196417249135423
151 0.05053340918279639
156 0.06404722636209441
248 0.05659126713082943
307 0.052776111373344016
337 0.025839933246440173
338 0.03821478447185293
437 0.06563160014114888
481 0.06050850485590398
484 0.045098509992506336
527 0.03635452157676488
582 0.06628992855264204
641 0.05053340918279639
704 0.0498683387560629
717 0.041342069413318666
727 0.038727392246528755
736 0.0455458613462426
801 0.057763659209897816
820 0.054536367160677175
917 0.02872325097197264
968 0.04956986433609685
991 0.06404722636209441
1127 0.023735703135418847
1133 0.022840704397466854
1145 0.03796627487840318
1171 0.049237389867153585
1318 0.026307700881208616
1345 0.06050850485590398
1460 0.0299421489911175
1519 0.06561817808647254
1567 0.022141606821792736
1583 0.0621510486779948
1618 0.032655002924687565
1689 0.017877158142182832
1718 0.02313186133932619
1719 0.0455458613462426
1846 0.038727392246528755
1963 0.01621660874503312
2182 0.021609597140100734
2194 0.042007139840052166
2382 0.03436620258918441
2425 0.06873855029081645
2462 0.1877714923065744
2485 0.030600102954535312
2554 0.0621510486779948
2573 0.04102254998137915
2597 0.04731716367784178
2609 0.059377030258217424
2631 0.044249842030599784
2636 0.06628992855264204
2648 0.022006431763707677
2672 0.05905967852554063
2723 0.05659126713082943
2730 0.0756407252016922
2736 0.03143911943968305
2907 0.07907745689068196
2916 0.0690347741986482
2927 0.0992684051350244
2953 0.044249842030599784
3010 0.01802215950489641
3044 0.05721549918572449
3096 0.2349734383830298
3099 0.12461216511379328
3112 0.057763659209897816
3130 0.01745213598322224
3216 0.04102254998137915
3467 0.08615489990306283
3536 0.07907745689068196
3648 0.024049116433453848
3661 0.0690347741986482
3699 0.03593031379805537
3721 0.02328006562003678
3734 0.04051028315835051
3761 0.029440005535658943
3864 0.0480649977880852
3914 0.034738982829182544
3956 0.02320574027911355
3995 0.03796627487840318
4034 0.04271023442843344
4141 0.05362477933525057
4219 0.06129386936910077
4391 0.044249842030599784
4393 0.056312586362041575
4477 0.1700219403945281
4493 0.07964303612101327
4542 0.02826761345659057
4566 0.037722686591879655
4671 0.06628992855264204
4702 0.10478909048301387
4887 0.028379950369749107
4957 0.032655002924687565
5172 0.03796627487840318
5186 0.05198223551315975
5341 0.041342069413318666
5347 0.04863723149869678
5395 0.0480649977880852
5568 0.055520957019350184
5610 0.044249842030599784
5820 0.1879787507064238
5938 0.024208869412581633
5985 0.06050850485590398
6109 0.04609542684951542
6210 0.02772082092670901
6245 0.030496353044667426
6260 0.057763659209897816
6261 0.0621510486779948
6294 0.06174693091980794
6310 0.03499728384659745
6315 0.08087348974905344
6429 0.05744650194394528
6695 0.04731716367784178
6696 0.034929696827671296
6720 0.02669515988965277
6775 0.03970736205400976
6913 0.12809445272418882
6917 0.06404722636209441
7099 0.014065206136896291
7201 0.057203919876328425
7239 0.08933371691549269
7242 0.03653538547343158
7245 0.025040321407369948
7327 0.21355117214216723
7380 0.07964303612101327
7399 0.06404722636209441
7649 0.029317608441242444
7693 0.019741344113846346
7704 0.1243020973559896
7724 0.057763659209897816
7820 0.0621510486779948
7862 0.020975394499949573
7891 0.020730594251604482
7941 0.03572357268785556
7959 0.0814222410488187
8004 0.04102254998137915
8090 0.12809445272418882
8173 0.042353664346500175
8199 0.0621510486779948
8202 0.026597144976654528
8225 0.11104191403870037
8244 0.07863814045931494
8344 0.024289530727830213
8658 0.029358941872738638
8688 0.06662926652567258
8689 0.06873240517836882
8716 0.03158469281320832
8717 0.03679388279933481
8744 0.0072167770723064574
8795 0.021099646127097894
8882 0.10106681836559278
8997 0.0194332966946648
9307 0.04863723149869678
9409 0.025213575067230733
9497 0.08034146153626993
9511 0.044666858457746345
9584 0.0706404628444085
9719 0.04027819074835248
9783 0.01882576316827493
9902 0.008515040855886905
10004 0.044666858457746345
10079 0.026499904893205094
10125 0.15368012425650882
10162 0.032655002924687565
10209 0.09993360453237796
10316 0.023058423470464093
10386 0.026118453971575806
10396 0.06563160014114888
10460 0.024128733581943337
10516 0.014753796277292553
10567 0.07395669640285289
10587 0.02772082092670901
10588 0.03796627487840318
10624 0.03614058911500212
10657 0.018877775112566914
10663 0.052776111373344016
10749 0.03846841833386173
10797 0.03046566657271518
10806 0.03348087049730794
10922 0.041670110360318806
10945 0.03635452157676488
11000 0.034912834855876554
11031 0.3077473466708938
11032 0.0929850884422948
11047 0.2107404859163925
11073 0.0480649977880852
11097 0.02148011377082913
11359 0.08268059162556478
11365 0.01903514365333694
11438 0.04271023442843344
11502 0.038727392246528755
11505 0.03701959200349837
11520 0.03846841833386173
11533 0.054536367160677175
11660 0.052776111373344016
11722 0.04102254998137915
11733 0.020372293002755667
11842 0.02772082092670901
11863 0.06050850485590398
11869 0.03635452157676488
11879 0.05659126713082943
11880 0.06836793017137843
11881 0.049237389867153585
11957 0.021872726028824178
11969 0.0621510486779948
12023 0.024534737648015923
12064 0.00800930644827964
12078 0.053987959200522934
12140 0.0498683387560629
12215 0.022416496618757352
12255 0.049237389867153585
12256 0.03331120151079266
12320 0.06404722636209441
12387 0.02872325097197264
12400 0.06628992855264204
12404 0.0455458613462426
12407 0.060665367171300916
12424 0.05053340918279639
12610 0.06662240302158531
12611 0.022840704397466854
12627 0.05659126713082943
12659 0.044666858457746345
12735 0.01930198289127642
12881 0.032339580347572956
12903 0.019910236558806613
12932 0.041342069413318666
12940 0.038991935915459415
12948 0.028045971307017886
13011 0.05362477933525057
13336 0.013148584218296067
13346 0.06404722636209441
13614 0.08651954150160644
13643 0.042353664346500175
13757 0.057763659209897816
13775 0.03331120151079266
13783 0.05198223551315975
13878 0.052776111373344016
13912 0.02365858183892089
13916 0.0464925442211474
13918 0.026597144976654528
13993 0.03953872844534098
14039 0.03532023142220425
14065 0.025126643210730035
14081 0.05198223551315975
