12 0.03539328331230563
66 0.061928892377605876
81 0.04906139289515772
108 0.029092055887925183
151 0.0503527796444558
156 0.06381829225460263
248 0.05638898403492798
307 0.052587465390677476
337 0.02574756949563578
338 0.03807818733762899
437 0.06539700275645302
481 0.060292219759082874
484 0.04493730727193928
527 0.036224573873746266
641 0.0503527796444558
702 0.037116373476483236
703 0.03319213202690528
736 0.04538305958714227
801 0.05755718544799102
811 0.0408759166078443
820 0.054341429217991136
828 0.06878801231191617
968 0.049392678948143975
1092 0.0393973989292614
1099 0.054612179710009194
1133 0.02275906126359943
1145 0.07566113206246512
1171 0.04906139289515772
1319 0.014263268710766136
1345 0.060292219759082874
1397 0.023196852008022698
1460 0.02983512204326946
1519 0.043589085785563086
1567 0.02206246258270386
1583 0.061928892377605876
1689 0.01781325699491641
1718 0.023049177477258483
1846 0.03858896281744905
2111 0.04185698709162251
2182 0.02153235454716538
2382 0.034243362048469075
2425 0.09132379632525428
2462 0.0935501555161488
2554 0.061928892377605876
2573 0.0408759166078443
2597 0.047148030473315686
2609 0.0295823947847957
2672 0.058848572197289103
2723 0.05638898403492798
2730 0.07537035062190667
2736 0.03132674163414686
2907 0.0787947978585228
2927 0.0989135744105331
3044 0.05701098479868878
3096 0.18730682859574418
3099 0.1241667441889017
3112 0.05755718544799102
3151 0.03206980778949113
3216 0.0408759166078443
3236 0.027306089855004597
3321 0.019072766384804266
3432 0.012010676697248094
3454 0.034243362048469075
3467 0.0858469428495623
3536 0.0393973989292614
3721 0.0695905560240681
3761 0.02933477347839927
3864 0.047893191482094685
3940 0.0295823947847957
3956 0.04624558467978734
3995 0.03783056603123256
4034 0.08511513699614404
4141 0.05343309982477258
4219 0.040716518013315925
4338 0.047893191482094685
4393 0.05611129939878632
4477 0.23717988580220725
4493 0.07935835544976579
4542 0.05633314413067248
4547 0.07231408480743592
4564 0.051796427206249586
4566 0.03758784844075848
4569 0.04292347142478115
4702 0.06960968420116599
4766 0.054341429217991136
4928 0.02219865107032478
4974 0.028391474481475675
5002 0.031917546976995434
5051 0.03009317026461576
5172 0.03783056603123256
5186 0.051796427206249586
5299 0.03885256088620029
5341 0.0411942939310598
5568 0.05532249970176934
5610 0.04409167283784418
5820 0.28096024289361626
5938 0.024122335830611647
5985 0.060292219759082874
6109 0.015310220230572758
6155 0.039967587214625754
6245 0.045581017676730576
6260 0.05755718544799102
6261 0.061928892377605876
6285 0.058848572197289103
6294 0.061526219121289694
6310 0.034872187532562535
6315 0.016116882174648864
6429 0.02862058092364994
6528 0.026599739167307405
6543 0.06878801231191617
6606 0.016116882174648864
6681 0.023271361889664773
6695 0.047148030473315686
6696 0.034804842100582996
6720 0.026599739167307405
6775 0.05934814464631987
6913 0.06381829225460263
6917 0.06381829225460263
7099 0.014014930651187765
7201 0.045599557503236354
7218 0.054341429217991136
7239 0.08901439731474453
7242 0.03640479128004777
7245 0.04990163167067272
7327 0.17023027399228807
7380 0.03967917772488289
7418 0.023574015236657843
7479 0.021086602231962404
7580 0.014050100941558839
7649 0.02921281388723094
7820 0.061928892377605876
7833 0.04026294699533135
7891 0.020656493617395376
8004 0.0408759166078443
8087 0.03022426068837693
8173 0.04220227296084743
8176 0.05343309982477258
8199 0.061928892377605876
8203 0.058848572197289103
8225 0.11064499940353868
8244 0.052238034496798785
8264 0.021339329490436165
8344 0.024202708825393212
8658 0.04388099936118113
8688 0.022130367674864055
8689 0.06848672409693815
8716 0.03147179466179245
8717 0.07332472923633908
8744 0.007190981007248542
8795 0.021024226332535822
8882 0.0503527796444558
8931 0.024696339474071988
8997 0.01936383319582
9094 0.01720612758729997
9307 0.04846337976745904
9497 0.09006106991945957
9584 0.035193980745690474
9652 0.018202395640023884
9655 0.05755718544799102
9661 0.04409167283784418
9719 0.0401342180554801
9783 0.018758471272379007
9827 0.014925961871328842
9902 0.008484604201728337
10061 0.06381829225460263
10125 0.1837569613661841
10162 0.0325382789949511
10209 0.09957639608071586
10386 0.026025094660194495
10396 0.03269850137822651
10506 0.03461480980123269
10516 0.01470105945518941
10535 0.07231408480743592
10567 0.061410284427444735
10588 0.11349169809369769
10624 0.036011406104538964
10657 0.018810297302171302
10663 0.052587465390677476
10752 0.035801882407837896
10797 0.030356768333366993
10806 0.03336119453878922
10887 0.03461480980123269
10945 0.036224573873746266
11000 0.02981832034388123
11031 0.3833091459610275
11032 0.09265271716813171
11047 0.20998720294387324
11073 0.047893191482094685
11097 0.04280666802146467
11213 0.02486540198595592
11314 0.03353262163788688
11359 0.08238505334036757
11365 0.01896710333573415
11438 0.08511513699614404
11456 0.04734835343903358
11660 0.052587465390677476
11705 0.04493730727193928
11733 0.020299473101238318
11734 0.04584563666515785
11849 0.029963467067134646
11863 0.060292219759082874
11869 0.036224573873746266
11879 0.05638898403492798
11880 0.06812355189047745
11881 0.04906139289515772
11969 0.061928892377605876
11976 0.03688726703430897
12078 0.053794981518944684
12140 0.049690086483893094
12156 0.06381829225460263
12254 0.03885256088620029
12255 0.04906139289515772
12320 0.06381829225460263
12337 0.06381829225460263
12377 0.03644151471910599
12387 0.02862058092364994
12404 0.04538305958714227
12407 0.0906727820651308
12424 0.0503527796444558
12610 0.06638426405381057
12611 0.02275906126359943
12618 0.05343309982477258
12627 0.05638898403492798
12881 0.032223983882525835
12903 0.01983906825854688
12948 0.027945722166272703
13079 0.017576173437078596
13186 0.054341429217991136
13614 0.028736760350700597
13643 0.04220227296084743
13775 0.03319213202690528
13783 0.051796427206249586
13830 0.06878801231191617
13842 0.036011406104538964
13916 0.046326358584065856
13918 0.026502074604478915
13993 0.0393973989292614
14081 0.051796427206249586
