81 0.06746071090765875
451 0.05417246398528007
527 0.04980974574187267
554 0.09082458916374038
811 0.056205464839941675
1083 0.06119857355764288
1230 0.043075097064125135
1329 0.051357022037511926
1438 0.17030772503523925
1583 0.08515386251761962
1604 0.028908866442240173
1675 0.09943377637425044
1689 0.04898739760715155
1718 0.031693227743766754
1812 0.10626727269986151
1892 0.0945853335718207
1940 0.03273389627720681
1976 0.05953951618769824
2046 0.04474099293107899
2137 0.04327454880788609
2382 0.09417105431941646
2384 0.03769002938628977
2425 0.03139315793608432
2435 0.06303896116555276
2462 0.12863393442839477
2552 0.056205464839941675
2597 0.032414893523536284
2617 0.04610824032500427
2657 0.07914265003569958
2730 0.03454540752765812
2850 0.10684659457456447
2965 0.029696964725228384
3044 0.03919580485906735
3096 0.19316387697038392
3130 0.02391137108327318
3135 0.06303896116555276
3216 0.11241092967988335
3236 0.03754659468522406
3321 0.026225557477427098
3364 0.10626727269986151
3385 0.0734719233895788
3432 0.016514997652224778
3454 0.04708552715970823
3490 0.05201802737153761
3516 0.06746071090765875
3560 0.1302104728306461
3606 0.03812780661383185
3699 0.049228533813264884
3721 0.0637925682470957
3888 0.06832518119552457
3890 0.04866669926609382
3905 0.055778771779617924
3916 0.061789984261537985
3992 0.043075097064125135
3995 0.05201802737153761
4034 0.05851778060024627
4219 0.02799314378143029
4224 0.09943377637425044
4391 0.06062721458204766
4393 0.07715451853321134
4452 0.02987721751990572
4477 0.04658980096167115
4660 0.04230008807793396
4758 0.056643242067483744
4989 0.07230915371008848
4990 0.03740437041800439
4991 0.04839265297355762
5059 0.028738627867013613
5081 0.08515386251761962
5151 0.06438795899012797
5223 0.027279242791315723
5266 0.07914265003569958
5358 0.03812780661383185
5443 0.08515386251761962
5644 0.05709269472025756
5820 0.06438795899012797
5929 0.07472090029359356
5938 0.033168848820983296
5962 0.03395811898977304
6068 0.04327454880788609
6131 0.08775183724620961
6186 0.06832518119552457
6235 0.03503043310587668
6245 0.06267510306806423
6278 0.027279242791315723
6285 0.08091834092059855
6310 0.023975089403587346
6315 0.022161138625644197
6429 0.07870810923878865
6519 0.09884990831230943
6880 0.04951663442960205
6988 0.10626727269986151
7242 0.025028774717475978
7245 0.03430803070705294
7327 0.1755533418007388
7352 0.07019971972828709
7380 0.05455991727083908
7399 0.17550367449241921
7479 0.028994634951255274
7495 0.16992972620245123
7580 0.03863851969581866
7651 0.05201802737153761
7696 0.08290339444377988
7701 0.08290339444377988
7714 0.0440968326515771
7718 0.03552983188524186
7785 0.06663842706396772
7820 0.08515386251761962
7903 0.07472090029359356
7930 0.21253454539972302
7951 0.2204157701687364
8011 0.04733896765966898
8203 0.08091834092059855
8244 0.035914338501390794
8344 0.09983809143420634
8463 0.03478617556023671
8499 0.056643242067483744
8644 0.06119857355764288
8660 0.06585440311332089
8688 0.030429840000354938
8689 0.04708552715970823
8717 0.20164687830879902
8729 0.08775183724620961
9497 0.04127878319621831
9619 0.07914265003569958
9632 0.06923640179255772
9873 0.06923640179255772
10125 0.04211177912839576
10130 0.0945853335718207
10253 0.10626727269986151
10316 0.031592609679845264
10567 0.03377630515603101
10587 0.07596122750232219
10588 0.05201802737153761
10595 0.08067217648699357
10689 0.10626727269986151
10723 0.08091834092059855
10790 0.07122145531573906
10806 0.04587252353647608
10904 0.04812299161031582
10930 0.027279242791315723
11000 0.061501466930499724
11031 0.05270601986208715
11032 0.06369996649957843
11073 0.06585440311332089
11108 0.04050547133405791
11357 0.17030772503523925
11533 0.07472090029359356
11810 0.08290339444377988
11815 0.0406765740792961
12057 0.03230988710504034
12175 0.061617171458396854
12354 0.02848645145673264
12387 0.03935405461939433
12407 0.1246774699438396
12594 0.0760698981181688
12735 0.026445867485791034
12843 0.06438795899012797
12894 0.056643242067483744
12903 0.027279242791315723
12932 0.056643242067483744
12994 0.046347300725416846
13079 0.024167702650339074
13083 0.0760698981181688
13093 0.16580678888755976
13616 0.03454540752765812
13719 0.06119857355764288
13728 0.053423297287282234
13824 0.050108045133497175
13842 0.04951663442960205
13918 0.036441052482275006
14039 0.04839265297355762
14062 0.041677238331484845
14065 0.03442630119696345
14154 0.06585440311332089
14163 0.01362088188197136
14198 0.04268313810399097
