12 0.03453292202246675
66 0.06042348748893973
81 0.04786877894916943
108 0.028384868636973024
151 0.04912877389004151
156 0.06226695869351437
248 0.05501824658147089
307 0.05130913754655937
337 0.025121682038232823
338 0.03715255978046085
437 0.06380729294776802
481 0.058826600096124435
484 0.043844944088076945
527 0.03534400507127395
641 0.04912877389004151
702 0.03621412627108576
703 0.03238527765085925
736 0.04427986078700005
801 0.056158050649600826
811 0.03988228015920648
820 0.053020464962679335
828 0.06711587179655583
968 0.04819201190085571
1092 0.038439703180608104
1099 0.05328463388834533
1127 0.046151882935225805
1133 0.022205820267801088
1145 0.07382191560442886
1171 0.04786877894916943
1318 0.025576447523745358
1319 0.013916548567369699
1345 0.058826600096124435
1397 0.04526593786122329
1460 0.02910987189178879
1519 0.04252949598321417
1567 0.02152615492802301
1583 0.06042348748893973
1689 0.017380241593967456
1718 0.04497776832291928
1846 0.03765091902167546
2111 0.04083950218961012
2182 0.021008933078521173
2382 0.03341095373866421
2425 0.08910384237223794
2462 0.09127608188036045
2554 0.06042348748893973
2573 0.03988228015920648
2597 0.04600192769575049
2609 0.02886328808002946
2672 0.057418045590472915
2723 0.05501824658147089
2730 0.07353820265460782
2736 0.06113046458698176
2907 0.07687940636121621
2927 0.0965091235515524
3044 0.05562512737530214
3096 0.18275366117060632
3099 0.12114842403920492
3112 0.056158050649600826
3130 0.016967033423699363
3151 0.031290235548306636
3157 0.02705473337084255
3216 0.03988228015920648
3236 0.026642316944172666
3321 0.01860913406951916
3432 0.023437427839813924
3454 0.03341095373866421
3467 0.08376012355599609
3536 0.038439703180608104
3721 0.06789890679183494
3761 0.028621686101783034
3864 0.0467289748810395
3940 0.02886328808002946
3956 0.04512141909917781
3995 0.03691095780221443
4034 0.08304610688089174
4141 0.05213421578850834
4219 0.03972675632190751
4338 0.0467289748810395
4393 0.08212096810656189
4477 0.23141437400517997
4493 0.07742926465443642
4542 0.05496376406730621
4547 0.07055623039394576
4564 0.05053732839569304
4566 0.036674140337404425
4569 0.041880061777998044
4702 0.06791756998966049
4766 0.053020464962679335
4928 0.04331806572740006
4974 0.027701317386137264
5002 0.0311416759835272
5051 0.02936164732124406
5172 0.03691095780221443
5186 0.05053732839569304
5299 0.037908109389495744
5341 0.040192918174315403
5568 0.053977686993082974
5610 0.043019865846127964
5820 0.2741304917559095
5938 0.02353595553393157
5985 0.058826600096124435
6109 0.014938050157820189
6155 0.038996030985035485
6245 0.04447300679188322
6260 0.056158050649600826
6261 0.06042348748893973
6285 0.057418045590472915
6294 0.06003060265714271
6310 0.034024493353407716
6315 0.015725103276556605
6420 0.042248056695261646
6429 0.027924854570654363
6497 0.043844944088076945
6528 0.02595313665525943
6543 0.06711587179655583
6606 0.015725103276556605
6681 0.022705667581085658
6695 0.04600192769575049
6696 0.033958784994830245
6720 0.02595313665525943
6775 0.07720729884124192
6913 0.06226695869351437
6917 0.06226695869351437
7020 0.02494451003958309
7099 0.013674247259210221
7201 0.0444910959410979
7218 0.053020464962679335
7239 0.08685058162654817
7242 0.03551984164410575
7245 0.048688592693463234
7327 0.16609221376178349
7380 0.03871463232721821
7418 0.023000963847875245
7479 0.020574016379598065
7580 0.013708562608938445
7649 0.02850269117795681
7820 0.06042348748893973
7833 0.039284210981948446
7891 0.02015436310479521
8004 0.03988228015920648
8087 0.029489551119874207
8173 0.041176394641553336
8176 0.05213421578850834
8199 0.06042348748893973
8203 0.057418045590472915
8225 0.10795537398616595
8244 0.05096820082972309
8264 0.020820600191357393
8344 0.023614374773452615
8658 0.04281431354747254
8688 0.02159240934222372
8689 0.06682190747732843
8716 0.03070675928460409
8717 0.071542307468169
8744 0.007016178301322351
8795 0.020513156751177253
8882 0.04912877389004151
8931 0.024096005950427855
8997 0.01889312545284018
9094 0.01678787065438087
9307 0.04728530268546688
9437 0.04473119326224794
9497 0.08787181108194347
9584 0.034338464222915664
9652 0.03551984164410575
9655 0.056158050649600826
9661 0.043019865846127964
9719 0.03915861126285223
9755 0.03377337211529294
9783 0.018302479032357058
9827 0.01456313258266441
9902 0.008278355322517026
10061 0.06226695869351437
10125 0.1792900862559307
10162 0.03174731887299201
10209 0.09715583295257775
10386 0.02539246095361099
10396 0.03190364647388401
10506 0.03377337211529294
10516 0.014343697230180252
10535 0.07055623039394576
10567 0.059917486173799835
10588 0.1476438312088577
10624 0.0351360191128427
10657 0.01835304524374127
10663 0.05130913754655937
10752 0.034931588644604064
10797 0.029618837689064346
10806 0.032550230489178725
10887 0.03377337211529294
10945 0.03534400507127395
11000 0.029093478618248757
11031 0.37399143592220185
11032 0.09040045900529164
11047 0.20488270729196414
11073 0.0467289748810395
11097 0.04176609770229771
11213 0.024260958788747327
11314 0.06543498086979793
11359 0.08038238774616652
11365 0.018506039541611216
11438 0.08304610688089174
11456 0.04619738108992713
11660 0.05130913754655937
11705 0.043844944088076945
11733 0.01980602125879908
11734 0.04473119326224794
11849 0.029235097027360404
11863 0.058826600096124435
11869 0.03534400507127395
11879 0.05501824658147089
11880 0.06646756348002898
11881 0.04786877894916943
11892 0.04728530268546688
11969 0.06042348748893973
11976 0.03599058908656866
12078 0.0524873006440707
12140 0.0484821898747468
12156 0.06226695869351437
12254 0.037908109389495744
12255 0.04786877894916943
12320 0.06226695869351437
12337 0.06226695869351437
12354 0.020213419477525415
12377 0.03555567238764555
12387 0.027924854570654363
12404 0.04427986078700005
12407 0.08846865335962262
12424 0.04912877389004151
12510 0.056158050649600826
12610 0.0647705553017185
12611 0.022205820267801088
12618 0.05213421578850834
12627 0.05501824658147089
12881 0.03144066383582991
12903 0.01935680821486818
12948 0.027266400687214157
13079 0.01714892120632838
13186 0.053020464962679335
13464 0.029489551119874207
13614 0.05607641967616098
13643 0.041176394641553336
13775 0.03238527765085925
13783 0.05053732839569304
13830 0.06711587179655583
13842 0.0351360191128427
13916 0.04520022950264582
13918 0.025857846181562633
13993 0.038439703180608104
14081 0.05053732839569304
