369 0.15470932168821255
797 0.10886414742213232
828 0.18872740673009994
1001 0.09395039484238685
1127 0.06488871371945208
1318 0.07192004641102871
1319 0.03913283179446014
1460 0.08185590807843239
1615 0.10447165585519826
1639 0.21203653927695457
2111 0.11483920470789269
2730 0.06892892302567043
2736 0.08594832894876678
3044 0.07820792427754017
3536 0.10809105659450328
3648 0.13149104726773622
3721 0.06364309094911373
3761 0.0804831472741095
3991 0.07789510369678906
4112 0.1465995312926491
4393 0.15394746363320477
4477 0.2788837967851909
4542 0.07727805941336272
5685 0.2111737171875094
5820 0.12847417317214166
6109 0.04200525736200357
6210 0.15156647375634408
6245 0.04168549612608403
6260 0.15791440954895938
6461 0.21203653927695457
6775 0.05427603374918532
7206 0.1509841676091411
7218 0.14909163195201305
7242 0.049940255721299405
7380 0.10886414742213232
7580 0.03854798279346692
7651 0.10379227982096416
7833 0.1104657820214995
7862 0.057342576332983786
8344 0.06640276872295811
8658 0.04013076763340963
9497 0.05490941291781323
9652 0.049940255721299405
9661 0.12097030853785574
9902 0.023278436086546273
10125 0.08402620752675212
10396 0.08971190126981275
10460 0.06596318115705245
10567 0.03369716128442856
10587 0.07578323687817204
10588 0.10379227982096416
10806 0.09153007216103805
10999 0.020567886108047044
11031 0.3154951218758611
11032 0.1271014123678188
11213 0.0682209396141834
11456 0.12990536660616725
11465 0.12990536660616725
12377 0.09998126619893982
13038 0.12847417317214166
13068 0.11578653411150855
13925 0.31137683946289246
14039 0.0965585208150087
14062 0.04157958117259745
14083 0.0971053291219761
14178 0.0934521935830527
