249 0.06685971736106412
404 0.12460438249518432
914 0.0810695273609334
1086 0.07434716367545881
1175 0.08773950580309547
1255 0.05027179331211513
1397 0.09058310143306553
1460 0.05825268629938836
1481 0.08951300708534049
1871 0.04500321812306989
2552 0.07980969355189467
2558 0.03662567027214468
2575 0.04991724881611927
2576 0.30339554379219646
2935 0.07246923466781238
3044 0.16696980533282657
3297 0.05633715898744249
3432 0.04690137890996179
3437 0.15384581417228396
3443 0.12536919072226366
3586 0.3302962655521199
3751 0.06261588104561976
3758 0.04402056271677052
3823 0.0810695273609334
4489 0.062128857953001194
4542 0.05499486424997857
4590 0.07638510207662613
5223 0.03873552178071265
5247 0.02622576198542521
5472 0.11009875518403996
5551 0.03808280907319631
5689 0.027432638667821526
5823 0.07980969355189467
6044 0.04009691150051653
6583 0.11237965319246675
6890 0.21877524910917445
6891 0.18090322071260664
7468 0.030904886280506232
7765 0.22980213792347703
7898 0.11237965319246675
8250 0.03246528450041688
8433 0.034225733523945055
8517 0.1890218920849528
8524 0.15089562007757915
8658 0.02855902613239238
8744 0.014040296540184854
8751 0.08239938701588108
8982 0.06384339707018719
9105 0.04229623202047808
9163 0.3412148480249892
9671 0.08454392388178315
9827 0.02914274569905093
9905 0.03829840797072759
10046 0.07534444613176067
10251 0.24920876499036865
10489 0.20614736387189495
10524 0.08773950580309547
10567 0.023980555729720316
10600 0.08454392388178315
10638 0.08608841561007192
10657 0.03672685991873821
10797 0.059271193870841274
10924 0.04104952744823227
10930 0.03873552178071265
11000 0.029109940600337426
11495 0.07692290708614198
12064 0.03116433734570694
12227 0.11771977197968114
12378 0.06665864953434054
12383 0.1496812206966747
12611 0.04443677000329557
13629 0.12091535390099346
13660 0.055656601777608845
13700 0.1398054160332724
13728 0.07585911791979026
13918 0.05174495468725487
