14 0.10352328481256132
81 0.11191392991549969
394 0.14126597946582056
797 0.09051216145649801
1008 0.07610021173858489
1045 0.07811252380365442
1099 0.06228791410039516
1318 0.059795984324132384
1567 0.05032667736361291
1615 0.0868601427219829
1643 0.14126597946582056
2111 0.09547996180736558
2137 0.07179030219589354
2406 0.15067343005306105
2425 0.052079671705420584
2462 0.07113241138771732
2597 0.053774679709157606
2659 0.05224462244533098
2736 0.07145942177420128
2965 0.04926577239174871
3130 0.07933552645953915
3135 0.10457846925871392
3236 0.06228791410039516
3308 0.08802527252931008
3355 0.10250647932825918
3536 0.1797387918457372
3590 0.16933229877273348
3734 0.13811653102874288
4030 0.06636188072965211
4034 0.09707805786201776
4393 0.06399773485643516
4452 0.09912960544307764
4477 0.23187041684478896
4660 0.07017372080548179
4922 0.04564412084748717
5223 0.04525489317884748
5309 0.17629206614087756
5820 0.21363277774190104
5821 0.16495563907729258
5938 0.05502545366606717
6054 0.1672610198076656
6081 0.08263186555645888
6106 0.14126597946582056
6109 0.03492413918081599
6179 0.11191392991549969
6606 0.036764215520836585
6873 0.13753256600331615
7218 0.12395821932749461
7380 0.09051216145649801
7833 0.09184379737966479
8344 0.055208792482482456
8658 0.03336564521397168
8688 0.05048157565076839
8716 0.07179030219589354
8795 0.047958356937298545
8868 0.12188622939703987
9099 0.05342735761141498
9497 0.022826475773640345
9661 0.10057750285191472
9890 0.059795984324132384
9966 0.06663734176884276
10125 0.06986132571954909
10324 0.08166766416917584
10396 0.14917708510252628
10460 0.05484330924781162
10506 0.15791966634179486
10587 0.06300792992403144
10752 0.08166766416917584
10999 0.017100614594552366
11031 0.26230991640650947
11032 0.10567504389646387
11213 0.05672046166980419
11215 0.13753256600331615
11456 0.10800631608062862
12117 0.058318557724456384
12154 0.14557588900851187
12182 0.07315442977793829
12245 0.06894455279031951
12407 0.06894455279031951
12582 0.12363600542870669
12777 0.17629206614087756
12834 0.02317524207548556
12865 0.03465828231886076
12881 0.14701224164318927
12904 0.10924914599164928
13079 0.0400930044204681
13614 0.06555141617685777
13792 0.15691231607209685
13832 0.0632521154876782
14062 0.03457022218522042
14065 0.05711150397867283
14163 0.02259635867776161
14178 0.07769830779323707
