17 0.06908397478655803
49 0.03726832566532411
108 0.03149245748276212
155 0.08366053427731082
279 0.07446374918989047
285 0.062306260600188394
287 0.058825170548033226
326 0.030982080858854028
331 0.058825170548033226
336 0.036872231886094564
369 0.06104167024349725
726 0.11977437939827537
1002 0.029336130934594924
1351 0.06908397478655803
1520 0.10251018445048805
1603 0.04729464061721226
1648 0.07446374918989047
1661 0.056070179015049786
1680 0.062306260600188394
1684 0.17965416583937607
1709 0.05692648619685596
1801 0.047729701109435606
2006 0.06487153855905638
2384 0.029672051566527656
2618 0.04122003960018021
2730 0.027196399956118188
2744 0.03921348346589783
2768 0.039448324220194654
2891 0.14892749837978095
3130 0.01882459226915195
3443 0.06950800475418892
3633 0.011594063227637869
3984 0.01674358185266949
4202 0.04424861105728044
4219 0.06611409059505555
4304 0.04043160037319254
4361 0.07828075987397838
4808 0.023379389272030288
4864 0.07619571105958384
4990 0.029447162178659773
5294 0.055265802060935246
5487 0.038982727106350125
5718 0.11120640227690215
5963 0.044947096338103114
6109 0.01657347495551728
6141 0.13053392820494025
6210 0.0598016370962432
6232 0.07150304568760875
6271 0.03875591549374324
6563 0.027481747647070898
7078 0.03831360266122578
7099 0.060685241270910815
7439 0.5389847072922392
7580 0.03041876505635398
7637 0.06526696410247013
7862 0.02262492393628829
7932 0.048645109307614995
8017 0.03667853273449124
8042 0.08782538085069541
8107 0.048179512193770466
8131 0.04459325786923027
8344 0.026199687694389583
8749 0.06703867948245569
8784 0.06908397478655803
9094 0.11175488805057496
9372 0.04122003960018021
9463 0.08366053427731082
9552 0.08849722211456088
9647 0.14035770288951885
9666 0.15972342322020985
9783 0.020306243094775737
9955 0.06526696410247013
9978 0.056070179015049786
10161 0.14892749837978095
10197 0.19091880443774242
10242 0.02858388825674199
10271 0.046873393927629445
10382 0.06813709963372443
10387 0.04122003960018021
10388 0.06104167024349725
10649 0.08366053427731082
10732 0.02249224126821459
10752 0.07751183098748649
10810 0.057841894395035336
10817 0.09925677092122577
10950 0.025855040882439752
10995 0.047729701109435606
10999 0.008115206683818543
11000 0.04303819522665953
11043 0.09458928123442452
11258 0.03993085580505246
11378 0.04729464061721226
11525 0.03522303036122177
11617 0.04068924257018247
11678 0.11626774648122974
11850 0.06908397478655803
12050 0.04646511075274446
12057 0.07630935702890564
12242 0.1220833404869945
12328 0.032296834436876656
12354 0.022426394203848215
12396 0.06908397478655803
12468 0.06104167024349725
12591 0.0429531285882923
12638 0.30738883297743397
12733 0.02487176472944187
12735 0.02081991329105714
12834 0.010997960239979093
12843 0.050690404611717345
12854 0.08137848514036494
12865 0.016447310871112654
12928 0.03539647278180993
12943 0.16172640149277015
13054 0.08366053427731082
13079 0.019026393212264892
13125 0.0429531285882923
13539 0.062306260600188394
13703 0.06526696410247013
13754 0.017090481513973188
13874 0.014147363377072524
13988 0.050690404611717345
13989 0.05205249054760284
14041 0.08075118010063265
14046 0.055265802060935246
14047 0.1220833404869945
14163 0.032169742196894224
14195 0.062306260600188394
14198 0.06720590540603535
14200 0.0524621199917029
