10 0.02808121729208347
61 0.059551563236870754
79 0.02117075776903418
81 0.04578127270828424
107 0.04578127270828424
175 0.031130749759148715
194 0.01997236143102948
458 0.04833344956820721
526 0.06747934866614787
556 0.027840421519762286
636 0.029925701849729997
701 0.05778848383941801
817 0.03212593165705743
896 0.03844014801033512
1095 0.039058535188425836
1230 0.02923231521126238
1319 0.013309662771999516
1374 0.19944279364056355
1395 0.04833344956820721
1440 0.042348863427812265
1519 0.02033741508030664
1550 0.023772915961479704
1567 0.06176226701962057
1647 0.09972139682028178
1716 0.05162377780759364
1718 0.02150816798134898
1731 0.06747934866614787
1846 0.07201800544272118
1940 0.044428806400300204
1943 0.04040566413893009
1963 0.015078317298358195
2017 0.025288244659839313
2043 0.059551563236870754
2111 0.039058535188425836
2137 0.029367670361695963
2146 0.06747934866614787
2186 0.05261895970550236
2194 0.039058535188425836
2230 0.06163684356683848
2334 0.05261895970550236
2462 0.05819708639662259
2499 0.05778848383941801
2528 0.059551563236870754
2558 0.07001731000556731
2723 0.05261895970550236
2895 0.03284100053277504
2907 0.03676338884694813
2929 0.030817377369506734
2965 0.060460295588419054
2976 0.05778848383941801
3021 0.044691174276225244
3096 0.17478396951326608
3099 0.028966317717270353
3123 0.05626123499748433
3130 0.016227119247093972
3385 0.14958209523042268
3462 0.06418902042676145
3467 0.04005371708633455
3481 0.05819708639662259
3512 0.04805230471846401
3516 0.04578127270828424
3557 0.044691174276225244
3626 0.05162377780759364
3658 0.06163684356683848
3693 0.06842242397405031
3721 0.021645969367857343
3758 0.021038532287993236
3905 0.07570697455801423
3995 0.07060262083816829
3997 0.06418902042676145
4034 0.19856138750231234
4045 0.04322909584836126
4182 0.034852728347364165
4338 0.08938234855245049
4355 0.19944279364056355
4391 0.12343144655518064
4392 0.1283780408535229
4393 0.026179920179616047
4454 0.059551563236870754
4494 0.06418902042676145
4576 0.039712277500462474
4577 0.016055769574480613
4630 0.03650635832850286
4789 0.042348863427812265
4827 0.01820073072347816
4851 0.05778848383941801
4864 0.06568200106555008
4914 0.04193291298086377
4922 0.018671902109294827
4957 0.06072570451920937
5039 0.04764006292973959
5051 0.02808121729208347
5081 0.05778848383941801
5146 0.05162377780759364
5158 0.03097299033764502
5279 0.027840421519762286
5340 0.06747934866614787
5347 0.0452232412202502
5528 0.026707081536294062
5534 0.06163684356683848
5551 0.01820073072347816
5595 0.05162377780759364
5644 0.07749032559756769
5661 0.061327706458386914
5685 0.023941115709335055
5792 0.06418902042676145
5798 0.03970644202569855
5800 0.03284100053277504
5910 0.06747934866614787
5912 0.06747934866614787
5938 0.04501915538280796
6068 0.029367670361695963
6109 0.057146471083491926
6182 0.12016115125900366
6186 0.04636793343961224
6245 0.028355724361364205
6278 0.018512678516154478
6289 0.05778848383941801
6310 0.0325407215970064
6315 0.10527543841552787
6316 0.06418902042676145
6318 0.06747934866614787
6429 0.053414163072588124
6446 0.03097299033764502
6448 0.06747934866614787
6519 0.02236103824357494
6563 0.023689734673209673
6695 0.04399583284090576
6900 0.06747934866614787
7029 0.05491410604698008
7079 0.06163684356683848
7099 0.01307792796467965
7119 0.04907160094767067
7140 0.06418902042676145
7242 0.016985429674220797
7327 0.1588491100018499
7491 0.051234121554195294
7533 0.051155627935165586
7578 0.06163684356683848
7580 0.013110746858716117
7627 0.043853310551513834
7633 0.01856550713998091
7640 0.04764006292973959
7648 0.06747934866614787
7693 0.018355641128470917
7732 0.035301310419084145
7800 0.06418902042676145
7903 0.050708299205918406
7918 0.044691174276225244
8004 0.0381430565867506
8031 0.059551563236870754
8156 0.029643283137232905
8203 0.05491410604698008
8225 0.05162377780759364
8306 0.028203543342884347
8309 0.05778848383941801
8401 0.026179920179616047
8472 0.06163684356683848
8499 0.03844014801033512
8526 0.04369599237831652
8529 0.06163684356683848
8688 0.020650787469948622
8706 0.01883337363907948
8716 0.029367670361695963
8717 0.10263363596107544
8744 0.00671021027137268
9145 0.20243804599844364
9313 0.06747934866614787
9367 0.03302697823571486
9497 0.028013271801404407
9553 0.042348863427812265
9584 0.06568200106555008
9594 0.03302697823571486
9611 0.04322909584836126
9618 0.04153156033643816
9648 0.1849105307005154
9671 0.04040566413893009
9678 0.06418902042676145
9695 0.033603774907161044
9748 0.053709058137561355
9821 0.037853487279007114
9929 0.04907160094767067
10088 0.05778848383941801
10159 0.0393807361209408
10190 0.027147034881294666
10251 0.17865468971061224
10262 0.06418902042676145
10277 0.04986069841014089
10316 0.04287976986483769
10324 0.03340825943294656
10327 0.030663853229193457
10349 0.04369599237831652
10361 0.024285122895784546
10396 0.030512362581058012
10493 0.030512362581058012
10587 0.025775015003177384
10588 0.10590393125725242
10663 0.04907160094767067
10720 0.046986320617702956
10785 0.03284100053277504
10853 0.042780513776641285
10922 0.038745162798783844
10930 0.037025357032308956
11000 0.046374571898906876
11019 0.04907160094767067
11087 0.08228763103678709
11097 0.01997236143102948
11186 0.14500034870462164
11378 0.040768785962052155
11411 0.04153156033643816
11531 0.041143815518393544
11533 0.15212489761775522
11586 0.09156254541656848
11608 0.05491410604698008
11815 0.05520918192848644
11842 0.025775015003177384
11849 0.027960185721135036
11869 0.03380269082044444
11991 0.04369599237831652
12041 0.02482134812988405
12173 0.06390787557701826
12181 0.031784492071185354
12182 0.029925701849729997
12215 0.020843016813778755
12221 0.04986069841014089
12261 0.053709058137561355
12262 0.034421077998535145
12324 0.0452232412202502
12354 0.05799580163409986
12389 0.06747934866614787
12406 0.027259719307310408
12407 0.028203543342884347
12431 0.04764006292973959
12448 0.037853487279007114
12451 0.059551563236870754
12614 0.02638787821268737
12632 0.05162377780759364
12659 0.04153156033643816
12695 0.025480474003669443
12733 0.021439884932418846
12763 0.05319937507714389
12877 0.015679368547818723
12903 0.018512678516154478
12948 0.05215468424461907
12963 0.03553237639352033
13631 0.04369599237831652
13754 0.044196858697220294
13757 0.10741811627512271
13761 0.1094940999592281
13770 0.06356898414237071
13775 0.06194598067529004
13783 0.04833344956820721
13786 0.015475488341351307
13827 0.027373524989807024
13842 0.033603774907161044
13855 0.04833344956820721
13878 0.04907160094767067
13916 0.04322909584836126
13925 0.035301310419084145
13948 0.04287976986483769
13973 0.02482134812988405
14035 0.06163684356683848
14039 0.06568200106555008
14072 0.017124628675043125
14081 0.04833344956820721
14094 0.046986320617702956
14154 0.044691174276225244
14189 0.028452191760020736
14246 0.04153156033643816
