13 0.04016716513639859
51 0.06271174071290772
66 0.06085510132311467
108 0.028587625917197844
150 0.04652737575937937
151 0.04947970792824769
180 0.06759529031349276
194 0.021032219532261174
260 0.07594377349756776
307 0.05167564624218428
338 0.03741794596458658
339 0.03364961308200692
412 0.07106022389698273
484 0.044158134954964665
527 0.07119294496765885
528 0.05016814188593288
607 0.06759529031349276
638 0.04459615832766266
702 0.03647280908700266
703 0.03261661043945848
820 0.053399197921058614
874 0.06085510132311467
974 0.05167564624218428
1092 0.03871428361884193
1145 0.03717461818797087
1230 0.030783564231134434
1345 0.05924680712941776
1519 0.021416645205668113
1618 0.06394818925692766
1770 0.03986222947461931
1846 0.03791986505896154
1901 0.03197409462846383
2137 0.061852204340609264
2182 0.042318005938269135
2187 0.06759529031349276
2334 0.11082249997398386
2400 0.048828505268489454
2462 0.06128538688119687
2554 0.06085510132311467
2558 0.01843321632473046
2597 0.04633052621293862
2609 0.029069462780511583
2730 0.04937566454860301
2736 0.030783564231134434
2780 0.04080122286046656
2848 0.02065968523876294
2907 0.19357141809420964
2927 0.01943970047544758
3010 0.017646369064728537
3044 0.028011232909676016
3096 0.2760886460685464
3099 0.030503451250604253
3125 0.06271174071290772
3151 0.06302749258108863
3216 0.04016716513639859
3321 0.018742061843803802
3421 0.06302749258108863
3454 0.03364961308200692
3512 0.025301129897931915
3536 0.11614285085652577
3596 0.06759529031349276
3648 0.0941906177558923
3658 0.25963071610737726
3666 0.028353748368833618
3721 0.11397319773766722
3734 0.019832789942145698
3914 0.06802924053252034
3956 0.06816559202145872
3995 0.03717461818797087
4052 0.03197409462846383
4114 0.043327163058109276
4134 0.05016814188593288
4190 0.03871428361884193
4191 0.0421792172023319
4293 0.06759529031349276
4392 0.06759529031349276
4393 0.055138380151613056
4404 0.02585287439311776
4472 0.07106022389698273
4477 0.09988602892415803
4493 0.03899117662467344
4542 0.055356378296236956
4566 0.036936109101272846
4702 0.03420135757719276
5002 0.03136412554300263
5015 0.07594377349756776
5039 0.05016814188593288
5151 0.046014774344757724
5551 0.019166575046505742
5739 0.04652737575937937
5754 0.04947970792824769
5779 0.06490767902684431
5798 0.020906756780198293
5813 0.07106022389698273
5820 0.046014774344757724
5938 0.023704076316612813
5974 0.03151374629054431
6068 0.030926102170304632
6109 0.030089509682482852
6179 0.04821071265869431
6210 0.05428559620916185
6310 0.01713376765010689
6315 0.06334971998340617
6419 0.03477959574983327
6429 0.05624865180585532
6434 0.1380443230342732
6463 0.06490767902684431
6480 0.06271174071290772
6497 0.044158134954964665
6549 0.07594377349756776
6606 0.015837429995851544
6695 0.06949578931940793
6774 0.06271174071290772
6775 0.01943970047544758
7020 0.025122692333707876
7038 0.05016814188593288
7059 0.04947970792824769
7201 0.03360667677408798
7239 0.04373548403526429
7327 0.25091795221114727
7344 0.0421792172023319
7380 0.19495588312336717
7418 0.02316526310646931
7594 0.07106022389698273
7633 0.03910141755087532
7649 0.02870629008187433
7758 0.04762306853845464
7836 0.05924680712941776
7851 0.026832626922054747
8027 0.03197409462846383
8034 0.07594377349756776
8044 0.04293223209377152
8173 0.12441157100494868
8200 0.10679839584211723
8244 0.07699841124655551
8264 0.020969324792532724
8344 0.02378305571626446
8433 0.01722535984274604
8459 0.0578281911123227
8463 0.024859896847589717
8658 0.10061366576154535
8660 0.04706276680291692
8688 0.021746647089374245
8689 0.03364961308200692
8706 0.039665579884291396
8717 0.036026672332193484
8731 0.06271174071290772
8827 0.06085510132311467
8878 0.03497867987403428
8882 0.04947970792824769
8931 0.04853625451076696
8995 0.025759143840013408
9241 0.0578281911123227
9242 0.04505071473698362
9329 0.09104620274409173
9371 0.06759529031349276
9437 0.04505071473698362
9497 0.06883293846933762
9500 0.029069462780511583
9507 0.05250661813903967
9553 0.04459615832766266
9655 0.05655919584276932
9719 0.03943832696696843
9755 0.03401462026626017
9766 0.07106022389698273
9801 0.07106022389698273
9842 0.046014774344757724
9855 0.05541124998699193
9948 0.06490767902684431
10125 0.12038052109379699
10156 0.039325499451202034
10159 0.041470523668316224
10306 0.06271174071290772
10349 0.046014774344757724
10382 0.030926102170304632
10386 0.051147686053642075
10396 0.03213153890033946
10402 0.06759529031349276
10506 0.03401462026626017
10567 0.03620729133981564
10587 0.1085711924183237
10588 0.07434923637594174
10595 0.028826135003895866
10663 0.05167564624218428
10785 0.06916749781939305
10789 0.053399197921058614
10790 0.05089832394534276
10904 0.0343910357537946
10922 0.08160244572093311
11000 0.03418484720409523
11031 0.18833145580341362
11047 0.10317310726138379
11050 0.0578281911123227
11073 0.04706276680291692
11097 0.06309665859678353
11135 0.029830409391229374
11271 0.05924680712941776
11314 0.03295119626814425
11325 0.02460271308406925
11359 0.020239142733122842
11438 0.04181965870185787
11533 0.053399197921058614
11636 0.031070347191227907
11694 0.04080122286046656
11699 0.0578281911123227
11722 0.04016716513639859
11833 0.06085510132311467
11863 0.05924680712941776
11869 0.035596472483829425
11880 0.03347117551778288
11892 0.04762306853845464
11906 0.04821071265869431
11941 0.048828505268489454
12025 0.06759529031349276
12064 0.015684599562050656
12170 0.048828505268489454
12215 0.021949077321469713
12303 0.04947970792824769
12328 0.02931780797660773
12354 0.061073420693397974
12377 0.03580965177088967
12406 0.02870629008187433
12407 0.05940039861822297
12493 0.07106022389698273
12510 0.05655919584276932
12610 0.03261661043945848
12618 0.05250661813903967
12834 0.009983519811524155
12865 0.014930228000929918
12877 0.016511413663514714
12881 0.03166524910939049
12903 0.01949507673524343
13261 0.03580965177088967
13336 0.025748831013473073
13464 0.029700199309111486
13614 0.028238490883656195
13664 0.07106022389698273
13775 0.03261661043945848
13861 0.05167564624218428
13918 0.0260425525697196
13993 0.07742856723768386
14062 0.014892293118267626
14065 0.02460271308406925
14076 0.03647280908700266
14081 0.05089832394534276
14100 0.05167564624218428
14154 0.04706276680291692
14163 0.009734146197608264
14216 0.07594377349756776
