13 0.09536278929325047
326 0.033385654128043195
338 0.04441786823503765
421 0.0744630716498851
458 0.0604200735264351
462 0.07223950439605159
488 0.09015087379940792
703 0.038718327995464236
736 0.052938937007973294
797 0.04628540934029222
1001 0.03994457850388572
1089 0.09015087379940792
1132 0.09015087379940792
1133 0.026548243365584933
1139 0.07705021374463204
1230 0.14616946650331236
1307 0.04471267234340435
1319 0.03327595321585465
1519 0.05084628245934385
1718 0.05377332271797229
1882 0.04595671687117946
1962 0.05873607143334642
2046 0.03795561422548074
2172 0.0408247020299901
2232 0.06864633819100403
2371 0.035410901362433876
2425 0.026632099868170483
2462 0.036375142582634606
2564 0.04412902017454094
2579 0.07705021374463204
2597 0.027498879956344008
2648 0.02557855028918653
2692 0.0450136833078291
2730 0.029306282124798348
2736 0.03654236662582809
2770 0.06843750683376668
2803 0.0703303402840927
2927 0.023076361675871845
3003 0.06864633819100403
3044 0.03325140438388804
3099 0.03620985180868958
3225 0.04356826231434076
3236 0.03185231194015169
3432 0.014010347977483892
3512 0.03003431174622811
3536 0.04595671687117946
3633 0.012493524454344842
3648 0.027952806738895025
3656 0.05796304573164643
3721 0.02705892239103044
3734 0.04708597586928718
3810 0.05462293910106196
3871 0.0604200735264351
3938 0.1252877360934279
3984 0.018042539981237418
3995 0.08825804034908188
4012 0.09015087379940792
4034 0.04964302668060396
4191 0.05006984920346393
4299 0.059553293438261566
4393 0.06545333371814932
4452 0.10138426244256063
4477 0.15809613477887338
4542 0.03285605681640358
4603 0.0703303402840927
4660 0.07176978960941438
4815 0.0450136833078291
4922 0.07002341287869128
4928 0.07768358951763012
4956 0.05006984920346393
4974 0.03311840349265807
5172 0.04412902017454094
5231 0.04595671687117946
5294 0.059553293438261566
5520 0.03588489480470719
5654 0.07705021374463204
5661 0.038331885749167814
5663 0.024095616830706393
5685 0.029928010195539805
5748 0.09015087379940792
5800 0.041053466793670904
5960 0.09015087379940792
5983 0.07444347261637717
6068 0.03671156969770563
6081 0.04225564454861568
6109 0.05357770884584336
6131 0.07444347261637717
6183 0.08304455809257216
6210 0.0322205080653156
6245 0.03544656891065143
6278 0.09256838956125828
6294 0.03588489480470719
6310 0.08135619572196441
6320 0.06453320585871956
6429 0.10015696238412958
6442 0.07223950439605159
6488 0.0346542437137009
6563 0.02961376693706074
6693 0.03510341655017149
6695 0.027498879956344008
6720 0.06205672023953014
6757 0.0604200735264351
6836 0.05873607143334642
7079 0.15410042748926409
7099 0.032696584922385676
7170 0.0408247020299901
7174 0.16870747874806957
7242 0.06369879983506706
7380 0.04628540934029222
7382 0.16048121408350063
7416 0.06577725038649467
7491 0.06404610924776612
7540 0.03495211891921294
7566 0.030141409570632487
7580 0.016389318293374366
7627 0.02740979871673515
7633 0.046416273470000935
7649 0.03407648863409625
7671 0.023274482527858735
7732 0.04412902017454094
7758 0.056532103213020844
7817 0.0613428125616013
7833 0.04696637102327706
7851 0.03185231194015169
7867 0.05873607143334642
7892 0.03588489480470719
8042 0.09463882694331843
8176 0.06232923763839398
8244 0.06093520451912977
8308 0.06577725038649467
8346 0.04250870412307877
8347 0.08024060704175032
8363 0.07444347261637717
8370 0.052938937007973294
8412 0.03272666685907466
8459 0.06864633819100403
8463 0.029510535494330366
8531 0.14888694523275434
8683 0.16063832978322526
8688 0.025814877863255335
8700 0.05096373355132851
8744 0.025164646943026933
8795 0.07357372135668996
9094 0.020070795419736085
9270 0.052418970880736375
9367 0.041285951472217274
9402 0.03688279920183164
9497 0.011672826700608601
9515 0.04595671687117946
9531 0.03272666685907466
9645 0.02314209739031457
9661 0.051432545803943686
9670 0.059553293438261566
9677 0.0703303402840927
9699 0.056532103213020844
9842 0.10924587820212392
9857 0.07705021374463204
9941 0.04696637102327706
10125 0.03572514462091294
10159 0.04922857758361811
10190 0.03393562549757322
10396 0.03814251221633121
10460 0.028045347467823126
10506 0.12113360705166748
10516 0.03429731126674567
10567 0.028653821126394734
10587 0.1288820322612624
10588 0.04412902017454094
10614 0.02613618335586424
10732 0.048474354641709946
10806 0.038915537918031214
11031 0.1788506893736174
11032 0.05403928693219856
11047 0.0408247020299901
11056 0.18030174759881584
11073 0.11173396725767414
11097 0.024966799534066407
11102 0.039732759922946365
11135 0.035410901362433876
11213 0.11602108464149444
11214 0.09015087379940792
11320 0.04302867025031569
11325 0.029205239352980045
11365 0.022124958031666673
11456 0.055231434877749085
11465 0.055231434877749085
11577 0.04922857758361811
11815 0.03450760147738005
11835 0.16569430463324725
11856 0.055231434877749085
11922 0.05050980676877749
12041 0.03102836011976507
12064 0.018618779270402765
12245 0.03525633236829776
12377 0.17003481649231508
12378 0.019912226407631146
12406 0.0681529772681925
12407 0.14102532947319105
12544 0.053478529071998376
12561 0.06338879582965597
12594 0.12906641171743913
12668 0.04628540934029222
12726 0.04922857758361811
12834 0.023702352231191878
12881 0.03758899176084398
12900 0.06704235280117472
12903 0.02314209739031457
12963 0.04441786823503765
12994 0.0393183108259605
13112 0.025814877863255335
13270 0.06713994698697444
13336 0.03056576606971255
13466 0.06338879582965597
13614 0.03352117640058736
13631 0.05462293910106196
13719 0.10383450598344067
13728 0.04532116812009148
13792 0.08024060704175032
13822 0.02347538737038559
13827 0.03421875341688334
13832 0.06469075558191614
13918 0.030914435272332494
14062 0.0353565058900249
14065 0.05841047870596009
14083 0.08257190294443455
14163 0.01155515119924445
14189 0.03556715966864204
14204 0.05873607143334642
