338 0.16650284978504562
639 0.20703810584066384
900 0.30078637881127707
1092 0.17227130949476507
1318 0.11462336445309802
2736 0.13698109393486882
3512 0.1125852882136907
3648 0.10478265091176327
3721 0.10143187571223904
3914 0.15135868799555738
4393 0.24535546222830207
4452 0.09501113679474968
4477 0.2963160775905792
5932 0.22648800642885936
6315 0.07047359654846251
6429 0.1251479815474839
7423 0.15476268558941678
7784 0.3379355650024859
8011 0.15054042864059966
8344 0.10583014249639354
8691 0.12031633830992876
9497 0.04375624017825303
10516 0.06428268952103017
10587 0.12078036672109434
10672 0.16331805473270916
11031 0.16760793938348506
11213 0.10872787233811083
11314 0.14662665042236495
11502 0.16873629572710921
12064 0.03489676487440466
12182 0.1402302673092898
12377 0.15934624191574362
12764 0.1040955267988643
12900 0.12565599432442648
13336 0.0572887371534826
13868 0.2636371926200682
14178 0.1489404606720206
