10 0.021893632334149867
149 0.0246507248329504
313 0.02635440184198812
320 0.029738385210473613
321 0.02770295805294991
608 0.039534926408529326
994 0.01859997586603403
997 0.022281397604039736
1027 0.06005516081413971
1104 0.03370373587431919
1111 0.04711491177306338
1460 0.021705894956101663
1620 0.01986595252384133
1660 0.052093763695566515
1838 0.02667290698828595
1850 0.04187448000015116
1881 0.0376833654780993
1984 0.05622615344992506
2013 0.05622615344992506
2058 0.02667290698828595
2373 0.04386429480204122
2469 0.04642961225186935
2485 0.022182864048070794
2565 0.01737652656258977
2575 0.01859997586603403
2659 0.01666277004319167
2760 0.026512232441582684
2793 0.04629767588456931
2795 0.04642961225186935
2934 0.02560461619848995
2995 0.062095232710460545
3141 0.05004522412598314
3147 0.043598539180539866
3150 0.022281397604039736
3157 0.040346945036092395
3165 0.02367251807760131
3182 0.03484365111411793
3214 0.02788682428004358
3225 0.05434613552129097
3304 0.10577543764605822
3341 0.038847373749096054
3353 0.02355745588653169
3383 0.1114282915135794
3419 0.03370373587431919
3421 0.023331692028325395
3633 0.007792080026461129
3699 0.026046881847783258
3728 0.021431498041948417
3745 0.02770295805294991
3756 0.020992138436703563
3758 0.01640277506393278
3763 0.02770295805294991
3841 0.01566539681924131
3865 0.016051065405349185
3984 0.011252942748716051
4029 0.02929243248397924
4030 0.021165293315862158
4188 0.021893632334149867
4358 0.0326931617655246
4590 0.02846232692798166
4624 0.02518325295875543
4664 0.04024868292792743
4677 0.05004522412598314
4689 0.023907194676263472
4758 0.02997001371610191
4773 0.03406775360398551
4899 0.02001838693804657
4985 0.018405411142055694
4988 0.04642961225186935
5002 0.02322091798164413
5063 0.050643013660430905
5064 0.028662721790176003
5279 0.021705894956101663
5350 0.0493014496659008
5391 0.02322091798164413
5426 0.02997001371610191
5437 0.03525847921535274
5730 0.02770295805294991
5798 0.0154786424314475
5837 0.05815509978282163
5870 0.03238024558593042
5918 0.04805540932409309
6315 0.04690195012380913
6508 0.02846232692798166
6590 0.04187448000015116
6606 0.011725487530952282
6655 0.09714073675779125
6813 0.012160558991808785
7003 0.04187448000015116
7100 0.021165293315862158
7206 0.02001838693804657
7442 0.03958140295480252
7536 0.07136725317647998
7558 0.035693550676209246
7566 0.018798880679585298
7633 0.014474671207874077
7862 0.015205645720811893
7950 0.0326931617655246
8067 0.05622615344992506
8144 0.03887409108946653
8182 0.028266336707064195
8259 0.6593952789686455
8264 0.015524965632159738
8433 0.012753062972034625
8498 0.029738385210473613
8551 0.05261054157581127
8568 0.11245230689985013
8691 0.02001838693804657
8744 0.03138985216449699
8758 0.026046881847783258
8837 0.22490461379970025
8883 0.05004522412598314
8893 0.024395930468093126
8951 0.06041563940908613
8976 0.024780905189975954
8996 0.01959308239611143
8997 0.02817547243053838
9102 0.023789084392159994
9104 0.05773544766411254
9126 0.05659854177636086
9138 0.028074561658091787
9299 0.031785545522431874
9366 0.26502488859746726
9484 0.035693550676209246
9506 0.11245230689985013
9511 0.03238024558593042
9576 0.09611081864818619
9670 0.07428552767571958
9671 0.06300487230831475
9783 0.027294636595405732
9902 0.03086394741065929
9906 0.019642078102252707
9944 0.054457272218166576
9979 0.030961834513917874
10003 0.020992138436703563
10005 0.028074561658091787
10030 0.06192366902783575
10031 0.0512092323969799
10040 0.01893399229597655
10046 0.028074561658091787
10048 0.042862996083896834
10362 0.01809028308198787
10382 0.02289662056746889
10427 0.04642961225186935
10467 0.039534926408529326
10489 0.02560461619848995
10499 0.03498317750731878
10567 0.017871087385843573
10582 0.02635440184198812
10620 0.04642961225186935
10657 0.013685023199899407
10708 0.02752280655037726
10844 0.05622615344992506
10847 0.03525847921535274
10849 0.03887409108946653
10910 0.05622615344992506
10940 0.05622615344992506
10970 0.03335399708458741
11000 0.03254050686702413
11097 0.031143061461155908
11150 0.02667290698828595
11227 0.15013567237794945
11255 0.07777185197266186
11259 0.021989004324376157
11317 0.01921051665761304
11352 0.029738385210473613
11356 0.03142540602041589
11359 0.029968727983840475
11369 0.030961834513917874
11370 0.04281400037775556
11373 0.05622615344992506
11608 0.04281400037775556
11794 0.04102458043805984
12023 0.01778591237126399
12215 0.016250340649727538
12245 0.021989004324376157
12278 0.04805540932409309
12354 0.01507221885117767
12610 0.024148214647829618
12641 0.02951262135226732
12834 0.014782908223834884
12979 0.0901100408268169
13005 0.05261054157581127
13338 0.02504710991606221
13464 0.043978008648752315
13628 0.02560461619848995
13659 0.09450730846247213
13771 0.30705006361428855
13775 0.024148214647829618
13875 0.02504710991606221
13879 0.03887409108946653
13901 0.039534926408529326
13948 0.06686276497410788
14072 0.013351284603176016
14110 0.057325443580352006
14116 0.029077549891410814
14163 0.007206826479701533
14189 0.06654859214421238
