4 0.06702217745251629
10 0.032568155511097104
11 0.026106255263707457
17 0.06906696929317628
79 0.02455351290999948
112 0.06525089819240168
127 0.03992102655150678
175 0.03610495545073219
339 0.03705967601986654
482 0.034707359780143665
513 0.043901881015948344
636 0.06941471956028733
703 0.0359219885472881
717 0.04458228093349505
721 0.07451830362360305
727 0.041762676746901775
729 0.15498550183919801
789 0.0449360323026062
797 0.1288276661448265
851 0.16727988132802207
854 0.04605767676957228
952 0.04863313498090695
979 0.04686185572079234
1045 0.03705967601986654
1097 0.04148340558576226
1107 0.022032605386333684
1294 0.06702217745251629
1319 0.015436338191825544
1368 0.04120989300521688
1388 0.06368851915814622
1391 0.05183212318263627
1414 0.06906696929317628
1440 0.04911554778731146
1500 0.06525089819240168
1520 0.05124247543337137
1684 0.1436879541891524
1770 0.043901881015948344
1875 0.05525219800537695
1901 0.03521435997114152
1919 0.10412207934043102
2044 0.0406792266345422
2107 0.06525089819240168
2257 0.062290923487557694
2339 0.06702217745251629
2631 0.04771795211672294
2768 0.11831584123530683
2770 0.03174738507529967
3130 0.01881995846688107
3273 0.04863313498090695
3321 0.02064138860030678
3439 0.04357433622142684
3443 0.11581815813821247
3633 0.011591209269594858
3669 0.06702217745251629
3697 0.04233950198169287
3756 0.031227126622138352
3789 0.029109650269809405
3799 0.04458228093349505
4283 0.04120989300521688
4485 0.13050179638480336
4508 0.04645367304760619
4964 0.04094190631110435
4980 0.06368851915814622
4998 0.04423771895871763
5002 0.034542576416476706
5016 0.11762138065910474
5024 0.06702217745251629
5064 0.0426376019468316
5070 0.03897313124117505
5231 0.0426376019468316
5297 0.03897313124117505
5314 0.07984205310301357
5318 0.061026644418440947
5391 0.034542576416476706
5482 0.06368851915814622
5487 0.03897313124117505
5615 0.059872448057371616
5636 0.07148544472336237
5663 0.02235536802968031
5685 0.027766530610858115
5718 0.07411935203973308
5730 0.04120989300521688
5903 0.03060424739781394
5959 0.06702217745251629
6119 0.11762138065910474
6146 0.06702217745251629
6193 0.13072300866428052
6279 0.05782765621671162
6519 0.02593398154116508
6579 0.11557029264275483
6880 0.11691939372352518
7032 0.05782765621671162
7059 0.05449399792234153
7099 0.06067030318328643
7287 0.05124247543337137
7486 0.029439913558077537
7491 0.019806843614787416
7580 0.06082255453814251
7596 0.04325468484587687
7693 0.021288584770378257
7710 0.06702217745251629
7714 0.034707359780143665
7717 0.02628079581074208
7718 0.027964517722000305
7741 0.07148544472336237
7932 0.04863313498090695
7951 0.05782765621671162
7991 0.04357433622142684
8017 0.18334752031268312
8107 0.048167652476979725
8124 0.02140972616200927
8306 0.032710027346783674
8401 0.030363060931771452
8411 0.022032605386333684
8417 0.04645367304760619
8516 0.05525219800537695
8744 0.015564793317691117
9021 0.05605637695659702
9094 0.14896983842632533
9112 0.05881069032955237
9204 0.024248559475222246
9372 0.04120989300521688
9409 0.027189705376067023
9552 0.04423771895871763
9647 0.08419389172799055
9666 0.03992102655150678
9708 0.02365891172595735
9827 0.01615353394486736
9835 0.043901881015948344
9990 0.09059895337307372
10316 0.024865642374267524
10331 0.030974454407529738
10361 0.02816550475178257
10616 0.03285343296176203
10645 0.032427784992846376
10648 0.056912473352527616
10732 0.02248670464903179
10751 0.26808870981006516
10853 0.049616169093747706
10884 0.06376140335354288
10995 0.2385897605836147
11000 0.04302760108024062
11043 0.04728299871761842
11050 0.06368851915814622
11062 0.061026644418440947
11232 0.10106569931832954
11258 0.1996051327575339
11276 0.33098099102332895
11303 0.04728299871761842
11343 0.04686185572079234
11356 0.04674726855058486
11576 0.027865154784061867
11678 0.07749275091959901
11720 0.06368851915814622
11858 0.06368851915814622
11974 0.06525089819240168
12015 0.05782765621671162
12020 0.07148544472336237
12143 0.07148544472336237
12202 0.062290923487557694
12268 0.05782765621671162
12448 0.043901881015948344
12544 0.049616169093747706
12674 0.062290923487557694
12833 0.05605637695659702
12834 0.010995253016767756
12854 0.12203767990362663
12943 0.1212649435738291
12969 0.056912473352527616
13008 0.045673160276062955
13034 0.06702217745251629
13079 0.019021709735310224
13093 0.06525089819240168
13125 0.04294255538160883
13577 0.0898720646052124
13616 0.027189705376067023
13670 0.06525089819240168
13703 0.06525089819240168
13851 0.048167652476979725
13874 0.028287761813432784
13982 0.08073130264478255
13989 0.05203967747067371
14041 0.08073130264478255
14163 0.042882431192800226
