108 0.02282078958635335
336 0.026719205572076275
535 0.029675571594434205
971 0.020789120936677317
997 0.0240241927585569
1001 0.026861647834307237
1255 0.020197261688328888
1275 0.06062402244948467
1290 0.03801630921435693
1318 0.020562882808114497
1319 0.011188588916368458
1369 0.12375414310870955
1461 0.03298422409189779
1629 0.047295250157527974
1649 0.04423342044325717
1689 0.013973319427636244
1796 0.04339683417180506
1942 0.0189854208878143
1949 0.05672560646376175
1959 0.045831032465636024
2017 0.021258222598301475
2046 0.025524123193852347
2058 0.028759195015731934
2125 0.04514979702195944
2204 0.013973319427636244
2270 0.05672560646376175
2331 0.04063086401154963
2352 0.020713115190327574
2382 0.053723295668614474
2479 0.046215632359709255
2558 0.01471477737832525
2716 0.024687536922400236
2717 0.06062402244948467
2740 0.02911533487280604
2743 0.03257059975744517
2816 0.03158361323952774
2882 0.06062402244948467
2907 0.030904648151300475
2929 0.02590621361146683
2965 0.016941711313780108
2969 0.028415777194048076
2995 0.02678086656023916
3090 0.030904648151300475
3127 0.03714164496504195
3153 0.03257059975744517
3159 0.028084203755560148
3204 0.05935114318886841
3209 0.047295250157527974
3210 0.04004797786403296
3220 0.03996876383614211
3247 0.1037609846707745
3297 0.045268181931840935
3402 0.031351923068378584
3417 0.030904648151300475
3432 0.02826473935910937
3443 0.050368490675293906
3495 0.04004797786403296
3517 0.025277579510026515
3567 0.04514979702195944
3633 0.03360622809618787
3738 0.027006232165577553
3746 0.0249192270935494
3756 0.022634090965920468
3786 0.039010519496294194
3837 0.06062402244948467
3865 0.03461307913722605
3867 0.033104885918532966
3908 0.02150164514045297
3978 0.03458699489025817
4025 0.026440499772554624
4219 0.03193940963988424
4383 0.03461307913722605
4399 0.033104885918532966
4577 0.040491199945965
4612 0.03525033905410151
4650 0.047295250157527974
4720 0.029485175732331698
4721 0.05823066974561208
4789 0.035600002200359214
4864 0.02760734519408534
4917 0.034271731340063685
4922 0.015696283261742473
4953 0.05672560646376175
5059 0.03278998654454955
5157 0.06062402244948467
5223 0.031124868181317735
5247 0.010536496569892799
5260 0.03347857917578334
5358 0.04350278209613945
5401 0.06062402244948467
5455 0.024131620433081733
5487 0.08474568362439114
5551 0.015300199376270269
5613 0.02158417506215203
5618 0.06062402244948467
5644 0.03257059975744517
5647 0.03338359171805461
5663 0.016203650104703905
5677 0.027006232165577553
5685 0.02012577677283398
5689 0.022042745860901526
5793 0.0225420837868317
5829 0.10015077515416385
5873 0.05181418316793779
5886 0.03338359171805461
5938 0.01892237360063043
5962 0.019372641413248154
5974 0.025156638584024397
5989 0.0485791113460582
6014 0.06062402244948467
6077 0.03491294735410873
6102 0.018254840947571047
6109 0.01200985299040512
6230 0.019639732944987425
6278 0.0466873022719766
6315 0.05057050327589507
6443 0.032314193179770995
6484 0.031351923068378584
6521 0.03491294735410873
6563 0.019914456687362338
6637 0.060136123759696715
6734 0.026037027559226503
6748 0.05395963630350633
6775 0.015518228602013512
6788 0.04125138103623652
6821 0.039828913374724675
6858 0.08009595572806592
6883 0.06062402244948467
6884 0.07603261842871387
7094 0.05672560646376175
7099 0.010993784168785338
7100 0.0456415791727067
7122 0.06062402244948467
7153 0.07891235727289732
7180 0.06062402244948467
7242 0.014278572902128646
7276 0.030068061879848357
7284 0.18107272772736374
7344 0.0336706183115559
7374 0.028935616054380865
7392 0.1134512129275235
7468 0.03724916307123285
7469 0.033104885918532966
7479 0.016541041804696687
7491 0.028712849923696257
7503 0.042627249403855504
7533 0.06450493542135892
7566 0.12161569245806714
7571 0.12459613546774699
7580 0.022042745860901526
7627 0.01843234771563713
7633 0.015606843762424173
7671 0.015651459512290536
7693 0.015430422723775242
7718 0.02026928207634452
7862 0.016394993272274776
7865 0.027354919747241718
7891 0.03240730020940781
8011 0.027006232165577553
8074 0.023011185448455856
8097 0.03559382529571815
8131 0.032314193179770995
8154 0.09206573671360575
8162 0.05395963630350633
8250 0.02608659065611437
8264 0.01673928958789167
8268 0.44276708900234757
8293 0.03559382529571815
8355 0.0336706183115559
8364 0.14188575047258395
8411 0.01596970481994212
8474 0.025156638584024397
8657 0.06062402244948467
8658 0.04589564734868881
8659 0.08126172802309926
8683 0.054012464331155106
8744 0.03384508783801583
8795 0.016492112045948894
8872 0.026440499772554624
8949 0.04514979702195944
8970 0.0302704836057368
8995 0.020562882808114497
8996 0.010562802131701268
8997 0.01518964368312191
9021 0.04063086401154963
9058 0.06062402244948467
9094 0.013497066648654998
9105 0.06797195884730847
9129 0.04004797786403296
9147 0.03949841818608213
9164 0.04191472520007985
9166 0.06062402244948467
9174 0.0302704836057368
9299 0.034271731340063685
9383 0.016992989711827118
9402 0.024802684129128897
9497 0.05494761999366238
9594 0.027763684847572412
9602 0.030068061879848357
9645 0.015562434090658868
9676 0.026578842833340683
9708 0.03429697305421382
9725 0.12002426713230697
9781 0.021921566762144816
9800 0.04191472520007985
9827 0.03512528333010376
9842 0.03673244802582671
9890 0.020562882808114497
9902 0.019966828878343095
9905 0.015386818672425454
9906 0.02117843229105132
9925 0.03396647786557129
9941 0.03158361323952774
9961 0.023011185448455856
10031 0.02760734519408534
10040 0.02041496178521139
10079 0.020713115190327574
10110 0.026861647834307237
10113 0.026169645894125442
10156 0.015696283261742473
10165 0.04125138103623652
10174 0.02745350708265566
10199 0.18187206734845401
10202 0.06062402244948467
10205 0.12124804489896934
10324 0.028084203755560148
10327 0.025777155608711282
10329 0.03897857932574934
10331 0.02245094872682769
10361 0.02041496178521139
10451 0.021751391048069724
10489 0.02760734519408534
10496 0.031351923068378584
10507 0.04514979702195944
10516 0.023064013476104643
10519 0.03182102473000274
10567 0.00963445955662762
10591 0.042627249403855504
10679 0.06854346268012737
10708 0.05935114318886841
10732 0.09779307421563581
10806 0.026169645894125442
10836 0.08376782623283947
10856 0.02911533487280604
10924 0.016492112045948894
10930 0.015562434090658868
10949 0.020562882808114497
10950 0.09367837490098772
10970 0.03596286325787716
10999 0.06468690692392519
11000 0.007796831971445844
11052 0.17469200923683625
11085 0.06062402244948467
11175 0.06062402244948467
11255 0.02395856331026086
11336 0.14837785797217104
11339 0.026037027559226503
11411 0.03491294735410873
11498 0.04063086401154963
11612 0.0485791113460582
11636 0.049605368258257794
11714 0.062139345570982725
11835 0.03714164496504195
11849 0.02350435389822411
11861 0.028935616054380865
11875 0.023606097459758453
11890 0.03848541087598109
11929 0.028248561208130376
11930 0.051554311217422565
12023 0.07670832768884796
12041 0.020865732312887315
12057 0.01843234771563713
12064 0.01878093763654086
12164 0.03596286325787716
12215 0.07008560649543552
12235 0.04125138103623652
12245 0.023708929208362418
12276 0.03801630921435693
12333 0.02350435389822411
12378 0.04017129984035874
12416 0.04191472520007985
12516 0.06062402244948467
12523 0.05602271740915041
12659 0.03491294735410873
12668 0.031125684939815764
12695 0.0642594528287454
12733 0.07209260310568756
12735 0.09052202941254828
12834 0.05578716607210327
12865 0.047673716267643114
12900 0.0901683351473268
12910 0.035600002200359214
12956 0.030068061879848357
12995 0.04191472520007985
13024 0.024802684129128897
13030 0.034271731340063685
13038 0.07346489605165342
13057 0.027153023976330272
13068 0.033104885918532966
13079 0.027574686181412376
13105 0.05181418316793779
13112 0.034719613225157105
13122 0.027922608744279823
13155 0.03673244802582671
13174 0.03396647786557129
13287 0.09232560866412097
13336 0.010277325167801757
13349 0.03396647786557129
13420 0.05395963630350633
13600 0.06270384613675717
13616 0.07883072589614211
13629 0.0971582226921164
13706 0.047295250157527974
13709 0.023107816179854627
13723 0.017200882715871148
13744 0.026304119090965767
13754 0.03715349455722783
13770 0.026719205572076275
13786 0.013009261038205879
13787 0.03347857917578334
13800 0.04125138103623652
13822 0.01578656258084935
13874 0.010251788162501213
13884 0.029675571594434205
13948 0.054069452329265674
14060 0.023708929208362418
14062 0.03566443978537928
14072 0.01439558866912815
14076 0.02911533487280604
14077 0.06062402244948467
14079 0.03491294735410873
14088 0.02986981409665338
14113 0.029675571594434205
14162 0.04191472520007985
14163 0.015541052819274748
14178 0.08015761671622883
14211 0.1025992281351706
14212 0.10244318915175964
