4 0.06728968214474826
10 0.03269814434088007
11 0.026210452800181035
17 0.06934263533487205
79 0.024651513007338255
112 0.06551133320215922
127 0.040080362794033535
175 0.03624906066132073
339 0.03720759179349139
482 0.03484588678641334
513 0.04407710598797938
636 0.06969177357282667
703 0.03606536348459912
717 0.04476022157633022
721 0.07481572750080553
727 0.0419293635424461
729 0.15560409333451738
789 0.045115384868400575
797 0.12934185423141098
854 0.04624150613945351
952 0.0488272437416162
979 0.04704889479902717
1045 0.03720759179349139
1097 0.04164897773017394
1107 0.02212054382025155
1294 0.06728968214474826
1319 0.015497949035491709
1368 0.04137437348263919
1388 0.06394271826601883
1391 0.05203900002082202
1414 0.06934263533487205
1438 0.06728968214474826
1500 0.06551133320215922
1520 0.05144699881863023
1684 0.14426145393839648
1770 0.04407710598797938
1875 0.05547272534101954
1901 0.03535491056027898
1919 0.10453766035924003
2044 0.04084158907060029
2107 0.06551133320215922
2257 0.06253954439111145
2339 0.06728968214474826
2631 0.047908408120692185
2768 0.11878807362015051
2770 0.03187409797536555
3130 0.018895074307470824
3273 0.0488272437416162
3321 0.020723774289859727
3439 0.04374825386843829
3443 0.11628042155496861
3633 0.01163747310324091
3669 0.06728968214474826
3697 0.04250849105183897
3756 0.03135176302181758
3789 0.029225835215336168
3799 0.04476022157633022
4283 0.04137437348263919
4465 0.13457936428949652
4485 0.13102266640431845
4508 0.0466390829519688
4964 0.04110531717693158
4980 0.06394271826601883
4998 0.04441428435609643
5002 0.034680445725180316
5016 0.11809084125303136
5024 0.06728968214474826
5064 0.042807780819255986
5070 0.03912868416222679
5231 0.042807780819255986
5297 0.03912868416222679
5314 0.08016072558806707
5318 0.06127021922238806
5391 0.034680445725180316
5482 0.06394271826601883
5487 0.03912868416222679
5615 0.06011141613330602
5636 0.07177076359267748
5663 0.02244459470168375
5685 0.02787735478141971
5718 0.07441518358698278
5730 0.04137437348263919
5903 0.030726397708238328
5959 0.06728968214474826
6119 0.11809084125303136
6146 0.06728968214474826
6193 0.13124476160531487
6279 0.058058462943182225
6519 0.026037491483906557
6579 0.11603156675737848
6880 0.11738605248668038
7032 0.058058462943182225
7059 0.05471149906445279
7099 0.06091245572737773
7287 0.05144699881863023
7486 0.029557416678910473
7491 0.019885898396452998
7580 0.061065314760965994
7596 0.04342732667276297
7693 0.021373553605076128
7710 0.06728968214474826
7714 0.03484588678641334
7717 0.026385689988493086
7718 0.028076132115787182
7741 0.07177076359267748
7932 0.0488272437416162
7951 0.058058462943182225
7991 0.04374825386843829
8017 0.18407931274105488
8107 0.048359903363792825
8124 0.021495178506672298
8306 0.03284058242766716
8401 0.03048424859798132
8411 0.02212054382025155
8417 0.0466390829519688
8516 0.05547272534101954
8744 0.015626916862528987
9021 0.056280114000593205
9094 0.14956441968725667
9112 0.05904542062651568
9204 0.024345342416123916
9372 0.04137437348263919
9409 0.027298227272026847
9552 0.04441428435609643
9647 0.0845299336465102
9666 0.040080362794033535
9708 0.023753341213932126
9827 0.016218007322048245
9835 0.04407710598797938
9990 0.09096055972577352
10316 0.02496488826963091
10331 0.03109808232008465
10361 0.028277921342328614
10616 0.03298456041549817
10645 0.032557213563716395
10648 0.057139627322258225
10732 0.022576455523072136
10751 0.26915872857899303
10853 0.04981420142494965
10884 0.06401589336309908
10995 0.23954204060346093
11000 0.04319933655082578
11043 0.04747171869808641
11050 0.06394271826601883
11062 0.06127021922238806
11232 0.10146908144972198
11258 0.20040181397016765
11276 0.3323020308866049
11303 0.04747171869808641
11343 0.04704889479902717
11356 0.04693385027862807
11576 0.027976372591925355
11678 0.07780204666725869
11720 0.06394271826601883
11858 0.06394271826601883
11974 0.06551133320215922
12015 0.058058462943182225
12020 0.07177076359267748
12143 0.07177076359267748
12202 0.06253954439111145
12268 0.058058462943182225
12448 0.04407710598797938
12544 0.04981420142494965
12674 0.06253954439111145
12833 0.056280114000593205
12834 0.011039138218443677
12854 0.12252476721180088
12943 0.12174894667015086
12969 0.057139627322258225
13008 0.04585545493056841
13034 0.06728968214474826
13079 0.019097630822954313
13093 0.06551133320215922
13125 0.04311395141047032
13577 0.09023076973680115
13616 0.027298227272026847
13670 0.06551133320215922
13703 0.06551133320215922
13851 0.048359903363792825
13874 0.02840066636690234
13982 0.08105352437926408
13989 0.05224738271742589
14041 0.08105352437926408
14163 0.0430535872488164
