4 0.06322212285041391
10 0.030721591076218628
11 0.024626070655727573
17 0.06515097813186636
79 0.023161366410469113
112 0.0615512724059518
127 0.03765756561314527
149 0.034590399459162945
175 0.03405785988723069
249 0.034958449265312184
339 0.034958449265312184
482 0.03273950574626363
513 0.0414127117389012
636 0.06547901149252726
703 0.0677705338528223
717 0.04205453402533803
721 0.10543984525794449
727 0.1181843912065686
729 0.1461980617423666
789 0.08477645646945109
797 0.12152333518723274
817 0.03514661508598149
854 0.043446277181811106
952 0.04587571086513878
979 0.044204860420676666
1045 0.034958449265312184
1097 0.07826272030790735
1107 0.020783390474538845
1294 0.06322212285041391
1319 0.014561121506616922
1355 0.0674323297168139
1368 0.038873355316963336
1388 0.06007747786514339
1391 0.04889332134534204
1414 0.06515097813186636
1438 0.06322212285041391
1500 0.0615512724059518
1520 0.0483371057185235
1684 0.1355410677056446
1770 0.0414127117389012
1856 0.0674323297168139
1875 0.05211948317444868
1901 0.03321775980452903
1919 0.16369752873131815
2044 0.03837277691508813
2107 0.0615512724059518
2257 0.05875912372417633
2339 0.06322212285041391
2631 0.045012417464815775
2768 0.14881001949000489
2770 0.029947357064488166
2984 0.05647777213922881
3130 0.017752895704945065
3273 0.04587571086513878
3321 0.019471053545168485
3439 0.04110373823154352
3443 0.10925144631880096
3633 0.010934005493127551
3669 0.06322212285041391
3697 0.03993891719809279
3756 0.02945659646717641
3789 0.05491835554863428
3799 0.04205453402533803
4283 0.038873355316963336
4383 0.02252318209215624
4465 0.06322212285041391
4485 0.1231025448119036
4508 0.04381982107861906
4964 0.03862056305712573
4980 0.06007747786514339
4998 0.041729508185728556
5002 0.03258406534642228
5016 0.11095242889017821
5024 0.06322212285041391
5064 0.040220115352704484
5070 0.03676341451216707
5231 0.040220115352704484
5297 0.03676341451216707
5314 0.07531513122629054
5318 0.057566527337979616
5391 0.03258406534642228
5482 0.06007747786514339
5487 0.03676341451216707
5615 0.05647777213922881
5636 0.0674323297168139
5663 0.02108785297135405
5685 0.02619221093873223
5718 0.06991689853062437
5730 0.038873355316963336
5861 0.05140427187250582
5903 0.02886903353893362
5959 0.06322212285041391
6119 0.11095242889017821
6146 0.06322212285041391
6193 0.12331121469463058
6279 0.054548916857776346
6519 0.02446356458886353
6579 0.10901763441653464
6880 0.11029024353650119
7000 0.05647777213922881
7032 0.054548916857776346
7059 0.05140427187250582
7099 0.05723039010397871
7204 0.04947541659105337
7287 0.0483371057185235
7306 0.05211948317444868
7486 0.027770715640998096
7491 0.018683825979545408
7580 0.05737400904067578
7596 0.0408022105984158
7693 0.020081554685653886
7710 0.06322212285041391
7714 0.03273950574626363
7717 0.024790715021614066
7718 0.026378972484525018
7741 0.0674323297168139
7932 0.04587571086513878
7951 0.054548916857776346
7965 0.03183457240310668
7991 0.04110373823154352
8017 0.17295199729581473
8107 0.09087324100960928
8124 0.020195827546296053
8241 0.0615512724059518
8306 0.06171083799310715
8401 0.028641521975364997
8411 0.020783390474538845
8417 0.04381982107861906
8516 0.05211948317444868
8744 0.014682293423986994
9021 0.05287806641331423
9094 0.14052347721271854
9112 0.05547621444508911
9204 0.02287370336742935
9372 0.038873355316963336
9409 0.025648090809495643
9552 0.041729508185728556
9647 0.1058936363733757
9666 0.03765756561314527
9708 0.022317487740610802
9827 0.015237653361147145
9835 0.0414127117389012
9990 0.0854621317597365
10316 0.023455798613140663
10331 0.029218250379358098
10361 0.026568563858174982
10616 0.03099069373324837
10645 0.030589179350925
10648 0.05368562345745334
10732 0.02121174300595163
10751 0.25288849140165565
10853 0.04680300845245154
10884 0.060146229638517006
10950 0.02438309620045342
10995 0.1800496698592631
11000 0.040588002133783906
11002 0.05211948317444868
11043 0.04460212525591413
11050 0.06007747786514339
11062 0.057566527337979616
11232 0.09533542927329247
11258 0.2259453936788716
11276 0.31221487679139887
11303 0.04460212525591413
11343 0.044204860420676666
11356 0.04409677016716213
11365 0.019363183986831678
11576 0.026285243272674615
11648 0.04381982107861906
11678 0.0730990308711833
11720 0.06007747786514339
11858 0.06007747786514339
11974 0.0615512724059518
12015 0.054548916857776346
12020 0.0674323297168139
12143 0.0674323297168139
12202 0.05875912372417633
12268 0.054548916857776346
12360 0.0674323297168139
12448 0.0414127117389012
12544 0.04680300845245154
12674 0.05875912372417633
12833 0.05287806641331423
12834 0.010371839045217063
12854 0.11511833074526437
12943 0.1525192098392559
12969 0.05368562345745334
13008 0.043083562183363316
13034 0.06322212285041391
13079 0.017943207986083523
13093 0.0615512724059518
13125 0.040507778395744244
13450 0.04110373823154352
13528 0.05875912372417633
13577 0.08477645646945109
13670 0.0615512724059518
13703 0.0615512724059518
13851 0.04543662050480464
13862 0.03913136015395367
13874 0.026683889132058488
13912 0.024066299753626067
13982 0.07615396168377936
13989 0.049089107623782935
14040 0.029100758518241756
14041 0.050769307789186244
14163 0.04045106315616803
