4 0.05999600903006567
10 0.02915392227476794
11 0.023369445548859696
17 0.06182643821634145
79 0.04395896517423147
112 0.058410419147375055
127 0.0357359662205927
149 0.03282531216510601
175 0.0323199471516263
249 0.033174581036470696
339 0.033174581036470696
482 0.0310688663055524
513 0.039299493838972785
604 0.042715512907939186
636 0.0621377326111048
703 0.0643123226125533
717 0.03990856506209305
721 0.13341258034400105
727 0.11215364942456499
729 0.13873783158509834
789 0.12067569432726324
797 0.11532221296186954
817 0.03335314508600026
854 0.04122929001118806
952 0.043534753963224884
979 0.04194916408053429
1045 0.033174581036470696
1097 0.11140366684824088
1107 0.019722850584060224
1294 0.05999600903006567
1319 0.0138180930663443
1355 0.06399137643923396
1368 0.036889716312495095
1388 0.05701182975188747
1391 0.04639838108387463
1414 0.06182643821634145
1438 0.05999600903006567
1500 0.058410419147375055
1520 0.04587054816298039
1684 0.1286246452251066
1770 0.039299493838972785
1856 0.06399137643923396
1875 0.04945991754460845
1901 0.03152271589972446
1919 0.155344331527762
2044 0.03641468154673407
2107 0.058410419147375055
2257 0.05576074890581357
2339 0.05999600903006567
2602 0.04122929001118806
2631 0.042715512907939186
2768 0.141216505719218
2770 0.028419196063990904
2984 0.05359581068292107
3130 0.016846996636664262
3232 0.03428861172360681
3273 0.043534753963224884
3321 0.01847747990185009
3439 0.03900628670669503
3443 0.10367653701535906
3633 0.010376062408606283
3669 0.05999600903006567
3697 0.0379009044434852
3756 0.02795347811748061
3789 0.05211596838037284
3799 0.03990856506209305
4283 0.036889716312495095
4383 0.021373863692999547
4465 0.05999600903006567
4485 0.11682083829475011
4508 0.041583772619420645
4964 0.03664982359741129
4980 0.05701182975188747
4998 0.03960012471986739
5002 0.06184271551227742
5016 0.10529072143548354
5024 0.05999600903006567
5064 0.03816775355045425
5070 0.06977488415777174
5231 0.03816775355045425
5297 0.03488744207888587
5314 0.0714719324411854
5318 0.05462900861729503
5391 0.03092135775613871
5482 0.05701182975188747
5487 0.03488744207888587
5615 0.05359581068292107
5636 0.06399137643923396
5663 0.04002355378947139
5685 0.02485566844561082
5718 0.06634916207294139
5730 0.036889716312495095
5861 0.048781202218467073
5903 0.02739589749286298
5959 0.05999600903006567
5974 0.0310688663055524
6119 0.10529072143548354
6121 0.06664104668079544
6146 0.05999600903006567
6193 0.11701886012008508
6279 0.05176538149664527
6519 0.02321523188099404
6579 0.10345465612355641
6696 0.033718536547113896
6880 0.13954976831554347
6967 0.0379009044434852
7000 0.05359581068292107
7032 0.05176538149664527
7059 0.048781202218467073
7099 0.054310023875606184
7204 0.046950773032191286
7287 0.04587054816298039
7306 0.04945991754460845
7486 0.026353624827037892
7491 0.017730423175400266
7580 0.06805789273795551
7596 0.0387201454987709
7693 0.019056828242051984
7710 0.05999600903006567
7714 0.0310688663055524
7717 0.023525688402106608
7718 0.025032899877942886
7741 0.06399137643923396
7932 0.043534753963224884
7951 0.05176538149664527
7965 0.030210110120536125
7991 0.03900628670669503
8017 0.16412656082553004
8107 0.08623613922461251
8124 0.01916526995944259
8241 0.058410419147375055
8306 0.05856184238304386
8401 0.027179995444546707
8411 0.019722850584060224
8417 0.041583772619420645
8516 0.04945991754460845
8618 0.06664104668079544
8744 0.013933081793722626
9021 0.05017979161395467
9094 0.13335281113129044
9112 0.05264536071774177
9204 0.021706498483613477
9372 0.036889716312495095
9409 0.0486786276206279
9552 0.03960012471986739
9647 0.10049007021031948
9666 0.0357359662205927
9708 0.021178665562719225
9827 0.014460102689297934
9835 0.039299493838972785
9990 0.08110114937009338
10048 0.028538536621546266
10242 0.0255810411422958
10316 0.022258890431930117
10331 0.027727294411646147
10361 0.02521281673698982
10616 0.029409293096139617
10628 0.02384448031462072
10645 0.029028267287111175
10648 0.050946140441359575
10732 0.020129345038596314
10751 0.29998004515032833
10853 0.04441473318432138
10884 0.05707707324309253
10950 0.023138869653026615
10995 0.17086205163175675
11000 0.04333147618008592
11002 0.04945991754460845
11043 0.04232615718939631
11050 0.05701182975188747
11062 0.05462900861729503
11232 0.09047062986320133
11258 0.2144157973235562
11276 0.29628310032577415
11303 0.04232615718939631
11343 0.04194916408053429
11356 0.04184658948269511
11365 0.01837511473750158
11576 0.024943953503050308
11648 0.041583772619420645
11678 0.06936891579254917
11720 0.05701182975188747
11820 0.05017979161395467
11858 0.05701182975188747
11974 0.058410419147375055
12015 0.05176538149664527
12020 0.06399137643923396
12023 0.023684014554718635
12057 0.022764255445409828
12143 0.06399137643923396
12202 0.05576074890581357
12268 0.05176538149664527
12360 0.06399137643923396
12448 0.039299493838972785
12544 0.04441473318432138
12674 0.05576074890581357
12833 0.05017979161395467
12834 0.009842582326562236
12854 0.10924404464020221
12943 0.144736422603604
12969 0.050946140441359575
13008 0.04088508372166339
13034 0.05999600903006567
13079 0.017027597616557498
13093 0.058410419147375055
13125 0.03844073765395652
13450 0.03900628670669503
13528 0.05576074890581357
13577 0.08045046288484217
13670 0.058410419147375055
13703 0.058410419147375055
13851 0.043118069612306256
13862 0.0371345556160803
13874 0.025322257164823607
13912 0.022838238772132015
13982 0.07226795885461774
13989 0.04658417673260815
14040 0.02761579795371838
14041 0.04817863923641183
14163 0.038386916493382585
