11 0.03862945242549893
51 0.05109923230148583
108 0.02329397527615108
150 0.03791177146861899
180 0.055078481364887445
194 0.017137624621439564
231 0.05790180350647059
339 0.02741862012097961
405 0.04429666109650107
412 0.05790180350647059
483 0.022642567977100226
484 0.0719624992198523
485 0.08175673349904442
556 0.023888947481546796
604 0.03530415110315994
607 0.055078481364887445
670 0.032480828961576794
702 0.029719037026202128
742 0.061881052569872204
763 0.03633816296969784
797 0.03177107140389678
874 0.049586392019895675
968 0.019774330261727507
974 0.042106722308144696
1084 0.061881052569872204
1091 0.05700315979635036
1092 0.15772725725165776
1145 0.030290890173220418
1230 0.02508328555119632
1604 0.03366814708984264
1618 0.05210672421067955
1770 0.032480828961576794
1846 0.06179627519381061
1940 0.01906144671716242
1963 0.012938206765112693
1976 0.03467076774993317
2128 0.04711998323808422
2182 0.0344818624294731
2187 0.055078481364887445
2244 0.03272929883406207
2334 0.09030118772060214
2357 0.032984223186058356
2400 0.039786794391043115
2462 0.09987400079564808
2558 0.030039772212767487
2597 0.09437843275803637
2609 0.023686589059949623
2634 0.061881052569872204
2668 0.05790180350647059
2693 0.020689562636081828
2720 0.037494089891516307
2730 0.020116317328518932
2736 0.02508328555119632
2743 0.033245946316118526
2780 0.033245946316118526
2907 0.1261818058013262
3010 0.014378741554063098
3044 0.022824314573809137
3072 0.061881052569872204
3076 0.08421344461628939
3096 0.29995271913213045
3099 0.04971008374930511
3114 0.09030118772060214
3125 0.05109923230148583
3130 0.013923955827876235
3153 0.06649189263223705
3216 0.09818789650218623
3220 0.020398755115251688
3227 0.027129951200232618
3382 0.05790180350647059
3421 0.05135651551318406
3439 0.03223849477903361
3454 0.02741862012097961
3481 0.02496850019891202
3512 0.02061604891599485
3536 0.1261818058013262
3596 0.055078481364887445
3606 0.04440480583534397
3633 0.008575762063743575
3648 0.0767490776466063
3658 0.15866562772959322
3666 0.023103405487494167
3693 0.029355512661975176
3721 0.05572107718076641
3734 0.04848089028877883
3812 0.055078481364887445
3814 0.03379131082156978
3905 0.032480828961576794
3914 0.027716037904122557
3956 0.0740575716141968
3995 0.09087267051966126
4034 0.03407579554453745
4052 0.026053362105339775
4114 0.03530415110315994
4134 0.04087836674952221
4190 0.03154545145033155
4191 0.06873754718382939
4219 0.016300834282509412
4261 0.061881052569872204
4264 0.04711998323808422
4284 0.04031741203309946
4293 0.055078481364887445
4338 0.038348022655316304
4364 0.04429666109650107
4393 0.022464126047732152
4398 0.03598124960992615
4404 0.021065625339963645
4472 0.05790180350647059
4477 0.054259902400465236
4487 0.05109923230148583
4493 0.03177107140389678
4542 0.022552941456990414
4603 0.04827591015990269
4725 0.04429666109650107
4974 0.02273302055972832
5002 0.025556342701311473
5160 0.06649189263223705
5186 0.08294667790983586
5223 0.015885118855016173
5228 0.02850157989817518
5341 0.032984223186058356
5391 0.05111268540262295
5412 0.06447698955806722
5582 0.027868196544948404
5616 0.061881052569872204
5663 0.01653963038807764
5739 0.07582354293723798
5754 0.04031741203309946
5769 0.05790180350647059
5793 0.02300949055318341
5809 0.05790180350647059
5813 0.05790180350647059
5820 0.07498817978303261
5859 0.061881052569872204
5903 0.022642567977100226
5938 0.0579441786382484
6109 0.012258875512177659
6131 0.05109923230148583
6179 0.03928340016656155
6186 0.07957358878208623
6278 0.015885118855016173
6294 0.04926397201241557
6310 0.027922119953920826
6313 0.061881052569872204
6315 0.025809537583126492
6419 0.028339360738023695
6429 0.0687493974636521
6434 0.11248226967454894
6463 0.05288854257653108
6480 0.05109923230148583
6488 0.02378724671918568
6497 0.03598124960992615
6606 0.012904768791563246
6668 0.04711998323808422
6695 0.037751373103214546
6737 0.026181651981073598
6775 0.015839996772115464
7020 0.020470653134567935
7038 0.08175673349904442
7059 0.08063482406619892
7201 0.01825575629951761
7242 0.014574636995023186
7327 0.2726063643562996
7344 0.034368773591914696
7380 0.09531321421169035
7406 0.02580170637477012
7418 0.037751373103214546
7486 0.021781134994560917
7495 0.032984223186058356
7497 0.02741862012097961
7594 0.05790180350647059
7633 0.03186089870948713
7649 0.023390666065590725
7693 0.015750370252005656
7704 0.049586392019895675
7716 0.028022751483122922
7756 0.05790180350647059
7758 0.038804571751509295
7833 0.09671548433710084
7851 0.0218639543530796
7891 0.01653963038807764
7961 0.04608597137154632
8027 0.026053362105339775
8031 0.05109923230148583
8044 0.03498235060997747
8078 0.026988739616585017
8089 0.07957358878208623
8173 0.10137393246470934
8225 0.04429666109650107
8244 0.0836538667965512
8264 0.017086376276562034
8344 0.03875816155217768
8433 0.014035691787136066
8456 0.09423996647616845
8459 0.04711998323808422
8463 0.020256520223564715
8484 0.027716037904122557
8500 0.049586392019895675
8658 0.04684728679425775
8688 0.035439519259577605
8706 0.03232059352585256
8717 0.05871102532395035
8744 0.005757810119691266
8878 0.02850157989817518
8939 0.03791177146861899
8995 0.02098925113551041
8996 0.010781820268386373
8997 0.007752299346815152
9241 0.04711998323808422
9242 0.036708547897463695
9270 0.03598124960992615
9322 0.05288854257653108
9329 0.07418692275641035
9338 0.04147333895491793
9371 0.055078481364887445
9423 0.03928340016656155
9437 0.036708547897463695
9497 0.04006210767887826
9500 0.07105976717984887
9507 0.04278382081491091
9553 0.03633816296969784
9584 0.028179779404992708
9645 0.015885118855016173
9655 0.04608597137154632
9719 0.03213542166678014
9755 0.027716037904122557
9801 0.05790180350647059
9827 0.0239024005826839
9855 0.04515059386030107
9882 0.10219846460297166
9902 0.006793612705282169
9948 0.05288854257653108
10079 0.021142598563902694
10125 0.0735669925043207
10126 0.061881052569872204
10127 0.061881052569872204
10130 0.055078481364887445
10156 0.03204348673764876
10162 0.026053362105339775
10306 0.05109923230148583
10316 0.03679371627311004
10349 0.037494089891516307
10386 0.020838262992120823
10396 0.052363303962147195
10402 0.055078481364887445
10506 0.027716037904122557
10546 0.04608597137154632
10587 0.08846676108117241
10588 0.12116356069288167
10595 0.02348831896823566
10610 0.05790180350647059
10629 0.03530415110315994
10657 0.015061383148094841
10663 0.042106722308144696
10675 0.039786794391043115
10752 0.028666525558064364
10866 0.03407579554453745
10904 0.028022751483122922
10922 0.033245946316118526
11000 0.05173023782422098
11031 0.12276607474612619
11047 0.08406825444936877
11050 0.04711998323808422
11097 0.05141287386431869
11112 0.03928340016656155
11135 0.02430662905864947
11169 0.032984223186058356
11213 0.039819396836290356
11271 0.04827591015990269
11314 0.05369906220355288
11325 0.040093919793583364
11350 0.04711998323808422
11371 0.020838262992120823
11411 0.03563686214303893
11533 0.08702223820489689
11674 0.08294667790983586
11694 0.033245946316118526
11699 0.04711998323808422
11774 0.055078481364887445
11776 0.04278382081491091
11833 0.049586392019895675
11849 0.023991713192717225
11863 0.04827591015990269
11869 0.029004974122656745
11878 0.033245946316118526
11892 0.038804571751509295
11911 0.038348022655316304
11941 0.039786794391043115
11955 0.026053362105339775
12025 0.055078481364887445
12064 0.012780238396604506
12170 0.039786794391043115
12215 0.017884705289677987
12245 0.024200530341591094
12247 0.04515059386030107
12303 0.04031741203309946
12328 0.04777789496309359
12351 0.03791177146861899
12354 0.11611666402424176
12377 0.058357356809882785
12406 0.023390666065590725
12407 0.09680212136636437
12493 0.05790180350647059
12510 0.04608597137154632
12553 0.04608597137154632
12563 0.055078481364887445
12626 0.04278382081491091
12834 0.00813484352748251
12865 0.012165555927179625
12877 0.026907898037159914
12881 0.05160341274954024
12903 0.015885118855016173
12994 0.026988739616585017
13011 0.04278382081491091
13079 0.014073221606266185
13261 0.029178678404941392
13336 0.020980847963902052
13464 0.024200530341591094
13614 0.02300949055318341
13664 0.05790180350647059
13719 0.03563686214303893
13754 0.012641288920114208
13761 0.02348831896823566
13775 0.02657690146671227
13918 0.04244036055627633
13993 0.0630909029006631
14062 0.024269291105661988
14065 0.08018783958716673
14076 0.029719037026202128
14081 0.04147333895491793
14154 0.038348022655316304
14163 0.007931647123069414
