81 0.12256421100200945
215 0.18065363059903172
227 0.18065363059903172
557 0.1169815628308009
1001 0.08554609651005249
1092 0.09842181051840704
1145 0.09450757925454398
1307 0.0957575402413906
1319 0.035632218587443344
1615 0.09512618195322031
1618 0.08128649141498487
2659 0.05721647818055067
2662 0.11828472937775476
3236 0.0682155389632024
3432 0.030004837329918634
3536 0.09842181051840704
3648 0.05986428177680592
3721 0.05794992144167783
3905 0.10134018841259917
3928 0.07267720433354913
4052 0.08128649141498487
4213 0.12256421100200945
4393 0.07008807468844351
4398 0.11226150105664247
4452 0.05428163360559737
4477 0.25393634837724227
4598 0.13348552364605273
4817 0.06795714255939071
5228 0.08892493108333543
5426 0.10291077842479138
5820 0.1169815628308009
5932 0.12939682016006465
6109 0.07649538474527735
6294 0.15370359579175125
6301 0.13348552364605273
6563 0.06342142686967048
6645 0.10456630550153716
6681 0.05813606056893068
6720 0.0664509475070785
6775 0.049420790929937446
6858 0.12754050684163343
7029 0.1470143506803577
7099 0.03501182531000346
7201 0.028478980404042585
7242 0.045472868345450834
7598 0.11894342992409791
7641 0.09390122692295941
7693 0.0491411561815313
7851 0.1364310779264048
7892 0.07685179789587562
8087 0.07550565619500764
8089 0.12413480101420167
8173 0.10542889189858728
8250 0.04153888874672879
8344 0.06046273324597083
8378 0.12579032809094742
8706 0.20168050768602838
8716 0.07862222113796845
8932 0.1196458331078173
9204 0.055973765339586486
9497 0.07499626709378666
9654 0.06620696380870471
9783 0.04686204560103128
9890 0.0654864648691136
10396 0.08168675583538111
10506 0.08647404001225246
10546 0.1437882335914197
10567 0.030682794001968192
10587 0.06900407504087902
10629 0.11014895367274569
10999 0.018727993351795258
11031 0.2872726207241718
11097 0.05346938990182638
11213 0.0621182603227166
11314 0.08377053873417759
11325 0.06254651614476732
11365 0.04738324613623599
11897 0.13348552364605273
11905 0.06744680087674945
12064 0.01993717230249781
12377 0.0910374784672322
12407 0.07550565619500764
12834 0.025380712319790198
12882 0.18065363059903172
13006 0.10134018841259917
13023 0.19306888792829546
13079 0.0439084523008443
13155 0.1169815628308009
13336 0.06546024697316451
13754 0.03944082222956559
13761 0.07328355666513368
13786 0.08286099997763054
14010 0.10211541443045419
14090 0.07297887960271077
