10 0.07830871082575198
175 0.04340639608535206
336 0.044317925616557036
339 0.044554188089450435
369 0.07336795368717366
498 0.0748879056536395
636 0.04172616713928621
637 0.03984783098432585
670 0.05278007997740397
721 0.04479400351439908
729 0.09316397148722783
797 0.05162675163399153
817 0.04479400351439908
1002 0.03526004264274715
1045 0.08910837617890087
1097 0.14961756174567337
1103 0.0707038711619783
1168 0.20110859286180244
1368 0.049543696040847705
1500 0.1568929415093314
1648 0.08950038359278346
1683 0.060926433420008884
1684 0.12955928433575567
1735 0.20110859286180244
1768 0.05278007997740397
1919 0.04172616713928621
1920 0.05633864507843018
2017 0.03526004264274715
2107 0.0784464707546657
2228 0.06842178115710043
2311 0.0373895245430148
2357 0.05359807595465351
2673 0.09408817193436217
2768 0.09482842828116013
2776 0.06448424000476898
2789 0.06952203981681558
2991 0.09408817193436217
3232 0.046050355673828244
3443 0.027847971466871
3583 0.08594181849175726
3622 0.06842178115710043
3789 0.03499644283571048
4046 0.05964995832386054
4219 0.02648821980950725
4388 0.06160514968893928
4399 0.05490956187767162
4428 0.05020826825099376
4477 0.0881702247085649
4555 0.05162675163399153
4606 0.06383399281552174
4612 0.05846812697869782
4741 0.06305591532027652
4899 0.035800685103410695
5014 0.08950038359278346
5064 0.051260128010938134
5070 0.09370919588305691
5094 0.1328515025855851
5482 0.07656813459970535
5487 0.04685459794152846
5528 0.03723836298248775
5718 0.08910837617890087
5861 0.06551422176158758
6044 0.02671990560702587
6119 0.0707038711619783
6140 0.10055429643090122
6147 0.10055429643090122
6519 0.031178564293816127
6696 0.04528473224031242
6758 0.05584791635251684
6880 0.04685459794152846
6886 0.10055429643090122
6949 0.14671714187440724
7000 0.07198034625812663
7128 0.10055429643090122
7194 0.0748879056536395
7231 0.09408817193436217
7306 0.06642575129279255
7569 0.09408817193436217
7572 0.05055123685082152
7668 0.059048097265048526
7865 0.02268617783816355
7932 0.05846812697869782
8017 0.0881702247085649
8074 0.07633520407651999
8166 0.06739255791654794
8411 0.07946465942852175
8433 0.022807451618293638
8450 0.10055429643090122
8464 0.3016628892927037
8465 0.07656813459970535
8744 0.009356216830903756
9067 0.09408817193436217
9094 0.08954787134867999
9102 0.04254416311653575
9168 0.04859604548574277
9172 0.08950038359278346
9287 0.11169583270503368
9307 0.12611183064055304
9368 0.0748879056536395
9552 0.053183833827321475
9827 0.01942023425415618
10064 0.08594181849175726
10145 0.11809619453009705
10174 0.045535877985619706
10190 0.03785180112001797
10197 0.11473573663796534
10316 0.029894176805923243
10331 0.03723836298248775
10438 0.05402336583111735
10556 0.05846812697869782
10574 0.04479400351439908
10580 0.05736786831898267
10645 0.03898559801550954
10884 0.07665575803572003
10949 0.03410671429933472
10950 0.03107600815108595
10995 0.22947147327593068
11000 0.03879674697923435
11043 0.056844955071077855
11232 0.030376008781126635
11258 0.047994184426930764
11365 0.07403454324983164
11678 0.09316397148722783
11741 0.05964995832386054
11859 0.08594181849175726
11892 0.06305591532027652
11968 0.06842178115710043
12192 0.18277930026002664
12316 0.09056946448062483
12333 0.03898559801550954
12458 0.05964995832386054
12544 0.05964995832386054
12550 0.10055429643090122
12614 0.07358657934123984
12638 0.05278007997740397
12715 0.10055429643090122
12833 0.06739255791654794
12943 0.04859604548574277
12966 0.05055123685082152
12999 0.043629440633548455
13079 0.022868436110332575
13088 0.030181525575255105
13261 0.047414214140580065
13363 0.05846812697869782
13487 0.05278007997740397
13528 0.0748879056536395
13616 0.03268823091633693
13786 0.021577866956497993
13846 0.08057595265493335
13860 0.0523862963842876
13874 0.017004172672605525
13912 0.030672254301168444
13989 0.0625635684699405
14072 0.047754610527171955
14163 0.05155446863789983
14189 0.039671614547892656
14197 0.10055429643090122
