13 0.04097700862825335
51 0.06397612406948197
180 0.06895813495922579
231 0.07249292793913494
248 0.05652844210212176
339 0.03432805080758093
405 0.055459320199829
483 0.028348444250747035
484 0.04504844369555627
557 0.04694251633017603
561 0.07249292793913494
607 0.06895813495922579
670 0.04066592490598019
702 0.03720816760604349
801 0.05769953264528613
968 0.024757417073336452
1091 0.03568391401623637
1092 0.11848450308844748
1095 0.04196050544043222
1206 0.07747493882887876
1243 0.14498585587826987
1519 0.04369688786354756
1604 0.021076222267890216
1618 0.03261875083845225
1657 0.0347004172040575
1689 0.053571935223923936
1773 0.052717521755542306
1891 0.0662163365149391
1898 0.058994113179738156
1940 0.023864888476720685
1976 0.04340772335026689
2128 0.058994113179738156
2153 0.07747493882887876
2160 0.03949483436281583
2182 0.17268485725337482
2187 0.06895813495922579
2217 0.07747493882887876
2357 0.041296173344377116
2384 0.02747819386885656
2462 0.12504202467308165
2463 0.10713049513041849
2558 0.018804863669616305
2597 0.023632317166674254
2668 0.07249292793913494
2693 0.02590328595036058
2730 0.0251855841128356
2736 0.03140421717151549
2770 0.029407322592040524
2813 0.055459320199829
2852 0.033789841381616614
2873 0.040066432805812464
2907 0.03949483436281583
2940 0.026183613334404533
3019 0.060441331089572815
3044 0.028575990581612705
3076 0.052717521755542306
3096 0.18777006532070412
3099 0.031118456601131852
3114 0.05652844210212176
3130 0.01743276142245085
3216 0.0819540172565067
3220 0.025539195587452594
3236 0.02737362174228669
3382 0.07249292793913494
3385 0.16069574269562772
3451 0.1324326730298782
3454 0.06865610161516186
3536 0.07898966872563166
3563 0.07747493882887876
3606 0.02779735858498033
3648 0.024022418207615696
3721 0.09301688463652938
3734 0.04046531050035196
3812 0.06895813495922579
3891 0.058994113179738156
3914 0.0347004172040575
3938 0.03589042561193966
3956 0.02317997833079301
3997 0.06895813495922579
4034 0.042662819485455146
4117 0.05447582338765013
4134 0.05117962335510812
4141 0.053565247565209244
4191 0.043029627342724974
4284 0.05047730931008518
4308 0.062082051434862215
4393 0.05625007071193924
4404 0.02637411561096095
4477 0.10189991390152085
4542 0.028236232048876164
4630 0.03921870699614552
4634 0.0662163365149391
4885 0.03894864885691744
4922 0.06017756013587921
4928 0.02225355152695757
5002 0.031996483660944576
5026 0.05047730931008518
5160 0.0416238501153664
5186 0.05192452721991986
5341 0.041296173344377116
5391 0.031996483660944576
5426 0.041296173344377116
5438 0.049182728775633164
5528 0.028691363736390512
5582 0.034890919480613916
5663 0.020707580096859135
5719 0.07249292793913494
5739 0.047465452726570406
5740 0.07249292793913494
5793 0.0288078304918728
5820 0.04694251633017603
5903 0.028348444250747035
5905 0.07747493882887876
5962 0.024757417073336452
6102 0.02332891531442748
6109 0.03069616921413543
6131 0.12795224813896394
6186 0.04981297721403009
6278 0.01988813312753882
6310 0.017479215733766068
6315 0.016156741542142954
6429 0.057382727472781024
6463 0.0662163365149391
6486 0.04340772335026689
6488 0.059563158929640155
6497 0.04504844369555627
6529 0.06895813495922579
6567 0.041296173344377116
6580 0.06895813495922579
6620 0.049182728775633164
6695 0.04726463433334851
6775 0.01983164038109407
7020 0.025629211746149214
7038 0.05117962335510812
7087 0.05769953264528613
7099 0.014049591590268683
7167 0.04066592490598019
7201 0.01142808294172949
7242 0.018247412782249426
7327 0.17065127794182058
7351 0.04644093033134646
7355 0.07249292793913494
7380 0.11933193011377016
7418 0.04726463433334851
7466 0.02218509925683958
7486 0.02726993209143861
7495 0.041296173344377116
7580 0.028169697723651837
7598 0.023864888476720685
7627 0.0235557614629009
7633 0.019944886811382456
7649 0.029285061377263413
7651 0.03792412646169349
7693 0.019719428179223196
7717 0.02434366920453351
7756 0.07249292793913494
7791 0.06895813495922579
7833 0.04036252305373341
7887 0.07747493882887876
7891 0.020707580096859135
7903 0.05447582338765013
7934 0.07747493882887876
7961 0.05769953264528613
8004 0.1639080345130134
8017 0.03396663796717362
8115 0.02113875243188677
8173 0.12691993575380875
8243 0.07747493882887876
8244 0.0785508400032136
8264 0.02139210472121713
8344 0.07278769681521355
8456 0.058994113179738156
8459 0.11798822635947631
8498 0.04097700862825335
8638 0.07249292793913494
8658 0.02932634892228009
8660 0.04801163823246879
8673 0.019119936079055468
8688 0.02218509925683958
8706 0.02023265525017598
8717 0.03675303591852913
8744 0.007208765337462345
8795 0.021076222267890216
8878 0.03568391401623637
8931 0.024757417073336452
8995 0.026278495278526597
8996 0.013498814759396788
8997 0.019411722740155096
9008 0.052717521755542306
9307 0.04858323667546543
9329 0.09288186066269292
9338 0.05192452721991986
9437 0.04595901951799716
9445 0.0662163365149391
9458 0.04801163823246879
9497 0.020063067532811726
9611 0.04644093033134646
9645 0.01988813312753882
9719 0.04023347574870054
9755 0.0347004172040575
9827 0.014962875921638637
9902 0.008505587848146657
9929 0.052717521755542306
10125 0.1228076125059702
10130 0.06895813495922579
10215 0.07249292793913494
10301 0.058994113179738156
10339 0.062082051434862215
10396 0.0655587389494483
10444 0.07249292793913494
10493 0.0655587389494483
10567 0.012312432178531172
10587 0.027690046542977777
10588 0.07584825292338698
10904 0.035084421916068635
10992 0.036531639825903316
10999 0.00751519395427843
11000 0.034874076228206735
11031 0.15370284984209226
11047 0.035084421916068635
11060 0.07747493882887876
11097 0.04291253506779381
11271 0.060441331089572815
11314 0.06723110526749411
11325 0.050197497528188174
11350 0.058994113179738156
11359 0.020647200856405392
11600 0.038425712460523065
11612 0.062082051434862215
11631 0.03894864885691744
11674 0.05192452721991986
11774 0.06895813495922579
11792 0.06895813495922579
11810 0.12088266217914563
11815 0.02965555630153974
11849 0.030037571030437457
11892 0.04858323667546543
11897 0.053565247565209244
12038 0.07747493882887876
12053 0.07747493882887876
12064 0.01600082976735744
12104 0.058994113179738156
12129 0.07747493882887876
12245 0.03029900963181154
12328 0.0598178171817402
12336 0.0832477002307328
12351 0.047465452726570406
12354 0.1453778025532731
12407 0.06059801926362308
12438 0.07747493882887876
12510 0.05769953264528613
12553 0.05769953264528613
12614 0.05669688850149407
12794 0.05047730931008518
12877 0.01684431395287574
12894 0.041296173344377116
12920 0.07747493882887876
12994 0.033789841381616614
12995 0.053565247565209244
13022 0.02726993209143861
13080 0.05769953264528613
13217 0.07249292793913494
13321 0.05192452721991986
13336 0.026267974526546965
13349 0.04340772335026689
13404 0.05769953264528613
13452 0.06895813495922579
13464 0.03029900963181154
13614 0.0576156609837456
13719 0.04461727136052864
13754 0.015826865334880542
13761 0.029407322592040524
13775 0.03327422094298942
13860 0.04036252305373341
13912 0.023632317166674254
14003 0.05117962335510812
14039 0.035281020521555365
14065 0.025098748764094087
14072 0.018396953987600075
