4 0.0417809853862368
10 0.02030267713145968
11 0.01627439022605759
46 0.03604920865220327
49 0.04645399885598648
79 0.030612850941772837
104 0.03494501007652698
108 0.019627264677973176
112 0.04067678681056049
119 0.04878746582671195
127 0.049772773441560406
149 0.022859418652025197
175 0.02250748443866227
209 0.037323912358644906
336 0.04596027825977754
339 0.02310264812422296
369 0.038043427347975875
477 0.046408563544594016
482 0.04327247328830563
535 0.05104558682775843
555 0.028239261172695797
556 0.020128582156544342
599 0.028239261172695797
604 0.05949383132060853
615 0.04878746582671195
636 0.06490870993245844
667 0.03194406983797431
703 0.06718027385496983
717 0.13896084094605363
721 0.13936199656795945
727 0.18224117705845244
729 0.16907884313393395
789 0.11205077365806568
797 0.10707991575581384
817 0.04645399885598648
854 0.028711915863922285
952 0.09095229575450926
976 0.017495222693959717
1045 0.02310264812422296
1097 0.10344143556231145
1117 0.024886386720780203
1294 0.0417809853862368
1319 0.01924573163462501
1355 0.0445633435802869
1368 0.02568985375981253
1376 0.036662022730526385
1388 0.03970281464076284
1391 0.03231165061394235
1438 0.0417809853862368
1500 0.04067678681056049
1520 0.03194406983797431
1655 0.018780373913944805
1683 0.031592135624611384
1684 0.2015408215649095
1718 0.015550372538074847
1759 0.035478692394337784
1770 0.054736026756372666
1856 0.0445633435802869
1919 0.15145365650906967
1963 0.010901600333421895
2006 0.020215171490870085
2017 0.018283362192237224
2107 0.24406072086336297
2114 0.019002877181568192
2244 0.027577371544577275
2311 0.058162682303740575
2339 0.0417809853862368
2371 0.06144154910972179
2372 0.025522793413879214
2602 0.05742383172784457
2631 0.029746915660304265
2648 0.014793803539605088
2662 0.03194406983797431
2714 0.0417809853862368
2768 0.1475139311048174
2772 0.046408563544594016
2894 0.046408563544594016
2984 0.037323912358644906
3062 0.04067678681056049
3137 0.01774967987442641
3211 0.046408563544594016
3313 0.030930245996492866
3321 0.012867644535602499
3432 0.008103130676175309
3443 0.014439986752330864
3537 0.04067678681056049
3622 0.035478692394337784
3651 0.046408563544594016
3669 0.0417809853862368
3693 0.02473465391560171
3697 0.10557616483355471
3699 0.02415412044770485
3776 0.02676997893895346
3786 0.06710283081851501
3789 0.05444003397456203
3820 0.04067678681056049
3832 0.022060391455177207
3865 0.01488467484824055
3908 0.018492720358628163
3935 0.036662022730526385
4195 0.23298940107752028
4204 0.03444369259795581
4280 0.04878746582671195
4283 0.02568985375981253
4304 0.05039693852491869
4383 0.01488467484824055
4485 0.04067678681056049
4575 0.03494501007652698
4577 0.011608296833331764
4678 0.05172071778115572
4722 0.02361168301433857
4922 0.013499756652718369
4957 0.021952295721551607
4990 0.03670512194306309
4998 0.027577371544577275
5016 0.036662022730526385
5059 0.014100689686081407
5061 0.04305568909267843
5064 0.02657987387990883
5070 0.02429547783637831
5094 0.10333107779386744
5211 0.026212293103940784
5223 0.013384638238526588
5247 0.009062026805571565
5258 0.03494501007652698
5279 0.020128582156544342
5314 0.024886386720780203
5318 0.038043427347975875
5374 0.04670649859630445
5474 0.0445618333609658
5482 0.03970281464076284
5487 0.19436382269102648
5528 0.019309179082767483
5582 0.023481456608459933
5661 0.022169918961963624
5663 0.027872245887975128
5685 0.01730939002243956
5718 0.02310264812422296
5932 0.03494501007652698
5959 0.0417809853862368
5974 0.021636236644152814
6081 0.024439293737295135
6109 0.01032920278653233
6119 0.036662022730526385
6121 0.046408563544594016
6146 0.0417809853862368
6210 0.018635296405600146
6310 0.023526891919852397
6324 0.03444369259795581
6445 0.04878746582671195
6505 0.02586035889057786
6519 0.016166996432576693
6528 0.035891593431077146
6563 0.017127641917991675
6696 0.023481456608459933
6869 0.037323912358644906
6929 0.04878746582671195
6954 0.04878746582671195
6963 0.03970281464076284
6967 0.026394041208388678
7000 0.037323912358644906
7032 0.03604920865220327
7059 0.03397103790672931
7099 0.009455321906227759
7153 0.04524627910578891
7170 0.02361168301433857
7204 0.03269633420028768
7287 0.06388813967594861
7422 0.014311113403130309
7466 0.014930487740321631
7479 0.014226300291745488
7491 0.024694794322467684
7495 0.027792168189210726
7596 0.05392911493250832
7601 0.0445633435802869
7615 0.04878746582671195
7616 0.01995807702577901
7645 0.07940562928152568
7705 0.0445633435802869
7710 0.0417809853862368
7714 0.021636236644152814
7758 0.03269633420028768
7951 0.03604920865220327
7962 0.04878746582671195
7992 0.07940562928152568
8017 0.27431302382430234
8085 0.022859418652025197
8107 0.03002725457041183
8124 0.013346618834220773
8306 0.04078223735800349
8344 0.016328614721143685
8401 0.03785608445713463
8411 0.0137349157943923
8417 0.028958776162026762
8465 0.03970281464076284
8516 0.03444369259795581
8618 0.046408563544594016
8706 0.013616500321664119
8737 0.06429614504154887
8744 0.004851471758038452
8997 0.006532007926470194
9021 0.03494501007652698
9094 0.09286637466665411
9174 0.026034453865493204
9372 0.02568985375981253
9402 0.021331814321520468
9426 0.024585655184136232
9552 0.027577371544577275
9626 0.0417809853862368
9632 0.03397103790672931
9646 0.038043427347975875
9647 0.034990445387919435
9666 0.049772773441560406
9708 0.07374369817936871
9820 0.030930245996492866
9827 0.020139917601595145
9961 0.019791016679845688
10079 0.017814536723524014
10110 0.02310264812422296
10131 0.0445633435802869
10146 0.0445633435802869
10159 0.028472211953862632
10162 0.021952295721551607
10174 0.02361168301433857
10197 0.029746915660304265
10218 0.0606348638363395
10271 0.058426466684986904
10316 0.01550100399818712
10331 0.038618358165534966
10386 0.017558106691832484
10516 0.009918225995619081
10595 0.019791016679845688
10628 0.016605202573863418
10645 0.020215171490870085
10648 0.035478692394337784
10730 0.033523944923244245
10751 0.0417809853862368
10853 0.030930245996492866
10884 0.059622374928232955
10908 0.04067678681056049
10930 0.013384638238526588
10950 0.01611381807651023
10995 0.20822840962212985
11000 0.01676437225957795
11043 0.029475769864950853
11050 0.03970281464076284
11062 0.038043427347975875
11068 0.04878746582671195
11094 0.03494501007652698
11169 0.027792168189210726
11172 0.03970281464076284
11232 0.07875423976751134
11243 0.04878746582671195
11258 0.09954554688312081
11276 0.11790307945980341
11304 0.07332404546105277
11356 0.07285450198713081
11359 0.06947743971969829
11365 0.10237086269298304
11437 0.035478692394337784
11511 0.020391118679001743
11525 0.13171377432930964
11531 0.029746915660304265
11576 0.01737087139018944
11648 0.057917552324053524
11678 0.02415412044770485
11700 0.038043427347975875
11720 0.11910844392228852
11804 0.038043427347975875
11892 0.06539266840057537
11916 0.04067678681056049
11922 0.029213233342493452
11974 0.04067678681056049
11981 0.04305568909267843
12015 0.03604920865220327
12256 0.04478684923664655
12268 0.03604920865220327
12276 0.03269633420028768
12406 0.01970873534554949
12544 0.030930245996492866
12638 0.082104040134559
12674 0.03883156684625338
12695 0.01842234371367133
12745 0.046408563544594016
12819 0.03444369259795581
12833 0.03494501007652698
12834 0.006854335729945791
12854 0.025359041412006702
12865 0.010250572661245374
12932 0.027792168189210726
12935 0.028958776162026762
12943 0.07559540778737804
13006 0.027368013378186333
13125 0.02676997893895346
13184 0.03125457014791273
13201 0.0417809853862368
13487 0.027368013378186333
13528 0.03883156684625338
13616 0.06779921071817636
13659 0.029213233342493452
13670 0.04067678681056049
13703 0.04067678681056049
13716 0.06989002015305396
13754 0.010651420402246075
13806 0.019002877181568192
13851 0.03002725457041183
13874 0.008817160288277155
13912 0.01590445991011929
13934 0.046408563544594016
13989 0.06488207595007235
13997 0.02103820220491994
14040 0.03846306677350378
14041 0.033551415409257504
14163 0.04678187166417544
14212 0.017621472564118706
14213 0.03494501007652698
