1249 0.1187869636281059
2352 0.1010444922716132
2716 0.12043285671126448
2927 0.07570235165676609
2995 0.06532235830554455
3157 0.10610949847272873
3696 0.19014864356465025
4383 0.1688524867090676
4721 0.14203291984367872
4854 0.2079478983904539
5390 0.0759179986569756
6859 0.16149508939678422
7284 0.220831121602503
7468 0.06057068569825498
7571 0.24312621508951357
8268 0.19635857541433144
8411 0.07790478160485072
8517 0.09261630597544789
8996 0.051528365895520754
9169 0.22025360619732717
9497 0.0382928836065998
9676 0.12965918716640137
9758 0.11466095196184768
9890 0.10031161579967798
9902 0.06493592965126088
9904 0.1854544151040661
11052 0.28406583968735744
11336 0.14476591459452456
11339 0.12701605749832337
11714 0.2020889845432264
12064 0.03053959275611165
12215 0.08547440183196511
12465 0.3374504806036128
12513 0.10031161579967798
12764 0.09109827250783105
12865 0.058141501298829536
12948 0.10693966421398363
13336 0.05013572772364703
13446 0.14970765360268648
13616 0.09613969941732867
13709 0.11272652770692447
13786 0.06346289123367752
13884 0.14476591459452456
14062 0.057993774751757154
14072 0.07022579339984047
14212 0.2998482827737516
