557 0.09794116547156566
917 0.059861844293683686
1008 0.06977715226185592
1318 0.05482762015387425
1618 0.06805596979237698
1643 0.1295283880742336
1689 0.03725760911134818
2462 0.1304442388991971
2577 0.302499414427044
2736 0.06552195900336065
2816 0.08421262553227009
3036 0.07912513933049689
3208 0.059861844293683686
3286 0.12308569400381227
3321 0.07978391316533447
3633 0.022401400694351335
3693 0.0766817685520004
3721 0.04851775534229064
3734 0.042213540958237684
3742 0.08017165155758021
3905 0.0848456450919007
3938 0.07488201290658675
3956 0.04836285463172126
4052 0.06805596979237698
4393 0.05868025314872007
4452 0.045446533029501614
4477 0.21260463028377505
4660 0.06434308511841363
4922 0.04185161509371759
5197 0.08182616041443755
5228 0.07445114579617641
5347 0.10136437486452389
5412 0.08421262553227009
5695 0.1616442065092463
5739 0.09903222330430143
5820 0.09794116547156566
6062 0.06942354679908445
6081 0.07576610015778461
6106 0.1295283880742336
6109 0.0640446832291392
6250 0.09794116547156566
6315 0.033709528601540306
6486 0.09056615085330452
6488 0.06213647734289635
6619 0.09138006015319682
7025 0.05711249899260129
7245 0.05218628708200258
7491 0.07655819681714979
7533 0.11466135788887945
7571 0.06644311161828466
7651 0.07912513933049689
7693 0.04114274072402951
7867 0.1053161800898268
8004 0.08549469215414947
8074 0.06135562541651145
8344 0.05062157162553802
8459 0.12308569400381227
8498 0.08549469215414947
8499 0.0861605994535089
8526 0.09794116547156566
8716 0.06582534703655298
9099 0.04898815367040729
9367 0.07402740078321504
9497 0.020929856031547563
9645 0.04149472780419868
9949 0.07488201290658675
9966 0.06110053883821606
10361 0.05443321253446674
10466 0.13348019329953653
10493 0.06839108553952347
10516 0.030748241428305203
10587 0.11554537942985348
10752 0.07488201290658675
10866 0.08901197867874991
11031 0.4008582577879011
11032 0.09689465324448235
11047 0.14640072330962822
11213 0.1560229150436114
11259 0.06321604694348706
11465 0.09903222330430143
11916 0.1261051786812754
12041 0.05563511965510763
12182 0.06707613117791526
12215 0.04671799969687698
12270 0.08421262553227009
12351 0.09903222330430143
12407 0.12643209388697413
12409 0.1750933323516827
12695 0.05711249899260129
12764 0.04979185552855505
12881 0.06739860070778513
13079 0.03676173311701599
13184 0.09689465324448235
13216 0.1203846729198716
13438 0.10393011336749436
13614 0.06010484127514917
13754 0.033021272778751116
13761 0.06135562541651145
13783 0.10833566476728997
13973 0.05563511965510763
14044 0.08240227431340422
