215 0.20652982942279563
227 0.20652982942279563
440 0.15519972543203062
931 0.1060047749107739
967 0.16104756473196608
1230 0.08946952206200157
2111 0.11954402005093254
2352 0.07541349337192058
2485 0.08708184692140722
2648 0.06262595668324564
3157 0.07919370744385441
3430 0.11954402005093254
3432 0.03430262605328476
3442 0.09995429733237943
3536 0.11251940893989579
4213 0.14011988304717868
4262 0.07950212939364612
4450 0.09292968622134268
4452 0.06205674633928339
4477 0.09676976975348713
4542 0.08044404267259148
4815 0.2204210128500676
5474 0.1886416456943399
5746 0.0844876480853065
6109 0.1311784771002377
6645 0.11954402005093254
7073 0.22072340510655328
7218 0.15519972543203062
7242 0.10397248825401177
7491 0.05226969235464802
7580 0.04012724434749154
7865 0.04979767746406782
8087 0.08632082423531855
8115 0.12044714037854265
8178 0.41305965884559126
8931 0.07053301984709712
9134 0.07858489792728435
9654 0.07569021943634427
9820 0.13093564753599546
9890 0.07486651873019386
10079 0.07541349337192058
10125 0.08746865378362821
10324 0.10225057381830296
10396 0.09338728312761206
10587 0.07888797916994046
10614 0.12798250629565094
10999 0.02141052609655251
11031 0.10947351783865503
11128 0.15519972543203062
11320 0.10535044436717486
11365 0.054170257799776605
11835 0.13522742333327992
11899 0.17686960449196504
12215 0.06379292023851015
12582 0.23219445471405215
12726 0.12053016032862558
13614 0.08207250674883278
13754 0.04509018866853954
13832 0.07919370744385441
14195 0.16438396094321384
