79 0.054415959698423444
406 0.0879343079274725
482 0.07691910717451064
535 0.09073622711210369
604 0.10575342798371697
703 0.07961099042086109
727 0.18511046815074586
729 0.17174090022953684
789 0.0995880846764637
797 0.19034020684195385
1097 0.09193630804612393
1368 0.09133014429210126
1408 0.10778167355642453
1919 0.07691910717451064
2105 0.08688427128829634
2602 0.10207389435812146
2763 0.07513687057316104
2767 0.27610064551668173
2772 0.16498734654330133
3010 0.04307145652619834
3036 0.09073622711210369
3697 0.09383360507036984
3789 0.12902671497340404
4191 0.1029515087990858
4195 0.13805032275834087
4881 0.05307946134781635
4965 0.12613049984499372
5049 0.0780427305868329
5094 0.12245096621939823
5299 0.09318747135706673
5685 0.06153671029574595
5718 0.08213235491498272
5829 0.10207389435812146
6050 0.10996029234969437
6310 0.04182029321525556
6519 0.05747538038799216
6921 0.08688427128829634
6963 0.14114770071660704
7000 0.13269045176867744
7133 0.16498734654330133
7154 0.13269045176867744
7287 0.11356454321834346
7304 0.16498734654330133
7596 0.09586185064307741
7992 0.14114770071660704
8017 0.08126764844371957
8124 0.04744864004823182
8931 0.05923391855958434
9552 0.09804046943634723
9647 0.12439473015306458
9666 0.08847373408070638
10174 0.08394202772973025
10304 0.17344459549123092
10837 0.10885080594198314
10884 0.14130922804892376
10908 0.14461027468202456
11043 0.10478947603422935
11108 0.07065461402446188
11232 0.11199185715620107
11258 0.17694746816141277
11276 0.10478947603422935
11365 0.045492404065777634
11678 0.08587045011476842
11965 0.08537635612244024
12144 0.16498734654330133
12192 0.11231337990740067
12599 0.11918116606292023
12638 0.09729617903578738
12763 0.06837013303353387
12768 0.06892482685811696
12865 0.03644186880085378
12903 0.047583803047352574
12935 0.1029515087990858
12943 0.08958322048841763
13057 0.08302326856473392
13393 0.1303373642109711
13450 0.09657026806722485
13528 0.13805032275834087
13754 0.03786692487034478
13989 0.057665658725556165
14163 0.023759213764148537
