108 0.03454648640666882
194 0.02541621638249544
315 0.05336254270935501
319 0.04891775682007919
320 0.04853968735977608
324 0.04853968735977608
326 0.03398661523403094
368 0.06834850490956308
370 0.05560618363383576
437 0.03882909952232692
557 0.05560618363383576
636 0.03808253301630624
703 0.039415280318905635
829 0.16336996886230445
961 0.04746105650754309
1133 0.02702612711870309
1440 0.05389186852796421
1450 0.05687262168346437
1519 0.051761544985725376
1545 0.030683972396034247
1655 0.03305585076551024
1689 0.042306081289277125
2371 0.03604831809134308
2609 0.03512875828531006
2692 0.045823955672165746
2720 0.11121236726767152
2770 0.034834710792469366
2793 0.050378765738088735
2895 0.04179245296762255
2989 0.05622563268684764
3256 0.05501202538797392
3281 0.030793820886147894
3341 0.09511138700961082
3388 0.05501202538797392
3430 0.14911409229607153
3484 0.13669700981912616
3599 0.0858721555270926
3643 0.07578349822934032
3666 0.03426385896608344
3745 0.04521741558306233
3865 0.026198924085917404
4071 0.04891775682007919
4109 0.05389186852796421
4219 0.02417520166833116
4332 0.07353985730485957
4383 0.026198924085917404
4685 0.2221794972710593
4722 0.041559570305731174
4747 0.030904504734017256
5005 0.14707971460971914
5059 0.024819010318414388
5158 0.039415280318905635
5528 0.03398661523403094
5793 0.03412457698595394
5870 0.05285179360782114
6044 0.024386656077837778
6174 0.07353985730485957
6200 0.06569484093158805
6207 0.03542886903833121
6228 0.2353114866219461
6488 0.03527804016679664
6606 0.01913861478574587
6636 0.03808253301630624
6702 0.18984422603017237
6813 0.019848748592261295
6911 0.08654777082320546
6921 0.04301627061826728
6973 0.06834850490956308
6980 0.0858721555270926
7195 0.0514190125378954
7242 0.02161513837211799
7245 0.029628810813900133
7418 0.027993875718553968
7449 0.07578349822934032
7487 0.12690240001421457
7566 0.030683972396034247
7792 0.04853968735977608
7857 0.05825984761181081
7891 0.02452935188602391
7913 0.15687432441463073
8009 0.429360777635463
8040 0.057549713805295374
8041 0.05979335472977612
8048 0.16336996886230445
8244 0.03101603674224657
8344 0.028740442224574635
8411 0.02417520166833116
8463 0.030041742221056343
8511 0.0858721555270926
8567 0.13222581759534965
8716 0.11211719762937243
8996 0.03198028699912839
9025 0.0858721555270926
9026 0.12690240001421457
9094 0.020432081359117057
9381 0.06062528720398529
9451 0.0858721555270926
9490 0.08168498443115223
9637 0.0858721555270926
9684 0.05825984761181081
9719 0.023829464370570635
9880 0.05501202538797392
9944 0.11851524325560053
9949 0.042514329296640736
10275 0.20964603608258522
10316 0.027283741912038535
10531 0.03808253301630624
10785 0.04179245296762255
10797 0.07209663618268616
10853 0.05444117356158801
11000 0.05901486201811914
11047 0.041559570305731174
11213 0.02952738283651929
11255 0.018134433486389743
11326 0.07085773807666242
11332 0.041559570305731174
11356 0.025646641076661193
11371 0.030904504734017256
11472 0.06244701870775117
11676 0.12905966171868055
11878 0.04930590931220412
11890 0.05825984761181081
11957 0.025880772492862688
11959 0.05285179360782114
12064 0.02843089211747695
12092 0.05336254270935501
12126 0.08168498443115223
12413 0.029628810813900133
12578 0.1717443110541852
12678 0.03542886903833121
12752 0.2360256564713259
12834 0.012064504148000784
12873 0.08168498443115223
13336 0.031115967557817818
13754 0.03749571386285575
13981 0.07843716220731536
13995 0.07159632713339995
14163 0.011763150611744225
