459 0.14214795089558885
1230 0.07566933173163101
1689 0.04302768760667615
1882 0.09516389810844984
1915 0.16615653755436152
1963 0.039030989689269456
2182 0.1040222375005343
2372 0.09137923388407541
2462 0.22596916825786298
2538 0.1866780125456424
2597 0.05694272324973534
2722 0.17467371921625607
3094 0.14563506256308062
3130 0.04200472184577481
3348 0.11706265539160163
3467 0.10368107977034441
3699 0.08647897531681191
3734 0.0487511436306696
4477 0.0818435556635224
4974 0.0685792325923598
5228 0.0859813799029108
5384 0.24005149861003344
5739 0.11436932398418961
5974 0.07746419824101623
6109 0.03698163527638417
6419 0.0854920095842707
6429 0.06913263618527742
6528 0.0642513195445728
7259 0.1866780125456424
7327 0.10279724607113362
7380 0.09584453107723524
7616 0.07145588489633352
7693 0.04751450877766634
7862 0.050484686368636865
7891 0.04989548821264051
8004 0.09873523808368112
8011 0.08315960477906349
8029 0.14214795089558885
8200 0.13126100640434837
8344 0.11692264866234808
8411 0.09835021287844956
8526 0.1131092942424134
8688 0.05345561158224354
8706 0.1462534308920088
8717 0.08855745876022814
8744 0.017369719891973272
8931 0.05965368266016984
8997 0.04677308399330361
9497 0.04834251732507631
9628 0.14958842371226885
9661 0.10650285489419169
9941 0.09725461805966648
10506 0.08361161707356486
10655 0.11073953141306749
10706 0.11850714822357801
10806 0.08058352592174615
10999 0.018108068137729028
11031 0.27776345775339745
11047 0.16907377414186878
11073 0.11568537309973073
11456 0.11436932398418961
11733 0.04903310985910504
12041 0.0642513195445728
12064 0.01927722141639198
12133 0.13620684809101163
12604 0.1866780125456424
12764 0.1725093308029952
12881 0.07783660856268891
12894 0.09950427431373583
12948 0.13500504749429054
13336 0.031646706356530316
13493 0.1866780125456424
13700 0.08647897531681191
13832 0.20093551797920578
14065 0.06047613083002535
