789 0.044435958370107345
917 0.03062975291901667
940 0.04216310626518603
965 0.04554512053432618
1127 0.07593347178281597
1145 0.08097256260551304
1230 0.16762943396772664
1279 0.08270914744755262
1318 0.02805387101359428
1329 0.03997181258396329
1446 0.06159771437515457
1519 0.06997357589312793
1521 0.054637319865943376
1525 0.07739055178947461
1567 0.04722250603479993
1689 0.03812750425246459
1718 0.024667235546278265
1721 0.10635668616135954
1748 0.05627911871707655
1967 0.09268070024216774
2156 0.08270914744755262
2182 0.16130751884897873
2323 0.06829835245785741
2462 0.03337246667167229
2463 0.05718411690160824
2558 0.06022596205271233
2597 0.05045783409737163
2687 0.2208508443478063
2736 0.033525886793545324
2770 0.06278816394227865
3032 0.07068991370677176
3076 0.05627911871707655
3096 0.10022790758924606
3130 0.055831557534707435
3157 0.029675348759367375
3164 0.08270914744755262
3432 0.01285382922898354
3442 0.037454726253835016
3454 0.0366472546961594
3535 0.13659670491571482
3742 0.04102175446300584
3905 0.04341331571192019
3984 0.01655317399315468
3991 0.030384563146849813
3995 0.04048628130275652
4034 0.04554512053432618
4045 0.04957848063437371
4191 0.2756202596323512
4196 0.16541829489510523
4304 0.03997181258396329
4364 0.059206153126240224
4391 0.09437383877091873
4393 0.15012581690206075
4450 0.03482247438247603
4452 0.023253812075857524
4477 0.03626142479608408
4525 0.16541829489510523
4556 0.13255263246645085
4720 0.08045304975249634
4895 0.1503418613838691
4922 0.06424315745903031
4948 0.050672219785779286
5195 0.0603475049284204
5197 0.04186832372738135
5391 0.03415816682038899
5423 0.06829835245785741
5647 0.04554512053432618
5793 0.030754088171132184
5826 0.054637319865943376
5938 0.025815729886552966
5981 0.054637319865943376
6068 0.03368112258029585
6166 0.04408614374906258
6210 0.029560786713381238
6245 0.016260272202487283
6278 0.1486224309585788
6279 0.05718411690160824
6315 0.034496582731937335
6322 0.13255263246645085
6488 0.0317936236467043
6563 0.027169225464466897
6567 0.04408614374906258
6620 0.05250551504353738
6880 0.0385394158906447
7099 0.0749939115785582
7170 0.037454726253835016
7242 0.01948020840231835
7327 0.09109024106865236
7380 0.08492933200657896
7491 0.019586421702364545
7566 0.027653312534735398
7580 0.030072843138664613
7627 0.025147189239834916
7693 0.02105167319278798
7718 0.138266562673677
7732 0.08097256260551304
7891 0.022106584676317514
8089 0.05317834308067977
8115 0.06770066107214005
8459 0.06297975679977941
8484 0.03704477817479962
8688 0.02368392506414697
8689 0.0366472546961594
8706 0.04319914779251264
8711 0.058156211247197664
8744 0.02308736905986693
8931 0.026430028730476063
9196 0.06829835245785741
9287 0.045936709938725194
9402 0.03383821752244408
9497 0.11780190855880283
9531 0.03002516338041215
9770 0.05718411690160824
9842 0.05011395379462303
10079 0.05651766508243328
10162 0.03482247438247603
10174 0.037454726253835016
10190 0.03113432554463098
10260 0.04341331571192019
10303 0.0603475049284204
10328 0.07068991370677176
10331 0.18377851751410004
10371 0.04102175446300584
10382 0.03368112258029585
10493 0.0349939444174454
10567 0.026288520749693997
10587 0.14780393356690621
10588 0.04048628130275652
10731 0.07068991370677176
10732 0.04447291941292838
10904 0.037454726253835016
10990 0.08270914744755262
10999 0.032091682510870405
11000 0.015955786974234047
11031 0.04102175446300584
11032 0.09915696126874742
11073 0.05125530559680321
11097 0.04581170690705271
11135 0.06497564224508982
11213 0.05322191894662128
11369 0.04554512053432618
11415 0.07361694811593543
11572 0.059206153126240224
11576 0.027555055364542207
11631 0.08316004090832421
11634 0.06831633364077798
11775 0.08270914744755262
11792 0.07361694811593543
11835 0.050672219785779286
11876 0.02857240773393554
11895 0.07739055178947461
11897 0.05718411690160824
11910 0.059815037813513355
12041 0.02846704756197566
12173 0.0366472546961594
12238 0.04957848063437371
12378 0.01826852253947462
12407 0.09703803422242414
12523 0.025477200881696478
12582 0.08700756216667498
12605 0.07739055178947461
12614 0.0302636657851711
12717 0.15478110357894923
12724 0.05718411690160824
12726 0.09032976632165478
12733 0.049177846497357326
12834 0.021745783073667244
12865 0.08130136101243643
12885 0.08492933200657896
12898 0.04516488316082739
12970 0.08270914744755262
13079 0.03762005048574296
13109 0.1077751149363244
13235 0.05627911871707655
13261 0.07799943647674773
13311 0.0538875574681622
13539 0.06159771437515457
13700 0.03831518357761957
13786 0.01774849054744334
13822 0.021537553587399484
13827 0.06278816394227865
14062 0.06487583171728586
14065 0.053588841595954825
14102 0.12319542875030914
14161 0.09812802383116097
14178 0.036452921202709
14200 0.051865521243530235
