1184 0.09046047261528327
1479 0.09993676665407843
1545 0.06825973028567567
1811 0.2041601377714347
2333 0.1489624219396208
2631 0.116476692845297
2848 0.11107913105727894
3432 0.031728528551740326
3437 0.20815171839198388
3606 0.07325094597268868
4101 0.15545990040833005
4421 0.08724291009327845
4891 0.19103165977578962
5247 0.03548317159472563
5422 0.3698145759281721
5551 0.15457688320793586
6044 0.05425068648079884
6752 0.15307281283778115
6821 0.06706480462135228
7038 0.13486734050023166
7418 0.06227532672549879
7468 0.041813976029223265
8293 0.059933669711881396
8429 0.31674636593306443
8517 0.31968071298259676
8658 0.038640052685489285
9168 0.09866684660594201
9261 0.1520484522127566
9538 0.18490728796408604
9680 0.12111012797775646
9902 0.04482745035114199
10025 0.11871059997333323
10451 0.07325094597268868
10516 0.038835695641668666
10561 0.10334821484965188
10645 0.07915430115328455
10999 0.05941158739628304
11000 0.013128477995645118
11118 0.08998077775660278
11332 0.09245364398204302
11359 0.05440901838914322
11511 0.07984323801057198
11987 0.09245364398204302
12354 0.05472802403099032
12378 0.0450942150129739
13647 0.4083202755428694
13696 0.10482023245551028
13786 0.043810562522105405
14163 0.026168368218556302
