175 0.06415823643305572
194 0.04116160056318133
482 0.06167471935480339
535 0.07275346202025518
703 0.06383310561087237
727 0.07421196496035741
729 0.20655606023937237
789 0.07985099410434453
797 0.22892580147113656
952 0.08642071797716246
1045 0.06585476776060736
1097 0.0737157021908389
1319 0.027430257786169546
1368 0.07322967237606759
1684 0.06383310561087237
1919 0.12334943870960678
2046 0.06257565491114363
2139 0.14862755046716306
2558 0.03607516012703468
2630 0.12702910187334435
2730 0.04831590357293899
2768 0.21024636704258165
3443 0.04116160056318133
3622 0.10113304048592592
3633 0.0205974923824096
3697 0.150473958197015
3786 0.14345892241026142
3789 0.10345526264628707
4195 0.1106905062437091
4479 0.14862755046716306
4575 0.09961176357825734
4577 0.0330897864151653
4734 0.05997000486074361
5482 0.11317402332196144
5718 0.13170953552121473
5808 0.12273148907974461
6310 0.033532043495184835
6995 0.07182896663097911
7025 0.05251342445015555
7305 0.2972551009343261
7596 0.07686325221937927
7716 0.06730578646159609
7932 0.08642071797716246
8017 0.26064574041505006
8107 0.08559355904095589
8124 0.038044923637797025
8306 0.058125474524137834
8706 0.03881422863620688
8795 0.040432523550575014
8931 0.047494509981237124
9094 0.0992693592454959
9552 0.07861009650283116
9666 0.07093936630490777
9820 0.08816756226061434
9961 0.05641486639061993
10884 0.11330353799334426
10949 0.05041253910296043
10995 0.16958888971258138
11043 0.08402153591155626
11169 0.07922238056100639
11216 0.0968354276923262
11232 0.13469474517810287
11258 0.2837574652196311
11365 0.07295277744622371
11648 0.08254783038409055
11678 0.13770404015958157
11720 0.11317402332196144
11892 0.09320184784901452
11965 0.06845584922665546
12064 0.030695914959250573
12136 0.12702910187334435
12182 0.06167471935480339
12256 0.06383310561087237
12406 0.056180321063522644
12638 0.07801331498443863
12695 0.05251342445015555
12747 0.1322889548375278
12854 0.07228668219503062
12898 0.081160865012979
13336 0.05039235614290339
13438 0.09556097619064163
13758 0.14862755046716306
13997 0.05997000486074361
14040 0.05482004305545426
14072 0.03529262815261365
14214 0.1322889548375278
