704 0.09471409524289442
797 0.07563233804015408
1127 0.09016164177523592
1145 0.07210870593546291
1230 0.059711789629263455
1307 0.07306241853652916
1347 0.14731038266688995
1414 0.12164381748058761
1421 0.14731038266688995
1460 0.11373723777701937
1461 0.04007420224381051
1519 0.041542499870499926
1689 0.03395378513075357
1963 0.030799931650161188
2182 0.04104274360732022
2425 0.043517989981243975
2462 0.11887707678426918
2544 0.14731038266688995
2597 0.044934345709098496
2723 0.1074828397866733
2927 0.11312328519175914
3130 0.03314654770820678
3633 0.020414953185287632
3648 0.09135216296366704
3734 0.03847024899049951
4081 0.10970954430117645
4393 0.1069535460998222
4443 0.14731038266688995
4477 0.19375188335045015
4721 0.07074738607392031
4928 0.08462553803040973
5002 0.06083792156970009
5137 0.262233166037741
5172 0.07210870593546291
5188 0.13783761712860712
5341 0.07852029559487494
5502 0.10184863951820776
5663 0.039373268237245025
5739 0.09025052630311906
5760 0.1847517479598498
5820 0.08925621818454865
6083 0.08253518407481203
6109 0.029182755751053103
6155 0.07618207433190542
6260 0.10970954430117645
6278 0.03781517669886483
6294 0.11727490511971557
6775 0.03770776173058638
6862 0.06326740355201586
7201 0.021729288163924484
7580 0.026780846903585915
7891 0.039373268237245025
8004 0.07791343772345657
8078 0.06424780115249425
8089 0.09471409524289442
8173 0.40220800400256873
8250 0.031693918489397344
8411 0.03880480431768097
8526 0.08925621818454865
8658 0.05576094343882862
8688 0.08436522856110454
8706 0.03847024899049951
8739 0.06708312019952756
8744 0.013706703050942683
8875 0.061422019853887073
8997 0.036909332853966983
9177 0.10545001783256813
9329 0.0883025055834824
9497 0.019073897962398195
9594 0.06746301010538756
9783 0.035755454667584737
9902 0.016172473572193286
9918 0.0682418393727294
10277 0.10184863951820776
10316 0.043794475035866455
10506 0.06597916454404538
10588 0.07210870593546291
10614 0.04270764119459537
10714 0.11492278337085099
10806 0.06358965299824632
10999 0.028578689159493596
11031 0.29224967414611663
11032 0.0883025055834824
11047 0.06670930879362257
11097 0.08159363605314289
11112 0.09351574465315696
11581 0.07618207433190542
11876 0.05088932055150807
11976 0.07031068710798294
12064 0.015211940736238338
12182 0.06112814535711798
12407 0.05761035466124469
12610 0.06326740355201586
12611 0.043380964870289744
12612 0.14731038266688995
12695 0.05204803972470991
12764 0.04537655539907259
12881 0.061422019853887073
12894 0.07852029559487494
12898 0.08044160080051373
12963 0.07258069601754505
13006 0.07732194500513748
13336 0.024972884379660713
13614 0.0547750356142114
13700 0.1364836787454588
