319 0.019805897199122156
326 0.01376055345193251
877 0.02829393734008928
917 0.01376055345193251
923 0.03715745430349861
940 0.01894196401112298
960 0.02557789680060187
964 0.026598629017053295
968 0.01187380858224382
971 0.012741992035552565
979 0.020818609490856878
994 0.04916770654808203
995 0.014406202700163219
1008 0.01603980373060798
1027 0.05291717481920046
1054 0.015131394915677015
1107 0.019576186241413114
1127 0.01137115057180806
1131 0.020124514933768416
1133 0.021884760471425645
1249 0.13432141825052488
1255 0.012379231827865347
1318 0.012603326988527902
1319 0.006857669032552392
1350 0.058958471550190225
1459 0.028988031897177743
1481 0.02204222673018786
1483 0.01637663784018094
1489 0.01692099313180526
1524 0.018680010103402207
1544 0.05658787468017856
1545 0.02484674860181262
1589 0.031757759804539674
1604 0.020216570097312443
1615 0.018307697303906485
1620 0.013128556335576446
1653 0.01498778826040281
1655 0.026767408182645256
1689 0.017128951762751157
1739 0.03715745430349861
1777 0.06953610284674831
1882 0.03788392802224596
1916 0.04502783562778572
1942 0.01163647479280129
1943 0.020818609490856878
1963 0.007768950376224738
2006 0.028812405400326438
2017 0.013029512111773492
2046 0.03128830463213513
2064 0.02971450561592509
2182 0.010352589155428115
2204 0.017128951762751157
2225 0.021819823256804396
2352 0.012695406871245016
2425 0.010976943341222005
2428 0.021605508998961895
2479 0.0708157912543704
2485 0.01465970383197201
2560 0.02204222673018786
2565 0.01148340144374254
2594 0.02204222673018786
2648 0.01054270217762916
2659 0.02202342072007507
2693 0.02484674860181262
2730 0.01207916011197647
2744 0.034832988637995416
2760 0.017520797795801464
2763 0.030123309088764875
2768 0.017520797795801464
2776 0.011914310409001611
2789 0.02569022020212233
2797 0.06682006230726091
2831 0.041637218981713756
2919 0.020637272334158963
2940 0.025115642056136974
2965 0.010383851788940487
2995 0.008207215433860075
3041 0.10145262851581698
3080 0.03307274310033818
3092 0.007809313497009986
3095 0.057976063794355485
3099 0.014924602027836097
3130 0.008360858952973574
3137 0.012649187084536013
3147 0.028812405400326438
3150 0.02944964086961895
3169 0.02767304860137924
3203 0.027111386417443845
3249 0.013383704091322628
3284 0.02528364572125479
3308 0.03710654839052271
3321 0.027510114698348055
3337 0.02829393734008928
3402 0.019216106118837447
3417 0.1325937480778609
3421 0.01541891499189794
3432 0.023098561014852456
3590 0.07138105862037178
3633 0.010298903259327247
3692 0.057976063794355485
3696 0.04778121680456518
3713 0.02569022020212233
3728 0.014163158250874079
3743 0.02528364572125479
3746 0.01527340160872049
3756 0.01387280432386699
3758 0.010839890824675664
3790 0.011559441112907132
3847 0.014790664612510052
3871 0.024903320694017315
3882 0.018553274195261354
3886 0.03307274310033818
3890 0.017016816260914044
3897 0.04058105140632679
3916 0.10802754499480949
3974 0.01996305298173265
3984 0.01487317485937178
3985 0.012603326988527902
3991 0.05460160340193411
3992 0.015061654544382437
4029 0.01935811281188092
4048 0.03715745430349861
4049 0.07431490860699722
4095 0.027111386417443845
4113 0.034768051423374156
4143 0.021819823256804396
4197 0.019805897199122156
4202 0.01965282385006341
4219 0.019576186241413114
4221 0.02767304860137924
4225 0.14862981721399443
4364 0.026598629017053295
4398 0.021605508998961895
4404 0.012649187084536013
4420 0.045394184747031045
4450 0.03128830463213513
4452 0.010446879048520376
4567 0.034768051423374156
4577 0.01654514553687245
4590 0.03761906327593982
4593 0.018071946163216925
4697 0.03307274310033818
4747 0.012512663775712739
4808 0.010383851788940487
4812 0.030683340220213726
4817 0.013078826145125528
4826 0.02569022020212233
4858 0.024209226136928844
4864 0.01692099313180526
4887 0.013596087170187902
4899 0.013229293704800115
4928 0.0320188180766368
4957 0.015644152316067566
5208 0.018429206610732426
5210 0.01880953163796991
5214 0.024546060246501807
5247 0.03874794584681237
5260 0.010259784204411563
5279 0.014344495407571997
5297 0.017314004907960548
5305 0.031757759804539674
5358 0.013331783115837272
5391 0.015345709173519516
5426 0.059417691597366463
5455 0.014790664612510052
5474 0.015878341778572218
5551 0.009377742290721474
5562 0.030683340220213726
5571 0.052514225342305786
5582 0.016733898287696444
5613 0.02645858740960023
5718 0.01646394303102578
5793 0.027632823239757024
5798 0.03068751356104754
5800 0.01692099313180526
5844 0.05787425196840368
5903 0.013596087170187902
5979 0.027111386417443845
6032 0.020637272334158963
6230 0.012037513347854233
6237 0.022764721306562638
6279 0.02569022020212233
6310 0.008383138724677663
6315 0.007748872017461169
6412 0.015568112646902972
6420 0.020818609490856878
6451 0.1697636240405357
6484 0.038432212237674894
6495 0.022764721306562638
6515 0.03307274310033818
6521 0.021398716111120982
6556 0.05422277283488769
6566 0.020818609490856878
6606 0.007748872017461169
6608 0.10276088080848932
6662 0.024903320694017315
6677 0.018553274195261354
6681 0.011188690405560055
6724 0.02569022020212233
6734 0.015958519785404253
6775 0.01902275193405494
6806 0.034768051423374156
6831 0.5791072066629279
6832 0.2608922870745997
6862 0.031917039570808506
7020 0.012291926637020507
7071 0.06351551960907935
7153 0.016122224551014665
7206 0.013229293704800115
7213 0.07431490860699722
7242 0.017503141450968786
7314 0.03715745430349861
7321 0.04980664138803463
7342 0.02971450561592509
7401 0.039995349347511824
7422 0.02039743275426887
7431 0.017957515527027425
7437 0.07431490860699722
7466 0.010640109231649042
7468 0.022830620911309517
7469 0.020290525703163396
7503 0.02612693793334829
7551 0.08479573807237742
7580 0.0067551796215152326
7588 0.03961179439824431
7671 0.019186070739386833
7693 0.03783023323601444
7699 0.02251391781389286
7718 0.03727012290271893
7862 0.010048759364793611
7865 0.033532554898710654
7891 0.019862964019489403
7966 0.020461349043341372
8004 0.09826411925031704
8027 0.015644152316067566
8042 0.019503626195058375
8044 0.021005704334965694
8049 0.03715745430349861
8074 0.028207863392198874
8115 0.030414824692756855
8202 0.012741992035552565
8250 0.04796669345289624
8251 0.08488181202026784
8264 0.020519568408823127
8272 0.11147236291049584
8279 0.0399261059634653
8412 0.026977877796895533
8498 0.01965282385006341
8517 0.01163647479280129
8519 0.031757759804539674
8585 0.01721326753873688
8658 0.007032548114525878
8744 0.02074420755875891
8779 0.027111386417443845
8832 0.03307274310033818
8875 0.015493041662312974
8878 0.017114223314933927
8951 0.01996305298173265
8954 0.034768051423374156
8975 0.024546060246501807
8994 0.024546060246501807
9011 0.03788392802224596
9028 0.015493041662312974
9093 0.07431490860699722
9099 0.011260997970359081
9105 0.03124584347185983
9113 0.019503626195058375
9150 0.015061654544382437
9204 0.010772541604802113
9274 0.02612693793334829
9298 0.018553274195261354
9317 0.03710654839052271
9385 0.017016816260914044
9386 0.020818609490856878
9392 0.019216106118837447
9402 0.015201970520846745
9485 0.03715745430349861
9496 0.012741992035552565
9497 0.009622369843815561
9534 0.027111386417443845
9647 0.012467849927838096
9652 0.008751570725484393
9722 0.028812405400326438
9748 0.02767304860137924
9757 0.03661539460781297
9770 0.02569022020212233
9779 0.02204222673018786
9781 0.013436086592641033
9783 0.018037855158056185
9813 0.018071946163216925
9826 0.08301914580413773
9827 0.021528860301595943
9839 0.031757759804539674
9890 0.012603326988527902
9899 0.01692099313180526
9900 0.02569022020212233
9902 0.02039665965338565
9916 0.019077441071812785
9925 0.020818609490856878
9937 0.02358833739821881
10013 0.02358833739821881
10037 0.014857252807962545
10048 0.014163158250874079
10051 0.028988031897177743
10091 0.018307697303906485
10156 0.009620508578409645
10174 0.033653406477426
10341 0.05056729144250958
10362 0.011955092527447544
10380 0.034768051423374156
10382 0.015131394915677015
10424 0.03715745430349861
10459 0.11649772561860244
10460 0.011559441112907132
10495 0.014045294470051348
10516 0.00706815542887916
10520 0.030683340220213726
10531 0.01541891499189794
10561 0.01880953163796991
10565 0.03715745430349861
10567 0.005905117744580463
10569 0.016122224551014665
10575 0.012980607328228646
10583 0.031136225293805945
10608 0.017520797795801464
10616 0.014595298900241775
10666 0.02569022020212233
10672 0.017957515527027425
10717 0.02829393734008928
10720 0.024209226136928844
10731 0.031757759804539674
10732 0.009989828947740897
10754 0.05194201472388165
10836 0.017114223314933927
10985 0.2454667217617098
10999 0.06487799335971776
11052 0.14276211724074356
11098 0.014724820434809474
11163 0.02612693793334829
11232 0.02244946657218174
11246 0.034224991377457624
11255 0.051396082756155405
11311 0.012836281928644826
11356 0.010383851788940487
11371 0.012512663775712739
11511 0.014531590251680809
11581 0.019216106118837447
11633 0.019805897199122156
11636 0.015201970520846745
11842 0.013280315604443272
11861 0.01773511205364396
11910 0.026872173185282067
12028 0.022273354102420304
12064 0.026859335219889077
12117 0.012291926637020507
12206 0.02389060840228259
12225 0.030683340220213726
12236 0.06953610284674831
12246 0.04841845227385769
12264 0.03930564770012682
12378 0.04924329260316046
12523 0.011445746410854869
12560 0.034768051423374156
12628 0.03715745430349861
12648 0.04030825977792309
12665 0.045529442613125276
12666 0.027859483786671222
12667 0.00990252375689606
12695 0.013128556335576446
12717 0.034768051423374156
12725 0.03346779657539289
12726 0.04058105140632679
12733 0.011046683712516582
12735 0.05548243147606105
12768 0.013816411619878512
12770 0.018553274195261354
12834 0.004884695138261237
12854 0.018071946163216925
12865 0.00730499999059352
12877 0.008078635949105949
12898 0.020290525703163396
12904 0.02302667521428341
12956 0.018429206610732426
12957 0.015958519785404253
12968 0.018071946163216925
13006 0.019503626195058375
13007 0.028988031897177743
13155 0.04502783562778572
13261 0.03504159559160293
13306 0.031757759804539674
13323 0.02612693793334829
13336 0.03149570292890028
13387 0.03715745430349861
13404 0.02767304860137924
13480 0.008994114941965095
13570 0.034768051423374156
13597 0.02829393734008928
13600 0.019216106118837447
13608 0.01465970383197201
13628 0.03384198626361052
13675 0.05422277283488769
13681 0.024209226136928844
13700 0.01721326753873688
13719 0.021398716111120982
13744 0.03224444910202933
13754 0.015181322743535775
13786 0.023920766208752064
13787 0.07181848943088096
13822 0.009675842248772078
13842 0.017314004907960548
13858 0.14149067396365553
13874 0.012566977075620454
13948 0.011046683712516582
14060 0.014531590251680809
14062 0.029145757474590514
14072 0.035293166407148455
14163 0.03333877856002922
14189 0.01465970383197201
14246 0.021398716111120982
