13 0.048034939442234845
111 0.07085182095732327
437 0.03842532874855516
485 0.059994865189938504
499 0.055640961203474164
555 0.04918783496575215
557 0.05502795359325967
561 0.08497919980292788
639 0.055640961203474164
701 0.07277514101083442
702 0.04361694856565245
931 0.04361694856565245
1002 0.03184640690955391
1083 0.10460441108934636
1092 0.046297473642107095
1230 0.07362663701246551
1255 0.03025700813936617
1374 0.06279139227427834
1378 0.05280764353772226
1380 0.06915533243886429
1461 0.024706416944528967
1519 0.025611647026039918
1524 0.0456572124669181
1550 0.02993809832669985
1567 0.02592649026745927
1604 0.024706416944528967
1871 0.02708601876590001
1882 0.046297473642107095
1940 0.055950812963177964
1976 0.10176864696842225
2043 0.07499545106637182
2137 0.07396755234731732
2144 0.050884323484211125
2182 0.07591061675593082
2194 0.04918783496575215
2352 0.031029795255241095
2382 0.04024075687592225
2462 0.14657941816583833
2597 0.02770277680050536
2693 0.060729800131020445
2720 0.11005590718651934
2770 0.06894495265293564
2810 0.09081931843043542
2820 0.09081931843043542
2850 0.0456572124669181
2852 0.07921969118114515
2912 0.09081931843043542
2927 0.02324746672916515
2965 0.025379950263854274
3071 0.05387505806974237
3076 0.06179765311922213
3096 0.165083860779779
3157 0.03258521012104763
3165 0.038237044959062154
3181 0.047314614109852236
3236 0.03208848831875876
3301 0.05134161601251576
3321 0.02241317759499856
3432 0.0282284619252725
3606 0.03258521012104763
3633 0.01258616059853463
3648 0.05632013865762
3693 0.08616684886302697
3721 0.05451911413489976
3734 0.07115265869073599
3742 0.04504420485670359
3804 0.06626497111521924
3908 0.03221107207817125
3914 0.040677260122592686
3940 0.034763466118121256
3986 0.04918783496575215
4143 0.05333146507480069
4188 0.035363699000410344
4213 0.11530804602034717
4219 0.023923811860074147
4367 0.059994865189938504
4391 0.1036278087653321
4393 0.06593865269136415
4452 0.025533999911896085
4477 0.07963418767882113
4494 0.08083556969387934
4647 0.08083556969387934
4808 0.025379950263854274
4900 0.059994865189938504
4909 0.06915533243886429
4974 0.03336396760168854
5002 0.0375075977107371
5049 0.038237044959062154
5051 0.035363699000410344
5186 0.06086807222076719
5228 0.08366031129221997
5341 0.04840907748511123
5359 0.11128192240694833
5395 0.05628122237866316
5663 0.02427427938851609
5689 0.01651084070749742
5793 0.03376972696306505
5820 0.05502795359325967
5903 0.03323121546572122
5974 0.03768652553706143
6062 0.03900541404776936
6072 0.046628603278015664
6104 0.05333146507480069
6109 0.035983315490065816
6179 0.05765402301017358
6186 0.1751784786650019
6245 0.035709395743915316
6278 0.046627379712717354
6310 0.020489857541487414
6315 0.0757583950162306
6411 0.06179765311922213
6429 0.03363319982909638
6446 0.03900541404776936
6505 0.04504420485670359
6519 0.02816006932881
6563 0.02983334510285449
6681 0.027347116636740085
6733 0.06086807222076719
6859 0.049593594327128655
7038 0.059994865189938504
7064 0.04090057474765504
7140 0.16167113938775868
7197 0.07277514101083442
7201 0.040189410385729187
7239 0.05230220554467318
7242 0.021390369802847534
7245 0.029320710754526195
7327 0.1500333493601473
7338 0.045347447736966424
7378 0.09081931843043542
7380 0.09325720655603133
7406 0.037867704086851826
7418 0.02770277680050536
7479 0.04955943476313036
7491 0.021506998009232562
7566 0.030364900065510222
7580 0.04953252212249227
7627 0.05522607009463416
7633 0.046760437730264934
7640 0.059994865189938504
7701 0.07085182095732327
7714 0.03768652553706143
7717 0.028536652996073233
7800 0.16167113938775868
7836 0.07085182095732327
7859 0.07499545106637182
7862 0.024560925760085825
7891 0.02427427938851609
7918 0.05628122237866316
8042 0.0476702742736175
8044 0.05134161601251576
8203 0.06915533243886429
8244 0.030693511386036616
8264 0.025076707383591447
8310 0.08083556969387934
8411 0.11961905930037073
8412 0.03296932634568207
8456 0.2074659973165929
8484 0.040677260122592686
8499 0.04840907748511123
8526 0.05502795359325967
8691 0.032334708071561025
8716 0.03698377617365866
8717 0.08616684886302697
8847 0.06763777174672966
8931 0.029021665311213286
8951 0.048793193709745664
8997 0.022755221952680364
9031 0.06763777174672966
9134 0.032334708071561025
9149 0.08083556969387934
9151 0.14999090213274363
9331 0.07762152048328573
9367 0.08318415153250416
9402 0.03715627529878647
9440 0.06915533243886429
9497 0.08231564313234385
9584 0.08271573455191937
9611 0.054439973799579974
9652 0.021390369802847534
9708 0.02568971499380594
9783 0.022043836722788236
9902 0.009970600853587698
9989 0.043891309333186294
10079 0.09308938576572327
10125 0.17995018509301228
10234 0.036313724905551015
10260 0.0476702742736175
10317 0.07762152048328573
10493 0.03842532874855516
10516 0.01727580833089381
10587 0.0324594145197684
10588 0.1333686751890717
10595 0.13788990530587128
10628 0.028923347490613725
10720 0.05917158370230822
10752 0.042072237055314834
10785 0.041357867275959685
10806 0.07840817245839214
10904 0.0411274062827072
10924 0.024706416944528967
10930 0.023313689856358677
11000 0.052561067647567725
11031 0.09008840971340717
11073 0.05628122237866316
11097 0.025151921678746008
11138 0.0375075977107371
11259 0.035517748648452155
11350 0.06915533243886429
11359 0.048407000705525526
11369 0.05001111645338243
11465 0.055640961203474164
11708 0.05134161601251576
11799 0.08083556969387934
11866 0.044170997825874914
11967 0.05001111645338243
12023 0.057457405143684
12175 0.026329976168994938
12254 0.0913144249338362
12278 0.07762152048328573
12285 0.0476702742736175
12330 0.07762152048328573
12354 0.024345407951789036
12407 0.07103549729690431
12584 0.03900541404776936
12594 0.06501170232981575
12614 0.03323121546572122
12733 0.027000027437102586
12763 0.03349795465897455
12764 0.027975406481588982
12834 0.011939049418559791
12877 0.019745599490014955
12948 0.03284014606461011
13011 0.06279139227427834
13728 0.0456572124669181
13738 0.04918783496575215
13761 0.03447247632646782
13800 0.06179765311922213
13827 0.03447247632646782
13832 0.03258521012104763
13855 0.06086807222076719
13874 0.015357945183980124
13878 0.06179765311922213
13916 0.054439973799579974
13918 0.031143657546151133
14044 0.046297473642107095
14062 0.01780933246503278
14065 0.029421788395941187
14072 0.02156566817097157
14076 0.04361694856565245
