277 0.06374767285423924
285 0.07186865963028007
320 0.05103962806554177
856 0.09650026184439722
961 0.049905444462134144
994 0.06384582374002484
1010 0.043221710102895695
1026 0.07186865963028007
1027 0.034357313504371156
1095 0.052264639680046125
1111 0.040431374404132824
1318 0.13092655320996904
1319 0.053429402230702104
1324 0.09650026184439722
1538 0.05557382082718904
1610 0.05980173370959424
1695 0.06204542290791846
1703 0.048849544788746854
1808 0.041445286465588226
2017 0.033838468055991104
2076 0.09029483125433507
2081 0.07732738237501416
2095 0.044965567165780096
2479 0.07356523773612206
2558 0.023422726051766127
2617 0.08374087621716303
2655 0.07040998737100318
2730 0.06274068746180898
2850 0.04851316916144522
2929 0.12371117731357434
2934 0.13183467208619096
2972 0.05406724719876145
2995 0.2344612402946383
3121 0.06566322904021793
3147 0.03741382069380131
3150 0.07648258225467583
3176 0.06374767285423924
3184 0.07176419181885188
3249 0.173791635281505
3281 0.032379795796714225
3519 0.035737028710017986
3633 0.053493807897470436
3734 0.02520113676710155
3736 0.09650026184439722
3743 0.06566322904021793
3761 0.03662880375475397
3865 0.027548247914152953
3911 0.07040998737100318
4045 0.057845311077571855
4144 0.05103962806554177
4151 0.07348114700286401
4154 0.0531394191928303
4174 0.07968657759292613
4286 0.12102739624708618
4384 0.02688632962060093
4444 0.05143716924650952
4452 0.0271312064439259
4489 0.05959865890218253
4501 0.09029483125433507
4577 0.021484395345290386
4621 0.052695780160897016
4700 0.04723705741616291
4711 0.052695780160897016
4881 0.027633037465928965
4906 0.06374767285423924
5252 0.0690783239315172
5360 0.05027424483662755
5647 0.0531394191928303
5747 0.05505497537880898
5756 0.09650026184439722
6062 0.041445286465588226
6096 0.07186865963028007
6238 0.17000238825417882
6278 0.049544022452027846
6320 0.0690783239315172
6579 0.13334016515220018
6606 0.020124311331342154
6633 0.04723705741616291
6793 0.09029483125433507
6866 0.02924552483851291
6911 0.04550262139078735
7047 0.061260405968871126
7057 0.05666746275139292
7100 0.036325734941359225
7209 0.25149157336582023
7242 0.022728383372579094
7443 0.09650026184439722
7448 0.049905444462134144
7453 0.041445286465588226
7468 0.01976418942317134
7475 0.04444672171740005
7479 0.02632974192140429
7486 0.03396653972344725
7501 0.10369062553186742
7566 0.03226428977712647
7580 0.017543629252900074
7582 0.09650026184439722
7617 0.05557382082718904
7649 0.03647651916546937
7718 0.03226428977712647
7779 0.18058966250867015
7851 0.0340956921772426
7865 0.04354308427061057
7965 0.11681120667766318
7990 0.12102739624708618
8154 0.14654863436624058
8292 0.06671912871360522
8301 0.05065215230746218
8658 0.09131986396887941
8906 0.052695780160897016
8952 0.07186865963028007
8996 0.016813684251471075
9164 0.06671912871360522
9298 0.048184027982375574
9305 0.1381566478630344
9367 0.04419374942974995
9383 0.027049144719436282
9389 0.09029483125433507
9402 0.07896096023318754
9484 0.061260405968871126
9497 0.06247475956691166
9614 0.06374767285423924
9835 0.05065215230746218
9842 0.058470070270108254
9902 0.03178285005037239
9904 0.06051369812354309
9905 0.024492469665445934
9906 0.03371145923620022
9944 0.06230956836441975
9961 0.07325760750950794
9981 0.057845311077571855
10003 0.03602855133278601
10086 0.09650026184439722
10180 0.048849544788746854
10190 0.036325734941359225
10192 0.164953826583378
10234 0.03858522638677636
10268 0.04919348004818531
10331 0.035737028710017986
10374 0.049905444462134144
10432 0.04444672171740005
10495 0.03647651916546937
10567 0.030671929455638538
10569 0.041870438108581515
10624 0.17986226866312038
10672 0.04663680499419496
10732 0.1816095287245975
10837 0.05666746275139292
11000 0.04964344472049709
11150 0.04577838515688604
11317 0.06594155117784546
11325 0.06252436889434516
11326 0.11176068884187114
11356 0.026967520659557688
11359 0.05143496255990057
11576 0.06429929795858069
11600 0.04786181660869931
11796 0.0531394191928303
11798 0.052695780160897016
11836 0.07968657759292613
11921 0.04370001387207201
11955 0.04062885424021119
12041 0.033213708863454705
12064 0.00996505634995133
12256 0.08289057293117645
12316 0.043458993537352504
12318 0.05065215230746218
12328 0.037253562947290375
12354 0.025868265504060427
12387 0.035737028710017986
12390 0.05557382082718904
12668 0.049545322553963336
12725 0.043458993537352504
12733 0.02868893713931626
12735 0.024015231333629497
12877 0.04196145828864714
13043 0.039297190800725204
13255 0.06566322904021793
13336 0.03271853399629749
13338 0.042988049458123165
13464 0.03773946010533484
13723 0.10952026071311549
13751 0.06566322904021793
13754 0.019713428265692112
13786 0.020707914880360324
13875 0.042988049458123165
13912 0.029435644984644297
13965 0.04253116553142137
14010 0.05103962806554177
14062 0.03784668891709382
14065 0.03126218444717258
