106 0.05595878967279786
313 0.03176335872951067
318 0.033171565909333116
326 0.025095830860380176
485 0.044765915730547924
558 0.05286696846955035
638 0.0397939367605342
670 0.0355697687498555
818 0.08211958558725078
890 0.06776596534872283
930 0.06776596534872283
968 0.021654876956033565
983 0.06776596534872283
1035 0.06776596534872283
1061 0.06031646690913658
1092 0.0690908729284855
1099 0.04788645026371792
1114 0.06776596534872283
1127 0.02073815362404146
1307 0.03361029435403916
1318 0.022985337289449032
1460 0.05232159182890584
1487 0.06340828811238411
1519 0.11466269610158446
1604 0.018435000652823344
1615 0.03338869156584333
1618 0.05706209446436471
1705 0.06776596534872283
1718 0.020210570183157407
1760 0.06776596534872283
1817 0.06340828811238411
1871 0.020210570183157407
1940 0.020874197902067498
1942 0.021222039086676914
1943 0.11390391477113362
1967 0.037967971590377875
2137 0.027595905121978764
2160 0.03454543646424275
2182 0.03776110129860267
2365 0.031212091513516782
2428 0.03940308079790372
2435 0.04019954544264782
2440 0.06776596534872283
2455 0.05286696846955035
2462 0.08202904357736324
2521 0.06776596534872283
2552 0.03584186820630911
2558 0.016448283265345014
2564 0.033171565909333116
2597 0.020670771870683023
2617 0.029402932217708972
2723 0.04944443334341522
2730 0.022029387129268437
2736 0.027468716010853076
2852 0.02955537951779511
2871 0.06776596534872283
2877 0.06776596534872283
2907 0.03454543646424275
2927 0.01734638678246508
2934 0.030859687665091902
2965 0.01893756592602092
2969 0.03176335872951067
2993 0.05160111243645916
3020 0.0686078254335286
3028 0.06776596534872283
3076 0.04611108839268926
3096 0.12317937838087618
3099 0.054437532539283316
3114 0.04944443334341522
3125 0.05595878967279786
3126 0.04944443334341522
3157 0.024313860289924435
3168 0.037967971590377875
3179 0.05791826406861421
3184 0.025197702281456395
3208 0.025095830860380176
3232 0.031034445246538502
3238 0.03383656280519339
3307 0.03584186820630911
3321 0.03344774311251482
3355 0.03940308079790372
3419 0.04062106434891936
3432 0.031594527558709846
3479 0.06776596534872283
3481 0.027343014525787742
3482 0.05430207767707619
3522 0.04611108839268926
3557 0.04199493490382898
3633 0.018782640912397102
3648 0.12607191830989972
3721 0.04068011589559084
3722 0.03234443832094796
3734 0.035394294860288646
3742 0.03361029435403916
3865 0.019345373555345463
3905 0.0355697687498555
3938 0.0313927235714452
3940 0.051878386252514196
3991 0.04978987976272345
4030 0.025509241615036735
4034 0.03731641729096169
4052 0.028531047232182354
4143 0.0397939367605342
4213 0.08603853437888347
4364 0.048509291233211634
4383 0.019345373555345463
4391 0.11598476985930904
4393 0.049200946788067954
4428 0.03383656280519339
4450 0.028531047232182354
4452 0.0381050239783339
4477 0.05942004075873144
4500 0.04199493490382898
4512 0.06340828811238411
4542 0.09879094073653655
4702 0.030518473150791637
4723 0.04062106434891936
4832 0.05160111243645916
4880 0.05791826406861421
4922 0.017545417553005347
5038 0.09951469772799935
5172 0.033171565909333116
5228 0.062424183027033564
5233 0.050468765629027974
5304 0.06776596534872283
5487 0.03157644350598038
5531 0.06776596534872283
5685 0.02249673704083935
5689 0.012319769390469188
5793 0.025197702281456395
5798 0.01865546693655495
5801 0.044765915730547924
5932 0.04541747002996411
6020 0.05791826406861421
6062 0.058208750791239605
6081 0.03176335872951067
6102 0.020405391610732054
6104 0.0795878735210684
6109 0.026849398924962516
6154 0.022260521939779485
6186 0.08714106881087125
6245 0.013322505147732111
6260 0.050468765629027974
6278 0.017395799993445274
6315 0.1413201745033214
6316 0.06031646690913658
6405 0.05286696846955035
6412 0.028392369766722866
6442 0.05430207767707619
6484 0.035045403561565006
6487 0.04105979279362539
6563 0.022260521939779485
6584 0.06031646690913658
6606 0.01413201745033214
6618 0.03479251296537399
6771 0.12455158816587202
6774 0.05595878967279786
6775 0.01734638678246508
6858 0.044765915730547924
6866 0.02053726264502301
7099 0.01228893047560518
7163 0.041517196055290674
7201 0.009995943002189252
7233 0.03214723362372038
7327 0.11194925187288507
7338 0.03383656280519339
7380 0.13917005186149595
7486 0.023852529619315062
7491 0.032095428748786674
7566 0.02265714829420276
7583 0.06340828811238411
7633 0.017445441441775487
7649 0.0768453832113432
7699 0.04105979279362539
7703 0.048509291233211634
7716 0.030687726325226285
7755 0.06776596534872283
7833 0.035304388489904526
7865 0.015288762348731557
7867 0.04415161399687292
7903 0.04764904388223405
7951 0.04685257923748996
7961 0.050468765629027974
7965 0.027343014525787742
8027 0.028531047232182354
8042 0.071139537499711
8087 0.026502010428753185
8156 0.027854890050318295
8250 0.014579888689682203
8291 0.06031646690913658
8293 0.019893516086201508
8344 0.021222039086676914
8346 0.03195358235831748
8363 0.11191757934559572
8382 0.04764904388223405
8411 0.05355315037166733
8459 0.10320222487291832
8463 0.02218292337554892
8658 0.025651241226033877
8689 0.030026141829602948
8717 0.06429446724744076
8744 0.0063053801584087976
8795 0.03687000130564669
8848 0.05595878967279786
8931 0.04330975391206713
8954 0.06340828811238411
8997 0.04244773053238055
9103 0.038309186104678136
9127 0.05430207767707619
9138 0.03383656280519339
9146 0.06776596534872283
9176 0.11583652813722842
9336 0.044765915730547924
9384 0.048509291233211634
9457 0.025939193126257098
9497 0.008774406019348913
9500 0.051878386252514196
9584 0.030859687665091902
9602 0.03361029435403916
9611 0.04062106434891936
9645 0.03479159998689055
9652 0.015960690785919426
9661 0.07732317990620603
9685 0.06031646690913658
9718 0.05286696846955035
9719 0.01759575654178402
9790 0.06776596534872283
9922 0.04944443334341522
9941 0.035304388489904526
9949 0.0313927235714452
10011 0.06340828811238411
10037 0.027095938024656513
10048 0.025830081991565314
10068 0.020670771870683023
10125 0.05370882855435613
10257 0.04944443334341522
10329 0.043570534405435624
10331 0.025095830860380176
10349 0.08211958558725078
10386 0.022819990113405873
10387 0.03338869156584333
10388 0.04944443334341522
10396 0.02867153752626315
10415 0.03940308079790372
10493 0.0573430750525263
10506 0.12140737665015683
10513 0.06776596534872283
10567 0.053847338570458765
10569 0.029402932217708972
10587 0.07265998900678748
10588 0.033171565909333116
10595 0.07716620240924064
10599 0.05595878967279786
10732 0.01821896615367799
10853 0.04019954544264782
10866 0.03731641729096169
10927 0.037967971590377875
10930 0.017395799993445274
11000 0.04357677236338716
11031 0.06722058870807832
11032 0.08124212869783871
11047 0.030687726325226285
11073 0.16797973961531593
11097 0.05630225867334294
11102 0.029866918851375455
11135 0.0266181991761182
11165 0.06776596534872283
11213 0.021803118678114203
11255 0.013390526605531437
11325 0.06586030133436821
11352 0.03584186820630911
11359 0.0180597431754505
11365 0.06652488550036516
11456 0.041517196055290674
11465 0.08303439211058135
11516 0.06031646690913658
11533 0.04764904388223405
11572 0.048509291233211634
11576 0.022576643390016707
11634 0.02798676108460925
11694 0.03640764906995893
11722 0.03584186820630911
11733 0.01779950396054179
11795 0.05791826406861421
11842 0.024219996335595823
11866 0.03295874005462297
11878 0.03640764906995893
11882 0.05430207767707619
11910 0.024504083918731247
11911 0.04199493490382898
11930 0.028813888672994406
11950 0.04105979279362539
11969 0.05430207767707619
11975 0.05160111243645916
11984 0.06340828811238411
12041 0.02332386462922451
12057 0.020603809944057812
12064 0.013995644165147503
12078 0.023584946806952264
12201 0.06031646690913658
12215 0.019585547895520247
12221 0.04685257923748996
12245 0.026502010428753185
12255 0.04301926718944173
12308 0.0397939367605342
12309 0.048509291233211634
12328 0.02616079591445292
12354 0.05449688789258448
12396 0.05595878967279786
12407 0.05300402085750637
12513 0.022985337289449032
12594 0.19403716493284653
12611 0.019956183053585718
12618 0.04685257923748996
12641 0.071139537499711
12703 0.06340828811238411
12733 0.04029281336478506
12735 0.0505930855510146
12816 0.06340828811238411
12829 0.06340828811238411
12834 0.008908470391291543
12881 0.028255458941269965
12894 0.03612103596584938
12948 0.09801633567492499
12968 0.03295874005462297
12994 0.02955537951779511
13016 0.04105979279362539
13079 0.015411590593716709
13312 0.06031646690913658
13336 0.03446420245930404
13423 0.06031646690913658
13488 0.13553193069744565
13513 0.05430207767707619
13540 0.04062106434891936
13614 0.025197702281456395
13643 0.037004877957381346
13669 0.04019954544264782
13674 0.03612103596584938
13676 0.020942871327136632
13719 0.11707782583669984
13754 0.013843480538027022
13775 0.029104375395619803
13787 0.018711297474866686
13832 0.024313860289924435
13842 0.03157644350598038
13853 0.050468765629027974
13862 0.03361029435403916
13900 0.06031646690913658
13970 0.043570534405435624
14043 0.035045403561565006
14044 0.03454543646424275
14046 0.044765915730547924
14062 0.026577310368910454
14065 0.13172060266873642
14079 0.03902594194556662
14240 0.06776596534872283
14246 0.03902594194556662
