107 0.055531020735729596
213 0.0700953316615073
233 0.08184999866408957
426 0.08184999866408957
485 0.11557133150315946
601 0.07476325221460417
702 0.042010835476322214
704 0.056242618891678614
713 0.08184999866408957
1010 0.039179395598148745
1092 0.04459265519733248
1230 0.035457736452491735
1378 0.05086310018263273
1461 0.023796649045811108
1519 0.02466854571151509
1524 0.04397597045029533
1550 0.02883568348170463
1567 0.04994359087111474
1604 0.023796649045811108
1657 0.039179395598148745
1689 0.04032451119638777
1865 0.16369999732817914
1872 0.07476325221460417
1882 0.04459265519733248
1940 0.026945264117049596
1963 0.018289451145020813
2137 0.07124383466606028
2144 0.049010602816505745
2182 0.09748713245079815
2352 0.02988718069925801
2435 0.051891209157799455
2462 0.14118190344084094
2595 0.05862671855594303
2635 0.08184999866408957
2693 0.05849353807898751
2726 0.066608815814487
2770 0.0332030914366416
2852 0.03815128662298203
2989 0.0535920861897326
3071 0.051891209157799455
3076 0.17856620809500476
3096 0.10600330289155545
3114 0.1276497733524141
3153 0.046996475010603084
3157 0.06277064060527748
3184 0.03252621951281673
3249 0.03150755124743243
3301 0.0494510563971188
3321 0.10793926987209801
3357 0.06514713647516689
3385 0.06047921592207001
3432 0.027189001264204083
3434 0.066608815814487
3435 0.05862671855594303
3443 0.02422574889595178
3454 0.038758965772500806
3606 0.06277064060527748
3648 0.05424625419606163
3666 0.03265897767892488
3734 0.11422099039704277
3742 0.04338553570634043
3914 0.039179395598148745
3938 0.04052300509723242
3940 0.03348336606988516
3992 0.035457736452491735
3995 0.08563841435215777
4034 0.09633910002428489
4188 0.03406149649153468
4191 0.04858370382660446
4364 0.062617767185215
4393 0.031755292161000495
4477 0.15340361336052008
4723 0.05243532291551617
4808 0.04889076150419479
4830 0.055531020735729596
4881 0.05009731007304884
4922 0.022648338979425975
4948 0.0535920861897326
4991 0.03983494065768153
5186 0.05862671855594303
5341 0.04662650315224133
5661 0.03719414006591359
5663 0.023380424152373857
5739 0.0535920861897326
5793 0.09757865853845019
5800 0.03983494065768153
5820 0.053001651445777724
5903 0.032007537700792045
5962 0.0559059928185066
6062 0.03756911214869058
6104 0.051367632964884405
6109 0.017329148377612312
6179 0.055531020735729596
6186 0.11248523778335723
6245 0.03439446359477501
6278 0.044910413089867894
6315 0.036484366440565144
6429 0.12957887894753972
6446 0.07513822429738116
6563 0.02873478760069274
6681 0.026340109878355864
6695 0.02668267351741774
6733 0.05862671855594303
6859 0.0477674023624193
7038 0.05778566575157973
7201 0.025806340014270523
7239 0.05037627400455872
7245 0.028241030059751624
7327 0.09633910002428489
7338 0.08735522446194392
7380 0.13473477479894255
7406 0.03647329624318458
7491 0.04143008553638112
7580 0.03180571935216311
7627 0.0531924726750955
7633 0.04503857149314509
7649 0.03306504927790057
7693 0.022264725898244485
7701 0.0682428342953803
7704 0.0700953316615073
7836 0.0682428342953803
7859 0.07223388292465228
7862 0.0473130306078162
7918 0.10841754187353952
8044 0.0494510563971188
8115 0.023867250330447877
8264 0.02415330422746587
8310 0.07785895003481759
8411 0.0691285858184628
8412 0.031755292161000495
8499 0.04662650315224133
8563 0.0569927000750497
8658 0.03311166603901823
8691 0.031144042525684146
8706 0.045688396158817104
8716 0.03562191733303014
8717 0.04149695737711905
8751 0.0477674023624193
8795 0.023796649045811108
8800 0.0700953316615073
8931 0.08385898922775989
9134 0.031144042525684146
9149 0.15571790006963518
9151 0.07223388292465228
9204 0.05072084743691581
9304 0.07785895003481759
9331 0.07476325221460417
9497 0.06795816215908418
9570 0.07785895003481759
9658 0.07476325221460417
9666 0.041751517225447114
9671 0.049010602816505745
9719 0.022713318594661497
9783 0.021232113393581994
9902 0.028810356008490173
9978 0.05862671855594303
10079 0.05977436139851602
10125 0.10399431232788513
10228 0.051367632964884405
10280 0.08184999866408957
10317 0.07476325221460417
10386 0.029456971886487656
10460 0.027212921084584903
10493 0.03701038741280405
10516 0.01663965878807918
10587 0.06252831378128923
10595 0.0996092743099248
10628 0.027858298959719856
10732 0.02351778292289821
10752 0.04052300509723242
10785 0.03983494065768153
10806 0.037760468596175135
10904 0.03961296596230212
10999 0.008485222387961996
11000 0.06750080532198365
11031 0.21692767853170217
11047 0.03961296596230212
11073 0.21683508374707905
11097 0.04845149779190356
11213 0.08443305857021355
11314 0.037954501444264085
11342 0.0700953316615073
11359 0.046624502846205146
11369 0.048169550012142445
11465 0.0535920861897326
11478 0.054854148811904715
11582 0.06514713647516689
11722 0.04626614204763414
11776 0.06047921592207001
11821 0.0700953316615073
11842 0.031264156890644615
12215 0.025281822247629825
12216 0.056242618891678614
12217 0.05086310018263273
12245 0.03420987354751622
12285 0.04591490499629231
12316 0.039394487077068455
12330 0.07476325221460417
12383 0.04338553570634043
12407 0.06841974709503244
12594 0.25047106874086
12611 0.025760253192473437
12662 0.06514713647516689
12725 0.039394487077068455
12733 0.02600580159359286
12881 0.07294659248636916
12928 0.03701038741280405
12948 0.03163086870375816
12994 0.03815128662298203
13035 0.07476325221460417
13088 0.05251154905503293
13235 0.05952206936500158
13253 0.0682428342953803
13321 0.05862671855594303
13614 0.03252621951281673
13738 0.04737658433561241
13754 0.017869728032013553
13761 0.0332030914366416
13800 0.05952206936500158
13832 0.03138532030263874
13901 0.06150732489723673
13916 0.05243532291551617
14003 0.05778566575157973
14065 0.1133535428193072
14072 0.0415431050204689
