107 0.0488671127333241
213 0.06168365769258564
233 0.07202772538569548
426 0.07202772538569548
485 0.050851192815113154
601 0.06579141218505108
702 0.036969394872327054
704 0.0494933167333023
713 0.07202772538569548
801 0.0573292624591876
976 0.025829197610673392
998 0.0488671127333241
1010 0.03447773723860907
1092 0.03924138760165484
1230 0.09360806887046196
1378 0.04475935824085866
1461 0.06282291498644046
1519 0.06512471344558628
1524 0.03869870708443906
1567 0.02197509655927734
1604 0.020940971662146823
1657 0.03447773723860907
1689 0.05322815270930697
1718 0.022957904122260536
1865 0.14405545077139095
1872 0.06579141218505108
1882 0.03924138760165484
1928 0.04238904308924966
1940 0.04742348481233101
1963 0.03218931181501945
1976 0.04312916674735946
2137 0.06269433649975442
2180 0.12336731538517128
2182 0.0857883508785652
2244 0.040714050439253455
2352 0.02630061917036146
2382 0.03410776039658119
2435 0.04566409070437141
2462 0.18635940506609006
2595 0.05159131647322295
2635 0.07202772538569548
2693 0.05147411809842204
2726 0.05861553539471403
2770 0.02921860954169827
2852 0.03357300477509632
2965 0.021511853396441613
2989 0.04716085681030255
3071 0.04566409070437141
3076 0.1571376665822089
3096 0.09328255241620999
3114 0.11233137410676364
3115 0.06851561592494994
3126 0.05616568705338182
3153 0.041356741006821254
3157 0.05523795403291473
3184 0.028622964509978366
3249 0.05545307967907057
3301 0.0870335288537254
3321 0.056991718134927295
3328 0.038179126482241504
3357 0.0573292624591876
3385 0.05322150796672215
3432 0.023926230281401575
3434 0.05861553539471403
3435 0.05159131647322295
3443 0.02131857809676409
3454 0.03410776039658119
3606 0.05523795403291473
3648 0.04773652247047374
3666 0.028739791252644427
3734 0.12061690796156153
3742 0.038179126482241504
3804 0.11233137410676364
3914 0.03447773723860907
3938 0.07132021821833369
3940 0.029465250282630875
4034 0.04238904308924966
4052 0.06481885873858108
4188 0.029974003122305106
4191 0.08550699412480076
4393 0.027944551015839814
4417 0.07697776565081343
4452 0.021642424710017767
4477 0.1687433340966055
4542 0.028055034135892498
4646 0.05510342593396849
4723 0.04614290899342525
4808 0.021511853396441613
4881 0.04408546550272243
4899 0.027406653378781103
4922 0.01993046263992119
4948 0.04716085681030255
5059 0.020817654437421094
5067 0.06851561592494994
5186 0.2063652658928918
5341 0.04103116700743881
5581 0.046641276208104994
5663 0.04114939029283361
5689 0.02798892677559931
5739 0.04716085681030255
5752 0.07697776565081343
5793 0.08586889352993511
5800 0.035054614700999215
5820 0.046641276208104994
5903 0.02816652624817227
5962 0.04919708691348757
6062 0.03306069318260728
6104 0.04520334540373258
6109 0.01524959268030201
6179 0.0488671127333241
6186 0.0989866334666046
6245 0.030267013060803576
6278 0.03952101348554285
6315 0.032106120583298856
6429 0.17104347087878138
6446 0.06612138636521456
6495 0.04716085681030255
6563 0.02528651709345761
6681 0.02317920869777162
6695 0.02348066355573363
6859 0.04203515450095981
7201 0.011354746500278621
7239 0.044330952830508086
7244 0.050851192815113154
7245 0.024852012106939804
7327 0.08477808617849932
7338 0.0768723056963372
7380 0.11856615171063549
7406 0.03209637884658649
7486 0.02709493513102187
7491 0.03645833686530734
7580 0.013994463387799656
7627 0.023404599126211272
7633 0.01981689622614211
7693 0.01959288441002901
7701 0.06005346619908644
7704 0.06168365769258564
7717 0.02418745069610821
7865 0.017367047884809902
7918 0.09540707465503664
8044 0.0435167644268627
8115 0.042006201113534765
8264 0.021254827030514525
8411 0.06083292458034281
8412 0.027944551015839814
8463 0.025198370129691342
8484 0.03447773723860907
8500 0.12336731538517128
8526 0.046641276208104994
8658 0.029138155497217225
8670 0.07697776565081343
8691 0.027406653378781103
8706 0.04020563598718718
8714 0.06579141218505108
8716 0.03134716824987721
8717 0.10955155158526796
8751 0.04203515450095981
8795 0.020940971662146823
8800 0.06168365769258564
8931 0.04919708691348757
8997 0.019287153582278605
9134 0.027406653378781103
9149 0.13703123184989988
9151 0.06356557565983198
9204 0.04463417629985571
9276 0.0482714677016042
9331 0.06579141218505108
9497 0.059802955670158434
9570 0.06851561592494994
9652 0.01813031524927223
9658 0.06579141218505108
9666 0.03674119567786909
9670 0.050851192815113154
9671 0.04312916674735946
9719 0.019987644484249133
9902 0.0169020113599105
9978 0.05159131647322295
9994 0.04520334540373258
10079 0.02630061917036146
10110 0.03410776039658119
10125 0.09151464743167412
10228 0.04520334540373258
10280 0.07202772538569548
10317 0.06579141218505108
10386 0.05184407370466961
10493 0.032569017281575324
10516 0.02928568828982211
10531 0.03194281328159712
10587 0.027512353618676717
10588 0.07536151853512352
10595 0.0876558286250948
10628 0.02451521001751292
10705 0.05015338566885053
10732 0.020695570405599748
10752 0.035660109109166845
10785 0.035054614700999215
10806 0.03322908621712356
10904 0.03485927771062275
10999 0.007466967354573995
11000 0.0643505234465334
11031 0.22907475889344903
11047 0.03485927771062275
11073 0.1908141493100733
11097 0.04263715619352818
11213 0.024766936491260064
11314 0.06679966895046116
11342 0.06168365769258564
11359 0.04102940674480945
11425 0.04475935824085866
11465 0.04716085681030255
11471 0.06579141218505108
11478 0.0482714677016042
11502 0.0384361528481686
11582 0.0573292624591876
11586 0.0488671127333241
11706 0.05616568705338182
11776 0.05322150796672215
11821 0.06168365769258564
11842 0.027512353618676717
11897 0.05322150796672215
12175 0.022317088149927854
12215 0.022247919118185397
12216 0.0494933167333023
12217 0.04475935824085866
12245 0.06020914887176251
12285 0.04040496300746061
12383 0.038179126482241504
12387 0.028507245146463564
12407 0.030104574435881257
12511 0.07202772538569548
12588 0.05159131647322295
12594 0.22041370373587396
12611 0.022668936751339408
12662 0.0573292624591876
12725 0.034667017021495966
12733 0.022885018524013725
12764 0.023711742406165505
12881 0.06419275769317298
12928 0.032569017281575324
12948 0.05567011757826335
12994 0.03357300477509632
13016 0.046641276208104994
13035 0.06579141218505108
13088 0.06931498161232362
13235 0.05237922219406964
13253 0.06005346619908644
13321 0.05159131647322295
13461 0.05861553539471403
13738 0.04169123594298705
13754 0.03145060194048943
13761 0.02921860954169827
13832 0.027618977016457366
13901 0.054126240430234895
14003 0.050851192815113154
14065 0.049875369498734175
14072 0.01827889681686853
