315 0.052775248645084046
337 0.030238446952678712
484 0.052775248645084046
557 0.05499419664958009
594 0.08492706924246972
736 0.05329874884340698
762 0.043864384173146094
829 0.08078598104674133
920 0.035342005109987265
961 0.046938712643182556
1133 0.02672868469502592
1155 0.0907636052443712
1194 0.04110217664128106
1318 0.030785838723207924
1338 0.08492706924246972
1445 0.06175974329776493
1545 0.03034627269243137
1566 0.033079370671505036
1604 0.024691260772604324
1689 0.041840471721924156
1718 0.0270694028252684
1838 0.04305699486913492
1921 0.08078598104674133
1942 0.028424132501199028
2316 0.06759627929966643
2459 0.07080835684911146
2599 0.052270120713390156
2608 0.08409285561333836
2609 0.03474214044105665
2695 0.05761865510203655
2720 0.05499419664958009
2721 0.0907636052443712
2744 0.04254284489455729
2816 0.047285588920663243
2850 0.045629204012138824
2989 0.0556068282097687
3170 0.04800547236887448
3241 0.04764103090440667
3332 0.05345736939005184
3341 0.09406461618124978
3388 0.05440657755259151
3484 0.06759627929966643
3519 0.03361256751482231
3552 0.08078598104674133
3578 0.16985413848493944
3602 0.05624669661620982
3642 0.051310120455676345
3666 0.10166027992654865
3677 0.18249219795444477
3702 0.05624669661620982
3809 0.0775739034972963
3863 0.0907636052443712
3865 0.025910585640544794
3881 0.12763926513681167
3891 0.06911290904293836
3905 0.04764103090440667
3926 0.0907636052443712
4028 0.03840175669882891
4219 0.04781827155577269
4222 0.04501657245195021
4262 0.032692046794441085
4332 0.07273049704034379
4498 0.06497182084720997
4593 0.044143901090697366
4631 0.0907636052443712
4685 0.2197342483506565
4928 0.026070528052165
5005 0.07273049704034379
5106 0.052775248645084046
5191 0.0907636052443712
5371 0.08492706924246972
5459 0.04442895335496164
5816 0.07496917728775124
5870 0.10454024142678031
5924 0.06083073265148158
6044 0.024118262975958458
6072 0.046599998922739284
6151 0.04332112464577711
6168 0.0907636052443712
6174 0.07273049704034379
6228 0.23272171049188892
6315 0.018927980241525273
6320 0.06497182084720997
6429 0.03361256751482231
6430 0.06381963256840584
6606 0.018927980241525273
6681 0.027330340525403493
6702 0.09387742528636511
6757 0.06083073265148158
6775 0.023233205551457723
6813 0.019630298502749388
6880 0.04229249651576029
6912 0.0907636052443712
6921 0.04254284489455729
6952 0.08492706924246972
6995 0.08772876834629219
7099 0.01645940744477822
7154 0.06497182084720997
7195 0.0508531084538517
7201 0.01338825205288748
7202 0.05624669661620982
7207 0.08492706924246972
7235 0.07494944504483984
7242 0.02137724786278672
7329 0.07080835684911146
7352 0.05995806129022873
7423 0.08313312214589329
7448 0.046938712643182556
7466 0.025990334702973808
7566 0.06069254538486274
7627 0.027596095808111412
7633 0.023365876250517354
7649 0.03430809743875968
7652 0.05761865510203655
7906 0.052775248645084046
8048 0.16157196209348265
8124 0.046466411102915446
8433 0.020586753712064594
8567 0.08718038342490439
8683 0.12129760925003537
8744 0.016890456224403005
8746 0.05624669661620982
8875 0.037844474112435855
8996 0.0474424805985941
9026 0.25101149137085565
9094 0.020207211263097304
9242 0.053842008370775976
9402 0.0371334817509494
9497 0.01175216379041856
9684 0.05761865510203655
9708 0.05134791123375814
9719 0.11783601786797586
9783 0.02203031391290449
9944 0.11721089576097785
10266 0.05761865510203655
10275 0.06911290904293836
10278 0.12351948659552986
10311 0.08492706924246972
10331 0.03361256751482231
10339 0.07273049704034379
10483 0.05835700509408866
10531 0.03766340670677679
10566 0.0907636052443712
10567 0.04327286025944204
10595 0.03445132915733176
10684 0.04800547236887448
10793 0.05761865510203655
10930 0.02329938805401906
10942 0.06275287284271391
10999 0.01760843203523144
11108 0.03459600041477696
11129 0.08492706924246972
11193 0.08492706924246972
11213 0.029202412252418843
11262 0.030238446952678712
11326 0.03503894825432034
11353 0.07494944504483984
11356 0.025364380912357393
11371 0.06112875581938894
11574 0.053842008370775976
11633 0.048379380896458775
11967 0.049980437092598855
12023 0.02871107892546995
12064 0.009372663073632999
12078 0.03158893687531677
12092 0.052775248645084046
12100 0.052270120713390156
12140 0.05835700509408866
12203 0.07273049704034379
12270 0.047285588920663243
12378 0.020047564499709233
12405 0.05913528484530847
12413 0.02930272394024446
12554 0.05691633684081243
12678 0.14015579301728137
12725 0.08175096851244366
12726 0.049563171095639014
12735 0.02258759649929754
12752 0.17507101528226598
12826 0.0775739034972963
12834 0.011931725398811772
12847 0.08559524889490834
12865 0.017843744892769398
12873 0.08078598104674133
12900 0.10124703268832295
12948 0.032820000249824295
12968 0.08828780218139473
13079 0.02064180031432742
13249 0.07273049704034379
13336 0.04616027014418255
13557 0.04531962930761715
13633 0.0907636052443712
13770 0.04000281289496898
13981 0.0775739034972963
14004 0.11827056969061694
14039 0.04133249625804647
14040 0.03347740531096204
14163 0.023267376960114033
