23 0.1152568874613542
339 0.05106869845274668
484 0.06701707008502356
734 0.1152568874613542
815 0.10784531570498634
917 0.04268318673451218
1099 0.040722825835706127
1371 0.0772463906488371
1581 0.09850783958232323
1620 0.040722825835706127
1655 0.04151425616163365
1668 0.19701567916464646
1940 0.03550300015743778
1959 0.1306992328543778
2017 0.0404156054092659
2365 0.21234308405375307
2776 0.0369564158721348
2940 0.03895248994104629
3090 0.1175103007054744
3098 0.1152568874613542
3157 0.0827064100619272
3314 0.0722756639328281
3332 0.03394163327459575
3455 0.146335016747957
3847 0.04587843808670698
4201 0.07613822196598384
4264 0.08776357834444615
4278 0.06346805636181146
4384 0.032112189211747647
4390 0.1152568874613542
4475 0.10784531570498634
4489 0.04745517984889149
4498 0.1650099689932832
4513 0.10784531570498634
4566 0.11211296921088724
4663 0.0587551503527372
4720 0.05605648460544362
4734 0.04650521440719484
4845 0.078426102221783
4887 0.04217303683103935
4928 0.03310586781647047
4989 0.078426102221783
5280 0.05917538001136722
6054 0.0546762680778786
6067 0.13951564322158455
6606 0.024035846556497455
6629 0.04430506438191171
6778 0.1152568874613542
6918 0.07968723568919593
7099 0.020901109717223653
7153 0.05000873863762023
7183 0.1152568874613542
7204 0.0722756639328281
7551 0.06575593661761064
7617 0.06637562935533815
7649 0.043566410951459265
7693 0.029335936869533855
7747 0.07613822196598384
7762 0.1152568874613542
8085 0.2021241464040404
8093 0.20517344371436366
8268 0.03826262750070257
8583 0.07968723568919593
8744 0.03217272066791897
8948 0.10784531570498634
8951 0.12384483243158931
8982 0.048764776787331446
9094 0.02566028826408977
9105 0.032306650461539216
9409 0.07493551018228209
9497 0.01492357884829256
9534 0.08409548156108194
9559 0.07613822196598384
9647 0.03867341299219697
9708 0.0326022771490332
9899 0.05248639977317275
9989 0.05570153782007725
10040 0.03881241887185197
10162 0.04852582978892367
10209 0.2475047542187178
10372 0.09517515010081397
10567 0.03663359097606818
10672 0.05570153782007725
10896 0.2156906314099727
11000 0.014823143512735696
11090 0.078426102221783
11135 0.04527244275320557
11332 0.05219392657228786
11338 0.13888167598439374
11339 0.09900190168748713
11359 0.030716153397098885
11511 0.09014965603360979
11576 0.038398532848574314
11577 0.06293818781016497
11714 0.039379260728779716
11915 0.09850783958232323
12064 0.01190195089961901
12078 0.20056731619792045
12231 0.04650521440719484
12378 0.025457559549294365
12414 0.06837170342424964
12536 0.10784531570498634
12611 0.0678832665491915
12614 0.04217303683103935
12807 0.08800781060860158
13078 0.10784531570498634
13408 0.08104186902842199
13531 0.1152568874613542
13598 0.08991655625300944
13616 0.037467755091141045
13700 0.0533929914398785
13787 0.06364864415990426
13842 0.16111639125349733
13874 0.058471335954700714
13875 0.051343578596369344
13884 0.05641846049494752
14043 0.059605498328655714
14072 0.05473707207601341
14103 0.09517515010081397
14209 0.1152568874613542
14212 0.11685746982313888
