745 0.42511346267174244
1127 0.13009581212585747
1230 0.17231837425216529
1655 0.1531211676441574
1657 0.19040498433116967
3734 0.11101879217282887
3984 0.0850810016981507
4393 0.3086502899821512
4477 0.18637865740605486
4808 0.11880025886087203
6109 0.0842166188359397
6775 0.10881837972778256
7486 0.14963309985723436
7491 0.1006714711516173
8531 0.3510439897418386
10752 0.19693469061465113
11031 0.21084608683334263
11097 0.11773288659824308
11478 0.2665815331138972
12406 0.16069033464021815
12865 0.08357552741512378
12881 0.1772538165447813
13346 0.3510439897418386
14065 0.13771957948103578
