1107 0.055135092740059184
1318 0.0709929496763529
1350 0.11070187545366093
1909 0.23882184328078876
1963 0.04376151658997995
2302 0.20930324872716596
2328 0.20930324872716596
2736 0.08484039841902473
3184 0.07782610224511681
3473 0.18629458624047807
3633 0.029006210878943728
3938 0.09696016276142662
4052 0.1762430696457726
4338 0.12970635421816387
4393 0.15196297950161392
4477 0.09176293369616628
4817 0.07367137639068083
4895 0.12681805652064015
5186 0.2805545225342044
5341 0.11156411830242702
5689 0.03805107392369341
5761 0.1788874513602323
6182 0.11624714947170187
6250 0.12681805652064015
6278 0.10745799706680427
6442 0.16771842933188838
6537 0.11525619578595842
7380 0.10746081690950286
7491 0.0495652756648802
7540 0.08114832093549332
7566 0.06997929890714942
7627 0.06363731904735072
7668 0.12290830951440403
7671 0.05403635705588124
7851 0.07395150027473868
7873 0.39168808796140786
8363 0.17283538149401603
8526 0.12681805652064015
8744 0.01947491701510376
8997 0.026220973480723858
9217 0.19584404398070393
9497 0.027100797222473872
9783 0.05080248035581586
9902 0.02297836172395678
9941 0.10904180538471808
10125 0.08294305440724443
10460 0.06511287233619838
10567 0.03326278269662711
10999 0.020302752518714013
11031 0.10380939403395223
11097 0.057965408792680084
11102 0.0922475332992705
11213 0.06734152680080227
12407 0.24556383954665312
12413 0.06757284817780881
12764 0.06447244443421571
12948 0.07568377938513667
13404 0.15587878887354434
13806 0.07628189436454226
14044 0.10669769173147597
14072 0.049700487596301246
14163 0.02682759005660748
