340 0.04915908526290242
434 0.07743769445980624
480 0.07743769445980624
484 0.04502678764924631
557 0.046919949750197754
636 0.03213366605504767
704 0.04978903072325507
916 0.043008941797876135
917 0.057355141991428084
974 0.05269217896900343
1008 0.06685524849688805
1010 0.03468373574338319
1065 0.08835893873015213
1099 0.054720924954054166
1127 0.047395910195775375
1133 0.02280437971974761
1136 0.07245807856197987
1458 0.021254553023036266
1519 0.08735176309582333
1615 0.11446202895140552
1655 0.02789220110987841
1963 0.01619081868724367
2049 0.040646375658975054
2182 0.021575230351839864
2425 0.022876410682421765
2543 0.07743769445980624
2558 0.03759164729184034
2597 0.04724191290224061
2678 0.05444963533635963
2692 0.03866580220018946
2693 0.02589083351662252
2743 0.041603840366932265
2763 0.03138912028634914
2927 0.01982210675712699
3020 0.039199853467249704
3096 0.046919949750197754
3130 0.01742438100666498
3157 0.08335198685272188
3195 0.0639453689580525
3220 0.025526918182130914
3294 0.05650126729962987
3321 0.01911074459124359
3357 0.0576717948668298
3432 0.012034592680377185
3435 0.05189956564802412
3439 0.16137247864192358
3454 0.06862309670768742
3606 0.08335198685272188
3633 0.06439004007266942
3648 0.048021739919170525
3666 0.028911506524577513
3810 0.046919949750197754
3823 0.041603840366932265
3940 0.05928260009308228
3992 0.03138912028634914
3995 0.07581179054770672
4034 0.0852846205507964
4052 0.1956184205579839
4219 0.02039879692065014
4262 0.05578440221975682
4383 0.022106393952785196
4393 0.1405575743258927
4452 0.19594561002192531
4477 0.0679006185093857
4542 0.02822265810272606
4698 0.051155019879325574
4723 0.04641860487778073
4741 0.04855988135534733
4759 0.06618450447075717
4808 0.04328076598466944
4928 0.04448570724518594
5125 0.10379913129604824
5183 0.07743769445980624
5186 0.10379913129604824
5223 0.01987857234592915
5228 0.14266703904459477
5341 0.0412763211193277
5551 0.019543608566405947
5613 0.027570403382959723
5647 0.0426423102753982
5793 0.028793981762370895
5820 0.046919949750197754
5932 0.05189956564802412
6065 0.0576717948668298
6068 0.03153446214749258
6096 0.0576717948668298
6109 0.030681412707417192
6186 0.04978903072325507
6210 0.02767673516347014
6245 0.030447853218362474
6429 0.08603271298714213
6571 0.04978903072325507
6651 0.07245807856197987
6693 0.03015309259626209
6757 0.05189956564802412
6775 0.05946632027138097
6821 0.025437599650765474
6880 0.0360831129868871
7039 0.11842754427532537
7206 0.055140806765919446
7242 0.12767048518545704
7327 0.0426423102753982
7380 0.11927456391878534
7406 0.0322881491476739
7491 0.018338084554799794
7540 0.030023131130278637
7571 0.03183041005655352
7572 0.07785985030503842
7614 0.050453043456298766
7640 0.051155019879325574
7671 0.01999228837995201
7718 0.05178166703324504
7865 0.017470812986094018
8011 0.03449623219394876
8074 0.029393185669925985
8173 0.04228630726412463
8344 0.024250901911472954
8463 0.10139570409666869
8499 0.0412763211193277
8500 0.06205220685710106
8517 0.024250901911472954
8545 0.0576717948668298
8688 0.022174434259394957
8706 0.10111464423575052
8778 0.06892498485587886
8795 0.021066090338615204
8931 0.0247455154908028
8976 0.034129600671470826
8979 0.07245807856197987
9084 0.10538435793800686
9094 0.01724038889225951
9138 0.03866580220018946
9186 0.07743769445980624
9187 0.1179315061204523
9204 0.04490085776784076
9338 0.10379913129604824
9387 0.040047171751419954
9497 0.09024040194904247
9611 0.04641860487778073
9645 0.01987857234592915
9757 0.07630801930093702
9890 0.026265862471174718
9902 0.01700299794855234
9916 0.039758187972928447
9961 0.029393185669925985
10331 0.028677570995714042
10386 0.026076916530062062
10387 0.03815400965046851
10506 0.03468373574338319
10519 0.040646375658975054
10567 0.012306513248162598
10587 0.19373714614429097
10595 0.029393185669925985
10613 0.03766269437757184
10614 0.06735128665176113
10732 0.0832768914083599
10754 0.0360831129868871
10785 0.10579217984590297
10853 0.045936925732432264
10945 0.03629670522150134
10994 0.039758187972928447
10999 0.0075115811904413006
11031 0.19203620073135189
11033 0.07245807856197987
11047 0.10520266756078077
11078 0.07743769445980624
11097 0.0857838116249502
11155 0.23231308337941872
11213 0.0996596585780666
11386 0.040047171751419954
11495 0.1579033923671005
11733 0.04067978791830267
11849 0.030023131130278637
11876 0.02675135034470695
11892 0.04855988135534733
12057 0.047088875099628065
12240 0.06041227525195149
12308 0.04547342755847241
12317 0.05650126729962987
12351 0.04744263475644658
12377 0.1825703902265947
12387 0.028677570995714042
12406 0.029270983229532893
12407 0.030284444050807963
12510 0.0576717948668298
12517 0.07743769445980624
12523 0.02385341595763597
12582 0.19007835110054924
12605 0.07245807856197987
12695 0.054720924954054166
12733 0.023021752543565206
12735 0.038542572027293186
12830 0.0639453689580525
12834 0.020359819408315015
12865 0.04567177982754371
12948 0.0840041053241747
12963 0.03815400965046851
13016 0.09383989950039551
13064 0.03468373574338319
13079 0.05283351476192101
13309 0.05444963533635963
13404 0.0576717948668298
13537 0.06041227525195149
13754 0.015819256918240224
13784 0.0576717948668298
13806 0.02822265810272606
13874 0.013095053863440492
13970 0.04978903072325507
14033 0.0639453689580525
14034 0.06892498485587886
14062 0.015185245493960312
14072 0.036776220114984146
14154 0.095977115391405
14162 0.05353949725317368
14246 0.044595822590814474
