11 0.03176707727060048
390 0.04981965771240349
513 0.10684293342501254
968 0.03252299154952661
1230 0.20627335369098188
1770 0.05342146671250627
1914 0.07036687586395399
1939 0.08698618868586802
1963 0.02127956718221756
2144 0.05702327571260904
2318 0.07156306889534833
2372 0.04981965771240349
2617 0.044159628243992985
2670 0.20355247668751605
2693 0.034028281204498634
2927 0.0260521633018905
3010 0.023648825718296046
3220 0.03354998786068801
3321 0.025117221141632104
3391 0.05976565332663551
3544 0.03784388431442739
3648 0.031557448099338005
3984 0.020369207441550758
3995 0.04981965771240349
4008 0.08404329645212144
4052 0.04285016303326869
4182 0.04918658757977384
4264 0.07749859521827211
4393 0.07389383831946453
4446 0.10177623834375803
4477 0.044620837315132014
4576 0.0560447203960864
4577 0.02265901562898975
4652 0.05702327571260904
4690 0.10177623834375803
4735 0.05116553854898136
4928 0.029233747046967653
4991 0.046347497757228025
5049 0.04285016303326869
5358 0.03651646113487884
5359 0.0623537792067686
5595 0.1457101115886684
5613 0.03623573720152674
5685 0.03378736301095824
5793 0.03784388431442739
6005 0.10177623834375803
6032 0.05652658362143614
6109 0.020162265897870277
6230 0.03297138758620574
6278 0.02612637593521124
6294 0.04051241494021493
6310 0.11480930824037196
6315 0.021224571492513375
6412 0.042641886345924494
6720 0.03502960805451346
6756 0.05806500613644417
6821 0.033432596657344764
7038 0.2689318442154946
7099 0.01845647901035378
7351 0.06100789837019073
7373 0.20355247668751605
7380 0.052254123053069326
7491 0.024101715287843835
7495 0.10849880605303086
7566 0.034028281204498634
7633 0.02620093135327377
7671 0.052551665474784105
7714 0.04223322605471901
7716 0.046089232738468065
7757 0.08698618868586802
7862 0.02752408493371972
7890 0.09523153710990868
7891 0.08160856811189157
8172 0.08698618868586802
8230 0.1247075584135372
8308 0.14851905102614546
8468 0.10177623834375803
8526 0.18500044540964083
8531 0.08404329645212144
8666 0.05014575404193721
8688 0.02914382358702033
8706 0.02657896313564342
8744 0.009469914145660605
8795 0.02768712893934219
9099 0.09253341233163503
9125 0.08404329645212144
9402 0.04163900364075273
9480 0.10177623834375803
9497 0.013178090709025675
9619 0.07579794802808076
9783 0.024703321045377116
9957 0.045835035054821796
10079 0.06954678568909162
10125 0.040332064244807585
10277 0.07036687586395399
10281 0.0965624703947909
10331 0.037690885829442834
10587 0.18187744445545662
10922 0.05467986105136884
10999 0.03948983672150285
11031 0.1009571489575194
11033 0.09523153710990868
11047 0.046089232738468065
11097 0.05637276341245309
11215 0.07939975702818354
11262 0.03390737262931466
11320 0.04857741266884827
11351 0.4071049533750321
11365 0.024978071837517123
11386 0.05263393397231741
11495 0.05188304419749823
11511 0.03980279652337868
11634 0.04203271143499893
11922 0.05702327571260904
12000 0.07939975702818354
12182 0.04223322605471901
12328 0.03929033382097246
12390 0.05861221851710123
12392 0.07579794802808076
12393 0.07036687586395399
12406 0.07694161316415149
12407 0.07960559304675736
12614 0.037240403959677745
12994 0.13316575664483016
13229 0.09523153710990868
13249 0.24466534956522373
13336 0.01725368020055202
13600 0.05263393397231741
14014 0.04306116236872818
14065 0.06594277517241148
14072 0.024167463726259938
14088 0.05014575404193721
14165 0.10177623834375803
14198 0.08175855325092928
