79 0.1225975405858191
194 0.11565775858607777
483 0.1528093139342163
636 0.17329646331543516
1397 0.12534943893112965
1519 0.1177717443050358
1566 0.15220444583523818
1653 0.16845093833212035
2260 0.31800157643274324
3092 0.1755410689616547
3341 0.14426970130666544
3865 0.11921950897580878
4128 0.35693221344301446
4404 0.1421669025814862
6681 0.25150413987414166
7201 0.061601881869160595
7466 0.1195864495072181
8202 0.1432099571542484
8264 0.11531189567737765
8706 0.10906200497282802
8981 0.15042229536288787
8982 0.17669375138626145
9497 0.05407393008919737
10614 0.12107488510128919
10684 0.44176453001612936
10708 0.20442602404938415
11000 0.026855006904108535
11003 0.0986283705893692
11957 0.1177717443050358
12064 0.04312539689128872
13088 0.12534943893112965
13480 0.10108676978335199
14090 0.157858050268953
14170 0.10025712307097197
