10 0.026447431906341603
172 0.05608681052681246
194 0.01881035510183913
328 0.030421282208524948
439 0.04552137476654644
499 0.04161217786112257
528 0.04486832986059041
601 0.05805076774984932
605 0.06792099830793788
702 0.03261978553598457
747 0.06792099830793788
753 0.06355335170727627
917 0.025153244355520753
1092 0.03462446848592011
1127 0.0415711955097183
1186 0.06792099830793788
1230 0.1376577906101902
1329 0.0328249715861497
1344 0.04775805394707732
1460 0.026220645804957216
1461 0.03695435139760307
1519 0.01915416966767496
1545 0.045417965287858075
1550 0.02238979064072359
1655 0.024464392407395737
1689 0.015655210044691194
1714 0.03128349760779628
1718 0.040513614648553534
1719 0.039884976145025446
1867 0.043670213777649916
1967 0.07610966717216526
2081 0.16327892506404246
2095 0.031648683153907294
2125 0.05058422656938551
2137 0.05531807642525555
2180 0.10885261670936164
2182 0.056771235033913695
2352 0.046412474954680955
2382 0.06018966948696469
2435 0.08058302553322703
2462 0.16443341436513179
2517 0.06792099830793788
2524 0.06792099830793788
2528 0.05608681052681246
2541 0.05442630835468082
2597 0.062154185542590765
2609 0.025998536040496126
2617 0.029470199371181276
2653 0.05608681052681246
2726 0.051719163926150856
2793 0.01864247728427573
2829 0.06045445712747407
2852 0.02962299543566463
2915 0.04311768538892169
2927 0.017386071330021298
3096 0.08230745633176967
3099 0.027281036553245687
3125 0.05608681052681246
3126 0.04955755084684773
3130 0.04584904139229658
3153 0.03649094140622733
3157 0.024369484816060688
3321 0.016762131932001437
3372 0.06355335170727627
3421 0.028184603027994064
3454 0.030094834743482346
3648 0.04212011396448767
3660 0.048620269346348645
3691 0.03949322599375319
3693 0.03222077910829535
3702 0.04209100966638391
3721 0.06115977398150981
3734 0.017737634437473764
3742 0.03368718698542102
3897 0.03708953661612844
3905 0.03565114420845788
3914 0.060842564417049896
3922 0.04621657996872389
3923 0.06792099830793788
3938 0.031464542910372297
3956 0.020321503866705462
3985 0.023037922460193695
4034 0.0748035773602532
4036 0.09724053869269729
4038 0.06792099830793788
4182 0.0328249715861497
4191 0.18861681532861158
4258 0.03875003878826008
4338 0.04209100966638391
4346 0.04775805394707732
4384 0.01892374501130456
4391 0.07750007757652017
4393 0.024656753625101918
4394 0.06792099830793788
4477 0.05955598015999431
4577 0.015121633371808928
4624 0.030421282208524948
4630 0.03438239218759848
4660 0.027036209152384878
4723 0.04071399601129694
4766 0.09551610789415464
4806 0.05608681052681246
4808 0.018980890725877792
4881 0.019449309826670855
4899 0.04836428394688696
4922 0.017585557437236443
4957 0.0571926394262537
4991 0.0309302875403324
5034 0.05608681052681246
5035 0.06355335170727627
5059 0.018368367279368705
5100 0.04955755084684773
5186 0.04552137476654644
5187 0.06792099830793788
5223 0.017435597587075333
5228 0.09385049282338882
5268 0.05058422656938551
5341 0.0362036725971861
5581 0.041153728165884834
5610 0.03875003878826008
5644 0.07298188281245466
5663 0.01815399320065023
5665 0.05058422656938551
5739 0.04161217786112257
5817 0.06355335170727627
5820 0.041153728165884834
5864 0.19066005512182885
5953 0.05805076774984932
5963 0.07298188281245466
6072 0.03487211024131911
6073 0.12710670341455255
6104 0.07976995229005089
6109 0.026910824180945547
6186 0.043670213777649916
6257 0.06792099830793788
6278 0.03487119517415067
6279 0.046959767174217
6294 0.027036209152384878
6310 0.030647479048661753
6315 0.14164348259370713
6429 0.025153244355520753
6433 0.048620269346348645
6475 0.06045445712747407
6481 0.039884976145025446
6584 0.06045445712747407
6695 0.020718061847530254
6696 0.030588292405618816
6775 0.017386071330021298
6859 0.03708953661612844
7080 0.06355335170727627
7085 0.03512557939309159
7099 0.04926817890040884
7197 0.05442630835468082
7219 0.048620269346348645
7327 0.0748035773602532
7335 0.06045445712747407
7351 0.08142799202259388
7380 0.13948844096527643
7422 0.01864247728427573
7429 0.05442630835468082
7486 0.02390709872686954
7495 0.0362036725971861
7566 0.022708982643929038
7575 0.06792099830793788
7580 0.012347954192318064
7598 0.020921953270936586
7627 0.04130189345480339
7633 0.017485352603634007
7641 0.033034142079465
7651 0.03324745483083313
7671 0.017535338502766736
7693 0.017287696747367732
7717 0.04268338484273314
7718 0.022708982643929038
7732 0.06649490966166625
7758 0.0425921205735554
7834 0.06792099830793788
7836 0.05298791594701026
7862 0.018368367279368705
7867 0.044252622745687045
7891 0.03630798640130046
7903 0.04775805394707732
8089 0.043670213777649916
8172 0.11610153549969864
8203 0.051719163926150856
8244 0.02295474102806114
8264 0.018754104624493402
8370 0.039884976145025446
8412 0.024656753625101918
8456 0.051719163926150856
8484 0.060842564417049896
8497 0.048620269346348645
8508 0.12090891425494814
8526 0.041153728165884834
8529 0.05805076774984932
8563 0.044252622745687045
8655 0.06792099830793788
8658 0.012854962686241653
8689 0.06018966948696469
8691 0.04836428394688696
8703 0.05442630835468082
8716 0.027659038212627773
8717 0.09666233732488606
8733 0.05805076774984932
8778 0.06045445712747407
8789 0.20376299492381367
8795 0.018477175698801536
8893 0.029470199371181276
8997 0.025526904712381202
9041 0.06792099830793788
9204 0.07876554449996992
9276 0.0425921205735554
9295 0.041153728165884834
9339 0.051719163926150856
9367 0.031105444926974094
9384 0.09724053869269729
9497 0.026383439533098435
9568 0.051719163926150856
9588 0.08142799202259388
9602 0.03368718698542102
9622 0.05805076774984932
9683 0.06355335170727627
9783 0.016485913158396957
9902 0.01491341655959193
9990 0.036786081565223235
10079 0.06961871243202145
10125 0.08074755302140402
10234 0.027157927305456298
10316 0.020192497032163963
10322 0.10243691004197629
10381 0.10597583189402052
10415 0.03949322599375319
10493 0.028737131416722295
10516 0.025840100293412254
10534 0.05058422656938551
10567 0.021588211563786232
10587 0.024275406122570196
10588 0.03324745483083313
10595 0.051561827300738626
10657 0.016531460549444665
10706 0.04311768538892169
10752 0.031464542910372297
10806 0.029319540384759424
10861 0.05442630835468082
10866 0.0374017886801266
10904 0.030757932792429978
10926 0.051719163926150856
10930 0.017435597587075333
11000 0.02620587960396963
11031 0.10106156095626308
11032 0.08142799202259388
11034 0.093919534348434
11047 0.030757932792429978
11097 0.0564310653055174
11133 0.046959767174217
11213 0.04370599840859122
11314 0.029470199371181276
11350 0.051719163926150856
11396 0.05608681052681246
11425 0.03949322599375319
11471 0.05805076774984932
11498 0.04552137476654644
11576 0.022628293563018532
11694 0.03649094140622733
11742 0.06045445712747407
11745 0.03649094140622733
11774 0.06045445712747407
11776 0.046959767174217
11815 0.025998536040496126
11846 0.06045445712747407
11897 0.046959767174217
11935 0.05805076774984932
12041 0.023377224272744558
12064 0.007013831491720941
12215 0.019630355129246876
12247 0.04955755084684773
12267 0.05442630835468082
12354 0.018207188083734584
12398 0.03261978553598457
12407 0.026562640939670795
12431 0.04486832986059041
12472 0.03805483358608263
12502 0.06792099830793788
12511 0.06355335170727627
12584 0.029170959519677794
12599 0.043670213777649916
12733 0.020192497032163963
12735 0.016902943635596874
12810 0.02832010093952237
12834 0.00892885092478995
12881 0.02832010093952237
12948 0.04912028726565114
13016 0.041153728165884834
13064 0.060842564417049896
13074 0.06792099830793788
13084 0.12090891425494814
13088 0.12231954796301962
13217 0.06355335170727627
13336 0.011514349545413978
13409 0.06045445712747407
13676 0.020990783805024282
13719 0.07823044866874221
13761 0.051561827300738626
13832 0.024369484816060688
13916 0.04071399601129694
13918 0.023291391611966167
14010 0.03592386616595191
14039 0.0309302875403324
14060 0.026562640939670795
14094 0.044252622745687045
14100 0.04621657996872389
14101 0.04071399601129694
14163 0.008705821385582657
