10 0.026358597246887452
11 0.02112874546690348
79 0.019872054392837988
80 0.060251395781842354
127 0.06461908843409479
141 0.06769285748973523
175 0.029221058558824262
248 0.049391091276464794
336 0.029834697566242956
404 0.05589841973217261
482 0.056179866718943317
499 0.041472406118348855
535 0.03313577947656532
604 0.07723976145117532
625 0.06769285748973523
633 0.06769285748973523
636 0.028089933359471658
663 0.04244905728710925
702 0.03251021846913972
703 0.029072976764147565
717 0.0721641351210804
721 0.2412415344880745
727 0.1352002358191213
729 0.0940765686137994
762 0.03271471531692953
797 0.10426493342587119
854 0.03727615927413582
952 0.03936057162888612
1033 0.03526630110721793
1083 0.03898383964471497
1255 0.045104574124561696
1368 0.03335267089171562
1370 0.06333988144006548
1396 0.06769285748973523
1520 0.041472406118348855
1554 0.18075418734552706
1567 0.019324503213800585
1603 0.038267857060500024
1683 0.08203099263277375
1684 0.05814595352829513
1718 0.04037753288555643
1759 0.04606134243348054
1768 0.07106279013472906
1826 0.05280993407394948
1919 0.16853960015682992
1940 0.020851678221150232
1957 0.11179683946434522
2006 0.026244990261848122
2017 0.047473914619603846
2044 0.032923183224466086
2046 0.028500267123508557
2086 0.06760011790956065
2182 0.018860181771984022
2228 0.04606134243348054
2311 0.0251705182805243
2572 0.06769285748973523
2602 0.03727615927413582
2620 0.06769285748973523
2631 0.03861988072558766
2759 0.044103981974610004
2768 0.0638382198419865
2777 0.050414318483150276
2791 0.05589841973217261
2958 0.06769285748973523
3010 0.01572917819718556
3044 0.02496795076330001
3130 0.015231679462554767
3206 0.04244905728710925
3232 0.09300289320175006
3273 0.03936057162888612
3376 0.036964956038086916
3443 0.018747172729516516
3466 0.06769285748973523
3633 0.00938118883145026
3666 0.025273253609036653
3697 0.2741352374073434
3789 0.023559502692690488
3985 0.022960540051061122
3992 0.027439081975443747
4195 0.050414318483150276
4204 0.0447176209820287
4219 0.017831791901143784
4283 0.03335267089171562
4384 0.018860181771984022
4386 0.06769285748973523
4428 0.033800058954780325
4465 0.05424349504467186
4508 0.037596653518902186
4689 0.028782803426895584
4734 0.02731351610073086
4881 0.019383981260132178
4931 0.06769285748973523
4964 0.03313577947656532
4984 0.045368472366056616
5002 0.027956568167377654
5016 0.04759763873271527
5059 0.03661333901260121
5064 0.034508167860679055
5134 0.06333988144006548
5177 0.060251395781842354
5180 0.06769285748973523
5314 0.06461908843409479
5341 0.0360820675605402
5412 0.07053260221443586
5431 0.06333988144006548
5487 0.031542377936822096
5528 0.025068756761246848
5551 0.017084221305265816
5581 0.041015496316386874
5610 0.03861988072558766
5653 0.045368472366056616
5663 0.018093015491758725
5766 0.060251395781842354
5796 0.09519527746543054
5829 0.03727615927413582
5903 0.049538269425679654
5918 0.05785578019104315
5962 0.021631515056254696
5974 0.028089933359471658
6044 0.017987762100632982
6081 0.031729091510870465
6118 0.3615083746910541
6119 0.04759763873271527
6193 0.03526630110721793
6279 0.046802033336778986
6324 0.0447176209820287
6501 0.05785578019104315
6505 0.033574034608494
6519 0.1259359083234904
6579 0.031178419017694792
6696 0.030485548950270867
6880 0.031542377936822096
6963 0.051545443682502884
6967 0.03426690467591793
6999 0.06769285748973523
7059 0.044103981974610004
7099 0.024551345652809586
7103 0.05280993407394948
7206 0.02410091622892922
7242 0.015943471936821402
7387 0.0447176209820287
7395 0.06769285748973523
7466 0.019383981260132178
7580 0.012306478471366608
7596 0.07001519115843276
7627 0.12348949179235572
7714 0.08426980007841496
7717 0.04254001500742049
7718 0.02263270511547684
7757 0.05785578019104315
7891 0.018093015491758725
7932 0.03936057162888612
7991 0.03526630110721793
8017 0.08903390508235874
8130 0.045368472366056616
8241 0.05280993407394948
8312 0.06769285748973523
8317 0.06333988144006548
8417 0.037596653518902186
8433 0.015353909548381344
8594 0.06769285748973523
8732 0.04759763873271527
8737 0.027824839399325067
8787 0.051545443682502884
8819 0.04244905728710925
8893 0.029371211494609518
9094 0.060283364399857806
9102 0.085921817557942
9133 0.06769285748973523
9443 0.046802033336778986
9592 0.038267857060500024
9635 0.13538571497947047
9647 0.15899611072181508
9666 0.06461908843409479
9708 0.05744406298401073
9827 0.013073644751591907
10079 0.02312828971247574
10132 0.04352352926843308
10197 0.07723976145117532
10242 0.02312828971247574
10271 0.07585402131632749
10316 0.020124672163430633
10335 0.025587493405677997
10645 0.026244990261848122
10732 0.03639862202522221
10762 0.03500759557921638
10884 0.10320886304535828
10930 0.01737703290754378
10995 0.03861988072558766
11000 0.026117856298018438
11062 0.049391091276464794
11081 0.06769285748973523
11102 0.029834697566242956
11138 0.027956568167377654
11232 0.04089808007240655
11239 0.05424349504467186
11241 0.05424349504467186
11258 0.09692863265114217
11276 0.07653571412100005
11304 0.04759763873271527
11343 0.03792701065816374
11356 0.05675140661698373
11365 0.0332265582768832
11454 0.06769285748973523
11502 0.033800058954780325
11525 0.028500267123508557
11678 0.0313588562045998
11730 0.05424349504467186
11820 0.045368472366056616
11849 0.026244990261848122
11852 0.06769285748973523
11861 0.032309544217047396
11998 0.06333988144006548
12211 0.0447176209820287
12360 0.05785578019104315
12430 0.05424349504467186
12448 0.03553139506736453
12599 0.04352352926843308
12614 0.024769134712839827
12639 0.04352352926843308
12674 0.050414318483150276
12695 0.02391739449670693
12781 0.06333988144006548
12787 0.0447176209820287
12807 0.0172296288540941
12833 0.045368472366056616
12834 0.008898859678984706
12850 0.11585964217676298
12854 0.06584636644893217
12881 0.028224976145115908
12928 0.028640605852647338
12943 0.03271471531692953
13450 0.03526630110721793
13549 0.06769285748973523
13577 0.036368371458246625
13605 0.06769285748973523
13754 0.02765709159163474
13786 0.014526156759720604
13824 0.03191910992099325
13872 0.019503935132677053
13982 0.04355919370186278
13989 0.10529402707807842
14023 0.060251395781842354
14041 0.02177959685093139
14163 0.05205947566142847
14181 0.06769285748973523
14198 0.0543788037743047
