1319 0.08926639020714634
1689 0.11148392293613146
2694 0.31098444118562724
2736 0.19605780409377166
2929 0.20668863520829772
3432 0.07516858684006651
3865 0.4142324807394914
4396 0.48367919175092894
4477 0.21205510125985497
4698 0.3195164685859477
4922 0.125230317863835
7006 0.1813236785608653
7418 0.14753751650744004
8997 0.12118817397441534
11000 0.031102896457498124
11031 0.23989328454211795
12064 0.04994691526193784
12069 0.17984845653357265
12999 0.20986326125488974
13088 0.14517704776623777
