11 0.021742493721803334
88 0.06517977968486656
128 0.049864536788089615
148 0.06200157962850337
194 0.019291741008076655
405 0.049864536788089615
437 0.029472558790358275
439 0.04668633673172643
486 0.04175592976322982
499 0.08535419493492805
601 0.05953637614425507
752 0.06965920107689183
753 0.06517977968486656
754 0.06965920107689183
816 0.06965920107689183
977 0.06517977968486656
1127 0.021317533157340373
1230 0.02823613302160559
1255 0.023207386384204953
1329 0.03366501307439756
1344 0.048980255971174495
1440 0.04090569400403905
1461 0.018950035031882806
1464 0.06200157962850337
1549 0.06517977968486656
1550 0.022962779805452294
1567 0.03977168360148782
1689 0.016055850938172554
1718 0.062325630500019005
1830 0.06108010925410055
1915 0.06200157962850337
1928 0.038358957954242365
1940 0.04291475644141646
1976 0.03902871528333796
2016 0.06965920107689183
2095 0.03245862161273939
2137 0.02836687552370237
2182 0.07763213095860723
2228 0.047399333303841315
2258 0.2300886329459123
2276 0.04538511539606434
2301 0.055819161260893056
2334 0.0508258047631701
2352 0.07140036231548916
2371 0.02736185457068709
2384 0.024706170290347
2407 0.04816153981250459
2462 0.056213839413301304
2485 0.054965189413574506
2558 0.01690781302168726
2597 0.06374480670693816
2608 0.03226976893727372
2615 0.06965920107689183
2662 0.04267709746746402
2723 0.0508258047631701
2726 0.10608547368890561
2736 0.02823613302160559
2913 0.06200157962850337
2927 0.017831007624833417
3096 0.042206915339701154
3099 0.0279792002207141
3125 0.05752215823647808
3385 0.04816153981250459
3435 0.09337267346345286
3459 0.05434395818011489
3512 0.023207386384204953
3536 0.03551056186639316
3633 0.019307387614694166
3693 0.06609071676428972
3734 0.07276627109080544
3904 0.055819161260893056
3905 0.036563511799089655
3956 0.041683124786174794
4034 0.07671791590848473
4039 0.06200157962850337
4143 0.04090569400403905
4182 0.03366501307439756
4222 0.03454929389131268
4236 0.03772749394767587
4295 0.14448461943751376
4338 0.04316818331478163
4356 0.049864536788089615
4391 0.039741711855452846
4393 0.05057551571569363
4406 0.04668633673172643
4477 0.030540054627050273
4493 0.035764541155039124
4542 0.025387736933756386
4634 0.05953637614425507
4723 0.04175592976322982
4742 0.0508258047631701
4899 0.024801000164350915
4939 0.053042736844452806
5035 0.06517977968486656
5070 0.03245862161273939
5139 0.055819161260893056
5172 0.034098308314841355
5228 0.19250454244238627
5358 0.02499313739833299
5409 0.05434395818011489
5522 0.06965920107689183
5613 0.024801000164350915
5644 0.03742480069826056
5661 0.08885666076844821
5798 0.03835332134145657
5801 0.04601657940263083
5817 0.06517977968486656
5820 0.042206915339701154
5938 0.021742493721803334
6066 0.049864536788089615
6068 0.02836687552370237
6072 0.035764541155039124
6104 0.0818113880080781
6109 0.027599513544639513
6179 0.08844226649495626
6245 0.054778829470406916
6278 0.035763602669895006
6294 0.027728107310265773
6310 0.03143179515518189
6315 0.01452683570770359
6319 0.06965920107689183
6432 0.06200157962850337
6433 0.049864536788089615
6539 0.055819161260893056
6695 0.021248268902312715
6859 0.03803871487986782
7038 0.04601657940263083
7099 0.012632256835934809
7197 0.055819161260893056
7201 0.030825624631455547
7327 0.038358957954242365
7380 0.07152908231007825
7401 0.04998627479666598
7418 0.021248268902312715
7422 0.019119566939065188
7491 0.01649605309505801
7495 0.037130180238746736
7559 0.06965920107689183
7566 0.023290140422747962
7588 0.037130180238746736
7598 0.04291475644141646
7633 0.035865659317747295
7649 0.052661518934107546
7671 0.035968189548027774
7693 0.05319034645610377
7717 0.021887859141307836
7890 0.06517977968486656
7939 0.06965920107689183
7966 0.038358957954242365
8079 0.06200157962850337
8089 0.044787801687135205
8124 0.017831007624833417
8133 0.06517977968486656
8202 0.02388745413167709
8244 0.07062656442528237
8456 0.053042736844452806
8459 0.053042736844452806
8463 0.02280266667697916
8499 0.07426036047749347
8502 0.04316818331478163
8508 0.06200157962850337
8563 0.04538511539606434
8584 0.06517977968486656
8658 0.013183940944698928
8688 0.019947047566650625
8691 0.024801000164350915
8692 0.06965920107689183
8716 0.02836687552370237
8717 0.06609071676428972
8751 0.07607742975973564
8795 0.018950035031882806
8931 0.022259867773050522
8995 0.023627498314625378
9094 0.04652585765371931
9176 0.05953637614425507
9204 0.020195318969616224
9270 0.04050391836411611
9481 0.05953637614425507
9482 0.06965920107689183
9497 0.07215635283426365
9584 0.03172184115094629
9597 0.0508258047631701
9632 0.04538511539606434
9645 0.017881801334947503
9661 0.039741711855452846
9662 0.09972907357617923
9989 0.03366501307439756
10048 0.026551719082342596
10073 0.06965920107689183
10079 0.04760024154365944
10100 0.06965920107689183
10125 0.05520933803007819
10141 0.04090569400403905
10162 0.029328143498782853
10223 0.049864536788089615
10386 0.02345753169311832
10387 0.03432149999650581
10396 0.029472558790358275
10468 0.047399333303841315
10516 0.026501388186685283
10534 0.05187875469586659
10546 0.10375750939173319
10567 0.011070343543791203
10587 0.049793302172877564
10588 0.034098308314841355
10595 0.02644068686645288
10619 0.053042736844452806
10623 0.06965920107689183
10624 0.03245862161273939
10657 0.03390905208099357
10675 0.044787801687135205
10785 0.03172184115094629
10853 0.04132263452278603
10865 0.13035955936973312
10904 0.06309015116013111
10926 0.053042736844452806
10927 0.07805743056667593
10954 0.06517977968486656
10980 0.08535419493492805
11000 0.017917685568101124
11031 0.10364788167393803
11032 0.08351185952645963
11047 0.09463522674019667
11073 0.04316818331478163
11102 0.030701336505853896
11113 0.06965920107689183
11185 0.06517977968486656
11213 0.022412251050898932
11297 0.047399333303841315
11320 0.06649614511130117
11350 0.053042736844452806
11359 0.018564293665440147
11365 0.017095862029856263
11376 0.04601657940263083
11424 0.05752215823647808
11430 0.036563511799089655
11455 0.06200157962850337
11468 0.06517977968486656
11495 0.03551056186639316
11520 0.03454929389131268
11528 0.04601657940263083
11553 0.04050391836411611
11576 0.023207386384204953
11633 0.037130180238746736
11685 0.06965920107689183
11717 0.06517977968486656
11726 0.04090569400403905
11741 0.04132263452278603
11745 0.03742480069826056
11763 0.06965920107689183
11769 0.053042736844452806
11929 0.03245862161273939
11967 0.038358957954242365
11997 0.06200157962850337
12064 0.007193326222711385
12078 0.024243859636011954
12173 0.06173001566518685
12215 0.020132726096859975
12300 0.06965920107689183
12377 0.03284629691572765
12407 0.027242419758921003
12431 0.04601657940263083
12594 0.049864536788089615
12611 0.02051371600630771
12829 0.06517977968486656
12834 0.009157353947237917
12865 0.013694707367601729
12877 0.01514504522859069
12881 0.02904485586210101
12892 0.03602449697209084
12903 0.017881801334947503
12923 0.06965920107689183
12948 0.050377350934678364
12963 0.03432149999650581
13057 0.031199809590149254
13064 0.06239961918029851
13067 0.05752215823647808
13068 0.03803871487986782
13079 0.01584215738030035
13088 0.06272494662519333
13136 0.05752215823647808
13184 0.04175592976322982
13336 0.011809019452528744
13465 0.05953637614425507
13523 0.3482960053844592
13588 0.06965920107689183
13669 0.04132263452278603
13719 0.040116243061127856
13761 0.02644068686645288
13770 0.06140267301170779
13775 0.029917489221438998
13827 0.02644068686645288
13830 0.06200157962850337
13832 0.14995882438999794
13872 0.0602114575856319
13875 0.03103114047436788
13918 0.02388745413167709
13973 0.023975483382204576
14016 0.04422113324747813
14062 0.02731982341790381
14067 0.055819161260893056
14168 0.05434395818011489
