108 0.022788176210935387
113 0.056644539439660156
149 0.02654085879355894
321 0.02982712690315761
326 0.02241886389398057
341 0.039990744974177525
680 0.046096832694123485
685 0.04722766013208047
810 0.051740135098687745
896 0.03226801270430968
931 0.02907372591168603
964 0.04333481540424925
994 0.04005231784212231
1005 0.03892287472201514
1010 0.0542284387392438
1027 0.02155332894257649
1054 0.02465225576322963
1064 0.02982712690315761
1112 0.029633161994473182
1127 0.0370520383322987
1180 0.07784574944403028
1185 0.030025091368838328
1249 0.04863069246490144
1378 0.03519996250876631
1426 0.03796197979864055
1461 0.01646854303491383
1550 0.019955822075848083
1633 0.0345375663354456
1689 0.013953350043553185
1714 0.027882704317740148
1800 0.10773440531527663
1940 0.018647551629831817
1942 0.018958288668898766
1959 0.09153106993112636
1963 0.012657270050370777
1967 0.03391793609666956
1996 0.03591146843842555
2037 0.05388252214978592
2086 0.03022722381219716
2103 0.04057279811437501
2105 0.028375167976478457
2137 0.02465225576322963
2206 0.056644539439660156
2228 0.04119242835315106
2251 0.05388252214978592
2359 0.028375167976478457
2365 0.027882704317740148
2371 0.02377884150368471
2396 0.039990744974177525
2425 0.01788377186996297
2558 0.014693748370673469
2597 0.03693165002032091
2648 0.017176300794925322
2657 0.045085273080982285
2716 0.04930451152645926
2730 0.01967951706666048
2770 0.022978299976767723
2788 0.05388252214978592
2865 0.04850968654417723
2873 0.03130711778093509
2927 0.030992102751407923
2929 0.02586919083155943
2935 0.02907372591168603
2940 0.020459357351916445
2965 0.01691749977678625
2992 0.046096832694123485
3010 0.014066525457376966
3041 0.03305757545766813
3045 0.04417020610347818
3130 0.027243229650353862
3151 0.025120687027865914
3188 0.03391793609666956
3204 0.029633161994473182
3210 0.039990744974177525
3236 0.021389206374574258
3238 0.03022722381219716
3247 0.0690751326708912
3281 0.020312775322530587
3287 0.04185482452647177
3297 0.02260174440301463
3328 0.030025091368838328
3332 0.03565492246188355
3338 0.04119242835315106
3421 0.025120687027865914
3432 0.018816230660622806
3443 0.05029650865690608
3468 0.04417020610347818
3487 0.056644539439660156
3517 0.02524145511621015
3519 0.04483772778796114
3523 0.08615428505090725
3532 0.03892287472201514
3633 0.050337301744728453
3746 0.024883614824076767
3761 0.022978299976767723
3786 0.01947738462330165
3841 0.03373313261513437
3908 0.02147091696505764
4002 0.051740135098687745
4114 0.0345375663354456
4268 0.04850968654417723
4383 0.01728180665260233
4384 0.03373313261513437
4398 0.03519996250876631
4421 0.02586919083155943
4489 0.03738794943008935
4492 0.02500141920305012
4577 0.01347777788127961
4663 0.03086048206806727
4689 0.025740317266641964
4711 0.06611515091533626
4714 0.046096832694123485
4720 0.058886076457281694
4721 0.05814745182337206
4734 0.024426340953410574
4824 0.03086048206806727
4895 0.03667995338654379
4922 0.01567385157607512
5017 0.056644539439660156
5080 0.056644539439660156
5231 0.03086048206806727
5247 0.02104287755443973
5260 0.03343073466685484
5280 0.031081202971116027
5374 0.0542284387392438
5390 0.07770096844963549
5455 0.024097133738673122
5474 0.02586919083155943
5520 0.024097133738673122
5689 0.03301686659111943
5706 0.045085273080982285
5727 0.04185482452647177
5746 0.023172264885452157
5780 0.03892287472201514
5886 0.033335882956472065
5929 0.042566330456130994
6109 0.023985379224252718
6154 0.03977199355170698
6207 0.02337022935113288
6269 0.051740135098687745
6278 0.015540193689927097
6282 0.042566330456130994
6286 0.04850968654417723
6412 0.025363761692888863
6429 0.02241886389398057
6484 0.03130711778093509
6496 0.0355491259485868
6563 0.059657990327560466
6566 0.10175380829000866
6569 0.03944197067641802
6591 0.0355491259485868
6629 0.023270736891559254
6636 0.025120687027865914
6637 0.09007527410651499
6734 0.02599981783204578
6737 0.025613150686604223
6755 0.059266323988946365
6775 0.030992102751407923
6811 0.03305757545766813
6819 0.0355491259485868
6859 0.06611515091533626
6884 0.1518479191945622
6906 0.04722766013208047
7025 0.021389206374574258
7201 0.008929677877764974
7276 0.060050182737676656
7284 0.38422965485124866
7422 0.016615874873853798
7431 0.029256606420720085
7442 0.02130818533315791
7468 0.03719592999028925
7486 0.02130818533315791
7491 0.05734363231416035
7497 0.026823259635605768
7536 0.025613150686604223
7566 0.04048063016199105
7571 0.024883614824076767
7580 0.011005622197039808
7627 0.01840600589807601
7714 0.025120687027865914
7717 0.019021661416683208
7810 0.031081202971116027
7862 0.016371563054466565
7965 0.024426340953410574
7968 0.04333481540424925
8085 0.02654085879355894
8097 0.017771478935705118
8154 0.03064472160761438
8156 0.024883614824076767
8238 0.04417020610347818
8268 0.5024253715519426
8274 0.09017054616196457
8293 0.035542957871410236
8306 0.023675046585410028
8377 0.03519996250876631
8517 0.03791657733779753
8658 0.057287571883703425
8662 0.030025091368838328
8739 0.027567891313241253
8744 0.02816393295715555
8872 0.052805426879925337
8897 0.03796197979864055
8944 0.04185482452647177
8949 0.045085273080982285
8981 0.021804896254266196
8994 0.039990744974177525
8995 0.061600488676738056
8997 0.015167936040183957
9103 0.03422275333094671
9168 0.029256606420720085
9375 0.11217627356911887
9383 0.03393740978491774
9457 0.023172264885452157
9497 0.01567688397269722
9647 0.06093832596759176
9672 0.04119242835315106
9676 0.02654085879355894
9725 0.07490796217440535
9779 0.03591146843842555
9783 0.029387496741346938
9793 0.04417020610347818
9827 0.07015017100583523
9902 0.033230490202185846
9904 0.11388593939592165
9905 0.03072965849022337
9908 0.025740317266641964
9932 0.042778412749148516
9966 0.02288276748278159
9979 0.033335882956472065
10002 0.03796197979864055
10005 0.03022722381219716
10033 0.03422275333094671
10040 0.061157359793428054
10093 0.04850968654417723
10113 0.02613224664100711
10221 0.042566330456130994
10255 0.04850968654417723
10316 0.017997393745524178
10322 0.030433703521390167
10327 0.025740317266641964
10372 0.0499896774219547
10459 0.0271142193696219
10481 0.046096832694123485
10490 0.10776504429957184
10516 0.02303105250745389
10531 0.05024137405573183
10567 0.00962069087236363
10616 0.02377884150368471
10657 0.0147343443568688
10762 0.03130711778093509
10790 0.04057279811437501
10836 0.08364811295322044
10922 0.03252405284926488
10949 0.041066992451158704
10950 0.03741779935036681
10999 0.005872223849162685
11000 0.03892844727831223
11052 0.14536862955843016
11057 0.03628802401217864
11097 0.033531005771270724
11135 0.02377884150368471
11246 0.018586593098504692
11255 0.011962161966594767
11259 0.07102513975623008
11262 0.020168397617900312
11336 0.029633161994473182
11338 0.04863069246490144
11339 0.05199963566409156
11576 0.020168397617900312
11577 0.03305757545766813
11581 0.03130711778093509
11714 0.041367027818953996
11797 0.03252405284926488
11829 0.04850968654417723
11906 0.038430411063276826
11921 0.05482854610620773
11929 0.028208190960281945
11956 0.03751534408577273
12010 0.03086048206806727
12057 0.03681201179615202
12064 0.037508195292595144
12069 0.02250986871213145
12117 0.020026158921061157
12176 0.056644539439660156
12183 0.03022722381219716
12215 0.017496361646743036
12219 0.033335882956472065
12220 0.03422275333094671
12245 0.023675046585410028
12250 0.046096832694123485
12297 0.051740135098687745
12316 0.027263074078964097
12348 0.0336224993579415
12378 0.0534851876134228
12611 0.017827461230941775
12764 0.018647551629831817
12807 0.01540837098155817
12834 0.007958205740110545
12877 0.013161813616340372
12889 0.056644539439660156
12898 0.03305757545766813
12992 0.028894263930881344
13024 0.024767238412151595
13030 0.03422275333094671
13038 0.03667995338654379
13079 0.041302918460742126
13112 0.017334997572203466
13332 0.027882704317740148
13336 0.03078791327724237
13363 0.03519996250876631
13494 0.0499896774219547
13616 0.03935903413332096
13642 0.051740135098687745
13660 0.04465742718756116
13695 0.025120687027865914
13709 0.023074792612404818
13754 0.012366799398977748
13786 0.02598133879556656
13787 0.10029220400056452
13794 0.045085273080982285
13822 0.015764001876275115
13918 0.020759411035398412
13919 0.06441275089517293
13975 0.03796197979864055
13997 0.024426340953410574
14010 0.032018623710594316
14021 0.0499896774219547
14062 0.011871157148443895
14072 0.014375015816648516
14163 0.023278264462036895
14211 0.10245260274641689
14212 0.12275614411149867
