686 0.07065123999562627
721 0.04552156267278084
727 0.10204753540927457
843 0.0731494750707981
1045 0.1358335562569323
1097 0.10136513341962508
1319 0.07543770614926955
1368 0.10069680258160814
1371 0.0684871703394629
1391 0.06332616630243118
1501 0.10218753288094123
1554 0.09095407870044846
1683 0.06191602089030532
1684 0.08777575298793286
1919 0.1272116924254405
1958 0.08188469417611904
2006 0.03961881511279481
2046 0.043023327597609
2086 0.051023767704637284
2185 0.10218753288094123
2357 0.05446863379661809
2602 0.05627120633928871
2631 0.058299656386974805
2714 0.08188469417611904
2768 0.04818433163464072
3001 0.10218753288094123
3211 0.09095407870044846
3622 0.06953311056746758
3633 0.014161620261362253
3697 0.10345701387563445
3786 0.06575592616032437
3789 0.035564866742890826
3985 0.03466068693861476
4202 0.05404766341037009
4219 0.02691845031804934
4283 0.10069680258160814
4383 0.029171811928127622
4424 0.07455962048292396
4554 0.09095407870044846
4913 0.044801157465796916
4949 0.0731494750707981
4990 0.07193673526893306
4998 0.05404766341037009
5002 0.04220257254283258
5013 0.10218753288094123
5044 0.05580142131180297
5070 0.047615625962470945
5314 0.04877372199199016
5336 0.11160284262360594
5479 0.10218753288094123
5487 0.09523125192494189
5582 0.04602026197847735
5657 0.08733771419711794
5766 0.09095407870044846
6061 0.10218753288094123
6119 0.07185226704002044
6464 0.09095407870044846
6606 0.021310343480660944
6967 0.05172850693781723
7099 0.09265532340499393
7204 0.06408009054646868
7206 0.07276434356395635
7242 0.024067887266058345
7287 0.06260576109544727
7418 0.031170443294654054
7533 0.03624305978071973
7597 0.09561638343178364
7609 0.10218753288094123
7627 0.062138936420264614
7714 0.042403897475146834
7718 0.03416579509179591
7932 0.05941778581513348
7992 0.07781177980213329
8017 0.08960231493159383
8042 0.053637351655639605
8074 0.03878753297181631
8107 0.05884908014296373
8124 0.07847233315029058
8317 0.09561638343178364
8411 0.02691845031804934
8417 0.05675501685327361
8706 0.08005911930615568
8782 0.09561638343178364
8795 0.027799017186229204
8931 0.032654422313473645
9022 0.07781177980213329
9042 0.10218753288094123
9094 0.045501168884164396
9225 0.07065123999562627
9283 0.09561638343178364
9426 0.04818433163464072
9437 0.06061881285952767
9552 0.05404766341037009
9626 0.08188469417611904
9647 0.10286432547686417
10218 0.05941778581513348
10331 0.03784320090509817
10335 0.03862627344591085
10574 0.04552156267278084
10842 0.08188469417611904
10884 0.19475206611811627
10949 0.06932137387722952
10995 0.058299656386974805
10999 0.009912355413480125
11000 0.00657114944915758
11043 0.05776824980753666
11062 0.07455962048292396
11169 0.05446863379661809
11232 0.061738772111963894
11258 0.4877372199199016
11276 0.11553649961507333
11365 0.1504740740315641
11648 0.05675501685327361
11721 0.10218753288094123
11729 0.08733771419711794
11892 0.12816018109293736
12064 0.02110469969631914
12192 0.12383204178061064
12458 0.12123762571905534
12638 0.053637351655639605
12673 0.10218753288094123
12833 0.0684871703394629
12834 0.02686701521462655
12850 0.058299656386974805
12865 0.020089641250363183
12943 0.049385358679034895
13311 0.06657832562164051
13336 0.03464681032631791
13450 0.05323717209794954
13542 0.10218753288094123
13614 0.03799681768215262
13786 0.02192834187480925
13872 0.02944267809909492
13989 0.03178987341711623
13997 0.041231836387772336
14040 0.11307307968117603
