81 0.10626533579645786
462 0.13413590922850685
1065 0.09550108840068246
1109 0.14899253355316194
1652 0.11218932862120491
1748 0.11390269086666098
1909 0.19100217680136491
2289 0.334788272038281
2693 0.05596723582182533
2852 0.1460142180116484
2927 0.042848698658128175
3188 0.09378772615522638
3208 0.06199122085752147
3321 0.041310973962352754
3432 0.026014723941963958
3477 0.1274640387616112
3560 0.10255494963953363
3633 0.02319825248197199
3734 0.043715140614140065
3917 0.1673941360191405
3956 0.050083194698556564
4296 0.1673941360191405
4393 0.12153519744801455
4462 0.1673941360191405
4477 0.0733890997777797
4542 0.06100785285803619
4842 0.09140871147180274
4881 0.04793363607295
4954 0.1274640387616112
5292 0.1673941360191405
6062 0.07189304761845805
6294 0.06663186621282817
6696 0.07538612368924784
7060 0.334788272038281
7245 0.054042632438168835
7873 0.3132597772467302
7891 0.044741274168890496
8308 0.12213665308071883
8526 0.10142508122542952
8744 0.01557542430713657
9386 0.18757545231045275
9409 0.05441655271283704
9497 0.0216743627443616
9842 0.10142508122542952
9961 0.06353813803975372
10079 0.05719274111906596
10125 0.06633523853892853
10567 0.05320504870282625
10752 0.07754567964151071
10878 0.1566298886233651
10986 0.12466693826243638
11031 0.16604695751890194
11047 0.075804209504999
11097 0.046358905477359595
11733 0.043967979674037316
11976 0.07989658643387873
12091 0.14306854072841493
12167 0.13413590922850685
12223 0.11982668369140805
12407 0.06546473758120824
12881 0.06979607112447526
13670 0.13059093108718345
13789 0.13822828615738655
13960 0.14306854072841493
14072 0.039748882215190566
