746 0.3646478025334316
1127 0.12537408994793012
1519 0.23106735915079465
3536 0.20884707178258563
3648 0.12702956679622632
3696 0.263408989954329
3804 0.2989200941319722
3938 0.18978710545350175
4393 0.14872403879242815
4477 0.17961419492424083
5228 0.1886950805660044
6081 0.19202780857913082
7201 0.06043123605845039
8744 0.03811965681553184
8997 0.05132419869513007
9497 0.05304634103173961
10396 0.1733359676049424
10529 0.27063575895670366
10567 0.06510763872018895
10942 0.28325084238954734
11031 0.2031935988088468
11097 0.113459866793543
12256 0.17595272196742726
12404 0.24057728075722362
13700 0.18978710545350175
13832 0.1469912974044375
14065 0.1327211588390143
