127 0.02202477690155657
339 0.020446144973962813
590 0.035999486973602994
916 0.025628894683139367
917 0.03417775076966445
924 0.035999486973602994
995 0.0178906904850654
1005 0.029669128591415555
1027 0.016429117647075827
1054 0.056373863816438455
1068 0.03697671711782397
1091 0.021253711237611824
1099 0.016304014514031615
1262 0.04614488133984976
1318 0.015651745774149732
1350 0.024406333575676547
1375 0.06912249390497838
1417 0.06012962342864193
1443 0.03303214934396198
1466 0.035137508897444346
1481 0.027373671205317567
1517 0.039439140416622984
1519 0.013013161003184394
1524 0.04639644269535052
1562 0.03810484652708536
1593 0.4109527817943721
1604 0.02510643545759269
1657 0.020667930282090786
1660 0.021376711697154997
1718 0.013762282557524003
1784 0.03697671711782397
1793 0.028936682305059577
1808 0.01981847291911456
1846 0.02304083130165946
1871 0.04128684767257202
1901 0.0582842042722638
1942 0.014451037042045417
2077 0.04614488133984976
2086 0.02304083130165946
2090 0.05858749210075244
2095 0.06450544449059764
2179 0.02766070231027282
2473 0.04317754371020874
2479 0.31659947766674945
2513 0.10341637042942495
2565 0.028521878418859576
2597 0.04222696350301824
2599 0.02657451201332259
2608 0.021376711697154997
2617 0.04004354726588123
2638 0.08178457989585125
2743 0.024791599109534553
2793 0.02533104411285459
2797 0.02766070231027282
2811 0.039439140416622984
2852 0.020125581828350433
2873 0.11931992560968098
2879 0.029669128591415555
2885 0.03190401993470059
2892 0.039439140416622984
2893 0.026831322751577215
2934 0.021013743671510016
2951 0.021890491389553606
2965 0.012895436935412697
2995 0.010192328549547533
3010 0.01072226950372927
3041 0.025198279011473815
3095 0.035999486973602994
3102 0.027959452160838602
3130 0.05191567230802724
3176 0.030483117282041054
3198 0.06096623456408211
3204 0.022588005127149435
3236 0.0978240870841897
3238 0.04608166260331892
3241 0.024221048867252837
3249 0.03324175182386455
3250 0.024221048867252837
3274 0.0343664432334996
3278 0.11717498420150488
3314 0.028936682305059577
3321 0.011388033277990206
3332 0.013589058965886764
3333 0.025198279011473815
3353 0.01933363639255317
3402 0.023863985121936198
3421 0.019148351684129455
3432 0.0071713763572555005
3442 0.020896647492295178
3445 0.04614488133984976
3481 0.018619083403790745
3577 0.03303214934396198
3606 0.016556396595527777
3633 0.03197485388466863
3734 0.012050780417801986
3738 0.02055619750001599
3756 0.017228276839070807
3758 0.013461780017434812
3786 0.029693440329901646
3789 0.01606004675374985
3790 0.014355370907631221
3798 0.035999486973602994
3799 0.024596431408292176
3841 0.12856612679530782
3865 0.013173131417706697
3872 0.04317754371020874
3892 0.04614488133984976
3898 0.04614488133984976
3984 0.018470611130319708
3991 0.016952079718433186
4063 0.035999486973602994
4079 0.0195237342251688
4082 0.04107218415672637
4151 0.035137508897444346
4155 0.08129242225403986
4169 0.04107218415672637
4257 0.04614488133984976
4375 0.0343664432334996
4383 0.013173131417706697
4400 0.03244636838844094
4402 0.054747342410635134
4444 0.07378929422487654
4445 0.03697671711782397
4452 0.03892112657623686
4489 0.04749854198133224
4542 0.016817794206430228
4560 0.0343664432334996
4577 0.03082048239823731
4590 0.023359070791094186
4621 0.025198279011473815
4646 0.03303214934396198
4658 0.028936682305059577
4689 0.019620667497508425
4698 0.030483117282041054
4773 0.027959452160838602
4808 0.025790873870825393
4815 0.02304083130165946
4832 0.035137508897444346
4854 0.03244636838844094
4858 0.030064811714320964
4887 0.016884628963817407
4928 0.013254447310630435
5019 0.04107218415672637
5021 0.04614488133984976
5049 0.15542454472603678
5064 0.02352353512965701
5122 0.04107218415672637
5189 0.07107534176074239
5210 0.04671814158218837
5280 0.023691780586914127
5346 0.035137508897444346
5391 0.01905743927191555
5455 0.01836814378905199
5458 0.031399105603858585
5474 0.03943780385282235
5478 0.03697671711782397
5504 0.04614488133984976
5528 0.017088875384832225
5548 0.01933363639255317
5551 0.011645975574819951
5566 0.04107218415672637
5571 0.06521605805612646
5661 0.019620667497508425
5663 0.012333650608173425
5687 0.06304123101453005
5697 0.0384808153573355
5703 0.04107218415672637
5730 0.022735855712674804
5735 0.04614488133984976
5770 0.04317754371020874
5773 0.039439140416622984
5793 0.03431648839741884
5798 0.012703343097038062
5806 0.04614488133984976
5847 0.02288675497771522
5938 0.01440304765651226
5945 0.024596431408292176
5962 0.014745775735991177
5963 0.024791599109534553
5970 0.017515307944026056
6006 0.030483117282041054
6044 0.012261901454359807
6062 0.059455418757343684
6067 0.09309541701895374
6072 0.023691780586914127
6109 0.009141479214993841
6171 0.03697671711782397
6182 0.025628894683139367
6183 0.021253711237611824
6278 0.011845579449484228
6299 0.030926789790479622
6303 0.04614488133984976
6419 0.02113274393687323
6455 0.03810484652708536
6489 0.06733785899180753
6490 0.04614488133984976
6508 0.023359070791094186
6520 0.02657451201332259
6531 0.026326408420735203
6581 0.04317754371020874
6591 0.02709747408467995
6662 0.030926789790479622
6714 0.04614488133984976
6723 0.018125524164551883
6734 0.01981847291911456
6756 0.026326408420735203
6771 0.028270918530798644
6799 0.031399105603858585
6866 0.08390845253275303
6949 0.022443082469276655
6976 0.02929374605037622
7006 0.03459797226755566
7020 0.04579507719801275
7030 0.031399105603858585
7099 0.041840416178853417
7108 0.039439140416622984
7162 0.08481275559239594
7201 0.0068066853521864265
7206 0.016429117647075827
7324 0.12321655247017914
7326 0.035137508897444346
7330 0.027959452160838602
7401 0.016556396595527777
7418 0.014075654501006077
7442 0.016242255876891886
7501 0.07437479732860366
7580 0.04194541417155716
7593 0.035999486973602994
7598 0.014214176398117222
7616 0.017663158529551432
7627 0.028060114251298954
7671 0.01191334248056397
7692 0.02608644085463339
7693 0.011745097023306847
7716 0.020896647492295178
7726 0.02055619750001599
7732 0.022588005127149435
7792 0.024406333575676547
7865 0.031232409401307688
7938 0.027959452160838602
7965 0.018619083403790745
7983 0.03244636838844094
8104 0.04067544583158859
8111 0.04614488133984976
8130 0.030926789790479622
8202 0.0316479006183436
8301 0.024221048867252837
8349 0.04067544583158859
8360 0.04107218415672637
8377 0.026831322751577215
8378 0.030064811714320964
8383 0.026326408420735203
8401 0.016751564296770157
8424 0.0343664432334996
8534 0.04107218415672637
8658 0.017467079182064717
8712 0.04614488133984976
8744 0.01288084738622708
8839 0.21045368200024678
8840 0.06279821120771717
8884 0.09228976267969952
8906 0.025198279011473815
8967 0.04614488133984976
8996 0.008040034812764397
9009 0.0343664432334996
9102 0.0390474684503376
9105 0.025868936509943364
9112 0.03244636838844094
9113 0.024221048867252837
9134 0.016429117647075827
9252 0.03366892949590376
9300 0.04614488133984976
9383 0.05173787301988673
9388 0.1642887366269055
9402 0.018878933957279118
9406 0.03366892949590376
9409 0.015000796488895058
9497 0.005974886102587633
9515 0.02352353512965701
9531 0.016751564296770157
9647 0.04645050095067783
9652 0.010868349305263253
9654 0.0158239503091718
9676 0.020230883718034245
9708 0.052211307925714004
9722 0.0178906904850654
9725 0.07993848268927572
9758 0.0178906904850654
9772 0.04614488133984976
9783 0.04480149146361343
9784 0.020125581828350433
9792 0.039439140416622984
9826 0.0343664432334996
9827 0.00891204490566879
9843 0.02657451201332259
9902 0.005066016803773135
9905 0.011711907147508862
10003 0.017228276839070807
10020 0.03244636838844094
10022 0.04317754371020874
10037 0.018450837946533627
10040 0.015539153475358924
10108 0.024791599109534553
10156 0.0836322252346938
10190 0.03474077057230655
10192 0.07887828083324597
10193 0.09228976267969952
10234 0.018450837946533627
10284 0.04317754371020874
10307 0.08635508742041748
10316 0.02743718151137887
10331 0.017088875384832225
10362 0.014846720164950823
10462 0.039439140416622984
10502 0.03697671711782397
10516 0.01755551878733166
10548 0.024040339560709965
10575 0.08060140234417197
10645 0.0178906904850654
10732 0.03721833048359525
10748 0.04614488133984976
10752 0.021376711697154997
10780 0.04614488133984976
10791 0.030064811714320964
10819 0.04317754371020874
10821 0.02288675497771522
10829 0.04614488133984976
10866 0.02541042009891767
10884 0.01758885987037497
10897 0.04107218415672637
10902 0.039439140416622984
10930 0.023691158898968456
10992 0.021758625568453833
10999 0.0044761278744871935
11000 0.014836688148205086
11029 0.03810484652708536
11108 0.01758885987037497
11135 0.018125524164551883
11150 0.021890491389553606
11218 0.020667930282090786
11232 0.013939705915465674
11246 0.05667084198217749
11277 0.029669128591415555
11310 0.14877597866328277
11311 0.12752837190709307
11356 0.012895436935412697
11359 0.012297688103029895
11365 0.022649887238854916
11434 0.12761607973880237
11521 0.039439140416622984
11745 0.024791599109534553
11747 0.028596232312780384
11777 0.04614488133984976
11796 0.02541042009891767
11835 0.028270918530798644
11849 0.0178906904850654
11851 0.04614488133984976
11900 0.0343664432334996
11941 0.029669128591415555
12007 0.021758625568453833
12028 0.02766070231027282
12040 0.03810484652708536
12057 0.014030057125649477
12064 0.004765130519074528
12161 0.039439140416622984
12209 0.07199897394720599
12245 0.03609281208373799
12256 0.03963694583822912
12317 0.03366892949590376
12378 0.010192328549547533
12390 0.02657451201332259
12398 0.022161572567955607
12465 0.026326408420735203
12572 0.024040339560709965
12735 0.011483699412404402
12753 0.039439140416622984
12763 0.017020157930936777
12770 0.02304083130165946
12807 0.011745097023306847
12834 0.006066176538772803
12847 0.021758625568453833
12877 0.01003264901342389
12891 0.0343664432334996
12904 0.028596232312780384
12964 0.030926789790479622
13041 0.03244636838844094
13068 0.025198279011473815
13079 0.02098888477558759
13112 0.026427352849694847
13170 0.04107218415672637
13174 0.025854092607356237
13295 0.0343664432334996
13315 0.039439140416622984
13372 0.04317754371020874
13428 0.026326408420735203
13445 0.035137508897444346
13501 0.035137508897444346
13707 0.04614488133984976
13723 0.039278127372326506
13726 0.04111239500003198
13744 0.04004354726588123
13754 0.037706584033474023
13786 0.009902193597057232
13800 0.031399105603858585
13813 0.03810484652708536
13814 0.04614488133984976
13822 0.012016178201708848
13872 0.03988633981778584
13874 0.015606603757580792
13884 0.022588005127149435
13912 0.014075654501006077
13951 0.04107218415672637
13971 0.02319822134767526
13973 0.03176452840784532
13990 0.02766070231027282
14005 0.03244636838844094
14018 0.030483117282041054
14019 0.04614488133984976
14026 0.04317754371020874
14041 0.014846720164950823
14062 0.027146521716203496
14090 0.017442487889778365
14163 0.01182930477500618
14189 0.01820550698329178
