79 0.01861845527943932
110 0.05934417884956433
421 0.026192969478712386
556 0.048968076502637306
766 0.05237215072991519
947 0.03652460187043113
968 0.02026692297332622
984 0.12684510770706503
994 0.020980591747015918
995 0.024589363929863696
1001 0.028101637561010393
1101 0.025827165151845032
1111 0.026572580959968974
1194 0.02872081826752599
1255 0.021129609441361257
1336 0.038856180814577104
1343 0.06342255385353252
1451 0.02780577769095979
1458 0.017407775930570402
1475 0.16261810201147087
1519 0.01788557865065774
1545 0.06361486332240213
1573 0.04829377572594702
1617 0.07603497206893114
1620 0.02240860109552321
1657 0.02840646423387739
1661 0.04250646949458511
1714 0.05842314928181605
1718 0.018915188018878527
1758 0.05420603400382361
1772 0.05934417884956433
1942 0.019861827540274327
1963 0.0795630405027734
1967 0.035534441374935964
2017 0.02223954652125889
2124 0.05420603400382361
2125 0.04723400588417448
2165 0.05934417884956433
2192 0.05420603400382361
2234 0.030271344482680564
2384 0.0449884119120016
2516 0.05934417884956433
2558 0.015394042213170698
2608 0.0587612584303447
2621 0.04132174760629788
2648 0.017994911361822838
2659 0.07518176973315684
2671 0.10841206800764722
2764 0.04189667610596333
2793 0.017407775930570402
2804 0.038856180814577104
2848 0.01725342235850893
2850 0.03188415269492797
2949 0.19679515962896504
2976 0.15246487354428187
3010 0.014736926291434539
3027 0.03687756827546235
3079 0.06342255385353252
3137 0.021590385135637696
3150 0.02513319963693984
3204 0.031045457914816433
3208 0.023487331377204424
3232 0.029045314485440153
3236 0.02240860109552321
3257 0.056203275122020786
3281 0.021280868087123494
3328 0.03145606637096779
3336 0.04189667610596333
3341 0.02190972974760408
3432 0.009856499572991808
3455 0.040261977764525336
3467 0.03522492432642177
3496 0.0325625115187376
3517 0.05288889067357603
3519 0.04697466275440885
3592 0.05420603400382361
3604 0.09446801176834896
3633 0.008789390431081049
3642 0.10756135796070707
3666 0.023678927844288017
3734 0.01656286131491502
3745 0.031248667056339594
3865 0.018105445555402618
3908 0.0224942059560008
3992 0.025708128136605286
4060 0.04384959639511148
4119 0.05934417884956433
4262 0.02284410246618349
4389 0.05237215072991519
4452 0.0178313547436359
4477 0.02780577769095979
4526 0.044595012203235425
4527 0.05420603400382361
4577 0.014120119414747211
4590 0.09631568326976694
4612 0.03687756827546235
4624 0.02840646423387739
4685 0.07677145019726539
4686 0.21914761122258675
4702 0.02856241325528683
4735 0.03188415269492797
4741 0.03977122139114331
4817 0.0223237186475423
4872 0.04250646949458511
4917 0.10756135796070707
4970 0.02240860109552321
4974 0.06989794908909429
4985 0.04152224926405633
5055 0.06342255385353252
5247 0.011022883242173698
5288 0.04540012261026606
5391 0.026192969478712386
5412 0.06608315748900354
5421 0.32686741311570433
5459 0.031045457914816433
5491 0.04132174760629788
5571 0.02240860109552321
5624 0.05420603400382361
5661 0.026967082910848254
5663 0.03390328882402019
5798 0.052379274036361854
5800 0.05776351573450644
5801 0.04189667610596333
6044 0.01685303077514373
6097 0.036183602760557154
6109 0.02512850574016809
6120 0.03434971948664875
6151 0.030271344482680564
6245 0.012468608627471265
6315 0.026452471626146293
6320 0.09080024522053212
6412 0.026572580959968974
6429 0.04697466275440885
6437 0.06342255385353252
6521 0.03652460187043113
6583 0.04723400588417448
6620 0.040261977764525336
6629 0.024379804050219542
6693 0.024695804186546415
6725 0.04384959639511148
6757 0.04250646949458511
6789 0.04431214585379304
6813 0.1097359374916414
6859 0.03463307654540259
6880 0.029552573750781987
6902 0.05420603400382361
6923 0.0325625115187376
7020 0.020980591747015918
7099 0.011501280191031405
7100 0.023874244862696875
7201 0.009355260123733156
7242 0.029875403255909882
7245 0.020475757680092868
7401 0.02275548065595528
7442 0.06697115594262691
7466 0.09080585758645351
7558 0.040261977764525336
7580 0.023060285015031063
7627 0.019283223356156075
7633 0.016327288243382292
7693 0.04842816972414832
7830 0.05420603400382361
7851 0.02240860109552321
7856 0.031248667056339594
7865 0.014308839967474358
7906 0.03687756827546235
7983 0.1337850366097063
8011 0.028252896206772633
8015 0.03492464798631419
8017 0.02780577769095979
8041 0.04132174760629788
8085 0.02780577769095979
8115 0.017304610817041325
8124 0.016234582422219278
8173 0.06926615309080518
8244 0.04286887222845651
8344 0.019861827540274327
8348 0.04384959639511148
8355 0.07044984865284354
8411 0.016706899724638884
8424 0.04723400588417448
8567 0.03045935949685356
8574 0.03930329933038995
8602 0.06342255385353252
8658 0.012003571554660575
8671 0.06342255385353252
8744 0.005901241288392777
8931 0.02026692297332622
8996 0.05525201561808658
8997 0.08739956135726971
9113 0.0665798992897524
9250 0.036183602760557154
9387 0.03279919327149417
9398 0.04627532745003909
9426 0.029905540155813214
9433 0.044595012203235425
9465 0.11868835769912867
9497 0.032848066750392986
9662 0.09080024522053212
9680 0.037622984083586296
9708 0.017940096455629693
9719 0.04940390701093923
9783 0.030788084426341396
9784 0.027661048425753447
9835 0.0332899496448762
9846 0.06342255385353252
9944 0.040951515360185736
10068 0.03869178681115585
10079 0.021669275817644794
10108 0.10222237986004733
10156 0.016420856456657393
10162 0.02670236999161806
10268 0.032331271210740815
10275 0.04829377572594702
10362 0.04081132649470094
10493 0.10733542263969387
10516 0.036193044712243785
10567 0.0503960315887197
10568 0.07304920374086225
10580 0.036183602760557154
10628 0.02019826393272228
10761 0.038428094490616925
10786 0.04132174760629788
10793 0.040261977764525336
10794 0.08971662046743965
10819 0.05934417884956433
10882 0.04189667610596333
10999 0.03076044979769
11000 0.032627000031745436
11122 0.05934417884956433
11167 0.05934417884956433
11169 0.033805883779572596
11190 0.05645052573388338
11213 0.04081132649470094
11232 0.01915904263822528
11261 0.11290105146776676
11262 0.021129609441361257
11328 0.02972750877560442
11359 0.05070665022914322
11365 0.015565255034496874
11371 0.10678679514537756
11430 0.0332899496448762
11572 0.04540012261026606
11574 0.07524596816717259
11722 0.033544609079618114
11849 0.024589363929863696
11876 0.02190972974760408
11912 0.029905540155813214
11957 0.01788557865065774
11965 0.029211574640908025
11975 0.04829377572594702
11976 0.030271344482680564
11977 0.05934417884956433
12021 0.031045457914816433
12064 0.032746508192245324
12078 0.04414657273158203
12181 0.05590523973333011
12220 0.03585378598690235
12277 0.06342255385353252
12309 0.04540012261026606
12380 0.05420603400382361
12403 0.02888175786725322
12413 0.040951515360185736
12565 0.032331271210740815
12633 0.05420603400382361
12648 0.02293351203616408
12678 0.24484038251318654
12763 0.04678576915261306
12764 0.019536280989733184
12834 0.008337488298688217
12847 0.1794332409348793
12849 0.06342255385353252
12903 0.016280828528481325
12904 0.03930329933038995
12948 0.02293351203616408
12966 0.03188415269492797
13041 0.08919002440647085
13112 0.018161171517290704
13158 0.050821624514760626
13174 0.035534441374935964
13228 0.11290105146776676
13329 0.06342255385353252
13349 0.035534441374935964
13461 0.04829377572594702
13487 0.0332899496448762
13492 0.10164324902952125
13526 0.0786065986607799
13545 0.038428094490616925
13614 0.023582673421785272
13660 0.02339288457630653
13661 0.03522492432642177
13772 0.06342255385353252
13786 0.02721959135845128
13827 0.024073429795167293
13858 0.026833855659923467
13874 0.0429001284019396
13925 0.031045457914816433
14084 0.037243372602329704
14113 0.031045457914816433
