11 0.029423561800819786
108 0.03548544843841374
142 0.08820613220636697
149 0.041329076425962785
190 0.08820613220636697
249 0.04176882730495626
328 0.08444381195603042
451 0.048055537006313244
482 0.03911760362099966
535 0.09228874064238919
636 0.03911760362099966
670 0.04948046727485903
703 0.08097314910567298
717 0.2009893008426688
721 0.16797460147487717
727 0.1882777422985507
729 0.04366985465296005
762 0.04555800293167965
789 0.050646027558668705
797 0.09679848139019964
843 0.06748040489864825
854 0.05191019872986705
917 0.03491036015317034
1104 0.05650723397505396
1184 0.04176882730495626
1299 0.061418518261054295
1315 0.07553864621254636
1319 0.03479564925552115
1326 0.08820613220636697
1369 0.06414430794498381
1447 0.08056905823643713
1461 0.02564459873014317
1465 0.06878126431403198
1555 0.061418518261054295
1653 0.019011920119994846
1657 0.04222190597801521
1684 0.04048657455283649
1919 0.117352810862999
1920 0.05281656422852347
1969 0.07178138191491366
2095 0.04392542415841386
2126 0.04875103226723367
2160 0.048055537006313244
2618 0.04644640992727242
2693 0.031517952579252634
2768 0.04445005525096826
2793 0.025874021933020283
2951 0.044719440052648815
2973 0.05650723397505396
3010 0.02190420853362778
3014 0.05378144429112444
3068 0.062273062383726416
3135 0.05592086658553901
3273 0.05481291890482762
3340 0.0778432685525076
3442 0.04268914562963972
3544 0.03505207165970988
3677 0.06317942788238284
3786 0.030329927299476197
3836 0.0778432685525076
3973 0.08820613220636697
4287 0.05650723397505396
4289 0.05711754124478888
4383 0.026911002145019097
4399 0.051476821951163196
4428 0.04706943557463768
4502 0.07553864621254636
4508 0.10471302804515732
4616 0.08820613220636697
4799 0.05592086658553901
4899 0.033562560504554494
4998 0.04985897994794506
5036 0.08820613220636697
5059 0.0509871655588419
5116 0.07553864621254636
5117 0.08820613220636697
5210 0.047719557653530496
5247 0.016383846156490516
5258 0.06317942788238284
5353 0.17641226441273394
5487 0.08785084831682773
5495 0.06748040489864825
5622 0.061418518261054295
5718 0.08353765460991253
6102 0.02838557424778344
6277 0.07178138191491366
6310 0.02126792306100056
6412 0.03949611629408569
6579 0.04341858063726508
6775 0.024130247502109427
7105 0.16134433287337333
7198 0.16113811647287427
7714 0.03911760362099966
7717 0.029620281112745065
7734 0.08820613220636697
7950 0.05481291890482762
7953 0.08820613220636697
7990 0.05911389592109304
8017 0.12398722927788834
8033 0.07553864621254636
8084 0.0778432685525076
8099 0.08390515519010157
8124 0.024130247502109427
8381 0.08056905823643713
8386 0.07553864621254636
8691 0.033562560504554494
8737 0.07749687580328563
8786 0.08390515519010157
8787 0.07178138191491366
9038 0.08820613220636697
9045 0.062273062383726416
9094 0.041974837094776826
9102 0.039884461556807846
9178 0.07553864621254636
9224 0.07178138191491366
9244 0.061418518261054295
9387 0.04875103226723367
9402 0.03856721808279497
9605 0.06748040489864825
9647 0.03163078671485992
9708 0.13332617877919
9848 0.08820613220636697
10053 0.08056905823643713
10132 0.06061018886452657
10145 0.05535663162346034
10174 0.04268914562963972
10316 0.028025304959514944
10382 0.0767763372267486
10506 0.04222190597801521
10516 0.017931826107336124
10557 0.05428828781227323
10613 0.0458483120922731
10616 0.037028099409697375
10757 0.07553864621254636
10884 0.10779529119337601
10935 0.13035156511737397
11000 0.006061886637593951
11094 0.06317942788238284
11232 0.028477014606246038
11258 0.08998753593920195
11304 0.06628373023939838
11325 0.030539027938819532
11359 0.05024516956910874
11365 0.04627078746439609
11439 0.2517154655703047
11490 0.06628373023939838
11525 0.03968902802875803
11594 0.07178138191491366
11597 0.08820613220636697
11617 0.0458483120922731
11670 0.0778432685525076
11678 0.04366985465296005
11741 0.05592086658553901
11745 0.050646027558668705
11975 0.07178138191491366
12023 0.02981962342603727
12117 0.03118447142214832
12151 0.06414430794498381
12316 0.042453700574664105
12468 0.06878126431403198
12518 0.08820613220636697
12638 0.04948046727485903
12744 0.07020619458257776
12807 0.023993712744930076
12819 0.062273062383726416
12834 0.024784826731106737
12854 0.0458483120922731
12903 0.024198985333554034
13125 0.04839924069509982
13140 0.08820613220636697
13147 0.07178138191491366
13429 0.08390515519010157
13577 0.050646027558668705
13616 0.03064468528318436
13716 0.1263588557647657
13754 0.019257417458885696
13842 0.04392542415841386
13948 0.028025304959514944
13982 0.2123094910963334
13989 0.05865232874979734
13997 0.0760727540824809
14039 0.04292835796496861
14041 0.060659854598952394
14061 0.1155076534348322
14163 0.012082869140225102
14180 0.05481291890482762
