11 0.026631570363973605
108 0.03211824670929005
142 0.07983628332591508
149 0.037407374891146074
175 0.03683146632336099
190 0.07983628332591508
249 0.03780539796380506
328 0.07643096832167079
451 0.04349556399138978
482 0.03540574796330933
535 0.08353149448248717
548 0.03842528384968448
556 0.03293860750436803
636 0.03540574796330933
670 0.04478528312761874
703 0.14657927089847936
717 0.22739687091724992
721 0.15203555058429327
727 0.21301516688974756
729 0.07905207498994243
762 0.04123502004721055
789 0.045840243805794205
797 0.08761330751591968
843 0.06107721299729626
854 0.04698445821891592
917 0.03159772834928886
952 0.049611740296785715
1104 0.051145282405553
1184 0.03780539796380506
1299 0.055590536651979806
1315 0.06837081062540455
1319 0.03149390232839652
1326 0.07983628332591508
1369 0.058057677110921115
1447 0.07292388862054697
1461 0.02321119177076134
1465 0.06225463432000859
1555 0.055590536651979806
1653 0.017207885702531824
1657 0.038215484160835395
1684 0.03664481772461984
1919 0.14162299185323732
1920 0.047804819013993895
1969 0.06497007181628922
2095 0.03975735609988565
2126 0.044125063951469264
2160 0.04349556399138978
2546 0.07594342450692212
2618 0.04203912641526814
2693 0.028527225137622993
2768 0.040232205132476315
2793 0.023418845086560103
2951 0.04047602810501462
2973 0.051145282405553
3010 0.019825725885239582
3014 0.04867814194661169
3068 0.05636399338322533
3135 0.05061455521151996
3273 0.049611740296785715
3340 0.07045674816160567
3442 0.03863838760615282
3544 0.03172599290078471
3677 0.05718435417830331
3786 0.027451931159051573
3836 0.07045674816160567
3973 0.07983628332591508
4287 0.051145282405553
4289 0.05169767783298685
4383 0.024357426610742715
4399 0.04659220441041057
4428 0.04260303337794952
4477 0.037407374891146074
4502 0.06837081062540455
4508 0.09477684562076547
4616 0.07983628332591508
4799 0.05061455521151996
4899 0.030377820935576238
4998 0.0451278788662035
5036 0.07983628332591508
5059 0.04614901134104157
5116 0.06837081062540455
5117 0.07983628332591508
5210 0.04319146560129525
5247 0.014829188753651808
5258 0.05718435417830331
5314 0.04072432514235394
5353 0.15967256665183016
5487 0.0795147121997713
5495 0.06107721299729626
5622 0.055590536651979806
5718 0.07561079592761012
5790 0.055590536651979806
6102 0.025692077084990435
6193 0.08890229482721851
6277 0.06497007181628922
6310 0.019249817317454496
6412 0.03574834370189409
6579 0.039298606782302285
6775 0.02184053679845861
6923 0.04380665375795984
7105 0.19471256778644677
7198 0.14584777724109393
7714 0.03540574796330933
7717 0.026809623049537476
7734 0.07983628332591508
7950 0.049611740296785715
7953 0.07983628332591508
7990 0.053504599115778685
7991 0.044451147413609254
8017 0.1496294995645843
8033 0.1367416212508091
8084 0.07045674816160567
8097 0.02504758342934102
8099 0.07594342450692212
8124 0.02184053679845861
8306 0.06673644964349888
8381 0.07292388862054697
8386 0.06837081062540455
8691 0.030377820935576238
8737 0.0701432244985997
8786 0.07594342450692212
8787 0.06497007181628922
9038 0.07983628332591508
9045 0.05636399338322533
9094 0.037991859557082355
9102 0.03609983901914058
9178 0.06837081062540455
9224 0.06497007181628922
9244 0.055590536651979806
9387 0.044125063951469264
9402 0.03490758831536339
9605 0.06107721299729626
9647 0.028629352481763907
9708 0.1448098854470622
9848 0.07983628332591508
10053 0.07292388862054697
10132 0.054858909347759395
10145 0.050103860306663354
10174 0.03863838760615282
10316 0.025365993622850448
10382 0.06949105757431971
10506 0.038215484160835395
10516 0.01623028143107935
10557 0.049136891264195064
10613 0.04149778187359947
10616 0.03351451607215311
10757 0.06837081062540455
10884 0.13008884520302744
10935 0.11798255092219026
11000 0.005486676345316454
11094 0.05718435417830331
11225 0.05636399338322533
11232 0.025774840699979963
11258 0.08144865028470788
11304 0.05999409037582937
11325 0.027641190312226862
11359 0.04547742308996129
11365 0.04188016870616254
11439 0.22783027352076637
11490 0.05999409037582937
11525 0.03592295010987218
11567 0.08532295967123153
11594 0.06497007181628922
11597 0.07983628332591508
11617 0.04149778187359947
11670 0.07045674816160567
11678 0.03952603749497122
11741 0.05061455521151996
11745 0.045840243805794205
11975 0.06497007181628922
12023 0.02699004984079056
12117 0.028225387890297098
12151 0.058057677110921115
12316 0.03842528384968448
12448 0.04478528312761874
12468 0.06225463432000859
12518 0.07983628332591508
12638 0.04478528312761874
12744 0.06354435345623757
12807 0.0217169577763958
12819 0.05636399338322533
12834 0.02243300323450211
12854 0.04149778187359947
12903 0.021902752121238905
12913 0.055590536651979806
13125 0.04380665375795984
13140 0.07983628332591508
13147 0.06497007181628922
13429 0.07594342450692212
13577 0.045840243805794205
13616 0.027736821868323654
13716 0.11436870835660662
13754 0.017430087885228065
13842 0.03975735609988565
13948 0.025365993622850448
13982 0.21961544927241258
13989 0.05308682989112556
13997 0.06885423718730085
14039 0.0388549011670659
14041 0.054903862318103146
14061 0.10454717280154387
14163 0.010936329934658848
14180 0.049611740296785715
