556 0.10129056768847525
1045 0.11625659102118173
1107 0.06911651338120102
1408 0.15256265274748576
1679 0.2623793680656913
1957 0.21666380455902934
2046 0.1104678152891315
3036 0.12843518802177423
3130 0.05903840641636828
4932 0.2623793680656913
5610 0.14969171453707084
5718 0.11625659102118173
5746 0.10043255586455732
5861 0.1709482410523674
5903 0.0960058439618149
6050 0.15564644103411662
6193 0.13669314816455125
6310 0.05919573023012095
6519 0.08135517115599875
6606 0.05471699235789537
6921 0.12298282697230019
7105 0.14969171453707084
7154 0.18782049534139084
7242 0.12359466705008335
7950 0.15256265274748576
7991 0.13669314816455125
8017 0.11503261751296966
8097 0.07702462663140666
8306 0.10261169767129533
8706 0.0685206258833905
8874 0.16656396882609426
9094 0.05841499252157788
9287 0.14572565788303654
9605 0.18782049534139084
9647 0.08803903944775948
10140 0.2623793680656913
10600 0.14700613119513717
10732 0.07054102751451977
10884 0.10001009437637459
11232 0.07926103877447681
11325 0.0850003102875359
11631 0.1319048718019931
11711 0.24550711377666787
11965 0.1208484053194323
12735 0.13059241707404626
12943 0.12680313181647807
13577 0.14096480300362627
13982 0.08441831339945183
13989 0.16324901214298593
14041 0.16883662679890366
14163 0.06726131742898728
