108 0.02193695681503138
113 0.05452866451413846
149 0.025549463362002398
321 0.028712977674669796
326 0.02158143962605997
341 0.03849694847797809
680 0.0443749521137833
685 0.045463539126719014
810 0.049807457110988045
896 0.03106268771353641
931 0.027987718888651508
964 0.041716105988955386
968 0.018622352941269217
981 0.027478839506807098
994 0.038556221380406944
1005 0.03746896697612795
1010 0.05220281376438137
1027 0.020748235482160978
1054 0.023731406369043466
1064 0.028712977674669796
1099 0.020590243475547075
1112 0.028526258044890916
1127 0.035668012976592674
1180 0.0749379339522559
1185 0.028903547463772307
1249 0.04681416321397777
1378 0.033885118769398634
1426 0.03654396489422655
1461 0.03170676881022428
1550 0.05763120352864255
1633 0.03324746544804133
1689 0.01343214281376132
1692 0.033885118769398634
1714 0.026841186185449797
1800 0.10371014226931421
1940 0.01795099928239924
1942 0.018250129188353333
1959 0.08811205906636779
1963 0.012184476016028515
1967 0.032650980601535935
1996 0.03457004742310474
2037 0.05186981838931055
2086 0.029098129541769033
2103 0.039057259864127475
2105 0.027315254575772777
2137 0.023731406369043466
2206 0.05452866451413846
2228 0.03965374471063287
2251 0.05186981838931055
2359 0.027315254575772777
2365 0.026841186185449797
2371 0.022890617237174494
2396 0.03849694847797809
2425 0.017215749411880966
2558 0.01414488463116771
2597 0.03555212159606069
2648 0.033069409793263976
2657 0.043401177848396505
2716 0.04746281273808693
2730 0.01894441714141386
2770 0.022119978782299377
2788 0.05186981838931055
2848 0.01585338440511214
2865 0.04669767729458171
2873 0.030137685631635006
2927 0.029834437533373104
2929 0.024902884586235654
2934 0.02653813256586314
2935 0.027987718888651508
2940 0.019695127619599146
2965 0.016285571016585957
2992 0.0443749521137833
3010 0.013541090723527974
3041 0.03182275749107613
3045 0.042520291875664036
3130 0.02622559817029184
3151 0.024182340060621886
3184 0.021669045090720963
3188 0.032650980601535935
3204 0.028526258044890916
3210 0.07699389695595618
3232 0.026688417296987156
3236 0.020590243475547075
3238 0.029098129541769033
3247 0.06649493089608266
3281 0.019554020950125785
3287 0.040291398031990174
3297 0.04351497779584332
3328 0.028903547463772307
3332 0.03432308435083522
3338 0.03965374471063287
3421 0.024182340060621886
3432 0.027170066327577045
3443 0.04841775524905472
3468 0.042520291875664036
3487 0.05452866451413846
3517 0.024298597031522876
3519 0.04316287925211994
3523 0.08293611621647534
3532 0.0749379339522559
3633 0.024228512285011546
3746 0.023954123346461534
3761 0.022119978782299377
3786 0.018749835063417136
3841 0.03247308018703241
3908 0.020668901884985935
3940 0.022306698412078264
4002 0.049807457110988045
4114 0.03324746544804133
4253 0.036994898585804965
4268 0.04669767729458171
4358 0.033885118769398634
4383 0.01663626973544005
4398 0.033885118769398634
4421 0.024902884586235654
4489 0.03599137660068064
4492 0.024067527313072955
4577 0.025948669924918042
4663 0.029707733350480957
4689 0.024778824907127284
4711 0.06364551498215226
4714 0.0443749521137833
4720 0.056686472155245846
4721 0.055975437777303017
4734 0.023513930280522677
4824 0.029707733350480957
4835 0.024778824907127284
4895 0.03530982672636385
4922 0.01508837749747495
5017 0.05452866451413846
5080 0.05452866451413846
5231 0.029707733350480957
5247 0.0202568512680809
5260 0.032181977877178455
5280 0.029920209543114216
5374 0.05220281376438137
5390 0.10471798545979934
5455 0.02319702012562284
5474 0.024902884586235654
5520 0.02319702012562284
5689 0.031783569245417434
5706 0.043401177848396505
5727 0.040291398031990174
5746 0.022306698412078264
5780 0.03746896697612795
5886 0.032090669215386544
5929 0.04097632668569627
6109 0.0346341600594231
6154 0.038286368198821724
6207 0.022497268201180767
6269 0.049807457110988045
6278 0.014959712208542761
6282 0.04097632668569627
6286 0.04669767729458171
6412 0.024416335022749563
6429 0.02158143962605997
6484 0.030137685631635006
6496 0.03422123971342812
6563 0.05742955229823259
6566 0.09795294180460781
6569 0.03796867285119175
6591 0.03422123971342812
6629 0.02240149213867865
6636 0.024182340060621886
6637 0.08671064239131691
6734 0.02502863220386076
6737 0.02465640845094487
6755 0.05705251608978183
6775 0.029834437533373104
6811 0.03182275749107613
6819 0.03422123971342812
6859 0.06364551498215226
6884 0.1461758595769062
6906 0.045463539126719014
7025 0.020590243475547075
7201 0.008596122663061968
7276 0.057807094927544614
7284 0.39163480016258984
7422 0.015995212876087114
7431 0.0281637681605132
7442 0.020512248858066174
7468 0.04774203969280921
7486 0.020512248858066174
7491 0.055201643784425464
7497 0.025821315528633308
7536 0.02465640845094487
7566 0.03896853471243207
7571 0.023954123346461534
7580 0.010594523081805812
7627 0.017718476142445653
7671 0.015045289739608631
7692 0.03294441182845468
7714 0.024182340060621886
7717 0.018311134738711068
7810 0.029920209543114216
7862 0.015760026971708873
7965 0.023513930280522677
7968 0.041716105988955386
8085 0.025549463362002398
8097 0.01710765101793114
8154 0.029500032310277705
8156 0.023954123346461534
8238 0.042520291875664036
8268 0.4836579977480633
8274 0.08680235569679301
8293 0.03421530203586228
8306 0.02279069942809951
8377 0.033885118769398634
8517 0.03650025837670667
8658 0.05514767741034697
8662 0.028903547463772307
8697 0.039057259864127475
8739 0.02653813256586314
8744 0.037956673909538816
8872 0.05083295645696918
8873 0.058276097651902094
8897 0.03654396489422655
8944 0.040291398031990174
8949 0.043401177848396505
8981 0.020990405860410136
8994 0.03849694847797809
8995 0.05929949142827715
8997 0.014601359705433645
9103 0.03294441182845468
9168 0.0281637681605132
9225 0.040291398031990174
9375 0.10798609095255446
9383 0.03266972687829699
9446 0.043401177848396505
9457 0.022306698412078264
9497 0.015091296623302716
9647 0.05866206285037736
9672 0.03965374471063287
9676 0.051098926724004796
9725 0.07210988348130222
9779 0.03457004742310474
9783 0.02828976926233542
9793 0.042520291875664036
9827 0.06752981272733925
9902 0.031989213255155524
9904 0.10963189468267964
9905 0.029581796498361467
9908 0.024778824907127284
9932 0.04118048695109415
9961 0.022119978782299377
9966 0.022028014766591948
9979 0.032090669215386544
10002 0.03654396489422655
10005 0.029098129541769033
10008 0.04097632668569627
10033 0.03294441182845468
10040 0.058872914984129776
10093 0.04669767729458171
10113 0.025156114326008675
10221 0.04097632668569627
10255 0.04669767729458171
10316 0.01732512710645193
10322 0.029296896499766033
10327 0.024778824907127284
10372 0.04812238525154692
10459 0.05220281376438137
10481 0.0443749521137833
10490 0.1037396367786211
10516 0.03325614122763521
10531 0.04836468012124377
10567 0.018522647731373198
10616 0.022890617237174494
10657 0.028367928425911067
10762 0.030137685631635006
10790 0.039057259864127475
10836 0.08052355855634939
10922 0.03130916384882719
10949 0.0395329942855181
10950 0.036020111520316055
10999 0.005652875412006986
11000 0.037474331377636304
11052 0.1399385944432575
11057 0.034932537307482456
11097 0.03227850349936981
11135 0.022890617237174494
11246 0.01789231776893134
11255 0.011515332690365787
11259 0.06837209828429852
11262 0.01941503626604177
11336 0.028526258044890916
11338 0.04681416321397777
11339 0.05005726440772152
11576 0.01941503626604177
11577 0.03182275749107613
11581 0.030137685631635006
11714 0.039821822265668126
11797 0.03130916384882719
11829 0.04669767729458171
11906 0.036994898585804965
11921 0.05278050498774275
11929 0.02715451474475252
11956 0.036114012613072496
12010 0.029707733350480957
12017 0.025684389952795015
12057 0.035436952284891306
12064 0.03610713085273483
12117 0.019278110690203472
12176 0.05452866451413846
12183 0.029098129541769033
12215 0.016842810337783443
12219 0.032090669215386544
12220 0.03294441182845468
12245 0.02279069942809951
12250 0.0443749521137833
12272 0.05452866451413846
12297 0.049807457110988045
12316 0.0262447013389444
12348 0.03236657947530886
12378 0.05148732571044774
12449 0.041716105988955386
12543 0.040291398031990174
12611 0.01716154217541761
12764 0.01795099928239924
12807 0.029665627093950736
12834 0.007660938463437217
12877 0.012670173086102325
12889 0.05452866451413846
12898 0.03182275749107613
12992 0.027814960450836583
13024 0.023842094007252474
13030 0.03294441182845468
13038 0.03530982672636385
13079 0.03976010761990116
13112 0.016687473785094623
13332 0.026841186185449797
13336 0.029637875261983256
13363 0.033885118769398634
13494 0.04812238525154692
13616 0.056833251424241595
13642 0.049807457110988045
13660 0.04298931352013298
13695 0.024182340060621886
13709 0.022212867074953693
13754 0.023809710952239053
13764 0.032650980601535935
13786 0.025010843425089007
13787 0.09654593363153538
13794 0.043401177848396505
13822 0.015175160363468429
13918 0.019983973231279838
13919 0.06200670565495781
13975 0.03654396489422655
13997 0.023513930280522677
14010 0.0308226142853411
14021 0.04812238525154692
14062 0.011427727225704799
14072 0.013838057871164213
14163 0.022408738527637626
14211 0.09862563380377948
14212 0.1181707657175949
