451 0.13691719673821814
604 0.15323113729654125
727 0.13410765069762712
729 0.12442175144693976
877 0.20451557098392745
1408 0.15616995811538514
1919 0.11145172782483782
1920 0.30096410803040047
3010 0.06240826793382151
3036 0.1314720055838348
3321 0.06628330241138781
3443 0.07438268954919999
4202 0.14205546731904872
4928 0.07714664314199932
5718 0.11900544873499269
5749 0.17499026900924775
5760 0.16842406561240894
5861 0.17499026900924775
6050 0.15932666179670466
6310 0.060595398311202864
6880 0.12514990604552248
6921 0.12589072483529098
7154 0.19226146348690365
7306 0.17742498919040015
7307 0.26858326191391896
8074 0.1019467036091551
8706 0.0701407787655647
8931 0.08582682264269799
9666 0.12819377255691214
9957 0.12095675204052055
10944 0.4591058714471131
11258 0.12819377255691214
11678 0.12442175144693976
11910 0.0971193541660258
11965 0.12370583532186159
12015 0.18569526009006485
12638 0.1409770297995175
12735 0.06684012088593162
12834 0.035307783546563797
13616 0.08731115424529154
14072 0.06377693207584835
