71 0.07034915944370064
79 0.020651843854687886
129 0.06261569101592551
288 0.04583464452663149
307 0.04786881279956572
318 0.0344360442169497
527 0.03297415710424792
639 0.04309980430322415
702 0.03378593587930391
764 0.052392601830325174
799 0.07034915944370064
818 0.042624965129615805
820 0.04946539414234654
1050 0.06582537041294119
1107 0.018531520431246024
1112 0.0344360442169497
1117 0.03357738706809692
1188 0.05809190198516606
1319 0.012983431217938214
1519 0.019838927129041936
1610 0.04359575424292209
1647 0.04863856878840905
1906 0.07034915944370064
2006 0.027274856949407025
2041 0.07034915944370064
2085 0.13165074082588238
2137 0.028647842902099346
2204 0.01621488044927474
2384 0.04990175845055478
2436 0.05356811295440662
2462 0.028385312282463014
2485 0.027754803487054953
2564 0.0344360442169497
2591 0.06261569101592551
2597 0.042917456238449316
2659 0.04169632082643461
2689 0.054882222588150384
2693 0.023520823907490905
2716 0.028647842902099346
2730 0.02286913289922048
2736 0.028515805425586776
2738 0.04216951264472483
2743 0.037795484742417396
2811 0.4208824918067021
2851 0.0601260702581003
2934 0.03203603869232371
2965 0.0196594535022048
3099 0.05651265552878103
3130 0.015829378265928434
3153 0.037795484742417396
3241 0.03692566497477491
3249 0.02533898919386178
3332 0.04143379929142668
3432 0.04373185360012412
3476 0.06261569101592551
3633 0.019498622848805946
3666 0.026264988859021152
3734 0.018371751067888593
3756 0.026264988859021152
3790 0.021885163587630506
3792 0.05809190198516606
3851 0.07034915944370064
3956 0.04209598655111538
3972 0.06582537041294119
4052 0.02961863201540563
4079 0.02976447770723224
4081 0.052392601830325174
4286 0.04411477975764961
4295 0.04863856878840905
4393 0.07661468185164849
4414 0.04051358522292509
4421 0.030062016314642278
4428 0.035126390357755055
4477 0.12337018737875831
4624 0.03150883652897107
4709 0.054882222588150384
4742 0.05132922267069722
4881 0.02014461848548089
4909 0.21427245181762647
4922 0.036428474694958066
4962 0.04411477975764961
4990 0.024761772383670656
5024 0.05637203721618418
5273 0.04946539414234654
5528 0.026052467451528775
5644 0.07559096948483479
5763 0.07034915944370064
5798 0.03873320216904796
5800 0.03203603869232371
5825 0.18092565825112997
5847 0.034891496701840684
5931 0.07034915944370064
5938 0.021957848121893095
5974 0.029192196546999782
5989 0.05637203721618418
6072 0.03611878071023814
6109 0.01393644018955388
6210 0.025143246689848686
6245 0.01383035029464083
6250 0.042624965129615805
6259 0.07034915944370064
6419 0.03221745791800606
6438 0.0601260702581003
6606 0.01467072067458289
6821 0.023109078416914453
7059 0.04583464452663149
7201 0.041507927139086125
7202 0.04359575424292209
7245 0.022711988941567993
7335 0.06261569101592551
7401 0.050481377352945576
7406 0.029332538479831465
7418 0.021458728119224658
7468 0.014408190054946556
7491 0.03331888541457753
7492 0.04411477975764961
7566 0.07056247172247271
7598 0.04333981723465802
7717 0.022104653352447413
7862 0.038050064947462485
7925 0.04946539414234654
8004 0.03720813668381196
8169 0.07034915944370064
8244 0.02377536810119594
8250 0.015135664471445352
8264 0.019424559846290424
8301 0.03692566497477491
8371 0.06261569101592551
8422 0.07034915944370064
8499 0.037497946135007364
8563 0.04583464452663149
8625 0.07034915944370064
8658 0.013314524847782562
8666 0.034661446560892595
8691 0.025046648367374833
8744 0.0065457371090989255
8872 0.030682011175033583
8931 0.022480346644134917
8995 0.023861523251703567
9028 0.029332538479831465
9134 0.050093296734749666
9151 0.05809190198516606
9225 0.04863856878840905
9306 0.07034915944370064
9383 0.019718957838183702
9387 0.03638131132987448
9409 0.04573826579844096
9457 0.026927978133117467
9497 0.054653283686210516
9503 0.05637203721618418
9515 0.03586228581514697
9646 0.05132922267069722
9725 0.06963911304829423
9730 0.03611878071023814
9758 0.027274856949407025
9827 0.01358666118178721
9839 0.1202521405162006
9851 0.06261569101592551
9984 0.06261569101592551
10031 0.03203603869232371
10125 0.02787808691325602
10234 0.028128817387371836
10447 0.054882222588150384
10460 0.021885163587630506
10508 0.08181020072126784
10595 0.026702575789174572
10596 0.05132922267069722
10599 0.11618380397033212
10666 0.04863856878840905
10732 0.018913461178468025
10734 0.07034915944370064
10806 0.030367707671081233
10841 0.054882222588150384
10846 0.05809190198516606
10865 0.46077759289058834
10878 0.06582537041294119
10930 0.01805891646480725
10999 0.006823981867318368
11000 0.022618945153797233
11031 0.13956598680736274
11032 0.21084756322362413
11087 0.040135344371790595
11097 0.038965642532296424
11108 0.026814707753628066
11386 0.03638131132987448
11574 0.04173192571457141
11576 0.023437250209227472
11617 0.034215105580427674
11633 0.037497946135007364
11733 0.036956018724007896
11950 0.042624965129615805
11978 0.04051358522292509
11995 0.04309980430322415
12057 0.02138921364793257
12335 0.02377536810119594
12354 0.018858091156389815
12629 0.07034915944370064
12641 0.07385132994954982
12735 0.01750722024869766
12764 0.02166990861732901
12768 0.02615822214427414
12865 0.02766070058928166
12895 0.04647236303896224
13112 0.02014461848548089
13261 0.0331716319328588
13464 0.02751224966156426
13522 0.0601260702581003
13660 0.051895411550508315
13723 0.01996020045947149
13787 0.13597191892403296
13791 0.07034915944370064
13825 0.05809190198516606
14043 0.03638131132987448
14062 0.027590419985988403
14096 0.06582537041294119
14163 0.02705115790404203
