10 0.0506055772469971
194 0.03599248809943306
650 0.12996276306666046
898 0.1272340278380177
960 0.04473091878803873
1001 0.05758466416475503
1033 0.0677073786659083
1090 0.0884326582626902
1653 0.10484326287103059
1718 0.03876018781167267
1882 0.06625184709069254
1901 0.05471734538715161
2058 0.06165253140257808
2105 0.06091632936270918
2114 0.0947315039194448
2158 0.09303197395080466
2172 0.058853462574263604
2182 0.03620945290126347
2227 0.10138920418094911
2337 0.08250310904997898
2560 0.07709539697199567
2605 0.07556792303455252
2609 0.04974664188815594
2630 0.11107666793569033
2715 0.121605532836516
3092 0.054628067436235606
3432 0.02019751398894553
3454 0.05758466416475503
3512 0.08659576944379871
3515 0.09482540597640388
3680 0.11567598362380478
3706 0.11107666793569033
3722 0.06203073404766007
3742 0.06445841506509331
3760 0.13157729717938016
3916 0.07556792303455252
3956 0.03888398077149891
3984 0.02601037848972804
3985 0.0440816850875458
4222 0.06445841506509331
4299 0.08585286241570433
4497 0.12996276306666046
4609 0.09138217641485134
4808 0.07263759560828287
4820 0.07038796427780454
4827 0.06559961236711973
4844 0.11567598362380478
4899 0.04627108060883266
4991 0.05918325306355384
5002 0.053673503817515615
5059 0.03514677086792765
5185 0.06927355959285363
5496 0.08585286241570433
5644 0.1396464625138663
5661 0.0552597836888644
5847 0.06445841506509331
5907 0.12996276306666046
6210 0.04644953597341101
6235 0.04284152366194566
6245 0.025550135249445025
6310 0.02932105797483673
7020 0.08598504817427467
7099 0.023567927521213117
7201 0.03834079143818612
7206 0.04627108060883266
7242 0.030609694177842497
7341 0.10731875339366032
7351 0.07790379336186452
7566 0.04345227844645704
7580 0.023627070935832526
7722 0.1797094049548164
7758 0.08149747224726374
7770 0.09138217641485134
7792 0.13747633348370242
7802 0.07874519450794898
7865 0.02932105797483673
7891 0.034736578905291735
8073 0.10414148192026387
8074 0.04933023447615319
8097 0.03815213587483458
8131 0.06927355959285363
8401 0.09435844316786608
8451 0.06873816674185121
8483 0.12996276306666046
8673 0.06414667142830298
8744 0.012092569232291605
8976 0.05727930352999301
8982 0.05498678014999797
9094 0.02893433995435889
9117 0.09678988849283467
9204 0.03767828820498119
9404 0.2599255261333209
9496 0.044566683131407936
9600 0.07096860734643808
9632 0.0846747437206602
9660 0.121605532836516
10037 0.051965067647836864
10091 0.0640334213310116
10217 0.121605532836516
10331 0.04812922686609443
10382 0.052923913361552395
10522 0.06165253140257808
10567 0.020653875048899227
10930 0.03336197191715724
10999 0.012606597514547811
11003 0.12277189176417808
11207 0.09678988849283467
11262 0.043297884721899355
11317 0.04440374579393933
11411 0.07484463949454401
11482 0.1783563197413113
11486 0.0898547024774082
11495 0.06625184709069254
11525 0.05471734538715161
11539 0.12996276306666046
11633 0.06927355959285363
11853 0.12996276306666046
11875 0.0506055772469971
11922 0.07281564529523779
12041 0.04473091878803873
12057 0.03951434995798454
12064 0.013420546562276892
12078 0.04523162679139044
12100 0.07484463949454401
12117 0.042992524087137336
12387 0.04812922686609443
12490 0.08356033903570931
12667 0.03463529385699288
12763 0.04793569055351005
12865 0.025550135249445025
12928 0.05498678014999797
12968 0.06320885274270421
13129 0.0805386265335482
13274 0.12996276306666046
13352 0.12996276306666046
13480 0.031458022383596414
13481 0.12996276306666046
13617 0.0677073786659083
13738 0.07038796427780454
13775 0.05581688424682594
13783 0.08710242473809345
13924 0.18965081195280775
13996 0.12996276306666046
14140 0.12996276306666046
