10 0.09761561821458614
106 0.0690041627059496
118 0.08356388203160385
149 0.03663615836300713
175 0.03607212312788614
318 0.04090467546926677
337 0.02783981538821982
483 0.03057641718673955
755 0.08356388203160385
839 0.0690041627059496
862 0.08356388203160385
917 0.03094628754582357
931 0.040132447672028185
961 0.043215350860839774
1127 0.025572728346373946
1145 0.04090467546926677
1274 0.04386195849802608
1399 0.053727899814805476
1519 0.047131132179953676
1521 0.05520195398817157
1567 0.02385525691720504
1613 0.08356388203160385
1661 0.056005401652990006
1830 0.03663615836300713
1901 0.035182337518241194
1915 0.07437772190539924
1940 0.051480975797110695
2048 0.06363060350649999
2058 0.079283092164365
2137 0.03402919073463516
2337 0.05304811862423069
2384 0.05927554343657688
2407 0.05777507018649402
2412 0.062234278750435315
2462 0.10115203532318989
2564 0.04090467546926677
2597 0.02548963824561685
2659 0.024764378581385367
2693 0.027939087969695645
2763 0.033872350707003035
2927 0.021390257060534937
2934 0.038053841427737906
2992 0.06363060350649999
3010 0.019416984894203945
3071 0.44613945219053075
3073 0.08356388203160385
3099 0.067128263041707
3116 0.07142043887663993
3130 0.0376056887817193
3144 0.06097114936335103
3321 0.020622618192586963
3328 0.04144568232733576
3332 0.024608461163497
3417 0.0425988291109418
3432 0.11687997183427028
3490 0.08180935093853355
3521 0.04386195849802608
3534 0.07437772190539924
3589 0.07819032283215423
3606 0.029982020362946622
3633 0.011580668713037885
3648 0.05182079654554798
3721 0.025081826756528255
3914 0.07485521417685677
3938 0.03871114114106599
3940 0.031986258341384195
4030 0.03145607453631271
4052 0.035182337518241194
4113 0.07819032283215423
4197 0.04454173968860086
4393 0.06067090009098226
4421 0.035709009244940755
4428 0.04172469953106667
4452 0.02349412210208367
4477 0.14654463345202853
4576 0.04601579386196695
4577 0.074417185770918
4693 0.1671277640632077
4702 0.03763308140058077
4784 0.03607212312788614
4808 0.023352379278657437
4922 0.02163568680900084
5038 0.08180935093853355
5160 0.04489516937114536
5186 0.056005401652990006
5208 0.04144568232733576
5260 0.02307336207492653
5341 0.04454173968860086
5689 0.01519181126844427
5747 0.04767455942478107
5820 0.050631842453540375
5903 0.03057641718673955
5925 0.10239175537732274
5981 0.05520195398817157
6011 0.08356388203160385
6109 0.03310865554470146
6186 0.053727899814805476
6210 0.05973254881498568
6245 0.09856985666491386
6250 0.050631842453540375
6531 0.04767455942478107
6606 0.01742653901572995
6608 0.11555014037298804
6655 0.0962477016930155
6675 0.05304811862423069
6775 0.021390257060534937
6811 0.0456316270315301
6923 0.04290350523393458
7006 0.06265355526230368
7008 0.07819032283215423
7099 0.015153783042469513
7201 0.012326243676027283
7338 0.04172469953106667
7380 0.04290350523393458
7401 0.029982020362946622
7406 0.03484250280456766
7633 0.15058682661562328
7717 0.02625689716408991
7836 0.06519156177919462
7862 0.022598785569777943
7865 0.03770589931816589
7928 0.08356388203160385
8097 0.02453118498152535
8224 0.0690041627059496
8264 0.02307336207492653
8412 0.03033545004549113
8499 0.17816695875440344
8500 0.06696123031269863
8644 0.04812385084650775
8691 0.02975153059409851
8875 0.03484250280456766
8997 0.010468668537263033
9138 0.04172469953106667
9204 0.04845301771706514
9372 0.0411724184675888
9497 0.021639872632968734
9500 0.12794503336553678
9594 0.038269339308495354
9645 0.021451189708832693
9658 0.07142043887663993
9890 0.028343785908280343
9902 0.009174062610386146
9925 0.046819241526785384
9966 0.03158664532311622
9974 0.13804738158590085
10005 0.04172469953106667
10125 0.16557420049563418
10268 0.0425988291109418
10349 0.050631842453540375
10382 0.03402919073463516
10387 0.0411724184675888
10447 0.06519156177919462
10667 0.07819032283215423
10705 0.054444443380295374
10785 0.11416152428321374
10807 0.08356388203160385
10866 0.04601579386196695
10882 0.05520195398817157
11000 0.010747118398899247
11031 0.24867409396401458
11032 0.20036334238188555
11047 0.0756835833227803
11097 0.0231425675985531
11236 0.07819032283215423
11325 0.05414264051233649
11365 0.02050836897073451
11400 0.06519156177919462
11681 0.07142043887663993
11722 0.044197491043942674
11733 0.021949007020348046
11875 0.09761561821458614
11975 0.06363060350649999
12064 0.03451674751342512
12181 0.03682963373576234
12256 0.035889322606822774
12309 0.059818002579745
12387 0.03094628754582357
12407 0.03268028222828828
12739 0.0690041627059496
12764 0.025740487898555348
12807 0.021269225829773267
12959 0.043215350860839774
12961 0.05009083559547139
12994 0.036445466905325484
13057 0.037427607088428384
13079 0.01900441219519926
13093 0.06519156177919462
13336 0.056664876609811274
13522 0.07142043887663993
13643 0.0456316270315301
13786 0.017931907365942478
13787 0.04614672414985306
13842 0.038937690720303134
14003 0.05520195398817157
14044 0.0425988291109418
14062 0.01638656822016933
14065 0.08121396076850473
14163 0.010710858929881507
