49 0.03543975372904724
108 0.029947278757146548
149 0.03487889901269763
209 0.05694882226589871
337 0.026504474072760343
451 0.04055556927933716
479 0.07955572671157254
482 0.06602513602062902
535 0.03894267599520825
556 0.030712188922822823
604 0.04538784135540852
702 0.0382074882310381
703 0.06833577071232806
717 0.21202643916089037
721 0.07087950745809447
727 0.1986168373413174
729 0.14741741960465737
797 0.040845631562072986
855 0.0458155824403335
877 0.06057855116330076
1554 0.07081018226388058
1684 0.03416788535616403
1759 0.05413338580310049
1801 0.04538784135540852
1919 0.16506284005157257
2017 0.0278967524600246
2086 0.03972336746826348
2172 0.03602670391199917
2546 0.07081018226388058
2714 0.06374942390796293
2730 0.025862007470281598
2768 0.037512790564887044
2770 0.030197131547516288
2804 0.04874025901067951
2963 0.07955572671157254
2984 0.17084646679769613
3010 0.05545693807840823
3439 0.04144656197205588
3443 0.02203253054445545
3537 0.062064637816188616
3633 0.011025200037059812
3697 0.36244823224606754
3786 0.025596373372532906
3789 0.02768819971833003
3810 0.04820327781820675
3881 0.055938911128256864
3991 0.029226102269934953
4195 0.059249201353390395
4202 0.04207755113027499
4219 0.02095673333748902
4400 0.055938911128256864
4401 0.07443991116128264
4477 0.03487889901269763
4504 0.13598949160216472
4508 0.044185298176739204
4606 0.05050365690569844
4676 0.06057855116330076
4808 0.044464557145759094
4928 0.04570245528172316
4936 0.14162036452776117
4979 0.07955572671157254
5040 0.07081018226388058
5059 0.06454449332988378
5105 0.062064637816188616
5297 0.03707003799264153
5314 0.07594329343525384
5390 0.020422279872882983
5440 0.07443991116128264
5487 0.18535018996320768
5610 0.04538784135540852
5663 0.021263735189031914
5685 0.026410665807136732
5760 0.04988806390998105
5766 0.07081018226388058
5778 0.06569436671359068
5796 0.055938911128256864
5861 0.051833006715608795
5964 0.06799474580108236
5985 0.062064637816188616
6193 0.04144656197205588
6210 0.056867467304994715
6230 0.025772839935878734
6519 0.09867040706400967
6870 0.06569436671359068
6880 0.07414007598528306
6963 0.06057855116330076
7204 0.0997761278199621
7306 0.05255418320282039
7338 0.03972336746826348
7466 0.02278093690973468
7580 0.014463133546967695
7596 0.041142519462289084
7636 0.14162036452776117
7671 0.02053910620389084
7693 0.020249043921155004
7717 0.04999496156222576
7718 0.026598985028568455
7891 0.021263735189031914
7892 0.03166745660734311
7932 0.046258335012579
7990 0.04988806390998105
7991 0.04144656197205588
8017 0.34878899012697634
8099 0.07081018226388058
8124 0.020364269869063926
8183 0.07081018226388058
8306 0.03111276712620269
8611 0.07955572671157254
8706 0.02077605501938747
8766 0.07955572671157254
8934 0.07081018226388058
9031 0.059249201353390395
9094 0.017711938309652776
9102 0.033659743384486115
9561 0.07955572671157254
9626 0.12749884781592585
9647 0.08008262784406582
9666 0.03797164671762692
9708 0.045007251335207235
9827 0.01536474227195308
9920 0.0445735489208047
10085 0.05804665817472107
10110 0.03525001852045231
10132 0.05115083227987004
10190 0.029947278757146548
10242 0.02718141860019435
10316 0.023651430566905166
10884 0.09097181453627197
10944 0.06799474580108236
10995 0.04538784135540852
11000 0.015347446650869739
11179 0.05255418320282039
11232 0.024032642452431308
11241 0.06374942390796293
11258 0.07594329343525384
11343 0.0445735489208047
11356 0.06669683571863864
11365 0.03904936337253442
11439 0.07081018226388058
11525 0.033494810923419494
11561 0.17084646679769613
11596 0.07081018226388058
11895 0.07443991116128264
12256 0.06833577071232806
12267 0.06374942390796293
12489 0.07081018226388058
12614 0.029109814316755883
12621 0.05804665817472107
12747 0.07081018226388058
12780 0.06057855116330076
12781 0.07443991116128264
12807 0.04049808784231001
12834 0.03137503460124838
12866 0.04930111372702911
12913 0.10366601343121759
12935 0.08837059635347841
12943 0.03844782223287294
13057 0.03563238577007472
13577 0.04274176520197803
13616 0.051724014940563195
13754 0.016251936333420917
13802 0.07955572671157254
13982 0.05119274674506581
13989 0.049498532951455065
13997 0.032100087114381025
14040 0.02934347198704529
14041 0.025596373372532906
14150 0.07443991116128264
14163 0.02039422164589222
14198 0.03195422244235162
14201 0.06374942390796293
