1097 0.15447015629629504
1368 0.15345168805654305
1523 0.22724256045145952
1684 0.1337613223172249
2602 0.17150319335599307
2825 0.2661875914815889
3036 0.15245379634682538
3697 0.15765796940413407
3984 0.06233208226694186
5314 0.1486523857876382
5390 0.0799496700499337
6050 0.18475381388082296
6492 0.2661875914815889
6924 0.31144681890382037
6972 0.2772095350475544
7059 0.20291719682636558
7091 0.2772095350475544
7287 0.19080962802915663
7344 0.17297774941273214
7596 0.16106580051332137
7932 0.18109332769578274
9094 0.06933915471806802
9552 0.16472628669836153
10110 0.13799768524895692
10884 0.11871293837400475
10995 0.17768549658659546
11043 0.17606587740170532
11365 0.07643572942704381
11965 0.14344821273032954
13450 0.16225607400327022
