49 0.02450262242324125
79 0.032294103689571224
108 0.10352595415871736
127 0.052506285987429936
172 0.04542030046889762
175 0.023743591788823987
209 0.03937373549765647
248 0.04013276613207373
328 0.0492716118310841
336 0.048484409196187295
337 0.01832487679504237
451 0.028039636189591426
482 0.0456489904169577
491 0.048957314235247795
535 0.05384900207583136
604 0.09414183415383295
637 0.02179703264701966
702 0.02641620099911255
703 0.04724653564375592
717 0.23454807602663538
721 0.19602097938593
727 0.054928523595058946
729 0.25480660777143543
750 0.04542030046889762
789 0.05910229187560751
797 0.05648036357453584
817 0.02450262242324125
854 0.030288769569334798
872 0.05146686544013878
1002 0.019287481442128683
1045 0.07311432529885058
1054 0.022398881564101518
1097 0.24552544999656742
1255 0.01832487679504237
1319 0.010151352028146774
1368 0.0271007363106202
1371 0.03686418429276549
1391 0.03408620116083257
1445 0.03742717635585214
1523 0.04013276613207373
1683 0.03332717052641531
1684 0.02362326782187796
1718 0.016404396444853548
1801 0.031380611384610985
1842 0.06594213201831367
1919 0.25106944729326736
1957 0.09084060093779524
2086 0.027464261797529473
2193 0.05146686544013878
2311 0.08180928968918877
2324 0.04407559024417515
2352 0.018792908155644064
2371 0.02160530296651434
2372 0.02692450103791568
2424 0.027843597618260815
2602 0.030288769569334798
2631 0.031380611384610985
2693 0.01839022054101563
2714 0.04407559024417515
2768 0.07780768599135507
2825 0.23505377546721737
2897 0.03583672173130629
2984 0.03937373549765647
3039 0.030817619321524332
3153 0.029551145937803756
3168 0.030817619321524332
3443 0.045699085362168684
3545 0.05146686544013878
3622 0.03742717635585214
3666 0.020535800086105217
3697 0.05568719523652163
3699 0.025480660777143543
3746 0.022609092923762418
3786 0.017697026817582832
3789 0.03828658113509834
3799 0.058637019006658846
3908 0.019508337524646032
3985 0.018656603049676597
4046 0.03262893002858753
4204 0.036335334540575956
4219 0.02897847022972813
4236 0.029790156760065144
4273 0.05146686544013878
4384 0.030649708062802344
4388 0.03369843290899665
4399 0.03003590115988852
4452 0.015464430597860172
4504 0.047010755093443476
4508 0.030549187394482407
4554 0.048957314235247795
4577 0.024491645179207697
4678 0.027280605555174156
4789 0.032299707964956126
4808 0.015371131855047163
4841 0.029091916262237356
4895 0.03332717052641531
4936 0.048957314235247795
4990 0.019360480607021006
4998 0.029091916262237356
5002 0.06814838768209439
5016 0.03867549499982868
5070 0.025629781490395322
5095 0.047010755093443476
5106 0.03198246030169284
5279 0.021234040583933005
5314 0.07875942898114491
5316 0.04542030046889762
5390 0.0141197203731377
5470 0.05146686544013878
5487 0.17940847043276728
5528 0.020369636027871396
5588 0.03408620116083257
5657 0.047010755093443476
5685 0.03652003776133898
5718 0.024371441766283523
5954 0.03332717052641531
5979 0.04013276613207373
6077 0.09502903938490945
6118 0.048957314235247795
6301 0.038029025272933996
6310 0.04963796992303577
6324 0.036335334540575956
6492 0.047010755093443476
6501 0.09402151018688695
6519 0.01705488522240602
6695 0.033555860474475396
6869 0.03937373549765647
6880 0.051259562980790645
6967 0.027843597618260815
7000 0.03937373549765647
7059 0.07167344346261258
7081 0.03583672173130629
7099 0.029923819898916293
7103 0.04291074926400664
7133 0.048957314235247795
7192 0.03742717635585214
7204 0.034492011506583826
7206 0.019583216519154168
7287 0.03369843290899665
7294 0.05146686544013878
7304 0.048957314235247795
7466 0.03150093535155701
7533 0.019508337524646032
7580 0.01999927556312569
7596 0.028445446535342672
7627 0.016723578975441696
7636 0.048957314235247795
7671 0.014200492702981288
7714 0.02282449520847885
7716 0.024908432768992496
7718 0.01839022054101563
7865 0.012409492480758942
7932 0.03198246030169284
7977 0.05146686544013878
7986 0.05146686544013878
7990 0.06898402301316765
8017 0.16880397919983725
8097 0.06458820737914245
8124 0.014079612949389317
8183 0.048957314235247795
8184 0.047010755093443476
8231 0.041883286702547456
8306 0.021510995569101327
8344 0.017225379560847114
8706 0.014364316283814741
8737 0.022609092923762418
8779 0.04013276613207373
8934 0.048957314235247795
9021 0.03686418429276549
9094 0.04898329035841539
9392 0.028445446535342672
9397 0.05146686544013878
9409 0.017880683059938146
9426 0.025935895330451687
9437 0.03262893002858753
9449 0.05146686544013878
9552 0.029091916262237356
9592 0.03109457430669265
9626 0.04407559024417515
9647 0.055368172356000285
9666 0.026253142993714968
9708 0.031117475990546373
9938 0.1544005963204163
9961 0.020877936066674527
10047 0.03867549499982868
10079 0.03758581631128813
10081 0.04407559024417515
10132 0.03536507447457058
10145 0.032299707964956126
10190 0.020705190831743474
10197 0.06276122276922197
10218 0.03198246030169284
10316 0.016352316592860364
10382 0.022398881564101518
10645 0.021325385390283946
10657 0.013387530834661234
10732 0.029575726057384396
10759 0.047010755093443476
10805 0.05146686544013878
10884 0.04193121731378215
10901 0.05146686544013878
10935 0.038029025272933996
10949 0.018656603049676597
10959 0.05146686544013878
10995 0.031380611384610985
11000 0.03183312389715154
11043 0.3420403173736191
11062 0.04013276613207373
11102 0.024242204598093647
11140 0.048957314235247795
11179 0.036335334540575956
11232 0.03323176387436561
11258 0.13126571496857484
11262 0.01832487679504237
11356 0.030742263710094326
11358 0.04542030046889762
11365 0.13499131708143508
11378 0.0621891486133853
11596 0.048957314235247795
11636 0.02250335406186666
11678 0.050961321554287085
11708 0.0621891486133853
11741 0.03262893002858753
11892 0.06898402301316765
11897 0.038029025272933996
11930 0.02338748727156551
12175 0.015946506247109114
12211 0.036335334540575956
12366 0.05146686544013878
12458 0.03262893002858753
12489 0.048957314235247795
12599 0.03536507447457058
12674 0.04096419012220232
12733 0.016352316592860364
12819 0.07267066908115191
12834 0.01446154944582128
12850 0.031380611384610985
12854 0.02675175580298463
12866 0.03408620116083257
12928 0.023271944532088272
12943 0.026582365057346378
12966 0.055303735875511
12969 0.03742717635585214
13079 0.012509188986453826
13125 0.02824018178726792
13147 0.041883286702547456
13173 0.05146686544013878
13528 0.04096419012220232
13666 0.0250480093354515
13716 0.07372836858553097
13754 0.011236394662019965
13786 0.02360647788778462
13824 0.025935895330451687
13874 0.01860279456747012
13912 0.033555860474475396
13989 0.03422269445455525
13997 0.08877446726410707
14040 0.02028772604297826
14041 0.05309108045274849
14062 0.01078605729028007
14204 0.07167344346261258
14205 0.05146686544013878
