49 0.02403767939880675
79 0.03168131547525386
108 0.10156152482529363
127 0.05150996685933274
172 0.04455843958290926
175 0.023293051549230576
209 0.03862660960438064
248 0.03937123745395681
328 0.04833667140602259
336 0.0475644061263031
337 0.01797715794714488
451 0.02750757749689958
482 0.044782790085408274
491 0.04802833768100208
535 0.05282720459409859
555 0.0292248815277592
604 0.09235547070500567
637 0.021383428825047113
702 0.025914947371054056
703 0.046350021515724295
717 0.23009747110935602
721 0.192301435190454
727 0.08082936290783116
729 0.2499715924487174
750 0.04455843958290926
789 0.0869712179762241
797 0.055408635389368334
817 0.02403767939880675
854 0.029714033041680167
872 0.05049026956143787
1002 0.01892149694461132
1045 0.07172696377702051
1054 0.021973857517349465
1097 0.24086654682591063
1255 0.01797715794714488
1319 0.00995872773542662
1368 0.026586493463996972
1371 0.03616467772394485
1391 0.033439407475428194
1445 0.03671698688019718
1523 0.03937123745395681
1683 0.03269477962585202
1684 0.023175010757862147
1718 0.016093119163371288
1801 0.030785156901668557
1842 0.06469086455115584
1919 0.2686967405124497
1957 0.08911687916581852
2086 0.026943120969277052
2193 0.05049026956143787
2311 0.08025693917266402
2324 0.04323924555102815
2352 0.01843630830258029
2371 0.02119533726033153
2372 0.026413602297049296
2424 0.027315258803575736
2602 0.029714033041680167
2631 0.030785156901668557
2693 0.01804126178016695
2714 0.04323924555102815
2768 0.07633126684632686
2825 0.23059357478409315
2897 0.03515671150628781
2984 0.03862660960438064
3039 0.030232847745416222
3153 0.0289904059920747
3168 0.030232847745416222
3443 0.044831934467249646
3545 0.05049026956143787
3622 0.03671698688019718
3666 0.020146128448666135
3697 0.05463051760715147
3699 0.024997159244871735
3746 0.02218008006701105
3786 0.017361221570701954
3789 0.03756008425159232
3799 0.057524367777339006
3908 0.019138162231009108
3985 0.018302589618062727
4046 0.032009788405723376
4204 0.035645863020208786
4219 0.028428596940275032
4236 0.0292248815277592
4273 0.05049026956143787
4384 0.030068122642327635
4388 0.033058997217388766
4399 0.029465962869787445
4452 0.015170989389440514
4504 0.04611871495681862
4508 0.029969509377335373
4546 0.05049026956143787
4554 0.04802833768100208
4577 0.024026910450560997
4678 0.026762949647323397
4789 0.03168681340819499
4808 0.01507946101221981
4841 0.02853989030763055
4895 0.03269477962585202
4936 0.04802833768100208
4990 0.018993110933177616
4998 0.02853989030763055
5002 0.06685525599472066
5016 0.037941618384251995
5070 0.025143450357510675
5095 0.04611871495681862
5106 0.031375585593970905
5279 0.020831119668794782
5314 0.07726495028899912
5316 0.04455843958290926
5336 0.029465962869787445
5390 0.013851795357559402
5470 0.05049026956143787
5487 0.17600415250257473
5528 0.019983117392525437
5588 0.033439407475428194
5657 0.04611871495681862
5685 0.03582706145390858
5718 0.023908987925673503
5954 0.03269477962585202
5979 0.03937123745395681
6077 0.09322584100811789
6118 0.09605667536200416
6301 0.037307415572499524
6310 0.048696077766998046
6324 0.035645863020208786
6492 0.04611871495681862
6501 0.09223742991363724
6519 0.016731264763349876
6695 0.03291913012835104
6869 0.03862660960438064
6880 0.05028690071502135
6967 0.027315258803575736
7000 0.03862660960438064
7059 0.07031342301257562
7081 0.03515671150628781
7099 0.029356008377107966
7103 0.04209650770247347
7133 0.04802833768100208
7192 0.03671698688019718
7204 0.033837517474406706
7206 0.019211620378982053
7287 0.033058997217388766
7294 0.05049026956143787
7304 0.04802833768100208
7466 0.030903197693036986
7533 0.019138162231009108
7580 0.01961978460472122
7596 0.027905687495878087
7627 0.016406245130357596
7636 0.04802833768100208
7667 0.053960167659530704
7671 0.013931035013443468
7714 0.022391395042704137
7716 0.02443578939778526
7718 0.01804126178016695
7865 0.012174019441749511
7932 0.031375585593970905
7977 0.05049026956143787
7986 0.05049026956143787
7990 0.06767503494881341
8017 0.1656008839853713
8097 0.06336263095050772
8124 0.013812448981611445
8183 0.04802833768100208
8184 0.04611871495681862
8231 0.04108854148481644
8306 0.021102819367969133
8344 0.016898523931612265
8417 0.029969509377335373
8706 0.014091750003293038
8737 0.02218008006701105
8779 0.03937123745395681
8934 0.04802833768100208
9021 0.03616467772394485
9094 0.048053820901121994
9392 0.027905687495878087
9397 0.05049026956143787
9409 0.017541392892655605
9426 0.02544375561544229
9437 0.032009788405723376
9449 0.05049026956143787
9552 0.02853989030763055
9592 0.030504547444590576
9626 0.04323924555102815
9647 0.07242339768111251
9666 0.02575498342966637
9708 0.03052701456360582
9938 0.15147080868431362
9961 0.020481772318520674
10047 0.037941618384251995
10079 0.03687261660516058
10081 0.04323924555102815
10132 0.03469401386719812
10145 0.03168681340819499
10190 0.020312304965058724
10197 0.061570313803337114
10218 0.031375585593970905
10316 0.016042027538820846
10382 0.021973857517349465
10645 0.020920731185957425
10657 0.013133499287814494
10732 0.029014519698104115
10759 0.04611871495681862
10805 0.05049026956143787
10884 0.041135562601427846
10901 0.05049026956143787
10935 0.037307415572499524
10949 0.018302589618062727
10959 0.05049026956143787
10995 0.030785156901668557
11000 0.031229082882835414
11043 0.3355500218904964
11062 0.03937123745395681
11102 0.02378220306315155
11140 0.04802833768100208
11179 0.035645863020208786
11232 0.032601183337468254
11258 0.12877491714833186
11262 0.01797715794714488
11276 0.030504547444590576
11356 0.03015892202443962
11358 0.04455843958290926
11365 0.13242982508469653
11378 0.06100909488918115
11596 0.04802833768100208
11636 0.022076347624893588
11678 0.04999431848974347
11708 0.06100909488918115
11741 0.032009788405723376
11892 0.06767503494881341
11897 0.037307415572499524
11930 0.022943704198956475
12175 0.015643917539842334
12211 0.035645863020208786
12366 0.05049026956143787
12458 0.032009788405723376
12489 0.04802833768100208
12599 0.03469401386719812
12674 0.04018688497829
12733 0.016042027538820846
12819 0.07129172604041757
12834 0.014187138143177546
12850 0.030785156901668557
12854 0.026244134943587346
12866 0.033439407475428194
12928 0.022830353910140887
12943 0.026077958427194754
12966 0.0542543344777203
12969 0.03671698688019718
13079 0.012271824182796405
13125 0.027704317694684167
13147 0.04108854148481644
13173 0.05049026956143787
13528 0.04018688497829
13666 0.024572717466061957
13716 0.0723293554478897
13754 0.01102318143007856
13786 0.02315853941671786
13824 0.02544375561544229
13874 0.01824980216446393
13912 0.03291913012835104
13989 0.03357331077679404
13997 0.08708995086462219
14040 0.019902761668864007
14041 0.05208366471210586
14062 0.010581389315903994
14204 0.07031342301257562
14205 0.05049026956143787
