1045 0.0713412874451072
1097 0.07985713530008591
1391 0.09977881071816169
1523 0.11747861419329324
1641 0.14331026702856656
1684 0.06915119574111048
2006 0.062424720851381
2424 0.08150515345950168
2602 0.08866278150166423
2825 0.13761220301593677
3036 0.15762945715582447
3181 0.08388225638929245
3182 0.09977881071816169
3697 0.08150515345950168
3799 0.08582258833914237
3984 0.06444819693947122
4219 0.04241360429563488
4304 0.077813211245898
4990 0.11334590914286585
5223 0.04133194250239724
5314 0.07684949616904553
5390 0.04133194250239724
6050 0.19102602944205913
6492 0.13761220301593677
6519 0.04992390194486717
6967 0.08150515345950168
6972 0.2866205340571331
7059 0.10490302094726306
7091 0.2866205340571331
7105 0.09185887476258764
7242 0.03792216248236543
7287 0.09864371634903885
7344 0.08942508941507572
7430 0.15065634920061213
7580 0.02927143335066695
7596 0.08326691532011772
7865 0.03632567898968104
7932 0.09362063662320368
8074 0.12222985020556135
8412 0.23380019366446828
9094 0.03584657640465635
9243 0.16101007050369812
9299 0.09102157290776011
9534 0.11747861419329324
9647 0.2161019298592504
9666 0.07684949616904553
9954 0.33963845458848335
9978 0.10791066007830344
10242 0.05501152847330098
10319 0.10490302094726306
10443 0.15065634920061213
10884 0.06137156463685818
10995 0.09185887476258764
11043 0.09102157290776011
11232 0.048638829856773313
11258 0.07684949616904553
11365 0.03951532472659637
11965 0.22247721386236827
12638 0.08451279259054205
12735 0.04006926008579329
12854 0.07830906019857828
13254 0.16101007050369812
13874 0.027227509296479043
14162 0.11132044009833525
14180 0.18724127324640735
