10 0.03364614015557732
79 0.02536621812678732
194 0.023930332683110213
703 0.03711098287151307
920 0.03364614015557732
971 0.029631059430263364
976 0.028993551490895636
995 0.03350112346498931
1012 0.07657950019090823
1024 0.043740911802880096
1099 0.030530001268844496
1111 0.03620310464567106
1135 0.05024285993768222
1143 0.061854186925306406
1402 0.07782819723622801
1458 0.0237167603181731
1474 0.0570810096187114
1479 0.126891169889301
1482 0.06075728571119555
1519 0.024367729898484736
1615 0.04257391350816368
1623 0.04570195852021444
1653 0.0522803706947546
1657 0.1161048900919908
1963 0.0722656958712184
2017 0.12119870948092432
2058 0.040990930750431566
2173 0.07135304079984978
2176 0.09159000380653348
2204 0.079665563476109
2340 0.038914098618114006
2605 0.05024285993768222
2618 0.04257391350816368
2648 0.024516687336584856
2659 0.05121469911403366
2758 0.18913975929289054
2763 0.03502535393817945
2848 0.02350646540816067
2919 0.047991259239982396
2926 0.04570195852021444
2949 0.13405915986373343
3010 0.04015586483586867
3035 0.046798859734325286
3044 0.03187101206149147
3078 0.3645130675908613
3092 0.16344258301561823
3103 0.047991259239982396
3130 0.019442886781938413
3137 0.08824573423071187
3208 0.031999688587926976
3214 0.08571295835243928
3220 0.028484052312511467
3355 0.05024285993768222
3471 0.16456157530726673
3512 0.02878747318072538
3633 0.011974870714570533
3758 0.025207789201824145
3761 0.03279820275522362
3790 0.161286470266889
3865 0.024667281702375754
3915 0.02560734955701683
3928 0.03252682855318691
3945 0.057911806367200766
3984 0.01729352549213207
4060 0.0597417138122256
4117 0.06075728571119555
4211 0.046798859734325286
4542 0.03149207687588819
4621 0.047184912006237034
4630 0.043740911802880096
4700 0.042297056629767
4808 0.04829457256206788
4823 0.06924056768676899
4832 0.06579656748341206
4913 0.037883240661363976
4922 0.02237215818694809
4949 0.061854186925306406
4962 0.10837048099157573
5059 0.04673608100017976
5247 0.015017833462041478
5390 0.11090690434301048
5613 0.030764262518261885
5689 0.015708935327280765
5819 0.08085189467439316
5832 0.12370837385061281
5970 0.09839460826567085
6154 0.0283843867868206
6292 0.19305813693089685
6485 0.06075728571119555
6556 0.06304658643096352
6579 0.039798531244774456
6587 0.06741066024174414
6629 0.03321561419271648
6645 0.046798859734325286
6681 0.02601891049915339
6734 0.03711098287151307
6752 0.03239313042560362
6789 0.03018595099655275
6813 0.037376700765213794
6866 0.026187059226906433
7006 0.12957252170241448
7201 0.012745824794257411
7214 0.05629771360886867
7491 0.02046243718271565
7611 0.22222711658208502
7693 0.02199322300134481
7862 0.02336804050008988
7865 0.019494697616352263
7959 0.0453550045612122
8078 0.03768605813169365
8115 0.023576205759076926
8250 0.05577243889378859
8666 0.04257391350816368
8669 0.03161722796834321
8673 0.0213246050613771
8683 0.07698481073087804
8691 0.030764262518261885
8700 0.048848035047207396
8706 0.022565628920989296
8714 0.07385156618484234
8931 0.02761212899696969
8952 0.06435271231029896
8981 0.03112333850315753
8996 0.015055327190981118
8997 0.0433000737327998
9099 0.026187059226906433
9298 0.0431449940301207
9336 0.1141620192374228
9489 0.044048878681876756
9533 0.03957201452756597
9645 0.022181380868602097
9652 0.02035147342357726
9664 0.054853858435755576
9765 0.07609865438036195
9853 0.047184912006237034
9890 0.029308598684892963
9896 0.07690951411628752
9918 0.04002885514338787
9921 0.05024285993768222
10037 0.06910004961466676
10048 0.06587186409800255
10091 0.08514782701632737
10324 0.04002885514338787
10335 0.03266184392490818
10374 0.04468638662124448
10445 0.059922582114518064
10499 0.026881078377814838
10558 0.06435271231029896
10567 0.027464291979488523
10583 0.03620310464567106
10922 0.04642338557901668
10929 0.06741066024174414
10999 0.008381750983476783
11000 0.05000825984793964
11003 0.04081368598268507
11098 0.03424205792833672
11108 0.032935932049001276
11206 0.221554698554527
11246 0.05305935161347373
11247 0.07385156618484234
11255 0.06829703049709919
11317 0.029522727250466514
11356 0.02414728628103394
11359 0.023027974678643526
11482 0.1185838015908655
11733 0.06808843113333148
11815 0.033075059633620306
11861 0.04124238641788755
11880 0.03808330186962465
11905 0.0603719019931055
11910 0.031245152188595464
12064 0.008922921447865002
12069 0.03212958481525592
12217 0.05024285993768222
12318 0.0453550045612122
12329 0.0570810096187114
12335 0.02920277615612023
12358 0.06741066024174414
12378 0.01908559412053789
12387 0.031999688587926976
12666 0.03239313042560362
12667 0.1842237974291482
12725 0.038914098618114006
12733 0.025688678872157724
12768 0.1927775088915355
12834 0.011359188699591787
12847 0.04074400606313884
12865 0.016987523477914587
12984 0.08687942795560344
12995 0.0597417138122256
13177 0.07690951411628752
13326 0.07690951411628752
13363 0.05024285993768222
13480 0.020915501565562728
13585 0.05179591050431038
13738 0.046798859734325286
13754 0.017651819087179717
13786 0.018542303358618985
13851 0.049761970267348646
13982 0.02780115198523853
14072 0.020518257827631732
14110 0.044048878681876756
14170 0.02074384233509332
