300 0.03328717282865944
309 0.04797894081957189
312 0.042842996305198
313 0.030821918781621153
336 0.028981687828847108
637 0.026058471423873283
638 0.03861447705448776
913 0.0513000348066185
916 0.03652172016407549
960 0.045265128754005596
968 0.02101304413203497
1104 0.03941708925832752
1180 0.0845582788742351
1278 0.058528736211404656
1459 0.0513000348066185
1550 0.02167658453166299
1718 0.019611545429444203
1871 0.05883463628833262
1948 0.04797894081957189
1959 0.049711832644491485
1963 0.013748688635533869
2182 0.01832094658567662
2234 0.0313857756497016
2244 0.03477954457662756
2252 0.054300216960694404
2371 0.025829257545018105
2393 0.05620161413965225
2439 0.058528736211404656
2494 0.05620161413965225
2558 0.015960769615668804
2724 0.052692608552165836
2804 0.04028666035459042
2965 0.018376271976272986
2995 0.01452428501927479
3130 0.014796187503247878
3157 0.02359321737683499
3159 0.030462268946199505
3181 0.03425799531897933
3204 0.03218838785354136
3238 0.0328336747858453
3273 0.038235205742593516
3312 0.04897291273486609
3421 0.054573617041015224
3432 0.020438727752333175
3434 0.05007169770998417
3481 0.02653258996113414
3528 0.11705747242280931
3529 0.04474439348415584
3530 0.06152891836548057
3691 0.038235205742593516
3746 0.027029293914193175
3756 0.024550661017765485
3786 0.04231378418167906
3789 0.022885908292732255
3828 0.06152891836548057
3831 0.06152891836548057
3832 0.02782173662754524
3840 0.028241745536821135
3846 0.05620161413965225
3888 0.04227913943711755
3890 0.030114609697518415
3978 0.03751569207936969
3984 0.013160506906386083
3985 0.04460814142084779
3991 0.024157074244915443
3992 0.026654565757094698
4091 0.06152891836548057
4151 0.05007169770998417
4182 0.031779362422551645
4319 0.04797894081957189
4376 0.04227913943711755
4383 0.018771992521338914
4405 0.06851599063795866
4444 0.03505043803233139
4450 0.027685410350760747
4456 0.06152891836548057
4489 0.06768643282868705
4492 0.02715725639899136
4509 0.0513000348066185
4577 0.029279895404170597
4586 0.09850102435753592
4711 0.03590808367084111
4720 0.06396373996584603
4721 0.03158071238457261
4737 0.06152891836548057
4805 0.04227913943711755
4820 0.03561429490041185
4827 0.016595762955826862
4903 0.03305795894980427
4945 0.058528736211404656
4985 0.021525439687990672
4990 0.02314556016960828
5002 0.02715725639899136
5032 0.06152891836548057
5051 0.025604973381059142
5059 0.017783259898628535
5247 0.011428687637235854
5260 0.01815670993676362
5343 0.058528736211404656
5433 0.06152891836548057
5436 0.04897291273486609
5596 0.04227913943711755
5798 0.018102534169898647
5814 0.04075023941478573
5938 0.020524649327426616
5942 0.058528736211404656
6151 0.0313857756497016
6154 0.02160073829430786
6230 0.021302751974347688
6271 0.030462268946199505
6494 0.05620161413965225
6495 0.04028666035459042
6497 0.038235205742593516
6537 0.03621038923363326
6606 0.013713156023072132
6671 0.058528736211404656
6673 0.05620161413965225
6720 0.022632564377002798
6775 0.01683225407982419
6809 0.0513000348066185
6851 0.028981687828847108
6872 0.06152891836548057
6911 0.031006504337807363
7006 0.024651423267024256
7099 0.011924696637329665
7201 0.009699671435343128
7216 0.05007169770998417
7233 0.031194415938247164
7275 0.058528736211404656
7276 0.06522822549267186
7351 0.03941708925832752
7406 0.027417990271165208
7418 0.04011621423144291
7466 0.01882977001908712
7468 0.02693552179421832
7491 0.04671621977609031
7504 0.04707151555590825
7627 0.01999312988577928
7662 0.054300216960694404
7671 0.033953532969191146
7684 0.06152891836548057
7687 0.06152891836548057
7693 0.016737013128674847
7716 0.029778167241173024
7717 0.04132374502681398
7748 0.042842996305198
7862 0.017783259898628535
7865 0.014835615949717008
7892 0.026174995671529484
7911 0.038235205742593516
7925 0.046236765232123965
8264 0.01815670993676362
8268 0.30561933042428246
8301 0.03451550992529377
8357 0.1124032282793045
8507 0.03505043803233139
8567 0.03158071238457261
8585 0.06092453789239901
8590 0.06152891836548057
8659 0.17628533360732937
8681 0.058528736211404656
8706 0.017172618469076077
8716 0.02677798508709711
8744 0.006118493852766288
8754 0.0513000348066185
8996 0.011457220655496404
8997 0.01647584582064542
9105 0.03686378487402867
9126 0.022064317354503166
9162 0.054300216960694404
9174 0.0328336747858453
9204 0.019064135200427258
9360 0.058528736211404656
9369 0.054300216960694404
9383 0.03686378487402867
9497 0.017028679617188975
9500 0.02517037667856854
9535 0.038235205742593516
9589 0.03900806382733781
9645 0.016880202723685823
9680 0.03900806382733781
9686 0.06152891836548057
9719 0.017074232723637443
9722 0.02549461455579283
9725 0.03254686813695908
9755 0.029452240350799238
9758 0.02549461455579283
9760 0.102600069613237
9807 0.05620161413965225
9823 0.04174421133007993
9827 0.012699853589419038
9902 0.028876726888362694
10003 0.024550661017765485
10018 0.046236765232123965
10037 0.026292836605213414
10044 0.04407133340183234
10050 0.03717373319249697
10077 0.06152891836548057
10079 0.02246702420809951
10088 0.052692608552165836
10156 0.017025385741273335
10159 0.03590808367084111
10209 0.05648349107364227
10242 0.02246702420809951
10260 0.03451550992529377
10451 0.02359321737683499
10459 0.029452240350799238
10493 0.02782173662754524
10509 0.05007169770998417
10516 0.012508493877964603
10522 0.031194415938247164
10574 0.029293018759289326
10591 0.046236765232123965
10608 0.031006504337807363
10628 0.04188371485571658
10652 0.04343909063841942
10664 0.03590808367084111
10720 0.042842996305198
10732 0.017678970912860338
10884 0.02506449950857908
10924 0.017888602326319773
11082 0.05620161413965225
11200 0.02527733978719268
11232 0.01986437748909519
11336 0.5793909813637446
11338 0.15847214592946457
11339 0.05648349107364227
11430 0.03451550992529377
11438 0.03621038923363326
11511 0.025716512537000562
11525 0.027685410350760747
11534 0.06152891836548057
11537 0.04123538789666943
11566 0.09794582546973218
11606 0.0328336747858453
11714 0.02246702420809951
11948 0.058528736211404656
11978 0.037869244977073835
12057 0.01999312988577928
12064 0.027161649460821474
12081 0.04227913943711755
12092 0.038235205742593516
12208 0.04123538789666943
12238 0.03941708925832752
12245 0.025716512537000562
12256 0.028241745536821135
12268 0.045463907147379676
12354 0.017627214917459583
12382 0.046236765232123965
12406 0.049711832644491485
12477 0.05007169770998417
12513 0.022304070710423896
12611 0.03872939625224949
12659 0.037869244977073835
12666 0.024651423267024256
12733 0.019549283682310955
12834 0.008644430622312045
12857 0.052692608552165836
12926 0.04474439348415584
12994 0.028679382266054952
13008 0.03590808367084111
13022 0.02314556016960828
13057 0.029452240350799238
13087 0.11705747242280931
13162 0.06152891836548057
13261 0.031006504337807363
13332 0.03028699067458353
13336 0.011147570571486826
13344 0.03477954457662756
13614 0.024450863015344708
13676 0.02032214176705524
13723 0.055972167126066036
13726 0.029293018759289326
13754 0.013433171108620828
13787 0.12709696955734534
13874 0.011119871188220824
13878 0.04474439348415584
13918 0.022549465836386867
13989 0.061370126837923776
14024 0.06152891836548057
14040 0.024254087146059495
14041 0.02115689209083953
14072 0.04684365960608991
14163 0.025285516449479822
14211 0.02782173662754524
14212 0.08889415578405233
