1010 0.09409285525450986
1111 0.0880183465784268
1461 0.05714980080794493
1656 0.09210315630884974
3204 0.10283419132484099
3247 0.23970730528831244
3432 0.03264842044409079
3527 0.07311499671017749
3786 0.06759120397727662
3840 0.09022561419028685
3984 0.042044668136254675
4079 0.08888378630095181
4384 0.05853103718695195
4489 0.08649677784761019
4835 0.08932508488475348
4883 0.21007926683444306
5260 0.05800634042196587
5390 0.107856411100044
5738 0.17955069907504034
6496 0.12336400752338395
6591 0.12336400752338395
6884 0.2634743801158471
7025 0.07422568475884246
7284 0.3137339320924642
7468 0.043026271061231906
7469 0.11471772873860833
8115 0.05731935616618083
8156 0.1727042431820143
8250 0.04519868212154012
8268 0.34870734884291443
8293 0.06167130140686733
8433 0.04764960707199308
8706 0.054862403834343626
8744 0.058641368154696984
8949 0.15645672907964203
8997 0.026318191036281243
9375 0.09731965475424074
9457 0.0804133261615791
9645 0.053928205550022
9652 0.04947926590025915
9725 0.051989724994136226
9827 0.04057299109710157
9905 0.053319648796170155
10179 0.19657016039435554
10516 0.039961642642214384
10950 0.06492437658302853
10999 0.061134082578131424
11000 0.013509106440087524
11097 0.11636064566583562
11339 0.1804512283805737
11714 0.07177676236622553
11910 0.07596438651181625
12064 0.021693741467119467
12182 0.0871748190934472
12316 0.09460941685745167
12318 0.11026878908884546
12433 0.16834026649340936
12554 0.13173719005792356
12611 0.12373114684155351
12695 0.07422568475884246
12877 0.045674655301957946
12984 0.10561226274893727
13336 0.03561381856622937
13709 0.08007507395692788
13723 0.05960589027008998
13989 0.06535428649606924
14010 0.1111123165738251
14212 0.28399554103644636
