440 0.0523503184918035
962 0.04135072323635487
967 0.05432284936444721
971 0.0255310187126745
994 0.024629226584741266
995 0.02886558315922687
1001 0.06597731915648583
1002 0.026107120190825183
1027 0.026507420832654102
1032 0.0696644424997791
1033 0.11636304725270448
1101 0.03031864449947167
1107 0.039224634253245724
1108 0.059659771310154326
1111 0.031193692022416005
1112 0.036444425716439396
1319 0.041221955540446456
1397 0.022346901951286434
1472 0.06626756794528112
1538 0.08575284303048886
1574 0.07445206828657627
1604 0.020253882910161326
1942 0.06994771026122949
2046 0.0313460520467301
2179 0.04462892605773455
2214 0.04850781603039161
2352 0.02543767642378039
2479 0.02837859710826254
2513 0.041714066921395634
2659 0.0661922050672067
2736 0.03017890632355831
2789 0.05147527096885916
2922 0.058083067603985954
2982 0.07445206828657627
2995 0.23022616740824553
3010 0.017299754991228787
3019 0.058083067603985954
3054 0.127265494685606
3214 0.07385288226919692
3225 0.03598131780921318
3257 0.032988659578242915
3276 0.047869404444295306
3281 0.09992689021505821
3282 0.04287642151524443
3297 0.02779681746791802
3312 0.05544824700150784
3341 0.07715983965622954
3419 0.13388677817320369
3421 0.030894745977622356
3454 0.06597731915648583
3536 0.03795384868185689
3633 0.030953734443592326
3699 0.034490074582651846
3728 0.05675719421652508
3729 0.059659771310154326
3750 0.07445206828657627
3758 0.04343959009171385
3763 0.036682973992437216
3847 0.029635926151990476
3865 0.021254077405377842
3877 0.063632747342803
3984 0.02980125121660647
3985 0.025253176762961883
4055 0.063632747342803
4190 0.03795384868185689
4244 0.05544824700150784
4384 0.020743392925877326
4577 0.01657568216677571
4663 0.03795384868185689
4722 0.033715519053969654
4729 0.05066062121471067
4763 0.03878768241756816
4788 0.09122694850930602
4808 0.0208060335929712
4881 0.02131949440402801
4917 0.08417789446933366
4922 0.019276529435546034
4956 0.04135072323635487
4957 0.0313460520467301
4970 0.05261114848271337
4980 0.05669231637168677
5002 0.030748064115502103
5051 0.05798106786853272
5059 0.1006730590734446
5064 0.07590769736371378
5223 0.019112149916949723
5391 0.061496128231004206
5426 0.03968490410300014
5528 0.05514380274258448
5641 0.04726374666021268
5663 0.01989962419752731
5689 0.027070589409123536
5718 0.032988659578242915
5837 0.038503144840766834
5974 0.030894745977622356
6004 0.0696644424997791
6077 0.04287642151524443
6109 0.014749242277653998
6120 0.04032331568909645
6278 0.019112149916949723
6310 0.033594444424938794
6315 0.07763173761524864
6400 0.05669231637168677
6606 0.03105269504609945
6629 0.08585873915541774
6637 0.11077932340379537
6723 0.029244473572062692
6734 0.031975947413160774
6861 0.03878768241756816
6862 0.031975947413160774
6867 0.06626756794528112
6901 0.127265494685606
6911 0.03510627028626885
6976 0.04726374666021268
7006 0.02791090278107012
7020 0.0738876797542238
7031 0.0523503184918035
7032 0.10295054193771833
7063 0.127265494685606
7064 0.03352956658010048
7088 0.05432284936444721
7093 0.0523503184918035
7100 0.02802610113923925
7159 0.22335620485972885
7201 0.010982188878413795
7209 0.04850781603039161
7242 0.01753544621078135
7243 0.07445206828657627
7245 0.024036599228379276
7442 0.026205930290909635
7446 0.07445206828657627
7453 0.031975947413160774
7479 0.020313973309846897
7491 0.03526211189636134
7520 0.0523503184918035
7544 0.3313378397264056
7558 0.04726374666021268
7566 0.0248926071265782
7580 0.013535294704561768
7593 0.058083067603985954
7598 0.04586748523789832
7616 0.02849847365114206
7627 0.0226366769369359
7646 0.058083067603985954
7692 0.04208894723466683
7717 0.023393842568432823
7747 0.04918272760862674
7785 0.04668764518206199
7792 0.039378192363711165
7865 0.016797222212469397
8027 0.0626921040934602
8097 0.021856302208463897
8115 0.020313973309846897
8182 0.03742897391335785
8259 0.09701563206078322
8344 0.023315903420409827
8412 0.027027669650827743
8417 0.12405216970906463
8517 0.1632113239428688
8658 0.014091055543652106
8661 0.047869404444295306
8715 0.03352956658010048
8744 0.013854996138869955
8795 0.04050776582032265
8932 0.046138349023152045
8944 0.05147527096885916
8976 0.03281372692603643
8996 0.038916378384277
8997 0.009327163911689331
9028 0.031043272942966077
9126 0.024981722553764553
9164 0.05147527096885916
9298 0.03717503427556152
9366 0.17546684143237615
9386 0.041714066921395634
9438 0.0696644424997791
9479 0.0523503184918035
9496 0.0255310187126745
9497 0.01928025883686532
9519 0.059659771310154326
9553 0.08744038048718887
9675 0.0696644424997791
9725 0.018425152628289414
9733 0.059659771310154326
9783 0.01807114681487374
9827 0.028758126865823568
9902 0.0735634974579002
9908 0.03165679992964223
9944 0.024036599228379276
10030 0.04099822726733158
10037 0.02976934834056173
10068 0.045420491272654386
10108 0.03999979577892007
10110 0.032988659578242915
10174 0.033715519053969654
10223 0.21318176726875512
10277 0.05147527096885916
10371 0.03692644113459846
10451 0.026712777974907814
10499 0.02316155170543494
10522 0.03531902807937877
10583 0.031193692022416005
10598 0.03017890632355831
10614 0.02158484799926657
10687 0.06626756794528112
10797 0.058488947144125385
10856 0.035756401712587406
10999 0.0072219706388750495
11000 0.004787625786797173
11118 0.06562745385207286
11262 0.024804159236947756
11311 0.02571994655207651
11324 0.05329544181718878
11356 0.0416120671859424
11529 0.05147527096885916
11546 0.059659771310154326
11582 0.05544824700150784
11842 0.026609652969584573
11875 0.02899053393426636
11912 0.03510627028626885
11957 0.04199194898770328
11987 0.033715519053969654
12182 0.030894745977622356
12215 0.021517948454559514
12219 0.04099822726733158
12326 0.058083067603985954
12387 0.02757190137129224
12409 0.04032331568909645
12414 0.044165818150508344
12572 0.03878768241756816
12614 0.027242361711786126
12670 0.17666327260203338
12695 0.05261114848271337
12733 0.04426828831635303
12734 0.07445206828657627
12735 0.03705655526722531
12768 0.02768382389699356
12834 0.04893710600065119
12865 0.08782179000059734
12877 0.016187092647210598
12900 0.05536764779398712
13022 0.026205930290909635
13048 0.07445206828657627
13075 0.043720190243594435
13077 0.04668764518206199
13078 0.0696644424997791
13659 0.041714066921395634
13770 0.03281372692603643
13775 0.031975947413160774
13786 0.015976610459681455
13822 0.019387401029997083
13869 0.05669231637168677
13874 0.012590171379176484
13946 0.07445206828657627
13948 0.11067072079088258
13982 0.02395431500650613
14060 0.08735046331972349
14163 0.009542945840570563
