194 0.037050239915945776
916 0.07430267235543507
971 0.091752828963364
990 0.1251792916969891
1044 0.0976121470637664
1104 0.08019323994622116
1112 0.06548659881261354
1319 0.02469043035325721
1474 0.08837591725209556
1520 0.08196236407194987
1545 0.044729259530159354
1604 0.036393985594814555
1653 0.026981102502631932
1944 0.10186981698865777
2105 0.06270654619519617
2125 0.0996343620421632
2204 0.03083563733645954
2558 0.03247185044860395
2605 0.15557744552947414
2618 0.06591524365858413
2758 0.0976121470637664
2776 0.04289642004654361
2886 0.09103152846743946
2929 0.0571685641211435
3010 0.031085744730395826
3078 0.25082618478078467
3092 0.08435022604156428
3130 0.03010253260865924
3137 0.04554227847006716
3328 0.06635272716255865
3455 0.08492772090855558
3512 0.04457032846319405
3590 0.06425029583820889
3633 0.07416057917998113
3738 0.05959603122182745
3790 0.16647497822716253
3984 0.026774774799860502
4284 0.08716317585505014
4887 0.04895150841471783
4984 0.08966220187089001
4998 0.14151650545147992
5059 0.036179668638912595
5247 0.023251424882156646
5268 0.0996343620421632
5299 0.06725572293834226
5412 0.0696971717187622
5426 0.07130937976991988
5736 0.08716317585505014
5746 0.05120860252497653
5816 0.055250867571995085
5954 0.08105936829616626
6105 0.08966220187089001
6109 0.02650275571199566
6158 0.0718752052547511
6606 0.02789912781664518
6775 0.03424486728111022
6866 0.04054422643838747
6928 0.08837591725209556
7006 0.050152802712358745
7099 0.024260544771738675
7201 0.01973377774589597
7396 0.08837591725209556
7475 0.12323649240044848
7479 0.03650196139136891
7566 0.044729259530159354
7580 0.02432142630054668
7598 0.04120939684560327
7633 0.06888083775900716
7862 0.036179668638912595
7865 0.030182748954612225
7891 0.035757421902725094
8027 0.056325385690398244
8044 0.07562917916301776
8124 0.03424486728111022
8517 0.04189609750270467
8658 0.025320067008688052
8715 0.06024891960367477
8795 0.036393985594814555
8864 0.11434100317577081
8976 0.05896263498488034
9389 0.1251792916969891
9409 0.04348994681062849
9497 0.017322245454997137
9722 0.05186825767397787
9890 0.04537716325364201
9949 0.12394969232248934
10068 0.20403898753866367
10091 0.06591524365858413
10156 0.03463778958864797
10179 0.1251792916969891
10438 0.0718752052547511
10516 0.025448267992277812
10567 0.021260853754862707
10569 0.05804664245632796
10614 0.11635674758800787
10616 0.052549081804734644
10684 0.07075825272573996
10732 0.07193498977694066
10754 0.06233754214248564
10970 0.07936108630046368
10999 0.0389312454154943
11003 0.03159498193227836
11102 0.05896263498488034
11246 0.24644810413996607
11255 0.05287058477147992
11311 0.09243179379160506
11320 0.1277074022934376
11356 0.0747722785034892
11359 0.14261264110619595
11482 0.07343915117715698
11529 0.09249536389834467
11553 0.07778872276473707
11816 0.0996343620421632
11930 0.05688376523788982
12041 0.04604547671667151
12057 0.040675602698581705
12064 0.013814951290997645
12354 0.03586219840321675
12433 0.21440401006390458
12611 0.039397071486864825
12667 0.03565316027654899
12735 0.06658652785596188
12834 0.03517382496461614
12865 0.026301005872714653
13079 0.06085046771886113
13324 0.1603864798924423
13336 0.022679498118136986
13480 0.03238251474511979
13518 0.13378212527171285
13581 0.08019323994622116
13720 0.2503585833939782
13754 0.027329504390654333
13785 0.13378212527171285
13822 0.034837013570993655
13860 0.0696971717187622
13925 0.06548659881261354
13973 0.04604547671667151
13982 0.08608650490845463
14039 0.060922538029410146
14040 0.04934443072225558
14161 0.07936108630046368
14163 0.017147617323272763
14170 0.03211674260743585
14204 0.08716317585505014
