995 0.09382718117209746
1012 0.07149251423354032
1107 0.06374956716078206
1417 0.31534797809837345
2017 0.08486083522075936
2204 0.05578018350087363
2605 0.14071605469899517
2743 0.13001878620269502
2758 0.1765756749478074
2978 0.20683737032012875
3078 0.22686624669426447
3092 0.10172366550213267
3137 0.16476757865513986
3150 0.09590232925487147
3388 0.14506571052581346
3492 0.2264433124951635
3790 0.0752863053590549
3915 0.07171895082069048
4061 0.1939232663523878
4188 0.09423333194835422
4624 0.10839233067325198
4630 0.12250593508156778
4825 0.18879821263435512
4881 0.06929872342817518
4899 0.17232401390619131
4962 0.15175754873310732
5247 0.04206070827827394
6521 0.13936921860648824
6645 0.13107038322249046
7006 0.09072400572926469
7206 0.08616200695309566
7693 0.061596803500099544
8078 0.10554800073137624
8250 0.05206761432907374
8433 0.05489101114242624
8517 0.07578802348632382
8673 0.11944838713294144
9496 0.08298822528713053
9765 0.07104360981566192
9862 0.21540181846105141
10374 0.12515394290641102
10499 0.0752863053590549
10567 0.07691972187189082
10999 0.046949832526539316
11213 0.07786317156909785
11246 0.07430212604532739
11255 0.047820171319511565
11482 0.06642394454365053
11606 0.12083693777505052
11668 0.1998397066684672
12335 0.0817887248465557
12667 0.1289897011637576
12768 0.17997177787758412
12865 0.047577253482059004
13480 0.05857841026579937
13851 0.2787384372129765
13982 0.07786317156909785
14072 0.05746584279601633
14170 0.058097641263113606
14171 0.08208510384977404
