328 0.04515358400386337
976 0.033827070378618006
1003 0.15353104428284822
1564 0.0533209382020491
1684 0.04329775984182409
2502 0.08078367208416265
2642 0.16649663175088045
2768 0.047536444820753525
2793 0.027670584636296777
2797 0.06043081374505263
2801 0.09433072496324327
2850 0.10136310913242612
3063 0.10081351869725941
3150 0.039950556033616136
3291 0.06481865730574667
3321 0.024879632853324306
3633 0.013971203029881595
3696 0.06481865730574667
3725 0.08973110960945636
3734 0.02632754796830524
3758 0.029410183146663955
3789 0.03508666133007965
3810 0.061083497699834136
3819 0.06756629143385028
3914 0.04515358400386337
3984 0.04035306292852538
4059 0.08973110960945636
4188 0.039255292728417684
4555 0.05175984195472657
4702 0.04540147325824419
4881 0.05773629389162619
4954 0.07676552214142411
5001 0.0697012629963596
5076 0.07088614102386827
5233 0.0750809616772545
5390 0.025879241871170845
5611 0.08973110960945636
5837 0.31281636104724264
6193 0.05252134476070558
6740 0.06756629143385028
6758 0.0559918885542241
6911 0.047536444820753525
6970 0.10081351869725941
7064 0.04540147325824419
7093 0.21265842307160482
7105 0.05751575885543531
7134 0.6048811121835563
7363 0.10081351869725941
7470 0.08616337076505753
7693 0.025659716180432283
7991 0.05252134476070558
8017 0.04419876083219692
8074 0.038265995569446536
8107 0.05805779505628617
8124 0.025805731228425496
8567 0.19366708034079325
8658 0.019080314680394467
8875 0.04203485073394666
8906 0.055051115064157746
8931 0.032215350754021044
8975 0.06659699244713244
9045 0.06659699244713244
9094 0.0224446799464047
9138 0.050337701816220735
9298 0.050337701816220735
9336 0.06659699244713244
9343 0.10081351869725941
9484 0.06399855258945146
9652 0.02374427030866151
9666 0.09623582046360375
9876 0.08324831587544022
10020 0.07088614102386827
10223 0.07216590678763718
10316 0.02997124199893435
10322 0.05068155456621306
10361 0.03394865679446085
10567 0.01602143390368721
10616 0.03959914547841002
10628 0.032106213561443685
10657 0.02453725281890729
10732 0.027103842991490254
10884 0.03842668573240492
10949 0.03419463913290739
11000 0.01296558746803227
11097 0.027919761679058307
11503 0.06321846926234348
11525 0.042444835675143476
11965 0.09286669953526457
12378 0.02226735609592027
12458 0.059803731936065245
12638 0.10583228700329682
12834 0.013252880582972143
12943 0.048721322848262194
13189 0.1615673441683253
13203 0.10081351869725941
13581 0.24172325498021052
13786 0.021633493257652434
13965 0.044432174271526355
14040 0.037184232789846186
14072 0.023938859363257948
14163 0.012921843154473568
14180 0.05861885390855656
