995 0.21387148840477155
1107 0.1453119942805122
1417 0.359405135051585
2204 0.12714642729105918
3078 0.2585616515554849
3092 0.11593544362707561
3137 0.18778720008218958
3790 0.17160905808417837
3915 0.16347756126996518
4061 0.44203243764754563
4188 0.21479727632624243
4899 0.19639934228868092
8250 0.11868392543754896
8433 0.12511963064882903
8673 0.13613647998661532
10374 0.2852783139677217
10499 0.17160905808417837
10567 0.08766614961099656
10999 0.0535091773906547
11246 0.16936570075366225
12335 0.1864307986144966
12768 0.20511557271944533
12865 0.10844851022173786
13982 0.1774828166781938
14170 0.13242888526042262
