671 0.35077511627511654
751 0.35077511627511654
1689 0.08085066857882363
2659 0.10395313818811264
3938 0.16249729793266818
3972 0.32821859057080216
4393 0.127338758782661
4654 0.32821859057080216
6062 0.15065218374706718
6250 0.2125366844152481
6618 0.18009553495075492
6669 0.2810823621140343
7201 0.0517417268510653
7491 0.08306734577837419
8997 0.04394420572772443
9497 0.04541871831742754
9783 0.0851407995921981
10068 0.1069975520768096
10125 0.1390057714385503
10567 0.1114914033967302
10611 0.32821859057080216
11032 0.21026570634516498
11097 0.09714528146522731
12407 0.13718163301934655
13764 0.19653257473437774
13806 0.12784221233129628
