10 0.03332065367754625
79 0.025120830068576808
194 0.02369883511259777
703 0.036751978151944434
920 0.03332065367754625
976 0.028713073286954622
995 0.03317703985134794
1012 0.0758386844036808
1024 0.04331777038865678
1099 0.030234659736611325
1111 0.03585288257055567
1135 0.0497568198911358
1143 0.061255821069350826
1402 0.0385376508934598
1458 0.023487328806844465
1474 0.05652881858885349
1479 0.12566364840274902
1482 0.060169531072790584
1519 0.02413200102897412
1615 0.04216206141756141
1623 0.04525984630618086
1653 0.051774620149553544
1657 0.11498171306236764
1963 0.0715666110215796
2017 0.12002625579356375
2058 0.04059439213948003
2173 0.07066278480497601
2176 0.09070397920983396
2204 0.07889489368883769
2340 0.0385376508934598
2605 0.0497568198911358
2618 0.04216206141756141
2648 0.02427951748062885
2659 0.050719257676740466
2758 0.1873100565744442
2763 0.03468652520351879
2848 0.02327906825052881
2919 0.047527000758205006
2926 0.04525984630618086
2949 0.13276229658045377
3010 0.03976740449666533
3035 0.0463461363027411
3044 0.03156269784122091
3078 0.36098683623065625
3092 0.16186146998273931
3103 0.047527000758205006
3130 0.01925479992525447
3137 0.08739206147350384
3180 0.07313713992187623
3208 0.031690129574963984
3214 0.08488378719620089
3227 0.03751676526411914
3355 0.0497568198911358
3471 0.16296963735187756
3512 0.02850898853988152
3633 0.011859028051021596
3758 0.024963933755454575
3761 0.03248091906529115
3790 0.15972621506618867
3865 0.024428655024641498
3915 0.025359628838370233
3928 0.03221217008661857
3945 0.05735157836471018
3984 0.017126231155273598
3985 0.02902507277321746
4060 0.05916378362676098
4117 0.060169531072790584
4211 0.0463461363027411
4542 0.03118742840385484
4621 0.04672845397705148
4630 0.04331777038865678
4700 0.04188788280091634
4808 0.02391368994192106
4815 0.04272761741317144
4823 0.06857074736238618
4832 0.06516006377399149
4913 0.03751676526411914
4922 0.02215573410559573
4949 0.061255821069350826
4962 0.1073221251915529
5059 0.046283964878348724
5247 0.014872553745003658
5390 0.08786720932563488
5613 0.030466654786439114
5689 0.015556970019829386
5819 0.0800697485406012
5832 0.12251164213870165
5970 0.09744275719587343
6154 0.02810980152849395
6292 0.19119052855875313
6485 0.060169531072790584
6556 0.06243668552481473
6579 0.039413527684016125
6587 0.06675854210033537
6629 0.03289429254246965
6645 0.0463461363027411
6681 0.025767208416792208
6734 0.036751978151944434
6752 0.032079765329759695
6789 0.029893937742418525
6813 0.037015125540351815
7006 0.12831906131903878
7201 0.012622524064880992
7214 0.05575310003836628
7475 0.039413527684016125
7491 0.020264487385807668
7611 0.22007733294673057
7693 0.02178046466822965
7862 0.023141982439174362
7865 0.019306109551329432
7959 0.04491624871500067
8078 0.03732149024142628
8115 0.023348133946311033
8250 0.055232906732809554
8666 0.04216206141756141
8669 0.03131136880800753
8673 0.02111831481338024
8683 0.07624007404515963
8691 0.030466654786439114
8700 0.04837548827623348
8706 0.06704199971963212
8714 0.07313713992187623
8744 0.02388663463876501
8931 0.02734501441631924
8952 0.06373017618625104
8981 0.030822257137297433
8996 0.014909684766609728
8997 0.02144059845188033
9099 0.02593373050514683
9103 0.04837548827623348
9298 0.04272761741317144
9336 0.11305763717770698
9489 0.04362275805356436
9496 0.029344414093541524
9533 0.039189202247238576
9645 0.02196680233140872
9652 0.02015459706935792
9664 0.05432321245062586
9765 0.07536249020573042
9853 0.04672845397705148
9890 0.02902507277321746
9896 0.07616550583596056
9918 0.039641623472236515
9921 0.0497568198911358
10037 0.10264738295381749
10048 0.06523463198319054
10091 0.08432412283512282
10324 0.039641623472236515
10335 0.03234587934484158
10374 0.044254098860151254
10445 0.05934290224286572
10499 0.02662103584436478
10558 0.06373017618625104
10567 0.02719860754654358
10583 0.03585288257055567
10922 0.04597429441430881
10929 0.06675854210033537
10999 0.008300667489360354
11000 0.04402176824787631
11003 0.04041886200452458
11098 0.03391080665303159
11108 0.03261731599159527
11206 0.21941141976562872
11246 0.05254606535230302
11247 0.07313713992187623
11255 0.06763633777532806
11317 0.029237129899026087
11356 0.02391368994192106
11359 0.02280520635099338
11482 0.11743664403422231
11733 0.0674297563628593
11815 0.03275509768193623
11861 0.04084341527175656
11880 0.037714891117603115
11905 0.029893937742418525
11910 0.030942892419885414
12064 0.00883660277171421
12217 0.0497568198911358
12318 0.04491624871500067
12329 0.05652881858885349
12335 0.028920273951830697
12358 0.06675854210033537
12378 0.018900963646352735
12387 0.031690129574963984
12666 0.032079765329759695
12667 0.20524685715894048
12725 0.0385376508934598
12733 0.025440171388900874
12768 0.19091261526265046
12834 0.011249302028906099
12847 0.040349856155510615
12865 0.016823189347410172
12877 0.018604849064423033
12984 0.08603897259020737
12995 0.05916378362676098
13177 0.07616550583596056
13326 0.07616550583596056
13363 0.0497568198911358
13480 0.02071316890840354
13585 0.05129484653654153
13632 0.06243668552481473
13738 0.0463461363027411
13754 0.01748105868497723
13786 0.018362928577830645
13851 0.0492805822576895
13982 0.027532208831490722
14072 0.02031976803222671
14110 0.04362275805356436
14170 0.020543170277280413
