10 0.0899619014211216
12 0.10580630210487804
210 0.11777638871402804
370 0.13998590295956986
390 0.1130924266895424
487 0.1624507572783042
1127 0.07070296665565307
1397 0.06934573178153419
1403 0.11383267716365074
2058 0.10960015188307037
2214 0.15052690556768197
2659 0.06846805743102993
2981 0.17206408623014838
2995 0.10206082058127282
3257 0.10236867481371313
3281 0.07752196861249186
3341 0.3192511461183583
3633 0.03201800069112224
4244 0.17206408623014838
4808 0.06456419006629746
5001 0.15973535578979045
5059 0.06248066928786744
5063 0.10404718899663361
5064 0.11777638871402804
5350 0.10129091616844257
5351 0.19078132566921813
5718 0.10236867481371313
6310 0.05212425725766772
6400 0.17592461692250613
6606 0.04818054570729044
6813 0.049968273539536236
7088 0.1685718114236763
7093 0.1624507572783042
7209 0.15052690556768197
7497 0.10236867481371313
7616 0.08843496580882662
7643 0.14154533626997876
7792 0.12219633717676802
7849 0.15720737748343633
8182 0.11614762491515464
8259 0.15052690556768197
8433 0.157208695623976
8463 0.07562864660854468
8517 0.07235268621845001
9222 0.2310357457707543
9299 0.13060820923923785
9366 0.18149982712066096
9497 0.029914743012125895
9783 0.056077433137742855
9902 0.02536426438561756
9905 0.0586385558626587
10003 0.08625762321383178
10156 0.059817913142061835
10451 0.0828936888265621
10495 0.08733012374727273
10999 0.022410839764243656
11255 0.04565256740093631
11356 0.19369257019889238
11794 0.1685718114236763
12409 0.12512919421285784
13869 0.17592461692250613
13950 0.14666637487532422
14062 0.04530525530082893
