108 0.03699831576404315
311 0.07035732781167237
772 0.0982869903333127
917 0.036398709477354546
1255 0.03274490843913052
1345 0.4600659217805571
1374 0.13590890291044108
1461 0.02673791661691145
1604 0.02673791661691145
1620 0.034726983154054696
1718 0.02931318259838186
1942 0.03078020566565588
1963 0.02055002865080804
2017 0.06892999291703804
2137 0.04002478893358021
2234 0.04691200782322148
2577 0.1839333290297844
2927 0.02515900336153303
3036 0.09622332866045172
3307 0.051984640605252805
3321 0.024256114312350963
3721 0.029500990188899692
3869 0.0982869903333127
3905 0.05158999062854942
3991 0.10832201841483469
4286 0.061634125636800076
4298 0.0895170845016259
4393 0.10704074581827988
4399 0.05367145680528705
4477 0.08618215562347263
4577 0.021882184744996373
4775 0.07319932733176929
4922 0.1017907013676843
4974 0.03610733947161156
4990 0.06919087881518267
5172 0.04811166433022586
5390 0.025230671724330727
5391 0.08118336400960202
5767 0.062394658980159355
5963 0.05280524277612368
6109 0.019471032390766224
6249 0.058304966423673284
6256 0.06492797828568349
6261 0.07875911980683048
6278 0.025230671724330727
6531 0.056074333161738876
6620 0.062394658980159355
6720 0.03382866968029237
7047 0.062394658980159355
7242 0.09259682219037238
7479 0.05363448845103694
7497 0.043549576790740445
7633 0.050605342240003265
7640 0.12985595657136698
7693 0.050033295311420485
7865 0.022174648135613328
8225 0.21107198343501712
8370 0.057716676174831415
8399 0.08116199616328229
8463 0.032173861379490916
8484 0.3521757741899183
8635 0.0982869903333127
8688 0.02814467064009854
8717 0.046625984358930096
8732 0.0691096347752832
8744 0.009145252126022688
8995 0.03333767345230606
9348 0.0919666645148922
9405 0.08116199616328229
9497 0.012726299332804548
9584 0.04475854225081295
9645 0.07569201517299219
10327 0.04179133851180539
10406 0.0982869903333127
10657 0.04784462960488953
10732 0.02642458262071004
11031 0.14624397332535752
11032 0.05891633268183579
11047 0.17803652586707866
11108 0.0374636590204127
11213 0.06324599387684421
11232 0.029691088172317262
11708 0.05556321060242287
11835 0.06021607198176671
11900 0.07319932733176929
11922 0.05506831692687298
11929 0.04579811682253532
12081 0.06319421072048566
12215 0.028406657335634217
12361 0.0982869903333127
12407 0.03843821643239247
12409 0.10646466728328392
12614 0.03596367171314296
12626 0.06795445145522054
12834 0.03876223434851325
12948 0.035540446400390766
13068 0.05367145680528705
13079 0.022352796834084435
13201 0.07875911980683048
13575 0.3931479613332508
13754 0.020078427730183705
13786 0.02109132753391806
13874 0.01662076126450582
14039 0.0895170845016259
14044 0.05010431065725367
14062 0.019273715307324142
14083 0.045012008672045585
14163 0.012598003617215798
14198 0.03947779100411484
