421 0.031192792520727108
931 0.03627356882432782
997 0.02993072940027789
1002 0.026484723733079717
1027 0.13445407086225541
1051 0.0706720427277946
1064 0.037213542696251704
1107 0.01989598228634563
1111 0.03164486582165414
1127 0.02311381875530532
1162 0.03211467194702685
1249 0.030336819839649257
1318 0.02561842918947139
1319 0.013939391453954047
1545 0.05050528881965337
1604 0.020546827435462635
1657 0.0338288083684031
1721 0.04856176946010939
1959 0.02854947603547912
2253 0.05510855457419237
2340 0.034014525588155084
2352 0.051611194767629744
2479 0.3742577076699158
2558 0.018332521068334915
2565 0.09336795181417523
2575 0.07495636329343576
2711 0.0706720427277946
2716 0.03075716194129123
2776 0.02421788451828788
2831 0.1692696138250617
2834 0.0706720427277946
2940 0.025525930500292764
2995 0.050047729689104765
3130 0.03398976686788788
3142 0.03090061899395602
3147 0.029283084069725508
3151 0.06268319186798375
3157 0.027099141522976544
3184 0.028084232287128027
3236 0.026686048148167232
3249 0.027204679833228326
3327 0.062369164859684266
3343 0.04391691201031373
3432 0.023475898478089063
3497 0.09472583535502381
3527 0.026286727147080257
3590 0.03627356882432782
3606 0.027099141522976544
3633 0.010467145862296974
3728 0.028789054436147366
3738 0.16822963318529768
3769 0.06722603706059643
3789 0.026286727147080257
3790 0.070489654967398
3799 0.040258891591999045
3841 0.0420868350789338
3873 0.05892315919248609
3895 0.05062028132437577
3908 0.02678799362074198
3909 0.07552891492870678
3974 0.04057833774238359
3984 0.030232285277075627
3985 0.05123685837894278
3991 0.055493573707057854
4028 0.03195601372388871
4079 0.03195601372388871
4103 0.08389760901033975
4120 0.08318242033473186
4201 0.049894088035476264
4262 0.027204679833228326
4298 0.034394828028921694
4452 0.021235077959899193
4489 0.015548911308815302
4591 0.04480461589067664
4646 0.05406628699157393
4758 0.040258891591999045
4815 0.15085087981508177
5059 0.020425831247838745
5189 0.03877817925849389
5211 0.037970332478735096
5260 0.18769297967219326
5390 0.058165742540247985
5426 0.040258891591999045
5495 0.05406628699157393
5571 0.026686048148167232
5613 0.026890814172451084
5628 0.09589470334042512
5668 0.046273210346845436
5669 0.07552891492870678
5677 0.3028133397335358
5697 0.03149227113735742
5880 0.05892315919248609
6062 0.03243843545940639
6105 0.05062028132437577
6315 0.015750914759118866
6484 0.11718011942820471
6519 0.023419020506648153
6531 0.04309047946930039
6606 0.0472527442773566
6681 0.02274293709420278
6723 0.02966745461062476
6726 0.05510855457419237
6736 0.062369164859684266
6775 0.01933350709122512
6787 0.049209414790661765
6819 0.044352542589749605
6821 0.07443174722913777
6823 0.05406628699157393
6866 0.11444957326308382
6884 0.047362917677511905
6916 0.04480461589067664
7039 0.038502798837971704
7081 0.049209414790661765
7099 0.013696692427834924
7153 0.032771193543806386
7242 0.05336721687810305
7284 0.11279544061782389
7338 0.03771271995377044
7418 0.02303871806588154
7468 0.030938108416422378
7479 0.020607786960031033
7518 0.07552891492870678
7536 0.03195601372388871
7542 0.0706720427277946
7562 0.044352542589749605
7580 0.013731064103428583
7588 0.040258891591999045
7627 0.022964085296562724
7718 0.025252644409826684
7862 0.020425831247838745
7865 0.01704017090083886
7938 0.0457634091234636
8017 0.03311346027782293
8027 0.03179942952390967
8078 0.03294110448804019
8086 0.09978817607095253
8097 0.022172423522273218
8115 0.020607786960031033
8116 0.06455310740643323
8173 0.04124398235615053
8250 0.0650003680665504
8268 0.12536928599682862
8293 0.044344847044546436
8345 0.03627356882432782
8455 0.07552891492870678
8474 0.03134159593399188
8517 0.023653135855778374
8658 0.02858972651547069
8716 0.03075716194129123
8795 0.020546827435462635
8923 0.037213542696251704
8997 0.009462068493523686
9001 0.053107493758786976
9102 0.03195601372388871
9105 0.021170849812851535
9168 0.03650173802256631
9497 0.009779560615346964
9531 0.02741858767336109
9535 0.04391691201031373
9584 0.034394828028921694
9652 0.03557814458540204
9722 0.17569850441835305
9747 0.07552891492870678
9902 0.06633554857477086
9905 0.07667915598978456
9932 0.026686048148167232
10004 0.04349656990867177
10025 0.04391691201031373
10113 0.09781097716332328
10268 0.038502798837971704
10276 0.0562502295383229
10324 0.03498892601627757
10371 0.07492106251070652
10382 0.03075716194129123
10495 0.02854947603547912
10556 0.04391691201031373
10575 0.05277063270313528
10608 0.0356140341422034
10628 0.024053792627229204
10732 0.04061209008471883
10755 0.052219789878424065
10836 0.10436280480357017
10949 0.05123685837894278
10950 0.21007789158189424
10999 0.014652852998029058
11000 0.04856872200912165
11097 0.02091732668333784
11246 0.023189393269247082
11255 0.014924482218105523
11311 0.07827585048243407
11325 0.024468315675696052
11331 0.03746053125535326
11356 0.021106964217549765
11359 0.020128582230233092
11430 0.03964447380210222
11437 0.05139335733741073
11513 0.0706720427277946
11570 0.04527442201604936
11714 0.025805597383814872
11758 0.0562502295383229
11903 0.07552891492870678
11955 0.06359885904781934
11957 0.04259930470399943
12064 0.015598919193169875
12069 0.028084232287128027
12117 0.04997090886229051
12183 0.03771271995377044
12333 0.029283084069725508
12378 0.050047729689104765
12387 0.055941381912434966
12632 0.05406628699157393
12678 0.029157653387242924
12730 0.15105782985741356
12807 0.019224113447587822
12877 0.0164212166516091
12957 0.03243843545940639
12984 0.037970332478735096
13075 0.044352542589749605
13079 0.017177069770626753
13088 0.022670119114785992
13112 0.02162785153216755
13328 0.07552891492870678
13336 0.012804086349439428
13434 0.0706720427277946
13464 0.05907591165601907
13608 0.08939510612551284
13615 0.05139335733741073
13628 0.034394828028921694
13638 0.07552891492870678
13695 0.03134159593399188
13709 0.028789054436147366
13744 0.032771193543806386
13800 0.05139335733741073
13824 0.0356140341422034
13872 0.02176169114495365
13874 0.01277227087064163
13875 0.03364592663705954
13884 0.03697154414793901
13948 0.022454284073180897
13965 0.033288332299255596
13997 0.03047530139038355
14072 0.017934857305867826
14163 0.019361942821719165
14212 0.10210372200117106
