175 0.11735819073471214
1684 0.11676346171526127
2089 0.2718693870951156
2422 0.22450033394550864
2889 0.1484593842651196
5044 0.1484593842651196
5299 0.1366757489967323
6193 0.14163721288593867
7025 0.09605751070144752
7105 0.15510592537985432
7838 0.1849924704104491
7950 0.1580807027695843
7991 0.14163721288593867
8874 0.1725884334988665
9094 0.060527808764410884
9605 0.19461378891491388
10087 0.19116257385648516
10884 0.20725473395165897
11258 0.38928668293888424
11343 0.1523232069727365
11365 0.13344515756904132
11378 0.1536921210049265
12192 0.16472724388431909
12196 0.2718693870951156
12815 0.19836547327504342
13450 0.14163721288593867
13577 0.1460633695290572
13982 0.08747164570411735
13989 0.16915357789902424
14055 0.2070178258264965
14180 0.1580807027695843
