10 0.04646660999891146
11 0.037247094986923315
68 0.030856806899524043
79 0.017515860056972418
91 0.04927064298835243
108 0.022460398873299228
149 0.026159104152318487
175 0.051512738674611244
328 0.053448435411659154
331 0.04195407090799058
336 0.0788917507594104
339 0.052874886074355414
421 0.024641807334700217
437 0.02524473988168425
482 0.04951871930377902
535 0.05841385744187548
555 0.03231551009437537
587 0.040599930543261165
592 0.03998921285405052
636 0.04951871930377902
637 0.023644797649284108
702 0.028655539375550557
703 0.025625845339068323
717 0.19082328383252392
721 0.13289872031126387
727 0.14896222878262735
729 0.27640692097967196
744 0.039415531767276295
762 0.02883578939385109
789 0.09616871396933546
797 0.0919024247133357
854 0.03285639101020654
869 0.053107494368190004
917 0.02209639861848081
952 0.03469365827936162
994 0.01973810949606706
1002 0.02092250827205194
1020 0.10621498873638001
1045 0.052874886074355414
1133 0.0175710371220091
1196 0.04353487695622984
1299 0.038874650851445106
1315 0.0478119397935011
1319 0.011011896364939357
1368 0.02939810370467272
1369 0.040599930543261165
1520 0.0365550962892258
1523 0.04353487695622984
1684 0.07687753601720496
1801 0.06808157957238285
1919 0.22283423686700563
1929 0.055829783745422176
2311 0.04437218890886558
2371 0.02343681477508632
2372 0.02920692872093774
2461 0.055829783745422176
2532 0.055829783745422176
2614 0.03697573619916009
2680 0.03998921285405052
2768 0.08440355256687561
2770 0.022647787963867995
2804 0.0365550962892258
2869 0.053107494368190004
2889 0.032582086591340105
2973 0.035766069478007485
3021 0.03697573619916009
3068 0.039415531767276295
3130 0.053702744693558215
3350 0.055829783745422176
3443 0.08262176811282493
3449 0.055829783745422176
3529 0.040599930543261165
3622 0.08119986108652233
3635 0.055829783745422176
3810 0.07230472294842588
3836 0.04927064298835243
3856 0.053107494368190004
3985 0.04047629886840917
4046 0.035394930150920836
4205 0.0509959226801685
4383 0.017033231052620154
4402 0.035394930150920836
4502 0.0478119397935011
4577 0.01328391813092989
4641 0.053107494368190004
4678 0.029593220717143195
4745 0.0509959226801685
4913 0.026159104152318487
4985 0.019531639345050932
4990 0.021001695678447906
4991 0.02717136418727665
5014 0.053107494368190004
5044 0.06516417318268021
5066 0.04353487695622984
5116 0.0478119397935011
5294 0.039415531767276295
5314 0.05695731742907558
5336 0.032582086591340105
5374 0.026724217705829577
5474 0.02549709723270875
5487 0.13901226991524127
5581 0.07230472294842588
5653 0.03998921285405052
5663 0.03189551730257923
5718 0.026437443037177707
5760 0.03741594765659379
5787 0.055829783745422176
5790 0.07774930170289021
5861 0.038874650851445106
5932 0.03998921285405052
6044 0.015854984968557306
6077 0.068723189480236
6081 0.027967029258916417
6102 0.01796655665657882
6154 0.019599963395248745
6155 0.030856806899524043
6193 0.062169676341436615
6210 0.021325243087064804
6301 0.04125279903643136
6310 0.04038438764433987
6412 0.024998938014013514
6443 0.031803880638753994
6519 0.01850065174218539
6696 0.026870931339911024
6869 0.04271150223128268
6881 0.0478119397935011
7019 0.053107494368190004
7099 0.021640336029875158
7105 0.10212236935857427
7233 0.028305023754068837
7306 0.07883106353455259
7398 0.053107494368190004
7422 0.016376877808962145
7439 0.04271150223128268
7466 0.017085656892214363
7627 0.036282520400794833
7671 0.015404288368950903
7714 0.02475935965188951
7717 0.03749612068091114
7736 0.07153213895601497
7830 0.0509959226801685
7838 0.040599930543261165
7851 0.021081551340897453
7861 0.0478119397935011
7865 0.01346146254811329
7950 0.03469365827936162
7971 0.055829783745422176
7991 0.031084838170718308
8017 0.1307955207615924
8033 0.0478119397935011
8084 0.09854128597670486
8097 0.08757930028486206
8124 0.015273161469254845
8306 0.023334512807439072
8355 0.03313888481932252
8516 0.039415531767276295
8689 0.026437443037177707
8795 0.016231665140835575
8819 0.03741594765659379
8874 0.075755282332058
9045 0.11824659530182885
9094 0.03985175439278967
9168 0.02883578939385109
9345 0.053107494368190004
9501 0.04195407090799058
9592 0.03373050494434639
9605 0.04271150223128268
9647 0.14014422313628122
9666 0.05695731742907558
9672 0.040599930543261165
9781 0.02157537676522213
9783 0.014482398516422133
9867 0.028134517522291874
9916 0.06126828314222381
9918 0.0276406920979672
9961 0.022647787963867995
10132 0.03836302139582373
10146 0.0509959226801685
10242 0.020386009315012985
10313 0.0509959226801685
10316 0.017738525385384556
10331 0.02209639861848081
10438 0.0320562379897785
10506 0.026724217705829577
10757 0.0478119397935011
10817 0.035394930150920836
10827 0.02939810370467272
10884 0.0682286780472456
10890 0.04353487695622984
10935 0.08250559807286272
10944 0.15298776804050546
11000 0.034531662418538174
11097 0.016524353622564988
11225 0.039415531767276295
11232 0.054073300599859556
11258 0.19935061100176454
11303 0.03373050494434639
11304 0.04195407090799058
11343 0.2340105046788654
11356 0.05002249272715795
11365 0.0585738880789777
11371 0.040185128822466776
11372 0.055829783745422176
11594 0.04543379160851486
11631 0.05999191106431212
11791 0.04654835361112026
11892 0.03741594765659379
11922 0.03343007209698077
11929 0.02780245398304826
12015 0.04125279903643136
12023 0.018874233407611248
12057 0.036282520400794833
12211 0.039415531767276295
12220 0.03373050494434639
12246 0.038874650851445106
12249 0.03998921285405052
12256 0.025625845339068323
12279 0.10621498873638001
12351 0.0365550962892258
12439 0.055829783745422176
12440 0.04927064298835243
12458 0.035394930150920836
12530 0.101991845360337
12539 0.053107494368190004
12621 0.17413950782491935
12691 0.055829783745422176
12719 0.055829783745422176
12733 0.017738525385384556
12752 0.03836302139582373
12865 0.023460421452377592
13125 0.06126828314222381
13310 0.04195407090799058
13430 0.053107494368190004
13577 0.19233742793867092
13616 0.019396453619618153
13651 0.11165956749084435
13665 0.0509959226801685
13716 0.03998921285405052
13754 0.02437783916677165
13775 0.025625845339068323
13786 0.038411448148100547
13805 0.0509959226801685
13824 0.028134517522291874
13846 0.0478119397935011
13882 0.055829783745422176
13883 0.053107494368190004
13975 0.03741594765659379
13982 0.038394457160471754
13988 0.03615236147421294
13989 0.05568570033099512
13990 0.07153213895601497
13997 0.04815000162808431
14040 0.022007545009385586
14041 0.038394457160471754
14055 0.13630137482554455
14088 0.02939810370467272
14163 0.007647812620836231
14180 0.03469365827936162
14182 0.04353487695622984
