10 0.044726714285330156
11 0.035852414787256884
68 0.02970140464270897
79 0.01685999620476692
91 0.04742575306539834
108 0.02161939171297711
149 0.025179602674013694
175 0.049583895722287205
209 0.04111221277042965
328 0.05144711223201356
331 0.040383142705098025
336 0.07593772809697737
339 0.050895038875710494
421 0.02371911951741495
437 0.024299475858514785
451 0.029277676462791682
482 0.04766454041143677
535 0.05622660900306642
555 0.031105488156112294
583 0.03406960241012934
587 0.039079706771275785
592 0.03849185679480963
636 0.07149681061715515
637 0.022759441861989735
702 0.02758256137842426
703 0.02466631120340861
717 0.18367809692090084
721 0.12792246071721505
727 0.17206138462580262
729 0.2660571404162092
744 0.03793965662226317
762 0.027756062115160646
789 0.09256777270807727
797 0.11794830717881721
854 0.03162611632729447
869 0.051118937384747015
917 0.021269021083455568
952 0.06678917792411529
994 0.018999035737357096
1002 0.020139085886369715
1020 0.10223787476949403
1045 0.050895038875710494
1133 0.016913107219817442
1196 0.041904757052729065
1299 0.03741902845108098
1315 0.04602166955199503
1319 0.010599566924848753
1369 0.039079706771275785
1520 0.03518632728833105
1523 0.041904757052729065
1555 0.03741902845108098
1684 0.07399893361022584
1718 0.017128703398016185
1801 0.06553233295261418
1919 0.21449043185146546
1929 0.10747858672073406
2311 0.04271071669717284
2371 0.04511849339678735
2372 0.02811330450153321
2461 0.05373929336036703
2532 0.05373929336036703
2614 0.03559121675776037
2680 0.03849185679480963
2768 0.08124314600126686
2770 0.021799764206564518
2804 0.03518632728833105
2869 0.051118937384747015
2889 0.03136208296290378
2973 0.0344268447965019
3021 0.03559121675776037
3068 0.03793965662226317
3130 0.05169189915733204
3350 0.05373929336036703
3443 0.07952807868311658
3449 0.05373929336036703
3529 0.039079706771275785
3622 0.07815941354255157
3635 0.05373929336036703
3810 0.06959734495092192
3836 0.14227725919619502
3856 0.051118937384747015
3985 0.03896070436077388
4046 0.03406960241012934
4205 0.049086431385593154
4383 0.016395438760529377
4384 0.01600149570904294
4402 0.03406960241012934
4463 0.03849185679480963
4502 0.04602166955199503
4577 0.012786515109359966
4641 0.051118937384747015
4678 0.02848513218049227
4745 0.049086431385593154
4985 0.018800296654536898
4990 0.020215308199573796
4991 0.026153959644902955
4997 0.025447519437855247
5014 0.051118937384747015
5044 0.03136208296290378
5059 0.015531880715332085
5066 0.041904757052729065
5070 0.02676141891478568
5116 0.04602166955199503
5247 0.009981803905819734
5294 0.03793965662226317
5314 0.054824607673527245
5336 0.03136208296290378
5374 0.02572355611600678
5474 0.02454238394105707
5487 0.1605685134887141
5581 0.06959734495092192
5653 0.03849185679480963
5663 0.03070122157413
5718 0.025447519437855247
5760 0.036014944937677665
5787 0.05373929336036703
5790 0.07483805690216196
5861 0.03741902845108098
5932 0.03849185679480963
6044 0.015261310922046594
6077 0.06614991841950875
6081 0.026919831834134805
6102 0.01729381692120046
6154 0.018866062379045003
6155 0.02970140464270897
6193 0.05984179502227568
6210 0.020526740699239807
6301 0.03970812925702633
6310 0.03887223466051688
6412 0.024062877795811972
6443 0.030613016153483472
6519 0.0178079133507804
6696 0.02586477620487225
6869 0.04111221277042965
6881 0.04602166955199503
7019 0.051118937384747015
7099 0.020830035302111263
7105 0.09829849942892128
7233 0.02724517046363781
7306 0.07587931324452633
7398 0.051118937384747015
7422 0.01576366200728594
7439 0.04111221277042965
7466 0.03289180313404209
7533 0.020369693476463304
7627 0.034923957731283366
7671 0.014827490205613057
7717 0.054138173944989515
7736 0.0688536895930038
7830 0.049086431385593154
7838 0.039079706771275785
7851 0.02029217374665223
7861 0.04602166955199503
7865 0.012957411553505629
7950 0.033394588962057645
7971 0.05373929336036703
7991 0.02992089751113784
8017 0.10071841069605478
8033 0.04602166955199503
8084 0.09485150613079668
8097 0.08429998102383461
8124 0.014701273221461123
8306 0.022460775325554284
8355 0.0318980324384117
8516 0.03793965662226317
8689 0.025447519437855247
8819 0.036014944937677665
8874 0.07291870159131154
9045 0.1138189698667895
9094 0.0383595453280799
9168 0.05551212423032129
9345 0.051118937384747015
9501 0.040383142705098025
9592 0.03246749993987164
9605 0.04111221277042965
9647 0.1348966629393202
9666 0.054824607673527245
9672 0.039079706771275785
9708 0.016245706403424987
9781 0.020767508372120262
9783 0.013940119596103015
9867 0.027081048667088957
9916 0.05897415358940861
9918 0.026605714041620918
9961 0.021799764206564518
10132 0.036926556448452164
10146 0.049086431385593154
10242 0.019622675595917686
10313 0.049086431385593154
10316 0.01707432405277159
10331 0.021269021083455568
10438 0.030855924236025754
10506 0.02572355611600678
10757 0.04602166955199503
10817 0.03406960241012934
10827 0.028297321129305653
10884 0.065673923472283
10890 0.041904757052729065
10935 0.07941625851405267
10944 0.14725929415677946
11000 0.03323865887413804
11097 0.03181123147324663
11225 0.03793965662226317
11232 0.06939810662470239
11258 0.19188612685734532
11303 0.03246749993987164
11304 0.040383142705098025
11343 0.2252482154988866
11356 0.06419926739078555
11365 0.09866613304292585
11371 0.03868043688583614
11372 0.05373929336036703
11594 0.04373256874604968
11631 0.05774557398672473
11648 0.0318980324384117
11708 0.03246749993987164
11791 0.04480539708977832
11892 0.036014944937677665
11922 0.032178316499840945
11929 0.02676141891478568
12015 0.03970812925702633
12023 0.018167506624577036
12057 0.034923957731283366
12211 0.03793965662226317
12220 0.03246749993987164
12246 0.03741902845108098
12249 0.03849185679480963
12256 0.02466631120340861
12279 0.10223787476949403
12351 0.03518632728833105
12406 0.02170913148590771
12439 0.05373929336036703
12440 0.04742575306539834
12458 0.03406960241012934
12530 0.09817286277118631
12539 0.051118937384747015
12621 0.16761902821091626
12691 0.05373929336036703
12719 0.05373929336036703
12733 0.01707432405277159
12752 0.036926556448452164
12819 0.03793965662226317
12865 0.022581969447276317
13125 0.05897415358940861
13310 0.040383142705098025
13430 0.051118937384747015
13450 0.02992089751113784
13577 0.18513554541615454
13616 0.018670172823316403
13651 0.10747858672073406
13665 0.049086431385593154
13716 0.03849185679480963
13754 0.02346503537338896
13775 0.02466631120340861
13786 0.03697316990944926
13805 0.049086431385593154
13824 0.027081048667088957
13846 0.04602166955199503
13882 0.05373929336036703
13883 0.051118937384747015
13975 0.036014944937677665
13982 0.03695681513234982
13988 0.03479867247546096
13989 0.053600605005213
13990 0.0688536895930038
13997 0.02317353649973561
14040 0.02118349450883961
14041 0.03695681513234982
14055 0.13119770623814903
14088 0.028297321129305653
14163 0.007361447930199714
14180 0.033394588962057645
