10 0.036137872079047555
313 0.04350086764725802
608 0.0652567875170481
869 0.08260520136766372
995 0.035982115888603
997 0.036777921729379895
1002 0.03254358032686007
1027 0.03304257125335954
1032 0.08683954277018355
1111 0.03888419766725496
1127 0.028401520246339185
1458 0.025473152241075082
1460 0.03582799068299527
1461 0.025247283522649613
1480 0.059671147079613504
1535 0.07066926333782807
1604 0.025247283522649613
1660 0.08598654347593501
1838 0.04402659577029202
1850 0.06911848059409087
1871 0.027678978980151883
1940 0.02858783694486512
2058 0.04402659577029202
2352 0.031709091618496346
2384 0.03291622865233713
2469 0.07663723235274589
2485 0.10984584345088481
2542 0.05154534752894704
2575 0.030701326224048413
2793 0.025473152241075082
2934 0.04226326315761016
2972 0.051998270115350756
2995 0.1024950790330538
3147 0.071964231777206
3182 0.11502663308772974
3281 0.06228145338814345
3304 0.05819803640343038
3317 0.06771562696130252
3321 0.022903841162193867
3341 0.03206095274017251
3419 0.11126351964103603
3421 0.038511549341777904
3728 0.03537506809659154
3738 0.041343037111509384
3841 0.025857477538719392
4030 0.03493566762656823
4046 0.055054477099610456
4217 0.06643492193530824
4444 0.049468836662175844
4590 0.09396046429363511
4689 0.03946148038816254
4735 0.04665672851689626
4762 0.04603030110043292
4773 0.11246522303574116
4887 0.03395870475872915
4988 0.07663723235274589
5002 0.03832870447311708
5059 0.025098607282305684
5063 0.0417959596979131
5064 0.04731100612642722
5350 0.04068875950197843
5437 0.05819803640343038
5455 0.03694237955924127
5551 0.023422619888193746
5566 0.08260520136766372
5613 0.03304257125335954
5730 0.04572680946903269
5746 0.035524499051595035
5836 0.07932079101152853
5837 0.047995725985992714
5870 0.05344719208823486
5974 0.038511549341777904
6315 0.019354219619239547
6484 0.047995725985992714
6590 0.06911848059409087
6606 0.019354219619239547
6655 0.05344719208823486
6693 0.036137872079047555
6811 0.050679284644775356
6866 0.028126394055679425
6911 0.0437613845834729
7003 0.06911848059409087
7442 0.032666751109608205
7468 0.019007878401113863
7475 0.04274589074429773
7479 0.025322188634157382
7555 0.08260520136766372
7566 0.031029640712860337
7616 0.035524499051595035
7627 0.02821753256758074
7633 0.0238920526531596
7693 0.023621974935416713
7822 0.06416600541834822
7828 0.08260520136766372
7905 0.13543125392260505
7950 0.05396369500091055
8087 0.03629529414269233
8182 0.04665672851689626
8259 0.6651364821242943
8264 0.025625680265557612
8447 0.1005292850059055
8691 0.06608514250671908
8744 0.008635406289126195
8891 0.06771562696130252
8951 0.04986136186122714
8996 0.016170279432355487
8997 0.011626686733856032
9112 0.0652567875170481
9126 0.031140726694071724
9138 0.046340182496485215
9299 0.052465573575047816
9366 0.25518092669621023
9383 0.026014062235124872
9484 0.058916170176653224
9535 0.05396369500091055
9575 0.08260520136766372
9670 0.06130825747636138
9671 0.051998270115350756
9676 0.04068875950197843
9902 0.02037774940873768
9905 0.02355522279087045
9906 0.03242143172006602
9936 0.07436831583578586
9944 0.059925184551623205
10030 0.05110594705892372
10040 0.06250531488741577
10048 0.03537506809659154
10072 0.050679284644775356
10186 0.06130825747636138
10361 0.09375797233112364
10362 0.029860021668077434
10382 0.03779341556855506
10567 0.014749107411832604
10589 0.05751331654386487
10620 0.07663723235274589
10628 0.0295565300366772
10657 0.022588650903092193
10708 0.045429449403080364
10806 0.040062332085515094
10847 0.05819803640343038
11000 0.0179039070447535
11097 0.02570254113287751
11227 0.08260520136766372
11255 0.09169362890032189
11356 0.0518711233232198
11369 0.05110594705892372
11370 0.07066926333782807
11577 0.050679284644775356
11875 0.036137872079047555
11957 0.02617233067021664
12023 0.02935762400098994
12215 0.02682299230561202
12245 0.03629529414269233
12371 0.07436831583578586
12378 0.02049901580661076
12877 0.020177865117729545
13268 0.09280751178510138
13540 0.05563175982051802
13659 0.051998270115350756
13771 0.07240289095022606
13775 0.03985931062336599
13874 0.031388314805487864
13948 0.05518221030223481
13985 0.07066926333782807
14062 0.01819920982890153
14110 0.04731100612642722
14163 0.035687002884365306
14191 0.08260520136766372
