127 0.07016199610113606
175 0.06345517543987982
717 0.1567084862910455
721 0.06548369844093063
727 0.07339873285343991
729 0.06809752350521654
789 0.07897596819430938
995 0.05699247541395428
1523 0.10725553818681698
1683 0.08906746171671863
1684 0.06313360747745485
2132 0.14699885493165255
2324 0.11779280643111643
2631 0.08386524745419768
2869 0.13083930146260497
3036 0.07195621253042049
3622 0.10002480092324523
3856 0.13083930146260497
4399 0.08027148523050041
5041 0.14699885493165255
5044 0.08027148523050041
5116 0.11779280643111643
5314 0.07016199610113606
5336 0.08027148523050041
5808 0.12138656865481369
6050 0.08720140144736435
6141 0.11467974799355744
6193 0.0765827603188713
6606 0.030655364715646435
7103 0.11467974799355744
7105 0.08386524745419768
7239 0.08465560475831929
7637 0.11467974799355744
7838 0.10002480092324523
7950 0.08547369949302135
7991 0.0765827603188713
8017 0.12889476164881733
8107 0.08465560475831929
8124 0.07525603689410075
8512 0.10725553818681698
8874 0.09331798026198897
8931 0.046974054008407304
9094 0.032727180779561535
9168 0.07104184797831681
9287 0.08164325190997818
9345 0.13083930146260497
9605 0.10522701518576616
10313 0.12563708720008407
10574 0.06548369844093063
10884 0.11206193126627868
11258 0.5612959688090885
11325 0.047621687532895536
11343 0.08236064105546238
11378 0.16620161645369064
11558 0.11193383584702243
11648 0.08164325190997818
11965 0.06770569398515015
12175 0.042617324310626835
12279 0.13083930146260497
12530 0.12563708720008407
12538 0.14699885493165255
12644 0.13083930146260497
13450 0.0765827603188713
13577 0.07897596819430938
13616 0.0477864465766011
13665 0.12563708720008407
13776 0.13083930146260497
13846 0.11779280643111643
13982 0.04729562197083227
13997 0.05931283949083585
14040 0.10843862434826393
14072 0.03490588326091677
14180 0.08547369949302135
