79 0.013280457373759916
128 0.03238369585660218
149 0.03966746325908475
175 0.01952837964989017
301 0.06476739171320436
304 0.03625082789649321
305 0.029884703793978076
324 0.0239272133114753
337 0.01507165193344888
437 0.019140464174747122
475 0.04523901206331418
535 0.022144580433688534
688 0.05606972045439086
692 0.04523901206331418
785 0.04523901206331418
971 0.015513310645523441
994 0.029930716613230726
995 0.017539478684842773
1008 0.01952837964989017
1033 0.023568404117965132
1127 0.013844318119590636
1319 0.008349177248685825
1455 0.029086694499655598
1519 0.025515399780496013
1545 0.01512539517038039
1550 0.014912796250410787
1552 0.029474609974798647
1566 0.01648764441238261
1604 0.012306785753418004
1653 0.009123778076622978
1660 0.04191413176336203
1703 0.022900509322440064
1822 0.03238369585660218
1830 0.019833731629542373
1834 0.0386649114109556
2095 0.021079713117530728
2164 0.09047802412662836
2172 0.020486425807977677
2204 0.010427205926134516
2353 0.39875910686142535
2384 0.03209002453443507
2405 0.03369179624850136
2609 0.051949240214291315
2614 0.02803486022719543
2659 0.053626805942790866
2692 0.02258851718629109
2743 0.02430491570506083
2776 0.01450561246517214
2783 0.0386649114109556
2793 0.09933508349565547
2797 0.02711769559614277
2837 0.04232992618151066
2926 0.0239272133114753
2995 0.02997672943248338
3010 0.01051178083768139
3142 0.018508321968493387
3147 0.0701579147393711
3150 0.017927394159985822
3163 0.11347450740894179
3166 0.0386649114109556
3207 0.03529278173840571
3225 0.021863184030824594
3255 0.04523901206331418
3281 0.030359088040966854
3291 0.029086694499655598
3313 0.02683629919327883
3341 0.031256216223800266
3388 0.02711769559614277
3419 0.02711769559614277
3421 0.01877245076113864
3443 0.025057402057291987
3496 0.023226687698668393
3517 0.1131761976373305
3602 0.02803486022719543
3624 0.03180941435573307
3659 0.09047802412662836
3721 0.013578558530579078
3822 0.03735681101905641
3852 0.05239305110771839
3853 0.03735681101905641
3940 0.01731641340476377
3984 0.018108014919083096
4077 0.0386649114109556
4103 0.025125774345391903
4144 0.0239272133114753
4300 0.02711769559614277
4304 0.04372636806164919
4371 0.0386649114109556
4507 0.033007975389649676
4747 0.01523410465286813
4763 0.023568404117965132
4784 0.01952837964989017
4827 0.04566941461074803
4832 0.03444772513725289
4885 0.0227428175113459
4912 0.033007975389649676
4922 0.011712920376057962
4985 0.029617626872777816
5053 0.023568404117965132
5154 0.03031966657595147
5158 0.019429416859070594
5160 0.02430491570506083
5358 0.01623137829294359
5391 0.018683323048737353
5419 0.03735681101905641
5474 0.019331800542606595
5528 0.03350680800278833
5590 0.03529278173840571
5612 0.03180941435573307
5689 0.016448793821637442
5730 0.022289528567218008
5793 0.016821411037422625
5816 0.037366646097474705
5837 0.02339551168978121
5847 0.0224374655316937
5863 0.18095604825325673
5890 0.09047802412662836
5903 0.01655316713793519
6031 0.029474609974798647
6182 0.025125774345391903
6310 0.01020642885802919
6323 0.030782710366697833
6487 0.02741058069414794
6573 0.03180941435573307
6594 0.0386649114109556
6606 0.03773684944202401
6637 0.0448749310633874
6702 0.02339551168978121
6784 0.04232992618151066
6813 0.009784266594317676
6821 0.05944246586835254
6866 0.013710207886283111
6949 0.02200250274972031
6976 0.028718681086047124
7003 0.03369179624850136
7064 0.020373436251042994
7102 0.03180941435573307
7201 0.013346126886356332
7326 0.03444772513725289
7418 0.013799335598684405
7422 0.012416885436956933
7453 0.019429416859070594
7491 0.021426175822506253
7512 0.03444772513725289
7513 0.03369179624850136
7551 0.02580959520424359
7555 0.040265896900859945
7633 0.011646178605632402
7882 0.03735681101905641
7905 0.06601595077929935
7950 0.026304597571584737
7958 0.0386649114109556
8115 0.024686596484619065
8264 0.012491235206785226
8382 0.03180941435573307
8463 0.029617626872777816
8636 0.09047802412662836
8744 0.016837311625807958
8827 0.03625082789649321
8899 0.03625082789649321
8906 0.02470361208168039
8939 0.02771593267380014
8951 0.02430491570506083
8981 0.016294591817130038
8996 0.06305760835406214
8997 0.011334854502450413
9104 0.023226687698668393
9126 0.015179544020483427
9201 0.02803486022719543
9366 0.017769702348891664
9381 0.20919292655784655
9497 0.017572779685867335
9509 0.030782710366697833
9519 0.03625082789649321
9652 0.010654992949445895
9670 0.029884703793978076
9671 0.02534655141349723
9719 0.02349305107248529
9782 0.029474609974798647
9820 0.02683629919327883
9902 0.014899697776506935
9944 0.17526315023537184
9965 0.028368626852235446
9966 0.017100074746068557
9975 0.030782710366697833
9989 0.021863184030824594
10002 0.028368626852235446
10031 0.061803669823063116
10197 0.02580959520424359
10207 0.02711769559614277
10335 0.017100074746068557
10362 0.014555264487435934
10485 0.04232992618151066
10499 0.0562942435916809
10516 0.008605443368124842
10732 0.012162566051645353
10786 0.029474609974798647
10791 0.029474609974798647
10794 0.1493203768639135
10867 0.6401441287215259
10913 0.033007975389649676
10924 0.012306785753418004
10970 0.02683629919327883
10999 0.004388257094422129
11000 0.0290908588180353
11097 0.06264350514322996
11255 0.01787841998632971
11326 0.13971480295391572
11356 0.06321143430691308
11504 0.0386649114109556
11798 0.02470361208168039
12287 0.04232992618151066
12377 0.0213314824091305
12409 0.049002989624688825
12513 0.015344486654410624
12667 0.012056272424811835
12834 0.023788366176054822
12841 0.0386649114109556
12877 0.00983569827393467
12992 0.02159240893054088
13022 0.03184680892940574
13024 0.037016643936986775
13057 0.020262198540920245
13064 0.020262198540920245
13071 0.029884703793978076
13079 0.010288426191469429
13249 0.03625082789649321
13305 0.03369179624850136
13351 0.03238369585660218
13375 0.03735681101905641
13652 0.040265896900859945
13661 0.025125774345391903
13770 0.019938473469069604
13786 0.009707803825333297
13790 0.0386649114109556
13858 0.038280928349494245
13862 0.0224374655316937
13948 0.026898562729745466
13982 0.014555264487435934
14062 0.008871202957136398
14163 0.06378396156482063
14189 0.03569623005291572
