10 0.016469629605229064
11 0.02640372767971591
12 0.019370317634895804
79 0.012416646162141812
127 0.0201879569304993
168 0.03389293684755235
175 0.01825817992622402
177 0.03764685056759544
202 0.03614999923338288
236 0.042296495497579835
239 0.03764685056759544
255 0.042296495497579835
273 0.042296495497579835
312 0.02755746978619281
318 0.04140842621843427
331 0.029740409653396613
339 0.018740979578319106
485 0.02794088955124498
556 0.016328402921948742
590 0.03299720563761105
637 0.01676132859201146
670 0.022201064443429695
674 0.042296495497579835
762 0.020441119793427828
960 0.014557716845020179
994 0.013991954761291793
995 0.03279728921511739
1003 0.0322071147161772
1010 0.0568328053776458
1026 0.03150035430339849
1027 0.015058963863639975
1045 0.018740979578319106
1057 0.029243291917567957
1070 0.03299720563761105
1095 0.022907824856208417
1107 0.011141829933459036
1133 0.02491152018070604
1162 0.01798434518350802
1255 0.01409133464833471
1318 0.014346423166417089
1319 0.062448921282948995
1371 0.02834756070762665
1415 0.042296495497579835
1466 0.0322071147161772
1519 0.01192789080389609
1566 0.015415225617173865
1567 0.012074520023023486
1601 0.02834756070762665
1604 0.034518917487451665
1612 0.05438957160348008
1653 0.008530333018738569
1659 0.030861011741339612
1696 0.03614999923338288
1702 0.042296495497579835
1708 0.03614999923338288
1714 0.01948119651772058
1718 0.012614537199558238
1773 0.028780486377689367
1801 0.02413084144770497
1808 0.018165654049874864
1842 0.02535385803920153
1871 0.012614537199558238
1919 0.0175514195134453
1940 0.013028744046321305
1942 0.01324585101178686
1963 0.008843430766944955
2039 0.03614999923338288
2046 0.017807808161327734
2076 0.039576627571870714
2095 0.05912582638087312
2101 0.039576627571870714
2137 0.051672402395670156
2147 0.0322071147161772
2340 0.01904827084765786
2352 0.01445123810645445
2382 0.018740979578319106
2394 0.06985396528377265
2425 0.024990206854158467
2479 0.49978156692853015
2485 0.03337441214676948
2513 0.07109374733292677
2565 0.03921482081320294
2599 0.14614952234165263
2617 0.018351999912673146
2667 0.04195609570386627
2724 0.0677858736951047
2740 0.06094003237995162
2763 0.01714474835706363
2779 0.023697915777642253
2789 0.058486583835135914
2816 0.044070851824328044
2818 0.039576627571870714
2821 0.023096795653371003
2831 0.07109374733292677
2848 0.011506305829150555
2886 0.028780486377689367
2907 0.02156172188137082
2929 0.09037193534046524
2934 0.03852248348168421
2965 0.02363996935048934
2995 0.15881926713222574
3071 0.05018152944682444
3090 0.02156172188137082
3095 0.03299720563761105
3105 0.023096795653371003
3135 0.02509076472341222
3145 0.022370896797703103
3153 0.02272403199807744
3157 0.015175628016062136
3171 0.06985396528377265
3206 0.02652342399185884
3225 0.020441119793427828
3236 0.014944294068206606
3241 0.022201064443429695
3249 0.030469459786768436
3250 0.022201064443429695
3316 0.04282194704399171
3318 0.03389293684755235
3332 0.01245576009035302
3341 0.04383479043257312
3343 0.02459364698758356
3383 0.02794088955124498
3421 0.0175514195134453
3432 0.01314659736893346
3440 0.06055467542380386
3443 0.04685514757988085
3490 0.020704213109217134
3544 0.015727282797677492
3606 0.030351256032124272
3624 0.029740409653396613
3633 0.02344657477232664
3660 0.03027733771190193
3693 0.02006487054715826
3728 0.016121986029952587
3758 0.02467819187586172
3761 0.032109136358465476
3763 0.02083973326754048
3776 0.021715936022110603
3786 0.04082560498871887
3789 0.014720672704911408
3790 0.026316326462686678
3841 0.02356879656094363
3847 0.016836279312340868
3865 0.012074520023023486
3897 0.023096795653371003
3916 0.02459364698758356
3974 0.02272403199807744
3984 0.008465100546660753
3991 0.015538312000514903
4025 0.01844715072338661
4120 0.04658248924252116
4188 0.03293925921045813
4241 0.020571376695551466
4287 0.02535385803920153
4293 0.03764685056759544
4302 0.042296495497579835
4303 0.042296495497579835
4311 0.021873779061874446
4363 0.039576627571870714
4384 0.011784398280471816
4399 0.023096795653371003
4421 0.03614877413618609
4444 0.04509028174351129
4450 0.03561561632265547
4452 0.011891728885148592
4474 0.03764685056759544
4486 0.03389293684755235
4489 0.09578198012840415
4492 0.01746808900479018
4540 0.05304684798371768
4555 0.043431872044221206
4577 0.01883341275188591
4621 0.023096795653371003
4624 0.018944268459215267
4636 0.03299720563761105
4656 0.03764685056759544
4658 0.02652342399185884
4709 0.03299720563761105
4784 0.054774539778672054
4864 0.019261241740842105
4872 0.02834756070762665
4917 0.023910886670826498
4922 0.010951067703602563
4933 0.02794088955124498
4957 0.08903904080663867
4985 0.013845592161917704
4990 0.0148876859712331
5059 0.022877094956918895
5087 0.0234914988856461
5131 0.03389293684755235
5208 0.020978047851933135
5223 0.010857683090814621
5247 0.007351159849217898
5255 0.0322071147161772
5323 0.039576627571870714
5334 0.034926982641886324
5474 0.018074387068093046
5520 0.016836279312340868
5528 0.01566369919666614
5571 0.044832882204619826
5627 0.042296495497579835
5634 0.03614999923338288
5663 0.011305050143596892
5668 0.025913183513113443
5677 0.07536741582264682
5689 0.015378902015892931
5697 0.03527159646413865
5701 0.03389293684755235
5746 0.016190088337556082
5747 0.02413084144770497
5759 0.0234914988856461
5832 0.06055467542380386
5870 0.02435825372360877
5894 0.042296495497579835
5913 0.042296495497579835
5938 0.07921118303914773
5949 0.03614999923338288
5970 0.016054568179232738
6071 0.03150035430339849
6099 0.034926982641886324
6125 0.042296495497579835
6154 0.013894025727435538
6183 0.03896239303544116
6196 0.030861011741339612
6205 0.0322071147161772
6206 0.023910886670826498
6207 0.032656805843897484
6245 0.008315313979485065
6271 0.019593938998191004
6278 0.010857683090814621
6310 0.019085128191385824
6315 0.10584690578235086
6421 0.03299720563761105
6429 0.01566369919666614
6535 0.039576627571870714
6541 0.026211366811355215
6563 0.013894025727435538
6566 0.023697915777642253
6591 0.32288882418628806
6606 0.017641150963725143
6608 0.08772987575270387
6637 0.020978047851933135
6720 0.014557716845020179
6855 0.02562769278191753
6866 0.051273776299223146
6965 0.039576627571870714
7020 0.041975864283875376
7039 0.02156172188137082
7099 0.0076702027316622925
7100 0.06368692706226828
7162 0.05182636702622689
7346 0.039576627571870714
7374 0.0201879569304993
7401 0.015175628016062136
7413 0.042296495497579835
7422 0.023218488425131113
7434 0.07229999846676576
7466 0.012111683662027065
7468 0.025988197326296182
7469 0.023096795653371003
7486 0.0148876859712331
7491 0.05008134063243059
7504 0.03027733771190193
7580 0.015378902015892931
7588 0.022545140871755645
7589 0.030861011741339612
7592 0.03299720563761105
7633 0.021777334141061016
7715 0.0659944112752221
7771 0.03764685056759544
7865 0.009542564095692912
7882 0.034926982641886324
7892 0.016836279312340868
8004 0.022370896797703103
8078 0.01844715072338661
8088 0.058486583835135914
8097 0.012416646162141812
8115 0.03462133022271506
8122 0.019593938998191004
8144 0.029243291917567957
8154 0.021410973521995856
8189 0.039576627571870714
8244 0.014294623529230872
8301 0.04440212888685939
8306 0.016541373815132984
8345 0.020313344126650538
8404 0.029740409653396613
8440 0.07529370113519088
8454 0.034926982641886324
8463 0.013845592161917704
8534 0.03764685056759544
8646 0.03150035430339849
8658 0.06404144637746087
8660 0.026211366811355215
8688 0.012111683662027065
8706 0.01104577073088524
8716 0.01722413413189005
8744 0.03935537287903379
8751 0.023096795653371003
8758 0.019593938998191004
8839 0.02755746978619281
8868 0.029243291917567957
8903 0.022370896797703103
8944 0.08772987575270387
8972 0.02685070937341409
8995 0.028692846332834178
8996 0.06632561570124161
8997 0.0052987963326612715
9094 0.009416706375942954
9103 0.047821773341652996
9104 0.021715936022110603
9126 0.07096104512838655
9179 0.03150035430339849
9194 0.02794088955124498
9263 0.07915325514374143
9281 0.03299720563761105
9288 0.03614999923338288
9296 0.039576627571870714
9350 0.07863410043406564
9366 0.04984168095943397
9367 0.019370317634895804
9372 0.02083973326754048
9383 0.011855760865020359
9392 0.021873779061874446
9434 0.03389293684755235
9492 0.04918729397516712
9497 0.010953186390292403
9511 0.02435825372360877
9562 0.03389293684755235
9652 0.009961951880873312
9661 0.02413084144770497
9676 0.037087341314839865
9708 0.023928497446320522
9719 0.010982487056979634
9725 0.010467397388947702
9738 0.042296495497579835
9758 0.016398644607558695
9781 0.015294357127614771
9826 0.03150035430339849
9827 0.01633759828964278
9850 0.02652342399185884
9873 0.02755746978619281
9890 0.014346423166417089
9899 0.019261241740842105
9902 0.092870433603829
9905 0.021470317554154728
9937 0.02685070937341409
9940 0.02834756070762665
9952 0.03150035430339849
9989 0.020441119793427828
10003 0.07895737431721715
10040 0.042729662484089985
10044 0.02834756070762665
10068 0.03870532375038271
10108 0.04544806399615488
10156 0.010951067703602563
10171 0.03764685056759544
10209 0.018165654049874864
10229 0.039576627571870714
10231 0.042296495497579835
10234 0.016912076951386426
10242 0.01445123810645445
10369 0.034926982641886324
10382 0.01722413413189005
10386 0.014243220828029996
10422 0.047395831555284505
10440 0.04223854907042692
10474 0.07915325514374143
10564 0.02652342399185884
10575 0.04432764916534498
10582 0.019825272946046534
10614 0.02452486404280406
10625 0.03614999923338288
10684 0.022370896797703103
10732 0.011371466722625593
10760 0.03764685056759544
10821 0.020978047851933135
10827 0.02083973326754048
10858 0.042296495497579835
10884 0.016121986029952587
10887 0.018944268459215267
10930 0.010857683090814621
10999 0.00820565648854936
11000 0.021758943405672936
11030 0.0322071147161772
11097 0.03514136068491064
11118 0.018641599691276187
11123 0.07229999846676576
11138 0.01746808900479018
11150 0.02006487054715826
11218 0.03788853691843053
11232 0.012777163823410117
11246 0.01298615330208493
11255 0.025073309825951934
11259 0.016541373815132984
11310 0.01948119651772058
11311 0.029223193621715417
11327 0.025913183513113443
11352 0.022370896797703103
11356 0.02363996935048934
11359 0.02254417367116535
11365 0.031141401574856783
11369 0.02329124462126058
11393 0.0322071147161772
11430 0.04440212888685939
11445 0.042296495497579835
11502 0.02111927453521346
11520 0.020978047851933135
11576 0.02818266929666942
11617 0.020571376695551466
11636 0.0173044706571514
11681 0.03614999923338288
11722 0.022370896797703103
11783 0.03027733771190193
11796 0.02329124462126058
11817 0.03614999923338288
11842 0.06046816927572839
11900 0.03150035430339849
11905 0.014775883055114994
11910 0.015294357127614771
11912 0.01994400205759917
11916 0.0659944112752221
11941 0.02719478580174004
12007 0.01994400205759917
12021 0.020704213109217134
12028 0.02535385803920153
12041 0.014557716845020179
12064 0.013103186032338746
12069 0.015727282797677492
12117 0.06995977380645897
12173 0.03748195915663821
12217 0.02459364698758356
12235 0.028780486377689367
12240 0.03299720563761105
12283 0.03299720563761105
12285 0.022201064443429695
12318 0.022201064443429695
12354 0.01133817623403907
12378 0.018684619662614796
12383 0.0629341435557994
12387 0.01566369919666614
12464 0.03764685056759544
12465 0.02413084144770497
12572 0.044070851824328044
12584 0.018165654049874864
12648 0.015294357127614771
12678 0.016328402921948742
12704 0.03299720563761105
12709 0.039576627571870714
12764 0.05211497618528522
12793 0.03389293684755235
12802 0.03764685056759544
12819 0.02794088955124498
12834 0.005560270201370155
12850 0.02413084144770497
12877 0.009195947231933309
12903 0.021715366181629243
12944 0.039576627571870714
12953 0.029243291917567957
12959 0.04374755812374889
12982 0.02459364698758356
13022 0.0148876859712331
13079 0.009619228012221743
13112 0.012111683662027065
13127 0.03389293684755235
13143 0.042296495497579835
13255 0.028780486377689367
13336 0.014340679490520548
13337 0.02562769278191753
13363 0.02459364698758356
13608 0.01668720607338474
13616 0.013749761679519946
13662 0.039576627571870714
13679 0.042296495497579835
13723 0.04800321911680917
13726 0.03768370791132341
13744 0.018351999912673146
13761 0.016054568179232738
13770 0.018641599691276187
13771 0.0659944112752221
13822 0.011014054266681748
13827 0.048163704537698214
13842 0.019708608793624374
13858 0.017895495941771256
13862 0.020978047851933135
13874 0.028610091797764612
13876 0.030861011741339612
13918 0.02900853241236187
13948 0.1383193812209622
13950 0.02685070937341409
13965 0.018641599691276187
13973 0.04367315053506054
13982 0.013608534996239624
13989 0.013158163231343339
13997 0.034132582184252414
14001 0.03614999923338288
14014 0.017895495941771256
14040 0.015600712633586956
14060 0.016541373815132984
14062 0.05805930438680842
14081 0.02834756070762665
14163 0.021685531379770476
14189 0.03337441214676948
14201 0.03389293684755235
14246 0.02435825372360877
