12 0.06606790323757275
128 0.10326935551317866
421 0.059579818765320626
806 0.14426406548895848
817 0.06426542958265903
898 0.07061752801851774
967 0.10526013955843885
1027 0.051362821516603506
1091 0.06644608677795828
1319 0.02662494600230432
1942 0.04517869141027881
1967 0.0808283909453733
2479 0.054988556878671775
2786 0.10326935551317866
2821 0.07877810209863988
2909 0.08557909308191988
2922 0.11254622821716588
2955 0.07750668706184914
2995 0.19118741372778583
3054 0.12329971538963441
3341 0.09967390132075822
3544 0.05364231075875634
3626 0.10326935551317866
3633 0.019992780481306278
3936 0.1098514014450877
4030 0.05430553352243631
4222 0.07155151824138604
4244 0.1074407967537381
4283 0.07107975754286572
4555 0.07406829288320244
4577 0.06423663848873999
4933 0.19060048699643228
4970 0.05097170800510817
5000 0.12329971538963441
5059 0.039014375614770634
5391 0.11915963753064125
5455 0.05742485453540512
5528 0.053425441047154576
5571 0.05097170800510817
5661 0.0613406553145305
5663 0.03855904549740157
5665 0.1074407967537381
5685 0.09578468273996757
5689 0.026227030176719967
5730 0.21323927262859715
5746 0.05522083890696943
5837 0.07460666085808042
5904 0.14426406548895848
6067 0.058209374247306135
6071 0.1074407967537381
6120 0.07813356417329512
6230 0.046735726289396116
6245 0.028361711446432382
6271 0.06683062664100446
6310 0.13019036924346575
6315 0.12034019026834356
6440 0.14426406548895848
6443 0.07689652868207139
6505 0.07155151824138604
6606 0.03008504756708589
6799 0.1963278480995017
6911 0.06802461492617136
7020 0.09544697518105452
7242 0.10193409607344843
7418 0.044005122210152924
7479 0.07872384054214626
7566 0.04823383402697316
7580 0.026227030176719967
7674 0.1938442289477874
7717 0.045329712310212225
7785 0.09046557949397671
7792 0.07630222037793263
8020 0.07406829288320244
8332 0.11560137083386024
8399 0.11912827414907493
8508 0.12840514685306217
8517 0.04517869141027881
8744 0.026846508315036054
8795 0.039245484481510794
9366 0.16999903754255438
9434 0.11560137083386024
9497 0.01867945772023035
9671 0.0808283909453733
9827 0.055723962987056064
9902 0.09502820144645817
9905 0.03661527109117755
9952 0.1074407967537381
10044 0.0966873095812696
10242 0.04929000230540062
10331 0.053425441047154576
10451 0.1035214746843757
10720 0.0939924828091914
10732 0.038785577875411405
10827 0.07107975754286572
10999 0.0279876938057839
11000 0.009276872703987244
11106 0.13498719278497123
11246 0.04429291950508833
11262 0.04806245057939865
11311 0.04983695066037911
11356 0.08063074839689982
11694 0.07750668706184914
11941 0.09275544731796768
11968 0.09816392404975086
12064 0.0446920924687835
12378 0.03186456895463097
12387 0.053425441047154576
12409 0.07813356417329512
12465 0.08230500541385456
12670 0.08557909308191988
12695 0.05097170800510817
12735 0.03590181870629156
12834 0.056894584884414345
12877 0.03136535824289609
12992 0.06885669146930787
13022 0.10155726041444323
13336 0.04891291112510721
13744 0.0625946449252924
13770 0.06358240622642355
13822 0.07513304482251658
13948 0.12866647075886348
14029 0.13498719278497123
14043 0.07460666085808042
14062 0.056579299414542095
14163 0.01849114732988386
14178 0.06358240622642355
14189 0.05691639842682165
14196 0.11912827414907493
