11 0.05906147111793555
12 0.08665741969589541
337 0.06304071640499055
917 0.0700750385646972
1001 0.08384193607155269
1010 0.1695027880951692
1127 0.05790710509049492
1292 0.16172505348750874
1397 0.056795503326019285
2002 0.18922277017266076
2017 0.0663522413470579
2995 0.04179489873321584
2996 0.18922277017266076
3135 0.11224911073273663
3633 0.10489346167542248
3984 0.037870508097317554
4244 0.14092383382094661
4450 0.0796671864027732
4500 0.11726237315193573
4577 0.04212772820529395
4663 0.0964611534853736
4887 0.06923750095575551
4944 0.1562536170318963
5049 0.0796671864027732
5571 0.13371323976582034
5665 0.14092383382094661
5685 0.06281759406521548
5730 0.09323117700777359
5945 0.10086069683788765
6190 0.1684215505060986
6207 0.1460974767312956
6208 0.14762033083953646
6310 0.04269078067804703
6315 0.03946080420044704
6541 0.23452474630387146
6571 0.1216619165044498
6591 0.11111653041692963
6681 0.05697793438300753
7025 0.06685661988291017
7046 0.2017213936757753
7064 0.08521667183985007
7572 0.09512716424941534
7580 0.03440046754970145
7671 0.09770425671205298
7693 0.04816221713365943
7718 0.12653102017745027
7792 0.10008117725853433
8076 0.11592838391597747
8182 0.19025432849883067
8264 0.05224751869908566
8306 0.07400151097482943
8463 0.06194133279218972
9366 0.0743259445828532
9497 0.02450075646464855
9719 0.04913259597183383
9902 0.020773825948131097
10209 0.08126808949247857
10327 0.08045696399503016
10516 0.03599428365945715
10583 0.0792799575919722
10657 0.04605540021634802
11000 0.01216793347420228
11118 0.08339733806634012
11921 0.34275710856787756
12120 0.18922277017266076
12215 0.05468868640870789
12301 0.15162758342349825
12387 0.0700750385646972
12409 0.10248324422456978
12695 0.06685661988291017
12724 0.1308263637569361
12735 0.0941806480611222
12834 0.07462531243081078
12865 0.03720040460902126
12877 0.041140113125627584
12900 0.07035949393101969
13079 0.0430337537420613
13112 0.10836861574571124
13363 0.11002514409037396
13912 0.05771895515469805
13925 0.09262489746923244
13948 0.056254771283047414
14043 0.0978572106161717
14062 0.03710588542393278
14083 0.08665741969589541
14163 0.04850752139241801
