390 0.10436645413153123
421 0.04402684855171667
914 0.05727401062528168
968 0.03406596373431901
1085 0.04748930752024444
1086 0.05252479422199949
1175 0.061986217894802305
1240 0.04578500255393712
1470 0.1408453222714366
1481 0.0632391613199073
1524 0.0535929598604797
1623 0.05638396306593518
1838 0.05057181793310585
1930 0.0749582001395254
2044 0.05184842406212808
2210 0.0997495597724873
2244 0.05638396306593518
2467 0.0811753226988971
2471 0.05322935446624936
2478 0.06767495372649442
2513 0.05972860274798701
2552 0.11276792613187037
2575 0.10579663403059197
2576 0.07144764156760512
2597 0.03251783726764011
2618 0.05252479422199949
2934 0.048546339145026866
2935 0.10239614936673366
2940 0.0360283958395604
2951 0.05057181793310585
3010 0.02477078524747303
3044 0.15728113412507452
3060 0.07253879429214041
3071 0.0632391613199073
3145 0.05638396306593518
3292 0.07778258341345275
3297 0.03980108368067109
3396 0.04444954554782881
3422 0.06767495372649442
3432 0.049702338748134504
3437 0.10868901154843309
3443 0.08857084277229987
3745 0.05252479422199949
3867 0.058213530053691606
3877 0.09111303136573062
3908 0.03780972599234497
3991 0.03916300798607068
4184 0.053964557218550195
4241 0.05184842406212808
4277 0.07144764156760512
4421 0.045554971805663584
4450 0.044883082101413736
4489 0.06583920592063702
4507 0.07778258341345275
4542 0.038852779113487744
4545 0.08803052095286919
4778 0.0668500584604483
4830 0.06767495372649442
4900 0.0704226611357183
4947 0.0811753226988971
5026 0.06945628387927899
5051 0.041510315646631255
5063 0.04800956392836891
5247 0.018527979865011243
5390 0.027365876652605953
5432 0.07253879429214041
5537 0.05638396306593518
5548 0.08932984849263416
5823 0.22553585226374073
5947 0.0854242955340385
6006 0.0704226611357183
6120 0.057737245059660894
6315 0.022231518328791187
6606 0.022231518328791187
6693 0.08302063129326251
6723 0.04187392104086159
6775 0.027288143186067895
6789 0.037241369980827985
6840 0.06945628387927899
6890 0.20608049000115677
6891 0.12780453177076742
7089 0.2612479947203912
7170 0.048275821386858084
7245 0.03441698670690063
7262 0.0749582001395254
7418 0.03251783726764011
7436 0.0608197554725223
7468 0.08733475291263652
7497 0.04723506213983714
7616 0.040805755402381405
7692 0.06026537796464496
7717 0.03349665071381928
7733 0.05727401062528168
7851 0.07533167153806279
7865 0.024051229881008235
8003 0.10660475802645943
8076 0.0653119986800978
8250 0.022936078573041047
8293 0.03129511190096194
8463 0.03489665006025701
8484 0.09549486931835698
8658 0.08070553853716242
8700 0.06026537796464496
8716 0.04341198082121209
8744 0.009919190593581307
8872 0.04649449123407351
8981 0.07679570965758248
8997 0.013355170309728546
9105 0.08964434310928059
9138 0.05322935446624936
9163 0.4218576457525147
9168 0.051520122500289194
9367 0.0976425115164391
9383 0.029881447703093526
9385 0.04882125575821955
9497 0.013803292341591783
9523 0.06606354459383465
9725 0.026382194380132798
9730 0.05473318954019814
9783 0.025875308474238603
9827 0.041177541824960945
9902 0.011703605683732177
9905 0.02705706442916617
9920 0.05972860274798701
9981 0.06390226588538371
10003 0.03980108368067109
10159 0.058213530053691606
10242 0.03642312970372394
10268 0.054344505774216546
10322 0.0535929598604797
10335 0.04029595801048225
10489 0.048546339145026866
10516 0.02027854203989754
10573 0.0854242955340385
10614 0.030906428134980346
10624 0.04967389015959243
10797 0.04187392104086159
10924 0.11600270275490988
10930 0.054731753305211905
11000 0.02056559476191633
11097 0.05904722851486658
11255 0.021065055906511185
11272 0.058703622316100185
11733 0.02800095598048358
12023 0.03372208070941648
12041 0.03669150040503682
12064 0.022016985251699036
12117 0.035265544676863984
12181 0.04698458349648209
12215 0.030810637515059292
12291 0.0632391613199073
12294 0.09488571920684132
12336 0.05727401062528168
12378 0.09418602342898356
12383 0.1586202134820447
12610 0.04578500255393712
12739 0.08803052095286919
12768 0.039639292980101395
12818 0.06606354459383465
12903 0.027365876652605953
12957 0.04578500255393712
13324 0.06390226588538371
13379 0.06945628387927899
13464 0.041691140891054745
13487 0.05595591490687631
13660 0.07864056706253726
13723 0.060494037369258694
13806 0.038852779113487744
13918 0.03655678256723998
