128 0.2948610920159401
1010 0.1844920362047398
2382 0.1825122722642604
2425 0.1216857266784194
2479 0.15700675044453682
2995 0.09098170073677564
5059 0.11139627376316182
5571 0.1455375935060023
5665 0.30677165070355317
6088 0.2847908581329937
6591 0.24188528322159797
6606 0.08590070050209998
7100 0.1550565396420081
7851 0.1455375935060023
8401 0.14953264136969527
8658 0.07795983828242684
8744 0.038326910820976084
8868 0.2847908581329937
8996 0.07176927604837281
9103 0.23286030700307578
9366 0.16179727794485807
9497 0.053334750413445
9827 0.07955326387082162
9902 0.13566521797087044
10003 0.15378801026309605
10672 0.1990693819142978
11000 0.026487904397171053
11617 0.20033791129320985
12064 0.04253588144755804
12182 0.17092753574994782
12865 0.0809801239387887
12982 0.23950948648179193
13336 0.069829594250674
13744 0.1787241264875174
13822 0.10726227317271612
14062 0.08077436877554506
