1029 0.1700154128599355
1133 0.09466188206022677
1871 0.09586856393884524
2485 0.12682022789254577
2821 0.17553213374765622
2995 0.3550006683679846
3865 0.09176451553836096
4219 0.08467621272772212
4289 0.1947665669537511
4701 0.20667623553629996
5051 0.12516667982978363
5247 0.05586769668046944
6105 0.21543714947422526
6245 0.06319512141450223
6315 0.06703503197802343
6519 0.09967007075879622
6813 0.06952235109496871
6866 0.09741822517476632
7153 0.13947240784191445
7479 0.08770561449849754
7491 0.07612211420219839
8061 0.2861103379093502
8517 0.3019993586508375
8744 0.0299094847595588
8996 0.1120143534760732
9204 0.09319261814303365
9366 0.2525261293003206
9392 0.16623739368344978
9646 0.23453899501328365
9902 0.07058011690106838
9905 0.08158557379734378
9940 0.21543714947422526
10327 0.1366782878236533
10999 0.06236174116322267
11576 0.10709199991616425
12409 0.17409598443327703
12865 0.12639024282900446
13822 0.08370513709597432
13832 0.11533246458070089
13948 0.19112841049664958
14189 0.12682022789254577
