1097 0.2939386054217595
1368 0.14600028985675656
1371 0.19859909082866845
1684 0.25453212118125235
2502 0.23744922933091844
2768 0.13972492084860955
3433 0.2311738603227714
3443 0.08206517137384498
3696 0.19052290922699752
3697 0.15000232009666548
3789 0.10313099760979635
4504 0.25326189633224283
5059 0.16027376415575878
6077 0.1706505576820667
7597 0.2772683806872916
7990 0.18581944121312977
8107 0.1706505576820667
9094 0.0659721428644705
9552 0.1567274098420222
9647 0.0994286541413642
10141 0.1740088044517143
10316 0.08809513273082085
11043 0.16751636596569242
11258 0.1414340349576113
11965 0.2729651384524964
11967 0.1631752394415363
12064 0.030599703208105455
12638 0.1555375878499339
12865 0.05825594001943008
12866 0.18363321175325584
12943 0.14320765897160492
13079 0.06739098144648932
13112 0.08485278110845954
13336 0.050234408844858254
