1029 0.19275295258885697
1133 0.10732178311244542
1871 0.1086898443430516
2485 0.14378092528833555
2821 0.1990074692931326
2995 0.32198222901270496
3865 0.10403692827236198
4289 0.22081427921396202
4701 0.2343167243454058
5051 0.1419062348353731
5247 0.06333933675984282
6245 0.07164671741786005
6813 0.07882013882773249
6866 0.11044675434145487
7153 0.1581251838523251
7479 0.09943519748490569
8061 0.3243741933189089
8517 0.22825878776001135
8744 0.03390952267701692
8996 0.06349747061648017
9204 0.10565602261810388
9366 0.28629849617559383
9392 0.1884696682738938
9646 0.2659057965719707
9902 0.0800193682319584
9905 0.09249667411653786
9940 0.2442493063419755
10327 0.1549573835079459
12409 0.19737925208594853
12865 0.1432934348357201
13822 0.09489970380153823
13832 0.1307568102404589
13948 0.1083447812969604
14189 0.14378092528833555
