79 0.0188272015528542
106 0.05295933646210991
147 0.057083437363897704
210 0.032693762742863834
292 0.05295933646210991
300 0.03246518493621198
301 0.045909139403830956
303 0.0402171281073534
304 0.05139142606742015
305 0.04236641298124793
312 0.08357007700408631
313 0.030060807461326663
318 0.03139353317395638
321 0.06319804130876937
322 0.024758548228994093
324 0.03392070430521193
328 0.028724951641168544
331 0.045095002265278676
336 0.028266018864690025
337 0.02136651025635351
370 0.038858942345552
533 0.057083437363897704
599 0.03473484144376421
604 0.036589285837999766
608 0.045095002265278676
654 0.0402171281073534
663 0.0402171281073534
667 0.039291828284919866
688 0.039743959801142786
702 0.030800863541638294
717 0.034184908363114455
777 0.05295933646210991
789 0.034456158686856996
854 0.03531621592296898
968 0.020494151525897935
988 0.05295933646210991
997 0.025414987877933018
1187 0.057083437363897704
1374 0.04434122900914119
1533 0.05139142606742015
1545 0.0428854000167159
1550 0.02114130656959767
1552 0.041785038502043154
1566 0.04674781835406529
1616 0.04679415685942174
1620 0.02265984170066067
1660 0.02971003875893962
1714 0.029539088779720817
1830 0.02811753032485312
1833 0.05295933646210991
1838 0.0304241062353116
1871 0.019127261198453364
2059 0.04776358379806652
2072 0.057083437363897704
2204 0.029564510028447958
2234 0.09183222162592922
2293 0.057083437363897704
2332 0.033412034097920686
2353 0.05139142606742015
2382 0.028416707314632462
2424 0.03246518493621198
2447 0.05139142606742015
2565 0.05946093056596206
2599 0.07386821631886427
2607 0.05481378085634548
2609 0.02454882359610573
2655 0.04679415685942174
2659 0.01900617305010175
2793 0.10561768990374887
2845 0.05139142606742015
2852 0.02797117838503106
2909 0.07608961041399946
2922 0.15009972091685622
2927 0.016416601205744643
2940 0.043349509165779176
2955 0.034456158686856996
2995 0.0849937484887927
3053 0.04883523556032211
3150 0.025414987877933018
3152 0.045909139403830956
3163 0.12065138432206018
3165 0.027001751446386273
3184 0.023847077483243263
3200 0.09358831371884348
3225 0.03099460814872077
3232 0.029370964549744593
3257 0.028416707314632462
3281 0.02151946478279708
3290 0.05139142606742015
3291 0.16494042168557366
3312 0.04776358379806652
3332 0.01888650950125991
3341 0.11077688555135853
3421 0.026612992623229654
3430 0.03473484144376421
3437 0.032693762742863834
3443 0.017761465047719832
3498 0.05481378085634548
3519 0.02375066648335934
3580 0.057083437363897704
3633 0.008887935260420499
3721 0.019249808275244848
3722 0.030610740541976406
3728 0.04889112187857647
3734 0.016748560693552194
3751 0.026612992623229654
3758 0.01870961314108643
3789 0.022320767491465637
3790 0.019951554388107317
3841 0.0178685321872199
3865 0.018308440069796084
3927 0.045909139403830956
3936 0.19534094224128845
4030 0.024141917962902226
4055 0.05481378085634548
4143 0.037660937600255365
4144 0.03392070430521193
4153 0.04883523556032211
4304 0.03099460814872077
4311 0.03316693104907445
4383 0.018308440069796084
4586 0.03202288549840886
4685 0.02587739861113315
4726 0.1588780093863297
4729 0.043639482896278725
4801 0.057083437363897704
4827 0.01618594995410889
4852 0.03531621592296898
4917 0.03625577122682962
4922 0.016604963706166608
4974 0.02356054348369745
4985 0.020993894071479117
5053 0.033412034097920686
5076 0.045095002265278676
5123 0.07688746046447067
5158 0.027544348584176894
5247 0.01114646953139889
5288 0.045909139403830956
5321 0.050033240305618745
5341 0.034184908363114455
5419 0.10591867292421982
5551 0.01618594995410889
5602 0.060009533520388854
5612 0.045095002265278676
5661 0.027269432272168583
5687 0.029205574168550665
5689 0.023318832165614953
5715 0.09019000453055735
5816 0.026486639640188613
5837 0.19900158629444664
6016 0.1712503120916931
6062 0.027544348584176894
6071 0.09552716759613304
6099 0.05295933646210991
6100 0.05481378085634548
6102 0.019311639981362774
6120 0.03473484144376421
6166 0.034184908363114455
6245 0.025216808181965082
6315 0.026749051272077964
6429 0.02375066648335934
6508 0.06493036987242395
6541 0.039743959801142786
6558 0.043639482896278725
6566 0.03593284618906084
6604 0.050033240305618745
6687 0.060009533520388854
6725 0.04434122900914119
6775 0.016416601205744643
6777 0.041785038502043154
6813 0.013870784268473147
6866 0.019436442581909658
7020 0.021215821806411073
7025 0.02265984170066067
7057 0.037660937600255365
7064 0.02888264913078189
7078 0.029370964549744593
7193 0.05139142606742015
7195 0.03593284618906084
7201 0.009460149367139545
7326 0.04883523556032211
7374 0.030610740541976406
7406 0.02674093499362189
7422 0.017602948317291478
7453 0.027544348584176894
7468 0.026270380512753294
7479 0.01749862653782678
7491 0.03037507815914996
7547 0.03729103195086224
7551 0.036589285837999766
7589 0.04679415685942174
7593 0.050033240305618745
7616 0.02454882359610573
7640 0.04236641298124793
7643 0.039291828284919866
7651 0.03139353317395638
7785 0.0402171281073534
7797 0.21925512342538192
7938 0.038858942345552
7941 0.029539088779720817
7961 0.04776358379806652
8020 0.03292759566941211
8044 0.03625577122682962
8062 0.09019000453055735
8087 0.025081473266762865
8114 0.05481378085634548
8115 0.01749862653782678
8176 0.04434122900914119
8264 0.035416702341430274
8325 0.04883523556032211
8358 0.05139142606742015
8382 0.045095002265278676
8388 0.05295933646210991
8412 0.02328186072679024
8433 0.029093232534211585
8658 0.03641445935580983
8668 0.05481378085634548
8739 0.029205574168550665
8744 0.005967404786329922
8758 0.02971003875893962
8939 0.039291828284919866
8968 0.029205574168550665
8995 0.02175329770934536
8996 0.0223485959201335
9066 0.057083437363897704
9079 0.0402171281073534
9126 0.04303892956559416
9274 0.045095002265278676
9298 0.03202288549840886
9366 0.050382868336723924
9385 0.058741929099489186
9425 0.04883523556032211
9450 0.043639482896278725
9496 0.02199263308900769
9497 0.008304088121829955
9519 0.1027828521348403
9531 0.02328186072679024
9553 0.037660937600255365
9671 0.17966423094530418
9719 0.01665260446929748
9721 0.043639482896278725
9722 0.024865054797283275
9782 0.041785038502043154
9902 0.021122737359119275
9921 0.03729103195086224
9940 0.0429830432473398
9944 0.16564262115395845
9958 0.05295933646210991
9959 0.03561985889935499
9966 0.024242128471359755
10002 0.0402171281073534
10013 0.04071338673978757
10031 0.029205574168550665
10040 0.04319362665076949
10197 0.07317857167599953
10207 0.07688746046447067
10361 0.021596813325384746
10451 0.06903183120914312
10456 0.03561985889935499
10495 0.024242128471359755
10516 0.012199611216965896
10531 0.026612992623229654
10541 0.05295933646210991
10598 0.025996362357137794
10628 0.020424722694317936
10690 0.16444134256903642
10707 0.036589285837999766
10745 0.07004275088662003
10794 0.06048166978516657
10806 0.027684644385485253
10814 0.05481378085634548
10827 0.031599020654384684
10836 0.059078177559441634
10867 0.14329075139419956
10913 0.04679415685942174
10930 0.01646336581379415
11000 0.008248201803575592
11047 0.029042830147286647
11097 0.017761465047719832
11245 0.026238547235161187
11246 0.019690737935342942
11311 0.022155377110271705
11326 0.19806838583195274
11356 0.12545743967295664
11359 0.017091720904623273
11365 0.015739769457655893
11371 0.021596813325384746
11383 0.057083437363897704
11393 0.04883523556032211
11394 0.0429830432473398
11478 0.0402171281073534
11600 0.031808745287273045
11609 0.057083437363897704
11617 0.03119211502118118
11659 0.045909139403830956
11898 0.057083437363897704
11930 0.027269432272168583
12003 0.057083437363897704
12064 0.0132454621102414
12181 0.028266018864690025
12326 0.050033240305618745
12328 0.024758548228994093
12378 0.028331249496264234
12409 0.06946968288752842
12455 0.04236641298124793
12458 0.03804480520699973
12471 0.05481378085634548
12572 0.033412034097920686
12599 0.041235105421393414
12611 0.01888650950125991
12648 0.06957191350291299
12658 0.05139142606742015
12670 0.07608961041399946
12678 0.024758548228994093
12708 0.057083437363897704
12834 0.025292899484090855
12957 0.027544348584176894
12958 0.045909139403830956
13024 0.05247709447032237
13026 0.04679415685942174
13151 0.050033240305618745
13242 0.05481378085634548
13339 0.057083437363897704
13347 0.043639482896278725
13368 0.05481378085634548
13392 0.05481378085634548
13822 0.016700469425080387
13858 0.027134711304835506
13950 0.04071338673978757
13982 0.04126889465441259
13993 0.032693762742863834
14065 0.020776705371085277
14084 0.037660937600255365
14114 0.04883523556032211
14163 0.049322240249446384
14189 0.05060519370448644
