79 0.016230129171949437
128 0.03957631518446519
210 0.028183901412225834
288 0.1080633099570068
293 0.03387181290198856
300 0.02798685421339569
301 0.03957631518446519
303 0.03466947449809558
305 0.03652228151419389
312 0.07204220663800454
318 0.027063028838714937
321 0.027240170850033354
322 0.04268658140599723
324 0.029241595514423634
328 0.02476255827427997
331 0.03887448220704207
482 0.022941928290010467
527 0.025914142722738794
535 0.027063028838714937
556 0.021343290702998615
667 0.03387181290198856
688 0.03426157623938136
777 0.04565399001162071
935 0.05528687670423915
994 0.018289257032727317
997 0.021909179386240162
998 0.03509727794432152
1033 0.028803092577750728
1101 0.022514124843784525
1111 0.023163920687268108
1127 0.01691922688012825
1129 0.04565399001162071
1164 0.09130798002324142
1240 0.047489621250761095
1318 0.018752592133642047
1319 0.02040716240592966
1329 0.02671913255273103
1350 0.029241595514423634
1375 0.05521113338470957
1397 0.016594440441156336
1403 0.027240170850033354
1443 0.03957631518446519
1460 0.021343290702998615
1519 0.015591264015108878
1533 0.04430236119071401
1534 0.0431315270499281
1538 0.031839322726507885
1550 0.018225020618443187
1552 0.03602110331900227
1604 0.015040199057009694
1621 0.04920920187708363
1689 0.01274315291415048
1830 0.07271677862811037
2125 0.04117495277147705
2147 0.0420987781461578
2204 0.01274315291415048
2353 0.04430236119071401
2382 0.048993667918538486
2424 0.02798685421339569
2447 0.04430236119071401
2485 0.06543687559908425
2513 0.030976177395617054
2558 0.01341933526967264
2565 0.03417249172022517
2599 0.031839322726507885
2609 0.02116249602287783
2618 0.027240170850033354
2655 0.04033925106653688
2659 0.03276882576537895
2760 0.02606933670924744
2774 0.13290708357214204
2793 0.0606990102474319
2845 0.04430236119071401
2848 0.03008039811401939
2922 0.0862630540998562
2934 0.025176882499814066
2955 0.02970318794787098
2965 0.015450217038043739
2972 0.030976177395617054
2995 0.1709621508780051
3010 0.012846512437130772
3021 0.03426157623938136
3053 0.0420987781461578
3062 0.0431315270499281
3152 0.03957631518446519
3157 0.019836467895583267
3163 0.10400842349428671
3208 0.020474438745591166
3232 0.025319458508417346
3257 0.048993667918538486
3290 0.04430236119071401
3291 0.035547029415357236
3312 0.04117495277147705
3333 0.030190437257951914
3341 0.1527936613812683
3353 0.023163920687268108
3421 0.022941928290010467
3430 0.02994342849184675
3443 0.01531140308867922
3519 0.04094887749118233
3606 0.019836467895583267
3633 0.01532382143395922
3699 0.025611759953146802
3721 0.016594440441156336
3728 0.1053673884065
3734 0.014438221354218076
3740 0.04920920187708363
3756 0.0206414577255755
3758 0.01612876120673392
3789 0.01924178368126182
3792 0.04565399001162071
3865 0.015782926975923185
3936 0.12629633443847338
3984 0.022129917134103914
4030 0.020811719994419924
4079 0.02339167976104619
4143 0.032465891453539356
4219 0.01456378289841998
4311 0.0571835993418801
4450 0.02327706072585622
4452 0.01554399580719562
4577 0.02461765582430205
4591 0.03279680737988655
4618 0.05173166483877623
4624 0.02476255827427997
4626 0.04565399001162071
4664 0.03957631518446519
4685 0.022307803999104963
4726 0.04565399001162071
4729 0.037619740906014124
4735 0.027794138074833042
4774 0.05173166483877623
4784 0.047731507329382444
4793 0.05528687670423915
4794 0.04920920187708363
4852 0.030444606687038363
4881 0.01583150455908464
4899 0.019683973072196836
4917 0.031254557326969586
4921 0.04430236119071401
4970 0.03906817025198255
4985 0.07239177031079787
5001 0.03822468636355849
5042 0.05173166483877623
5051 0.04305578373039853
5059 0.029903260621360866
5063 0.049797005136923055
5076 0.03887448220704207
5158 0.023744810625380548
5211 0.027794138074833042
5288 0.03957631518446519
5341 0.029469354588201713
5350 0.0969557048374805
5360 0.028803092577750728
5390 0.014192366986288927
5421 0.023744810625380548
5528 0.020474438745591166
5644 0.02970318794787098
5687 0.025176882499814066
5689 0.010051086379578395
5697 0.023052221962291078
5699 0.03705385222277258
5718 0.024496833959269243
5736 0.03602110331900227
5737 0.04920920187708363
5765 0.05173166483877623
5816 0.022833004760920917
5837 0.0571835993418801
5903 0.020229728035149337
5970 0.02098535401155941
6004 0.05173166483877623
6050 0.03279680737988655
6071 0.0823499055429541
6099 0.09130798002324142
6120 0.02994342849184675
6183 0.025464391251703085
6206 0.031254557326969586
6230 0.017910713442653346
6234 0.04117495277147705
6245 0.010869168552442654
6310 0.03742001967735561
6315 0.01152960933025939
6400 0.0420987781461578
6419 0.025319458508417346
6421 0.0431315270499281
6446 0.023744810625380548
6497 0.03214701153640296
6508 0.02798685421339569
6519 0.01714263339420748
6573 0.03887448220704207
6606 0.03458882799077817
6633 0.027063028838714937
6637 0.05484193106030827
6681 0.016647742923439682
6756 0.03154206607885861
6808 0.04565399001162071
6813 0.04782965110594135
6862 0.023744810625380548
6895 0.03887448220704207
6911 0.02606933670924744
6921 0.025914142722738794
6937 0.02970318794787098
7020 0.018289257032727317
7031 0.03887448220704207
7064 0.049797005136923055
7093 0.03887448220704207
7099 0.010025926444572598
7100 0.020811719994419924
7170 0.02503658780547713
7195 0.06195235479123411
7201 0.016310384289834515
7245 0.017849181742184285
7330 0.03349864035730966
7406 0.023052221962291078
7418 0.016864253462854948
7422 0.04552425768557392
7442 0.03892018234702646
7468 0.022646576971159654
7479 0.015084821195722306
7491 0.02618506211595353
7520 0.03887448220704207
7529 0.04725262759863257
7544 0.04920920187708363
7547 0.03214701153640296
7551 0.03154206607885861
7558 0.03509727794432152
7593 0.0431315270499281
7616 0.04232499204575566
7643 0.03387181290198856
7797 0.09450525519726515
7865 0.01247333989245187
7891 0.029554264771654452
7938 0.03349864035730966
8062 0.23324689324225242
8087 0.021621670634351144
8114 0.04725262759863257
8182 0.027794138074833042
8250 0.011895005172580823
8259 0.03602110331900227
8325 0.12629633443847338
8332 0.08860472238142802
8358 0.04430236119071401
8370 0.032465891453539356
8382 0.03887448220704207
8417 0.030706364373918445
8433 0.025080037558116677
8567 0.02655211357274669
8589 0.04117495277147705
8658 0.02092757040612511
8661 0.07109405883071447
8666 0.027240170850033354
8668 0.1417578827958977
8673 0.013644174033237784
8891 0.04033925106653688
8939 0.03387181290198856
8944 0.03822468636355849
8996 0.00963288669261844
8997 0.006926197929128214
9079 0.06933894899619115
9126 0.07420405887842957
9269 0.03652228151419389
9276 0.03466947449809558
9366 0.23888109572445265
9385 0.025319458508417346
9392 0.08577539901282015
9425 0.0420987781461578
9450 0.037619740906014124
9479 0.03887448220704207
9496 0.01895891297832161
9497 0.007158600947368044
9531 0.04014060251050509
9553 0.032465891453539356
9670 0.07304456302838779
9671 0.06195235479123411
9721 0.037619740906014124
9733 0.04430236119071401
9783 0.01341933526967264
9842 0.03349864035730966
9902 0.036418025784792835
9944 0.26773772613276425
9959 0.030706364373918445
9961 0.02098535401155941
10031 0.15106129499888438
10040 0.01861769360621386
10156 0.028628865005777774
10197 0.03154206607885861
10207 0.06628140733174093
10234 0.02210622658507031
10361 0.01861769360621386
10382 0.04502824968756905
10451 0.019836467895583267
10499 0.017199385898700698
10516 0.02103353122800163
10541 0.04565399001162071
10548 0.028803092577750728
10575 0.019313950601679092
10582 0.025914142722738794
10592 0.03509727794432152
10598 0.022410357581431783
10624 0.02576164789935236
10657 0.0269128205976715
10690 0.04725262759863257
10707 0.03154206607885861
10732 0.0148639472666508
10745 0.06038087451590383
10794 0.02606933670924744
10806 0.023865753664691222
10814 0.04725262759863257
10821 0.027420965530154134
10827 0.05448034170006671
10836 0.025464391251703085
10849 0.03822468636355849
10866 0.030444606687038363
10867 0.0823499055429541
11000 0.017776059327314582
11047 0.02503658780547713
11097 0.03062280617735844
11102 0.024366931859882843
11108 0.0210734776813
11118 0.024366931859882843
11245 0.022619134857373605
11246 0.016974547135135555
11311 0.019099207672658536
11325 0.05373214032796004
11326 0.1494030349209903
11356 0.015450217038043739
11369 0.060889213374076726
11393 0.0420987781461578
11511 0.021621670634351144
11521 0.04725262759863257
11576 0.03683831826422743
11694 0.02970318794787098
11747 0.06852315247876271
11866 0.053778789643150894
11900 0.1646998110859082
11987 0.05007317561095426
12017 0.024366931859882843
12021 0.027063028838714937
12121 0.0431315270499281
12175 0.016028551757914785
12215 0.01597887326052836
12269 0.05528687670423915
12326 0.0431315270499281
12409 0.0598868569836935
12455 0.03652228151419389
12458 0.03279680737988655
12471 0.04725262759863257
12473 0.10346332967755247
12572 0.028803092577750728
12584 0.023744810625380548
12645 0.04117495277147705
12648 0.039983323764183835
12670 0.0655936147597731
12672 0.07019455588864304
12678 0.021343290702998615
12735 0.013758793068427748
12897 0.0431315270499281
12958 0.03957631518446519
12959 0.02859179967094005
13024 0.022619134857373605
13027 0.04117495277147705
13151 0.0431315270499281
13241 0.05528687670423915
13242 0.04725262759863257
13619 0.031254557326969586
13659 0.030976177395617054
13775 0.023744810625380548
13787 0.015265615875843089
13869 0.0420987781461578
13873 0.04920920187708363
13912 0.016864253462854948
13950 0.2456809456102506
13973 0.019028779733108354
13982 0.017788078837535696
13993 0.028183901412225834
14004 0.03602110331900227
14043 0.02859179967094005
14065 0.017910713442653346
14072 0.01312824691727125
14084 0.032465891453539356
14163 0.021259302080852315
