10 0.01861083003405236
11 0.014918225239157163
64 0.04779542148850718
77 0.036394330184553285
83 0.04779542148850718
88 0.04472194619526977
128 0.03421366476031162
168 0.038299324401588106
202 0.04084982525957995
238 0.04779542148850718
288 0.031140189467074208
300 0.024194593238146975
318 0.02339594759569456
331 0.03360693121032435
385 0.04472194619526977
455 0.04779542148850718
460 0.04779542148850718
483 0.01748856936177218
581 0.04779542148850718
590 0.03728714005354902
640 0.036394330184553285
669 0.04779542148850718
670 0.02508740310714272
762 0.023098649775366197
928 0.03487322167916949
960 0.016450351366767323
976 0.016037324233494847
994 0.015811035108152904
995 0.05559184903888907
1003 0.036394330184553285
1010 0.021407194263918038
1027 0.017016765019788806
1037 0.031140189467074208
1057 0.033045183684109025
1101 0.019463426955913462
1107 0.012590368340408045
1127 0.014626646108468006
1133 0.014075121271269694
1162 0.02032247230245715
1251 0.04779542148850718
1255 0.015923335277063314
1318 0.06484635041507147
1319 0.0441049027689531
1371 0.03203299933606995
1407 0.038299324401588106
1466 0.036394330184553285
1481 0.02835279049284527
1485 0.04779542148850718
1567 0.013644316555844407
1718 0.014254540837073306
1801 0.05453613706276876
1822 0.03421366476031162
1842 0.05730017662634727
1868 0.03360693121032435
1871 0.014254540837073306
1901 0.04024596774954266
1916 0.028959524042832543
1940 0.014722598310667048
2039 0.0816996505191599
2090 0.030341543824621797
2095 0.06681271721180365
2101 0.04472194619526977
2124 0.04084982525957995
2134 0.03946780547779069
2137 0.038926853911826924
2160 0.024364940244211337
2321 0.038299324401588106
2371 0.01877384970966966
2382 0.02117747599454239
2384 0.016951699188891375
2425 0.0282391591934095
2446 0.04779542148850718
2476 0.03487322167916949
2479 0.5283217000743589
2485 0.018856693405926193
2513 0.10711543447436352
2558 0.02320199018442348
2565 0.01477103376464971
2566 0.04779542148850718
2599 0.055050092909493926
2609 0.03658989175942174
2648 0.013561017665307162
2654 0.04779542148850718
2730 0.015537354740814949
2759 0.031140189467074208
2763 0.019373720314183822
2776 0.01532530950834065
2789 0.033045183684109025
2793 0.013118550692558737
2821 0.026099587455181792
2831 0.05355771723718176
2848 0.013002229390645036
2907 0.024364940244211337
2909 0.02835279049284527
2929 0.0204242204443477
2934 0.021765376931718892
2995 0.11612583829741213
3010 0.011105790617811041
3015 0.026545605668452998
3047 0.036394330184553285
3090 0.024364940244211337
3095 0.03728714005354902
3130 0.010754525172778182
3137 0.016270577183632725
3171 0.03946780547779069
3177 0.029282131144627806
3225 0.023098649775366197
3236 0.016887187116459857
3241 0.02508740310714272
3249 0.03443076443813284
3250 0.02508740310714272
3316 0.024194593238146975
3318 0.038299324401588106
3337 0.036394330184553285
3432 0.02228366044264214
3440 0.03421366476031162
3443 0.026473369733607744
3536 0.024364940244211337
3544 0.05331591433339592
3606 0.017148596564507106
3626 0.06842732952062323
3633 0.019871130761340613
3660 0.10264099428093484
3693 0.022673484732763177
3758 0.013943289726551395
3761 0.018141806878215483
3776 0.07361761084345306
3786 0.030755534629273957
3790 0.04460652947187675
3822 0.03946780547779069
3841 0.05326590547775456
3847 0.03805029502161046
3865 0.013644316555844407
3916 0.027791042966629948
3936 0.036394330184553285
3991 0.017558432738878645
4030 0.017991700532394572
4120 0.02631931654311106
4154 0.02631931654311106
4155 0.0280667141738368
4211 0.025886048749595134
4241 0.02324584124987365
4283 0.023549086597189944
4287 0.028650088313173633
4311 0.02471756767339254
4421 0.0204242204443477
4428 0.047729941503062874
4452 0.013437760921002408
4454 0.03946780547779069
4474 0.0425412807710281
4489 0.039358000595863606
4492 0.03947819632624063
4577 0.04256385262911055
4589 0.02726806853138438
4621 0.026099587455181792
4646 0.03421366476031162
4656 0.0425412807710281
4658 0.029971708390871613
4663 0.024364940244211337
4700 0.02339594759569456
4709 0.03728714005354902
4733 0.03946780547779069
4784 0.041263816064232114
4808 0.013356689316573285
4809 0.04779542148850718
4841 0.02527931519960786
4864 0.021765376931718892
4881 0.013686311803188819
4922 0.037124415899147854
4957 0.10061491937385665
4985 0.0156456440504555
4991 0.021765376931718892
5059 0.012925661843084671
5066 0.03487322167916949
5070 0.044541811474535765
5121 0.04779542148850718
5122 0.0425412807710281
5130 0.025678361161826774
5179 0.03203299933606995
5189 0.024539203614484355
5208 0.023705383325353463
5223 0.024538559689599622
5247 0.008306876947828085
5280 0.024539203614484355
5297 0.022270905737267883
5299 0.024027990427148736
5323 0.04472194619526977
5370 0.04472194619526977
5539 0.03487322167916949
5551 0.024125072817673066
5571 0.033774374232919714
5630 0.0425412807710281
5641 0.030341543824621797
5663 0.012774808650348803
5677 0.10645732475486962
5682 0.04779542148850718
5685 0.03173395445486098
5701 0.038299324401588106
5759 0.026545605668452998
5778 0.03946780547779069
5798 0.026315449081530967
5832 0.03421366476031162
5925 0.029282131144627806
5938 0.08950935143494297
5962 0.015273212239643721
5974 0.019833262389663642
6044 0.012700493126104426
6060 0.03203299933606995
6071 0.07119136908420173
6081 0.04480547456397237
6102 0.028783897275105164
6109 0.00946845759318797
6183 0.02201392781390531
6200 0.03421366476031162
6207 0.036902485215748786
6230 0.030967569491435937
6245 0.018792759626220356
6291 0.0425412807710281
6310 0.010783183516015772
6315 0.06977130908296068
6411 0.03252220924886346
6483 0.0425412807710281
6519 0.04445934210837497
6591 0.1964669992168576
6606 0.019934659737988764
6689 0.04084982525957995
6774 0.03946780547779069
6911 0.02253690224915087
6960 0.0640659986721399
6965 0.04472194619526977
7020 0.04743310532445871
7081 0.031140189467074208
7099 0.008667398283223606
7100 0.07196680212957829
7170 0.021644092380155126
7344 0.026545605668452998
7346 0.04472194619526977
7418 0.014579121672184565
7422 0.026237101385117475
7434 0.0816996505191599
7448 0.02471756767339254
7449 0.03946780547779069
7466 0.013686311803188819
7468 0.019577931620172392
7479 0.013040805162231793
7491 0.0452738933772607
7504 0.03421366476031162
7589 0.10461966503750844
7693 0.012165203297805025
7717 0.015017965135504841
7718 0.01598011548830451
7728 0.038299324401588106
7771 0.0425412807710281
7862 0.025851323686169343
7865 0.010783183516015772
7965 0.038570125794010555
8004 0.02527931519960786
8062 0.03360693121032435
8088 0.06609036736821805
8097 0.014030922179526199
8115 0.026081610324463586
8154 0.024194593238146975
8301 0.02508740310714272
8332 0.038299324401588106
8345 0.022954262119184495
8401 0.017350745151110295
8404 0.03360693121032435
8463 0.0156456440504555
8492 0.03421366476031162
8517 0.01496793114026544
8644 0.027525046454746963
8658 0.07236741215402857
8744 0.04447192639632316
8751 0.026099587455181792
8795 0.013002229390645036
8839 0.031140189467074208
8903 0.02527931519960786
8944 0.1321807347364361
8995 0.01621158760376787
8996 0.033310464042865945
9071 0.03946780547779069
9087 0.03559568454210087
9094 0.010640963157277637
9103 0.10807807059679186
9104 0.024539203614484355
9117 0.03559568454210087
9126 0.048111972700484534
9134 0.017016765019788806
9236 0.033045183684109025
9296 0.04472194619526977
9350 0.08885724288507121
9366 0.03754769941933932
9372 0.023549086597189944
9392 0.02471756767339254
9409 0.015537354740814949
9425 0.036394330184553285
9434 0.038299324401588106
9437 0.02835279049284527
9497 0.0061885997173945625
9619 0.03559568454210087
9645 0.012269279844799811
9647 0.016037324233494847
9676 0.06286354540173396
9695 0.022270905737267883
9708 0.027039417984381163
9719 0.024820618904961116
9725 0.011828253480742424
9739 0.04779542148850718
9741 0.0850825615420562
9758 0.01853061634629636
9792 0.04084982525957995
9826 0.03559568454210087
9859 0.030341543824621797
9902 0.052472213899723806
9905 0.012130826264928226
9928 0.033045183684109025
9965 0.029971708390871613
10002 0.029971708390871613
10003 0.0892225452894356
10037 0.03822159905346451
10040 0.04828490409106331
10156 0.012374805299715954
10162 0.02012298387477133
10167 0.033045183684109025
10171 0.0425412807710281
10228 0.0561334283476736
10242 0.032660058863188235
10260 0.02508740310714272
10307 0.04472194619526977
10316 0.014209286238434387
10330 0.026545605668452998
10361 0.01609496803035444
10367 0.04779542148850718
10369 0.03946780547779069
10377 0.030341543824621797
10386 0.01609496803035444
10396 0.020222071857744515
10440 0.023864970751531437
10474 0.04472194619526977
10524 0.027791042966629948
10548 0.024900230072510732
10575 0.06678752460941087
10576 0.04779542148850718
10614 0.013856658809253181
10616 0.01877384970966966
10665 0.036394330184553285
10684 0.02527931519960786
10708 0.02339594759569456
10721 0.04779542148850718
10732 0.025699719967651802
10745 0.026099587455181792
10752 0.022141327833938934
10762 0.02471756767339254
10821 0.023705383325353463
10827 0.023549086597189944
10837 0.0280667141738368
10887 0.021407194263918038
10924 0.026004458781290072
10929 0.03728714005354902
10930 0.012269279844799811
10999 0.004636232929540951
11000 0.01844085175942446
11030 0.07278866036910657
11097 0.013236684866803872
11108 0.01821798965773651
11123 0.04084982525957995
11150 0.022673484732763177
11232 0.043314931167467687
11245 0.03910841590842345
11246 0.058697881541796594
11255 0.02833306630124645
11310 0.02201392781390531
11311 0.08255618107119908
11317 0.016330029431594117
11359 0.012737559814915497
11365 0.011730021573523406
11371 0.01609496803035444
11430 0.02508740310714272
11437 0.03252220924886346
11442 0.0425412807710281
11505 0.02281257345635772
11573 0.0425412807710281
11576 0.015923335277063314
11587 0.030341543824621797
11617 0.0464916824997473
11745 0.07703508348548033
11764 0.07119136908420173
11796 0.02631931654311106
11817 0.04084982525957995
11842 0.034164788396443
11910 0.017282761531671794
11912 0.02253690224915087
11916 0.07457428010709805
11928 0.038299324401588106
11930 0.02032247230245715
11941 0.03073035329270267
11950 0.028959524042832543
11955 0.02012298387477133
11967 0.02631931654311106
12007 0.02253690224915087
12017 0.02106517582563198
12042 0.03073035329270267
12057 0.014531893340229652
12059 0.04472194619526977
12064 0.00987114561762822
12117 0.015811035108152904
12157 0.04779542148850718
12173 0.02117747599454239
12175 0.013856658809253181
12220 0.027019517649197966
12240 0.03728714005354902
12291 0.02835279049284527
12315 0.03360693121032435
12378 0.02111378878134766
12383 0.047410766650706926
12409 0.025886048749595134
12433 0.038299324401588106
12449 0.03421366476031162
12464 0.0425412807710281
12465 0.08180420559415315
12558 0.02106517582563198
12572 0.024900230072510732
12582 0.016759787096426233
12584 0.0410547059142456
12614 0.01748856936177218
12626 0.033045183684109025
12679 0.04779542148850718
12695 0.016887187116459857
12733 0.014209286238434387
12735 0.01189445584702803
12797 0.028650088313173633
12819 0.03157345726059013
12834 0.006283155489316591
12877 0.010391503332976428
12903 0.012269279844799811
12926 0.03252220924886346
12953 0.033045183684109025
12959 0.02471756767339254
12990 0.033045183684109025
13005 0.04472194619526977
13049 0.03203299933606995
13105 0.04084982525957995
13127 0.038299324401588106
13181 0.04472194619526977
13332 0.02201392781390531
13337 0.028959524042832543
13428 0.02726806853138438
13530 0.04472194619526977
13608 0.037713386811852385
13616 0.015537354740814949
13723 0.06780508832653581
13726 0.021291464950973924
13770 0.02106517582563198
13771 0.03728714005354902
13822 0.024891961368452682
13824 0.02253690224915087
13827 0.0907090343910774
13858 0.020222071857744515
13860 0.024900230072510732
13874 0.00808241545908505
13884 0.02339594759569456
13912 0.014579121672184565
13918 0.016389951662676053
13948 0.07104643119217192
13950 0.030341543824621797
13965 0.02106517582563198
13973 0.0658014054670693
13982 0.030755534629273957
13990 0.028650088313173633
13993 0.024364940244211337
13997 0.019285062897005278
14003 0.03157345726059013
14013 0.04779542148850718
14014 0.020222071857744515
14040 0.01762894601719503
14041 0.030755534629273957
14062 0.05623503234593358
14081 0.03203299933606995
14163 0.024504846094345674
14189 0.037713386811852385
