126 0.037160589285847104
269 0.08876615263477423
285 0.04002872631189769
307 0.03657248427239233
309 0.03921628883295031
312 0.07003669897140759
313 0.025192745998109268
315 0.03125210449366913
818 0.03256610673303117
861 0.053747803149070454
994 0.035560243057188565
1010 0.02407321930506766
1047 0.03330780404077233
1104 0.0322181342669029
1180 0.034557472829792595
1220 0.04783931835689247
1274 0.02821175672754173
1350 0.028427569310557097
1453 0.053747803149070454
1460 0.020749137148675215
1524 0.027020406125232724
1550 0.08858836662342393
1604 0.029243021361595897
1647 0.037160589285847104
1655 0.019359364261886114
1667 0.035505575905128206
1689 0.01238840960382461
1690 0.06250420898733826
1800 0.03188381135006245
1871 0.01602978341922624
1881 0.036022348772536524
1889 0.043069074078025085
1914 0.037160589285847104
1940 0.016556132181716324
1959 0.040632693304609335
1963 0.011237691691298339
1997 0.08185366855576355
2006 0.02083839599261983
2017 0.018847029895858406
2095 0.025044496318669555
2103 0.036022348772536524
2147 0.040926834277881775
2149 0.0502915611095651
2204 0.01238840960382461
2225 0.031562107446198445
2234 0.02565362265402047
2269 0.03847459152520914
2311 0.039970540818337986
2359 0.050385491996218536
2361 0.11542377457562744
2366 0.0502915611095651
2378 0.053747803149070454
2396 0.07101115181025641
2425 0.04763404282733241
2533 0.04002872631189769
2608 0.02489878094628251
2677 0.053747803149070454
2709 0.053747803149070454
2736 0.043572998135910895
2738 0.0322181342669029
2744 0.025192745998109268
2771 0.04438307631738712
2790 0.04193083356471449
2793 0.014752318491307677
2848 0.014621510680797948
2853 0.08185366855576355
2857 0.03011386398035854
2859 0.07843257766590062
2965 0.060080458399815274
2969 0.025192745998109268
3039 0.03011386398035854
3042 0.053747803149070454
3048 0.053747803149070454
3128 0.06740869449268351
3130 0.02418776041496767
3137 0.01829689439600259
3150 0.021299272648531032
3157 0.01928426120593129
3159 0.02489878094628251
3173 0.03921628883295031
3238 0.026837084184309776
3241 0.05642351345508346
3274 0.04002872631189769
3297 0.020066841765706493
3321 0.013264348138043643
3332 0.031656038332851875
3432 0.008352946493001459
3442 0.04867924082931686
3443 0.014885164946988215
3454 0.02381489221143346
3468 0.03921628883295031
3517 0.044820990514839405
3521 0.02821175672754173
3527 0.03741226356735606
3613 0.04783931835689247
3633 0.02234585638640702
3758 0.01567976948698623
3798 0.04193083356471449
3820 0.04193083356471449
3823 0.028876311954869394
3832 0.022740503245436642
3840 0.023083803668856092
3841 0.0149748935829751
3908 0.01906284247887377
3918 0.09567863671378495
3940 0.020573375422623764
3976 0.053747803149070454
3977 0.053747803149070454
3978 0.03066399948021436
3980 0.07843257766590062
3984 0.010756932754512592
4000 0.040926834277881775
4028 0.022740503245436642
4074 0.03921628883295031
4117 0.03779229614224042
4219 0.014158356973528515
4359 0.10749560629814091
4383 0.015343562573738761
4421 0.022967827162691423
4450 0.045258149939453936
4489 0.0221297982368054
4500 0.03330780404077233
4502 0.043069074078025085
4577 0.03589852596433706
4586 0.05367416836861955
4624 0.02407321930506766
4678 0.026657621940853186
4689 0.04570681487043914
4698 0.035505575905128206
4709 0.04193083356471449
4720 0.07842254722033465
4734 0.021686800367581742
4784 0.04640275980269568
4792 0.0502915611095651
4798 0.06740869449268351
4815 0.026837084184309776
4825 0.04193083356471449
4866 0.053747803149070454
4881 0.015390787856353056
4887 0.019666573787646583
4892 0.03256610673303117
4899 0.057408034579474736
4913 0.14138498451436424
4956 0.029851562001266988
4977 0.053747803149070454
4985 0.07037653150660164
4998 0.028427569310557097
5007 0.053747803149070454
5059 0.02907081501438873
5130 0.028876311954869394
5133 0.04593721110407567
5247 0.056048429711968224
5268 0.04002872631189769
5298 0.04593721110407567
5390 0.013797280520639985
5455 0.021394515446184953
5459 0.02630964947472492
5489 0.04193083356471449
5551 0.013564789517266604
5579 0.04438307631738712
5581 0.03256610673303117
5582 0.024205379188180564
5613 0.019136011526491577
5628 0.03412024151971971
5633 0.0502915611095651
5647 0.02959709111295023
5689 0.00977128469480825
5727 0.037160589285847104
5886 0.05919418222590046
5938 0.016776122241761556
5974 0.022303271935363755
6138 0.08613814815605017
6192 0.043069074078025085
6207 0.020749137148675215
6230 0.03482423163547343
6245 0.010566593133411016
6419 0.049229233151712015
6480 0.04438307631738712
6484 0.02779586245416378
6520 0.12381192444339013
6521 0.030952981110847533
6605 0.04593721110407567
6606 0.011208648590940435
6609 0.0502915611095651
6619 0.09115348315158998
6629 0.020660803283485654
6636 0.022303271935363755
6637 0.026657621940853186
6656 0.04438307631738712
6657 0.0502915611095651
6679 0.040926834277881775
6691 0.053747803149070454
6694 0.040926834277881775
6732 0.0502915611095651
6741 0.03847459152520914
6775 0.027516177990937217
6843 0.04593721110407567
6859 0.02934999724085232
6898 0.033704347246341755
7025 0.018990296154104528
7031 0.03779229614224042
7170 0.02433962041465843
7184 0.053747803149070454
7206 0.019136011526491577
7257 0.035018349485703794
7276 0.07997286582255957
7284 0.08026736706282597
7418 0.01639478714318578
7442 0.018918362041904866
7453 0.023083803668856092
7468 0.011008071296536377
7479 0.014664890630445786
7486 0.0567550861257146
7572 0.027020406125232724
7580 0.0195425693896165
7588 0.028648988037614613
7627 0.01634167705418736
7671 0.027752416645173916
7674 0.02407321930506766
7717 0.03377656723863441
7825 0.0502915611095651
7891 0.014365767247624188
7901 0.03125210449366913
7911 0.03125210449366913
7945 0.04193083356471449
7948 0.03188381135006245
7969 0.03921628883295031
7990 0.033704347246341755
8011 0.023943077209089007
8038 0.0502915611095651
8074 0.04080232936509389
8085 0.023564164085727375
8124 0.013758088995468609
8139 0.035018349485703794
8154 0.02720775744070901
8166 0.036022348772536524
8268 0.24980242852635956
8293 0.015778315575403767
8307 0.04783931835689247
8355 0.029851562001266988
8384 0.0322181342669029
8401 0.019511585123186074
8428 0.03256610673303117
8474 0.04460654387072751
8507 0.08594696411284383
8530 0.04783931835689247
8658 0.01017249482724423
8659 0.036022348772536524
8662 0.026657621940853186
8697 0.036022348772536524
8701 0.040926834277881775
8744 0.005001040415940861
8787 0.040926834277881775
8839 0.035018349485703794
8865 0.2046341713894089
8929 0.04002872631189769
8976 0.02368860632077226
8995 0.018230558328076393
9094 0.011966175321445689
9105 0.030131153593660198
9126 0.03606918483382206
9187 0.040926834277881775
9270 0.03125210449366913
9351 0.053747803149070454
9375 0.09959512378513004
9384 0.03847459152520914
9407 0.0502915611095651
9409 0.03494471470525289
9433 0.07558459228448083
9446 0.04002872631189769
9457 0.020573375422623764
9497 0.027837280561184983
9509 0.03657248427239233
9530 0.03921628883295031
9536 0.053747803149070454
9580 0.09567863671378495
9589 0.0637676227001249
9624 0.053747803149070454
9632 0.035018349485703794
9639 0.043069074078025085
9645 0.013797280520639985
9647 0.03606918483382206
9657 0.03412024151971971
9674 0.0502915611095651
9688 0.04783931835689247
9708 0.015203436540876771
9719 0.06977936889115682
9725 0.03990398786417989
9758 0.02083839599261983
9787 0.053747803149070454
9788 0.053747803149070454
9827 0.04152164412063666
9835 0.02821175672754173
9841 0.053747803149070454
9867 0.02534361970149115
9904 0.033704347246341755
9905 0.013641584106120208
9906 0.0187762897246522
9908 0.02285340743521957
9932 0.018990296154104528
9990 0.029109864693525823
10008 0.03779229614224042
10013 0.03412024151971971
10040 0.12669590569796735
10046 0.08051125255292932
10050 0.030384494383863328
10110 0.02381489221143346
10114 0.04783931835689247
10149 0.053747803149070454
10156 0.05566379193179752
10174 0.02433962041465843
10324 0.02489878094628251
10362 0.03458579021833973
10459 0.09629287722027063
10477 0.10749560629814091
10489 0.024476009591685353
10516 0.010224000371916247
10531 0.022303271935363755
10570 0.04783931835689247
10571 0.04002872631189769
10574 0.023943077209089007
10600 0.09034159194107562
10626 0.04783931835689247
10678 0.10806704631760956
10679 0.12153797753545331
10680 0.03847459152520914
10681 0.053747803149070454
10732 0.014450165379750135
10752 0.04979756189256502
10762 0.02779586245416378
10842 0.043069074078025085
10843 0.04783931835689247
10890 0.03921628883295031
10922 0.028876311954869394
10924 0.029243021361595897
10925 0.02821175672754173
10999 0.01042724709144471
11000 0.013824968158021401
11108 0.020486835169583655
11112 0.03412024151971971
11133 0.037160589285847104
11154 0.043069074078025085
11203 0.035505575905128206
11245 0.04397892882320037
11320 0.02565362265402047
11325 0.017412115817736714
11336 0.07892894842417476
11338 0.19429428851247785
11339 0.13850282201313655
11365 0.013190863702701854
11519 0.0502915611095651
11537 0.033704347246341755
11664 0.0502915611095651
11714 0.018363750752127976
11727 0.053747803149070454
11752 0.031562107446198445
11804 0.07843257766590062
11815 0.020573375422623764
11824 0.0502915611095651
11861 0.02565362265402047
11886 0.09199199844064307
11901 0.034557472829792595
11929 0.025044496318669555
11935 0.04593721110407567
11976 0.02565362265402047
11995 0.0329288909174107
12007 0.02534361970149115
12010 0.02739931924859436
12045 0.03921628883295031
12064 0.0166507285108784
12078 0.01870613178367803
12161 0.04593721110407567
12173 0.02381489221143346
12183 0.08051125255292932
12197 0.04593721110407567
12206 0.034557472829792595
12208 0.033704347246341755
12231 0.021686800367581742
12234 0.03779229614224042
12238 0.0322181342669029
12246 0.035018349485703794
12250 0.040926834277881775
12262 0.10261449061608188
12276 0.06740869449268351
12316 0.024205379188180564
12378 0.011871636736416304
12382 0.07558459228448083
12401 0.02934999724085232
12544 0.03188381135006245
12584 0.023083803668856092
12591 0.02759528515975972
12611 0.015828019166425938
12639 0.034557472829792595
12648 0.019435134909313177
12733 0.03195778573961565
12793 0.043069074078025085
12812 0.053747803149070454
12817 0.04193083356471449
12834 0.021196955307277318
12865 0.02113318626682203
12898 0.02934999724085232
12910 0.031562107446198445
12929 0.053747803149070454
12931 0.053747803149070454
12963 0.02648186021480174
13020 0.036022348772536524
13030 0.060768988767726656
13077 0.033704347246341755
13079 0.012223527447480878
13174 0.06022772796071708
13219 0.03125210449366913
13261 0.02534361970149115
13263 0.03847459152520914
13332 0.024755514688036384
13432 0.03921628883295031
13440 0.04438307631738712
13464 0.02101976755218
13614 0.019985270409168993
13616 0.017472357352626446
13660 0.019824432775127354
13661 0.059703124002533976
13671 0.053747803149070454
13709 0.020486835169583655
13723 0.015249889744172683
13754 0.021959597654278455
13775 0.046167607337712184
13781 0.0502915611095651
13787 0.08904391413898342
13872 0.015486030654006977
13874 0.027266967935518586
13912 0.01639478714318578
13973 0.03699811485946027
13985 0.040926834277881775
13997 0.021686800367581742
14065 0.017412115817736714
14074 0.03256610673303117
14163 0.013778324398644152
14180 0.03125210449366913
14211 0.045481006490873284
14212 0.018164734512889684
14231 0.053747803149070454
