12 0.03114652818800159
13 0.03597131347218005
108 0.025601369919957054
128 0.048684485731019335
169 0.06801070659242904
210 0.06934039916311155
307 0.04627762162310663
320 0.03597131347218005
321 0.06701855404565496
322 0.07876583205181804
370 0.04120808293754823
639 0.041667138141195874
940 0.034670199581555775
994 0.022498382400953445
1057 0.047021790410892716
1101 0.027695569549483
1375 0.03395876577863399
1383 0.048684485731019335
1397 0.020413517405704462
1403 0.03350927702282748
1460 0.026255277350606013
1473 0.1272745826359231
1536 0.06801070659242904
1538 0.07833377340659765
1567 0.01941524064510848
1614 0.04431107045655183
1830 0.02981732007325727
1834 0.05812743969104523
2455 0.05305790100548683
2485 0.08049664607574697
2648 0.03859342024012598
2659 0.020155153694337156
2793 0.01866709978243537
2889 0.0371385235095089
2972 0.038105095418544614
2995 0.13519781646734105
3142 0.02782474677288955
3157 0.04880334279303609
3165 0.028634088986961653
3220 0.022419362492706527
3281 0.02282038151361717
3291 0.0874557845158555
3312 0.05065103689757413
3321 0.01678427091902305
3341 0.18795789331661802
3419 0.040767769996190306
3421 0.056443657034321595
3519 0.025186466105152443
3728 0.05184673806524156
3738 0.03029678430708828
3751 0.028221828517160798
3841 0.018948739000548002
3865 0.01941524064510848
3924 0.09924601033699598
3956 0.020348343979418437
3984 0.027222939526386873
4219 0.017915520366234224
4701 0.04372789225792775
4881 0.019474997968225806
4899 0.024214081116356607
4917 0.07689508450303893
4985 0.02226303846323392
5000 0.05812743969104523
5001 0.09404358082178543
5053 0.03543189261240678
5059 0.01839262774017738
5064 0.06934039916311155
5087 0.07554637420111876
5350 0.11926928029302908
5391 0.02808783711414574
5434 0.032662868898623555
5687 0.03097113945804836
5691 0.06801070659242904
5730 0.03350927702282748
5736 0.04431107045655183
5746 0.02603287422935638
5815 0.1272745826359231
5829 0.03745118798789566
5837 0.17585986171477053
6062 0.02920948776279353
6183 0.06264963207232883
6230 0.022032720049023347
6245 0.02674124050372171
6285 0.051787473250022954
6310 0.015343978720146062
6315 0.014183056161417773
6400 0.10357494650004591
6419 0.03114652818800159
6434 0.04120808293754823
6446 0.05841897552558706
6505 0.03373168014407711
6579 0.03132481603616442
6606 0.014183056161417773
6629 0.026143502575906474
6706 0.07689508450303893
6789 0.023758900951095827
6813 0.05883726051638229
6821 0.022340917279786165
6921 0.031878074189989156
6995 0.03286832595317644
7006 0.025496138165921507
7064 0.03062869262507351
7085 0.035171972342954105
7093 0.04782113154011865
7100 0.025601369919957054
7158 0.05305790100548683
7206 0.024214081116356607
7242 0.01601833387110614
7374 0.032461252388613235
7442 0.07181602379949129
7509 0.048684485731019335
7533 0.024121495404241446
7566 0.022738976076391422
7571 0.055910979637871346
7580 0.012364263048418003
7604 0.027695569549483
7616 0.02603287422935638
7627 0.02067822195965954
7633 0.017508446801671015
7643 0.08333427628239175
7671 0.017558498720876652
7813 0.12106860759791588
7865 0.015343978720146062
7941 0.03132481603616442
8062 0.4782113154011865
8319 0.06363729131796154
8325 0.051787473250022954
8433 0.07713001608035255
8666 0.03350927702282748
8996 0.011849818067938606
8997 0.008520206660958117
9323 0.1591737030164605
9366 0.1870003278797756
9392 0.10551591702886233
9486 0.048684485731019335
9497 0.01761219072830722
9671 0.15242038167417846
9725 0.016831065652869844
9835 0.03569823131063191
9902 0.022399670717292937
9944 0.08782810929086596
9958 0.11232177704898087
9961 0.02581496440924809
9979 0.07490237597579132
10068 0.020745425723689693
10110 0.03013458321691678
10156 0.017608783983206266
10316 0.040438333512023784
10327 0.028917951928251705
10451 0.024401671396518044
10483 0.04372789225792775
10499 0.021157686193490545
10732 0.01828476514897817
10797 0.02671433255425366
10806 0.029358264869609622
10821 0.06746336028815422
10866 0.03745118798789566
10930 0.03491725213996626
10948 0.06801070659242904
11000 0.05248098329360996
11022 0.06053430379895794
11097 0.056505597985935546
11102 0.029974785194424553
11108 0.02592336903262078
11259 0.026597724183580862
11326 0.1575316641036361
11356 0.1140357611501507
11359 0.018124967126485945
11450 0.04962300516849799
11747 0.12643980712508066
11866 0.03307777271342816
12001 0.06363729131796154
12054 0.13602141318485808
12069 0.025288705441570296
12113 0.04558149821201573
12121 0.05305790100548683
12170 0.04372789225792775
12175 0.01971739399461356
12409 0.07366933532616148
12584 0.02920948776279353
12586 0.06801070659242904
12610 0.02920948776279353
12648 0.024592582030479388
12733 0.06065750026803568
12735 0.03385053720609387
12834 0.026821931755195875
12943 0.03286832595317644
13024 0.0556494935457791
13085 0.13602141318485808
13151 0.05305790100548683
13209 0.04627762162310663
13338 0.09089035292126484
13375 0.056160888524490436
13723 0.01929671012006299
13744 0.02950912284249445
13748 0.11625487938209046
13786 0.029188727494648774
13824 0.0320689848239505
13869 0.051787473250022954
13929 0.06053430379895794
13950 0.21587317052051508
14040 0.02508518677667737
14043 0.035171972342954105
14060 0.053195448367161724
14062 0.013336648037213843
14163 0.026151959422764808
