499 0.1829462570495171
703 0.12824894377023274
729 0.1383325903882706
1391 0.18505142171600455
1842 0.1789974368718323
2602 0.1644354512955927
2984 0.21375704783681085
3697 0.1511607967293258
4188 0.11627506476553941
4304 0.14431366004165294
4465 0.23928306352392165
4881 0.08550810406657809
5314 0.14252633822635857
6967 0.1511607967293258
7204 0.18725453555300858
7287 0.1829462570495171
7596 0.1544281892216347
7865 0.06737020108234379
8417 0.1658492400764654
10141 0.17535268455773242
10145 0.17535268455773242
10657 0.07267989772552286
10759 0.255217852671152
10950 0.09228513207073986
11128 0.20996635270440067
11241 0.23928306352392165
11258 0.28505267645271715
11276 0.1688101045920975
11461 0.20645671719254777
11511 0.11678157662118444
12406 0.11287351239013094
12780 0.22738121252864552
13043 0.12160184289026084
14040 0.11014053839334434
14062 0.058556693568132714
