128 0.14546389455912165
194 0.0562775062322655
303 0.06371432963509842
338 0.05006101909478789
707 0.09043492452269032
736 0.05966466293227946
898 0.09947094758813121
976 0.03409239638101681
1144 0.07926558945320152
1604 0.027640343973152837
1660 0.04706838334914613
1871 0.030302527365002444
2017 0.03562821931101526
2059 0.15133973338624476
2253 0.07413404376312394
2424 0.05143324727635219
2608 0.04706838334914613
2617 0.04408500849129649
2659 0.09033207728682827
2693 0.033970781129676074
2776 0.03257878426682264
2786 0.07273194727956082
2793 0.0836628648851066
2804 0.062248415466874936
2929 0.04341812942259319
2995 0.11221006162851453
3010 0.023608864568330938
3150 0.04026391220686338
3165 0.042777755979683904
3282 0.0585131771658794
3328 0.0503932771405832
3419 0.06090480886355442
3421 0.042161861484655935
3523 0.048199650864067176
3633 0.014080787555148782
3743 0.06913622451948168
3841 0.02830837514883943
3855 0.06913622451948168
3945 0.0680962543837127
3985 0.034462848197513204
4244 0.07566986669312238
4452 0.028566203758313438
4542 0.03703031579457836
4590 0.05143324727635219
4720 0.049416375360528654
4729 0.06913622451948168
4820 0.055028970036431334
4863 0.07566986669312238
4903 0.05107908039738614
5064 0.05179537362414632
5158 0.04363737014218626
5421 0.04363737014218626
5437 0.06371432963509842
5528 0.037627196783784095
5586 0.20320851918435826
5612 0.07144214354530534
5663 0.027156889382439372
5685 0.033730270033222695
5730 0.10012203818957578
6071 0.07566986669312238
6225 0.08683920176261119
6297 0.05796688944999287
6310 0.022923061311528006
6519 0.03150412317187498
6606 0.021188706782169584
6637 0.0503932771405832
6677 0.05073253060403332
6826 0.0680962543837127
6858 0.06711935260365814
6898 0.12742865927019684
7040 0.20320851918435826
7099 0.03685058349654757
7242 0.023930510862465306
7416 0.07413404376312394
7442 0.07152612964043624
7479 0.02772234895581027
7616 0.038891684025299085
7718 0.033970781129676074
7792 0.05373916630217585
7862 0.02747757547490808
7891 0.027156889382439372
7892 0.04044395815051385
7938 0.12312522442014404
7983 0.07144214354530534
8044 0.05743851607093174
8264 0.02805460700160558
8412 0.0368844872489525
8517 0.06363812740929933
8744 0.0378156485572395
8994 0.06711935260365814
8996 0.017702977243129497
8997 0.012728720707856474
9011 0.05179537362414632
9267 0.09507061741853845
9299 0.22975406428372697
9366 0.1995487266394866
9434 0.08141730687822792
9497 0.026311645451204613
9535 0.05907863673925029
9902 0.044618503416490374
9925 0.05692691931422388
9949 0.04706838334914613
10031 0.04626918100144293
10068 0.030992526415167122
10156 0.026306555961167752
10172 0.14546389455912165
10186 0.06711935260365814
10197 0.05796688944999287
10335 0.03840579964729522
10362 0.03269029989745371
10382 0.0413756594961208
10415 0.05907863673925029
10516 0.019327338551448872
10707 0.5217020050499358
10882 0.06711935260365814
10968 0.10160425959217913
10999 0.029567330892739916
11000 0.0065336421736406835
11495 0.05179537362414632
11798 0.055482913979171156
11929 0.04734384209639059
11930 0.12960549486127476
12064 0.010492118393043853
12409 0.055028970036431334
12458 0.12054561695163309
12572 0.052933301169877094
12714 0.10160425959217913
12726 0.055482913979171156
12735 0.025285421531008982
12834 0.013356830874439634
12900 0.037779936736041665
12903 0.026082228287491713
12935 0.05643106651999444
12948 0.03673996660027267
12957 0.04363737014218626
12958 0.07273194727956082
13024 0.04156864317175073
13079 0.04621444535924081
13244 0.07566986669312238
13336 0.017224525395566886
13422 0.09507061741853845
13545 0.06156261221007202
13901 0.07144214354530534
13912 0.061985052830334245
13948 0.030206324426631986
14163 0.05209278768333464
14178 0.044780682464680525
14189 0.12025756728559597
