11 0.0246094726851745
79 0.023145755650513775
171 0.07377442662760836
175 0.03403490489114497
193 0.060036985647669946
290 0.061509786851021805
322 0.060875250733466835
324 0.04170138249902264
326 0.029198557279870623
333 0.07884450735537178
336 0.03474963414070136
482 0.0327174393208117
499 0.048304526511367275
513 0.04138479957298669
636 0.0327174393208117
667 0.048304526511367275
703 0.03386242825797354
717 0.04202618927123032
721 0.07024585253787814
727 0.03936824497734171
729 0.03652488106377449
1045 0.034934887272024734
1107 0.020769382470261107
1387 0.07377442662760836
1391 0.04886036724887749
1417 0.051369625395494944
1684 0.13544971303189415
1842 0.04726189305147654
1919 0.0327174393208117
1920 0.044175066346671836
2006 0.030568562245370193
2046 0.03319537103586259
2311 0.029317082884383353
2371 0.03096980600701731
2476 0.05752772750105248
2552 0.04170138249902264
2889 0.04305452386432177
2951 0.037402740223017365
2984 0.05643970612325838
3443 0.021835562169744825
3547 0.060036985647669946
3697 0.11973599510890445
3744 0.07884450735537178
3776 0.04048047615486375
3789 0.027440670289689113
3799 0.04202618927123032
3935 0.05543882347896105
3992 0.03195936736701622
4202 0.04170138249902264
4236 0.08540453028663993
4283 0.03884715467716699
4526 0.05543882347896105
4663 0.04019300699670251
4739 0.05643970612325838
4775 0.058719520077336676
4881 0.02257727786528484
4928 0.022646940205086497
4990 0.055503996359722904
5049 0.03319537103586259
5059 0.021322490910665855
5070 0.03673863597238158
5170 0.07377442662760836
5223 0.04047941392047541
5258 0.052842426598846824
5314 0.15052873766222613
5487 0.07347727194476315
5495 0.05643970612325838
5653 0.052842426598846824
5661 0.033524452071538126
5663 0.021073639759366675
5685 0.07852367216908919
5718 0.13973954908809894
5746 0.030179794424992013
5917 0.07884450735537178
5962 0.025195068005798547
5963 0.0423596585707352
6056 0.07377442662760836
6102 0.023741313809409595
6157 0.07884450735537178
6193 0.08215206862751913
6402 0.07377442662760836
6415 0.0701771471031968
6519 0.04889415229478495
6606 0.01644235344505359
6880 0.07347727194476315
6881 0.06317951114235688
7204 0.049442070162418465
7242 0.03713996533780526
7287 0.5313497916250401
7466 0.04515455573056968
7540 0.030568562245370193
7571 0.03240867406158458
7580 0.014333834740268168
7596 0.12232412973073044
7598 0.024286761673912544
7714 0.0327174393208117
7717 0.04954801216153107
7732 0.03859453279930155
7733 0.0423596585707352
7757 0.06738688032951165
7861 0.06317951114235688
7862 0.021322490910665855
7865 0.017788205764589102
7950 0.04584479063800691
7991 0.08215206862751913
8017 0.13826834212571545
8083 0.05752772750105248
8107 0.045405996224556565
8972 0.05005215982516168
9045 0.05208435464505134
9094 0.10532157329638242
9372 0.03884715467716699
9594 0.0361080305418641
9605 0.05643970612325838
9647 0.10582226406705635
9666 0.15052873766222613
9708 0.022302445754842318
9955 0.061509786851021805
9974 0.04341699439287635
10141 0.09259908933546303
10145 0.09259908933546303
10242 0.0269384197384337
10316 0.04687997881178701
10331 0.058397114559741246
10382 0.03210734965806849
10517 0.06317951114235688
10628 0.025109713697228576
10666 0.054512150890181896
10732 0.02119744629208631
10759 0.2695475213180466
10884 0.24042276432940513
10930 0.020239706960237705
10999 0.007648044309062238
11000 0.03549056509434402
11232 0.07145337989857521
11258 0.15052873766222613
11299 0.05752772750105248
11304 0.05543882347896105
11356 0.022033524472991735
11371 0.026550656647287778
11617 0.03834691366511292
11648 0.043790286521114066
11678 0.14609952425509795
12057 0.023972170046177393
12347 0.04777234587108339
12354 0.042270779598387584
12441 0.04886036724887749
12834 0.06218909055690466
12854 0.07669382733022584
12856 0.07377442662760836
12903 0.020239706960237705
12935 0.08758057304222813
12940 0.039637166259192294
13393 0.05543882347896105
13450 0.041076034313759564
13824 0.03717743038583192
13874 0.013332952095970846
13925 0.03859453279930155
13988 0.14331703761325015
13989 0.024528010783687607
13997 0.09543934770806628
14039 0.0359047031732526
14072 0.018722167399131878
14163 0.04042379914135655
14178 0.03474963414070136
