10 0.024595118791113164
79 0.03708509476717522
108 0.047553817969291916
127 0.03014792747360032
194 0.01749292407183859
321 0.031121265479312044
324 0.033407846891016245
336 0.08351596906303457
472 0.034782259345462196
555 0.03420967484329922
663 0.03960907315242297
667 0.03869776321858429
702 0.030335175945979155
721 0.056275416920993915
727 0.09461616534669151
729 0.0877825310218256
744 0.041725862336579544
797 0.032429753365822295
817 0.056275416920993915
952 0.036727217531004525
1005 0.04061165935876985
1026 0.04704143169122976
1097 0.09398345766564233
1117 0.03014792747360032
1319 0.011657355646020032
1368 0.06224253095862409
1391 0.0391430588213132
1397 0.018958764586795022
1623 0.033407846891016245
1684 0.08138369167690657
1706 0.04927677257381436
1718 0.018838070336417607
1875 0.041725862336579544
1920 0.03538956659157968
1969 0.04809688082553391
2001 0.05910223118635014
2006 0.07346733748185172
2017 0.044297750696357684
2049 0.03315422570899508
2086 0.0315387217822305
2126 0.03266547016130563
2131 0.05910223118635014
2157 0.03746959426071515
2311 0.0234865262876037
2341 0.03786248781752782
2371 0.024810557236349617
2372 0.030918884826410486
2552 0.033407846891016245
2602 0.034782259345462196
2645 0.0562203755649317
2768 0.05956722907977439
2770 0.02397528183529314
2938 0.05398503468234711
2960 0.06316397855604904
3150 0.025030730969597282
3153 0.03393520557549891
3184 0.0234865262876037
3340 0.0521586281952328
3432 0.009816314384058578
3439 0.0658137348456671
3467 0.07016262290322861
3497 0.03960907315242297
3540 0.04441319725183249
3633 0.017507111744243454
3683 0.06316397855604904
3691 0.036727217531004525
3697 0.031974333960714627
3763 0.031121265479312044
3786 0.060967406583193606
3789 0.04396658607883217
3905 0.03315422570899508
3928 0.023776908984645958
3984 0.012641459371844962
3985 0.021424403005006053
3992 0.025603315471760264
4046 0.03746959426071515
4114 0.03603608133041353
4202 0.033407846891016245
4204 0.041725862336579544
4219 0.04991635586208936
4304 0.0305259912695978
4309 0.06316397855604904
4508 0.035081311451614305
4526 0.04441319725183249
4577 0.014062551343827168
4734 0.025486150374704947
4892 0.07654284442599624
4899 0.022488484196372695
4990 0.022232704302652367
4998 0.033407846891016245
5046 0.06316397855604904
5059 0.034163783979838346
5064 0.03219945583019586
5231 0.03219945583019586
5258 0.042333169582697026
5374 0.028290650387013207
5391 0.052172360207802845
5487 0.029432087187490037
5663 0.016882532144680207
5685 0.020968983599898385
5718 0.027987066499919225
5829 0.034782259345462196
5861 0.04115327783441656
5945 0.033668056367652514
5962 0.020184294234518178
5976 0.0562203755649317
6119 0.04441319725183249
6324 0.08345172467315909
6433 0.04521502520411547
6481 0.07418306092943532
6650 0.050614423513239214
6734 0.054255794451271044
6880 0.029432087187490037
6967 0.031974333960714627
7062 0.04367082052212187
7099 0.034363167574319765
7242 0.029753600508859116
7245 0.020392277517096644
7287 0.03869776321858429
7306 0.041725862336579544
7401 0.022662706006836272
7423 0.02892689603053343
7466 0.07234851191391975
7491 0.01495791407089997
7580 0.03444940150666936
7596 0.03266547016130563
7627 0.019204605184657126
7714 0.10484249087151096
7716 0.05720744558321346
7717 0.05954091824481248
7862 0.05124567596975752
7932 0.036727217531004525
7990 0.4753088778290756
8017 0.13846206428884028
8018 0.050614423513239214
8107 0.03637569017860738
8124 0.016168393634094474
8156 0.02596326443171621
8241 0.04927677257381436
8279 0.03393520557549891
8417 0.035081311451614305
8706 0.016495334125745498
8737 0.05192652886343242
9094 0.07031275671913584
9102 0.026724453376535173
9168 0.0305259912695978
9176 0.05398503468234711
9202 0.06316397855604904
9301 0.03570760922778158
9387 0.03266547016130563
9414 0.04367082052212187
9426 0.029783614539887194
9552 0.10022354067304873
9647 0.08477642187751848
9666 0.09044378242080095
9672 0.04297968432153086
9708 0.053600862735696815
9752 0.050614423513239214
9813 0.0307205119757633
9890 0.021424403005006053
9916 0.032429753365822295
9961 0.02397528183529314
10046 0.0315387217822305
10145 0.11127459139415297
10218 0.07345443506200905
10260 0.03315422570899508
10316 0.018778264179070952
10345 0.04927677257381436
10361 0.021270284555897433
10382 0.02572186717018829
10394 0.05910223118635014
10409 0.06316397855604904
10451 0.022662706006836272
10516 0.024030323191355365
10645 0.02448911249395058
10657 0.030747275383414364
10890 0.04608666181243055
10945 0.029606308997953617
10995 0.07207216266082705
11000 0.032493978957591194
11043 0.49990652918894213
11168 0.06316397855604904
11216 0.04115327783441656
11232 0.019080930754539257
11258 0.03014792747360032
11276 0.03570760922778158
11332 0.02860372279160673
11356 0.10590909479997491
11359 0.016833305993528617
11365 0.04650538533132411
11413 0.05910223118635014
11535 0.04441319725183249
11576 0.04208692701760377
11606 0.0315387217822305
11678 0.05852168734788374
11732 0.05398503468234711
11733 0.016590739624034012
11764 0.04704143169122976
11849 0.02448911249395058
11952 0.04521502520411547
12028 0.03786248781752782
12211 0.08345172467315909
12256 0.027127897225635522
12354 0.05079600416676555
12390 0.03637569017860738
12476 0.04809688082553391
12523 0.019456631096095866
12735 0.01571910301571893
12744 0.04704143169122976
12775 0.05398503468234711
12807 0.01607690896537658
12833 0.042333169582697026
12834 0.033213984622936794
12854 0.0307205119757633
12865 0.02483554761254689
12866 0.0391430588213132
12943 0.1221039650783912
13042 0.06316397855604904
13079 0.014364989456974894
13088 0.018958764586795022
13184 0.03786248781752782
13450 0.0658137348456671
13487 0.03315422570899508
13600 0.03266547016130563
13616 0.08213348568565704
13716 0.042333169582697026
13764 0.03538956659157968
13824 0.029783614539887194
13843 0.05910223118635014
13862 0.03132781922188078
13916 0.03786248781752782
13988 0.07654284442599624
13989 0.05894970236215808
13997 0.05097230074940989
14040 0.023297511215872573
14072 0.029997437228985527
14163 0.03238434822872563
