47 0.02921226902365266
302 0.03550803486292298
313 0.03894641758581904
319 0.02214477634966456
321 0.020469653972067226
326 0.0153855377303562
390 0.020336540428265805
483 0.015201649619169965
608 0.02921226902365266
637 0.016463675037770006
670 0.021806810151280092
790 0.03697830458593726
917 0.0153855377303562
957 0.03550803486292298
968 0.013275987087531247
979 0.023277079874294372
981 0.019589829471240317
997 0.08231837518885003
1027 0.014791541499559462
1033 0.02164411308717079
1104 0.02490361533214677
1111 0.034813103318271386
1170 0.034306737029182216
1240 0.01784306199141221
1375 0.020744231047825273
1519 0.011716071133820788
1524 0.041771866408319126
1620 0.02935781610117596
1655 0.014964186214475879
1689 0.01915171032530297
1718 0.012390523821862804
1830 0.03642873129480904
1831 0.03031297106652849
1838 0.019708551535752284
1940 0.012797375038106884
1944 0.03163516947242718
1963 0.008686386020460839
2006 0.01610743172276932
2017 0.014568167690644089
2214 0.027068094568546214
2352 0.014194607949604842
2365 0.01913524259452505
2369 0.08309075897963644
2373 0.03241122968205629
2374 0.04154537948981822
2428 0.024156904375121278
2485 0.08195434406418341
2542 0.023074328605892484
2574 0.14620153242911696
2593 0.026373885055161052
2618 0.020469653972067226
2659 0.024624167307212272
2693 0.013890451042729547
2718 0.04154537948981822
2760 0.019589829471240317
2776 0.02664254355309036
2778 0.026711851253545527
2795 0.06861347405836443
2934 0.018919193851750664
2940 0.01404077458899549
2995 0.018352811630709873
3102 0.02517258722142029
3147 0.01610743172276932
3165 0.052474712567137524
3184 0.015447992191470998
3232 0.01902633273780593
3281 0.01394017879813056
3312 0.030940959959042013
3321 0.020505856790153012
3328 0.02060551231753933
3379 0.04154537948981822
3384 0.027844154778175333
3421 0.034479470494798256
3432 0.006456567740032246
3519 0.0153855377303562
3533 0.03241122968205629
3585 0.04154537948981822
3633 0.005757550567685008
3676 0.04154537948981822
3722 0.01982945210791021
3852 0.03207687482731674
3937 0.04154537948981822
3958 0.034306737029182216
3991 0.015262377204029247
4030 0.01563898806636182
4074 0.03031297106652849
4081 0.061881919918084026
4219 0.010943969408128812
4290 0.04154537948981822
4379 0.04154537948981822
4444 0.04428955269932912
4452 0.011680551391114662
4590 0.02103074994165097
4689 0.017664972871510767
4763 0.02164411308717079
4773 0.02517258722142029
4880 0.03550803486292298
4887 0.015201649619169965
4895 0.02517258722142029
4922 0.032269784402650575
4983 0.03697830458593726
4985 0.06799858639128119
4988 0.06861347405836443
4990 0.014623305220062804
5001 0.028723979279002238
5062 0.04328822617434158
5063 0.05613001491124023
5286 0.04154537948981822
5298 0.03550803486292298
5301 0.03163516947242718
5350 0.03642873129480904
5391 0.03431576910231034
5434 0.03990522526847433
5539 0.03031297106652849
5551 0.01048516023308565
5556 0.04154537948981822
5566 0.03697830458593726
5613 0.014791541499559462
5686 0.029739662125301252
5707 0.034306737029182216
5837 0.04297067363673248
5938 0.012967420509606779
5997 0.03163516947242718
6044 0.011039693556394586
6090 0.030940959959042013
6109 0.016460600268451843
6154 0.027294581487047116
6315 0.00866393660755026
6508 0.02103074994165097
6520 0.023925691307321386
6537 0.02287763052699782
6566 0.023277079874294372
6606 0.00866393660755026
6693 0.016177156143944313
6737 0.035155402891567204
6811 0.045373269304214
6813 0.008985409940464113
6880 0.019358616403440426
7088 0.03031297106652849
7244 0.05488941086175756
7431 0.020078119215890734
7442 0.02924661044012561
7468 0.008508896599869469
7475 0.01913524259452505
7497 0.01840817068725591
7558 0.026373885055161052
7566 0.013890451042729547
7570 0.03550803486292298
7633 0.010695302300148285
7718 0.013890451042729547
7865 0.018746207788499194
7891 0.011104291096505407
7965 0.01676322190680448
7966 0.1143881526349891
7983 0.02921226902365266
8087 0.032495252589991246
8115 0.011335504164305302
8144 0.028723979279002238
8156 0.01707703818328983
8182 0.041771866408319126
8259 0.8120428370563864
8264 0.03441408752933222
8279 0.02232049066459699
8321 0.04154537948981822
8355 0.023074328605892484
8433 0.009423209811117422
8447 0.04500203932933051
8658 0.00786302198778116
8859 0.03697830458593726
8898 0.03550803486292298
8961 0.020885933204159563
8994 0.02744470543087878
8996 0.007238642460636003
8997 0.005204698448179136
9104 0.021330296810685444
9252 0.03031297106652849
9366 0.1305508664022288
9406 0.03031297106652849
9409 0.013505588587189268
9484 0.026373885055161052
9497 0.010758675863191736
9575 0.03697830458593726
9576 0.10652410458876893
9645 0.010664868544815648
9652 0.009785044043988741
9670 0.02744470543087878
9671 0.046554159748588744
9676 0.01821436564740452
9890 0.014091654350049445
9902 0.022805301964531625
9905 0.021089040121664522
9944 0.026825571392963928
9979 0.04575526105399564
10005 0.020744231047825273
10030 0.02287763052699782
10031 0.018919193851750664
10035 0.07774762386612635
10048 0.01583568614525648
10068 0.038017981030554496
10094 0.025453008108040524
10159 0.022686634652107
10361 0.013990284714998384
10427 0.034306737029182216
10457 0.03241122968205629
10467 0.02921226902365266
10471 0.03550803486292298
10489 0.018919193851750664
10499 0.02584899190366309
10526 0.028723979279002238
10550 0.038873811933063177
10582 0.01947320879290952
10589 0.15447537697588515
10613 0.020206062970242782
10624 0.019358616403440426
10629 0.023702317498406008
10657 0.010111833146707017
10708 0.020336540428265805
10999 0.008059937561479028
11000 0.024044108010795373
11045 0.03163516947242718
11150 0.03941710307150457
11163 0.02921226902365266
11169 0.02214477634966456
11227 0.03697830458593726
11255 0.05746544811584493
11317 0.014194607949604842
11326 0.01603843741365837
11356 0.01161008124006335
11428 0.08309075897963644
11477 0.03163516947242718
11849 0.01610743172276932
11869 0.01947320879290952
11880 0.018310555623116863
11929 0.019358616403440426
11957 0.023432142267641575
12081 0.026711851253545527
12215 0.024014680987665876
12278 0.03550803486292298
12328 0.01603843741365837
12333 0.01610743172276932
12499 0.027844154778175333
12544 0.024645194119771698
12595 0.03697830458593726
12735 0.031017176955442795
12834 0.005461528972183259
13071 0.02744470543087878
13115 0.04154537948981822
13252 0.028269392402286975
13338 0.07402901480804609
13349 0.046554159748588744
13539 0.030940959959042013
13608 0.032781737625673366
13659 0.046554159748588744
13666 0.018919193851750664
13668 0.03697830458593726
13771 0.09723368904616889
13775 0.03568612398282442
13786 0.008915190132174478
13807 0.0332910541828832
13854 0.03163516947242718
13948 0.012351187010604314
13989 0.012924495951831545
14062 0.008146895269720197
14072 0.00986523444129102
14084 0.024396527011791173
14088 0.020469653972067226
14116 0.04297067363673248
14163 0.005325108026163044
14198 0.01668704884668538
