79 0.01646401151617038
108 0.021111624807745574
146 0.05608358165903332
175 0.024209668266636872
200 0.05608358165903332
321 0.027632712089100984
322 0.021650855652736268
336 0.024718068630544588
498 0.04176829952647535
608 0.03943467830484467
654 0.03516907483291834
663 0.03516907483291834
702 0.026934739644333815
721 0.04996719669081792
727 0.08401012027412247
729 0.07794250551254588
744 0.0370485815039438
797 0.028794524389569597
1022 0.0437530687856341
1045 0.049699685337338456
1083 0.0645962789923166
1097 0.05563222417887175
1107 0.014773652558046241
1116 0.05608358165903332
1255 0.01868458623196962
1368 0.05526542417820197
1461 0.015256934054971541
1469 0.0360592756508415
1479 0.02745301739391738
1520 0.034359918629342956
1680 0.04176829952647535
1683 0.03398136852613549
1684 0.02408698239205659
1759 0.03816185570367635
1801 0.03199659926697673
1868 0.03943467830484467
1875 0.0740971630078876
1920 0.03142255591223488
1963 0.011726060651817928
1976 0.03142255591223488
2006 0.02174399351828353
2017 0.07866434557431007
2046 0.047224984076582426
2131 0.05247713783623431
2182 0.031251348627842214
2296 0.04494077509241696
2462 0.02262926795286999
2476 0.04092055504160719
2491 0.0437530687856341
2618 0.05526542417820197
2716 0.022838561959519124
2730 0.01823167316520887
2770 0.04257552191443553
2846 0.05247713783623431
3037 0.0375878123489345
3130 0.025238915023551693
3131 0.03654018114003609
3135 0.03326942186814507
3150 0.044449798014956236
3165 0.023612492038291213
3181 0.029218156114308398
3192 0.0463118813995347
3232 0.051368643101897295
3332 0.016515875131844267
3439 0.029218156114308398
3443 0.046596138720157075
3490 0.02745301739391738
3524 0.04991832522233371
3544 0.02085379270036037
3666 0.020938908994745847
3786 0.03608882365987452
3797 0.040146624962835095
3823 0.030131222201602605
3846 0.047933555963174966
3865 0.01601036496613811
3978 0.03199659926697673
3984 0.03367322650556765
3985 0.0951141206503549
4204 0.0370485815039438
4219 0.029547305116092482
4283 0.027632712089100984
4355 0.03877551865571735
4398 0.03261026221901774
4428 0.02800337342470749
4465 0.04494077509241696
4589 0.03199659926697673
4630 0.028390155444177726
4655 0.05608358165903332
4678 0.08344833626830764
4685 0.02262926795286999
4775 0.04176829952647535
4784 0.024209668266636872
4799 0.03326942186814507
4815 0.02800337342470749
4824 0.02859004216820797
4841 0.02966297804534606
4881 0.016059642570778507
4899 0.019967626622759076
4928 0.016109194703880385
4990 0.07896207400251132
4991 0.025539690967747185
5002 0.09264814823095387
5044 0.030625492959858988
5059 0.04550126699780248
5064 0.08577012650462391
5155 0.05247713783623431
5205 0.05247713783623431
5221 0.0437530687856341
5247 0.00974736485475042
5294 0.0370485815039438
5391 0.023162037057738467
5487 0.13066441529729342
5520 0.02232428087811651
5523 0.05608358165903332
5651 0.05608358165903332
5661 0.02384657357111837
5663 0.029980152985684645
5685 0.037236910369358216
5746 0.02146745565240138
5749 0.03654018114003609
5829 0.030883325067244193
5847 0.05563222417887175
5938 0.01750518098494657
5954 0.03398136852613549
5962 0.03584345191071396
5987 0.0375878123489345
6102 0.033775286481818365
6111 0.047933555963174966
6119 0.11830403491453403
6133 0.0375878123489345
6134 0.0427054375767357
6210 0.020044636496784986
6246 0.05247713783623431
6324 0.0370485815039438
6412 0.023497721608646445
6606 0.023391510785805522
6720 0.019302991698059015
6734 0.02408698239205659
6880 0.052265766118917374
6918 0.03877551865571735
7099 0.0406816154560263
7170 0.050794749146839444
7233 0.026605272909049217
7242 0.026418356188695938
7439 0.040146624962835095
7466 0.016059642570778507
7498 0.0463118813995347
7571 0.02305289967760879
7580 0.0509796318163023
7620 0.0437530687856341
7627 0.017051855626026985
7671 0.028958484514023254
7693 0.0570990401426
7714 0.023272530216376524
7716 0.025397374573419722
7717 0.03524443337034407
7862 0.030334177998534988
7865 0.03795925641602923
7881 0.05608358165903332
7932 0.03261026221901774
7990 0.4923670476608568
8017 0.24588218369844342
8107 0.0322981394961583
8120 0.047933555963174966
8122 0.025980835170848624
8123 0.05608358165903332
8308 0.04092055504160719
8332 0.04494077509241696
8378 0.03654018114003609
8401 0.04071904388420799
8688 0.016059642570778507
8694 0.047933555963174966
8721 0.047933555963174966
8731 0.0463118813995347
8737 0.02305289967760879
8972 0.03560304308977574
9008 0.03816185570367635
9094 0.012486202811402072
9103 0.03170494740444679
9287 0.031148854782108572
9402 0.022945085207407487
9426 0.02644500578231813
9457 0.02146745565240138
9504 0.05608358165903332
9509 0.03816185570367635
9552 0.05932595609069212
9592 0.03170494740444679
9647 0.11291005145225612
9652 0.013209178094347969
9666 0.026768480880537474
9708 0.031728298638488264
9752 0.04494077509241696
9783 0.013612713002992355
9890 0.01902282413007098
9899 0.025539690967747185
9908 0.02384657357111837
9916 0.028794524389569597
10046 0.02800337342470749
10145 0.06586747463447416
10167 0.03877551865571735
10174 0.025397374573419722
10197 0.03199659926697673
10218 0.09783078665705322
10242 0.019161804846546844
10330 0.031148854782108572
10382 0.022838561959519124
10506 0.025119396172286704
10520 0.0463118813995347
10557 0.0322981394961583
10592 0.03560304308977574
10595 0.021287760957217766
10627 0.03816185570367635
10732 0.030156284818341227
10817 0.03326942186814507
10884 0.02137715452260995
10887 0.025119396172286704
10995 0.12798639706790693
10998 0.05608358165903332
11000 0.021638662936794048
11043 0.41216431625780836
11094 0.0375878123489345
11135 0.02202940575594374
11216 0.03654018114003609
11232 0.016942044541304144
11241 0.04494077509241696
11242 0.05247713783623431
11356 0.09403716330784963
11359 0.02989273674209194
11365 0.013764113847999247
11504 0.047933555963174966
11528 0.0370485815039438
11678 0.025980835170848624
11725 0.05608358165903332
11730 0.04494077509241696
11814 0.03560304308977574
11944 0.05608358165903332
11968 0.03816185570367635
12051 0.0437530687856341
12140 0.0360592756508415
12173 0.024849842668669228
12175 0.016259529294808752
12192 0.03398136852613549
12211 0.0370485815039438
12256 0.02408698239205659
12259 0.05608358165903332
12261 0.04176829952647535
12283 0.0437530687856341
12354 0.030068000916181146
12400 0.047933555963174966
12435 0.047933555963174966
12453 0.05608358165903332
12558 0.024718068630544588
12622 0.05608358165903332
12636 0.0427054375767357
12733 0.016673305522819513
12735 0.013957062517943666
12744 0.04176829952647535
12768 0.02085379270036037
12818 0.03475529860490758
12833 0.0375878123489345
12834 0.03686355857811859
12837 0.05247713783623431
12865 0.06615478447130017
12866 0.03475529860490758
12877 0.012193484387939501
12897 0.0437530687856341
12903 0.014396884401130822
12935 0.031148854782108572
12940 0.02819466219264335
12948 0.020279749345618523
13079 0.012754738977161062
13112 0.016059642570778507
13224 0.05608358165903332
13310 0.11830403491453403
13371 0.0427054375767357
13405 0.05608358165903332
13428 0.03199659926697673
13487 0.058875573306152264
13616 0.03646334633041774
13674 0.02989401921414189
13716 0.0375878123489345
13754 0.05728480124236212
13822 0.014604226770934599
13824 0.02644500578231813
13874 0.01896795941054008
13912 0.017107273779676916
13964 0.05608358165903332
13988 0.06796273705227097
13989 0.017447235601591605
14041 0.01804441182993726
14062 0.010997782948135592
14088 0.027632712089100984
14163 0.014377104481699637
