210 0.027467743605258166
326 0.019954179717698885
421 0.02225281416285949
458 0.03611230743238193
685 0.04203554749154645
920 0.020980864411429843
922 0.04605193016290364
994 0.03564904769981199
997 0.021352463350648842
1127 0.016489306400318277
1140 0.04317663053441572
1180 0.03464377325298383
1192 0.04317663053441572
1249 0.06492649996648595
1289 0.04102904091594976
1310 0.04102904091594976
1550 0.01776191969401322
1564 0.028498561517478094
1604 0.014658024999008168
1656 0.023623010904265357
1689 0.012419347195723828
1942 0.03374810615098051
1950 0.04795878755071098
1959 0.08146833076806148
2278 0.031640927539404624
2311 0.020035179651734198
2352 0.018409610571481456
2425 0.03183533292419731
2449 0.04203554749154645
2471 0.02690410447059437
2472 0.04795878755071098
2501 0.04449391423333036
2558 0.013078347640702159
2565 0.016652081399149043
2575 0.03564904769981199
2730 0.017515991094049235
2740 0.025877419776863413
2760 0.025406910356922153
2763 0.02184090652126318
2770 0.02045211253843819
2781 0.04203554749154645
2793 0.014789159476038314
2833 0.050417154292494895
2848 0.014658024999008168
2873 0.027865277098706065
2927 0.013792447089547412
3041 0.14711646514139667
3137 0.03668517450977671
3168 0.030189067373217405
3204 0.05275070519520544
3236 0.01903772064612969
3247 0.030740576727193977
3292 0.07862844744717443
3297 0.020116954716529654
3301 0.0304603736223914
3321 0.01329747321241778
3332 0.03173509299978713
3353 0.02257532145831357
3417 0.027467743605258166
3432 0.00837380631746809
3527 0.018752846631640254
3633 0.007467220241165147
3648 0.01670703611625501
3693 0.025560886217450823
3695 0.04317663053441572
3728 0.020537996970496943
3756 0.020116954716529654
3786 0.01733608067929166
3790 0.016762346529798387
3822 0.04449391423333036
3841 0.015012290404780321
3899 0.03611230743238193
3908 0.01911044814093296
3984 0.010783796057090487
4107 0.04605193016290364
4166 0.04795878755071098
4247 0.050417154292494895
4253 0.034205450044574585
4265 0.050417154292494895
4376 0.03464377325298383
4383 0.015381880073108487
4399 0.029423293028279333
4435 0.035594244027399566
4489 0.06655518903476215
4542 0.019637646158286295
4577 0.011996058467105894
4590 0.027275703409813366
4663 0.027467743605258166
4689 0.022910479280222107
4700 0.05275070519520544
4720 0.07861839195256332
4758 0.028720533193819304
4817 0.018965606892775266
4852 0.029671003968235042
4864 0.024537133563226877
4881 0.04628766987445295
4922 0.013950700298489084
4984 0.03611230743238193
4985 0.12346649509776733
5063 0.02426582731405288
5166 0.029671003968235042
5172 0.07912605779280815
5197 0.027275703409813366
5260 0.02975542787501549
5390 0.05532694595106839
5429 0.04795878755071098
5443 0.04317663053441572
5455 0.021447943998268933
5520 0.04289588799653787
5548 0.02257532145831357
5551 0.013598664884299547
5571 0.01903772064612969
5623 0.050417154292494895
5689 0.07836549229733013
5727 0.0372533904752512
5753 0.09591757510142196
5830 0.033011124280810496
5886 0.029671003968235042
5954 0.03264743411500132
5962 0.017218210823517002
5963 0.08684527442219152
5965 0.04795878755071098
6020 0.04605193016290364
6068 0.021942037039541538
6109 0.010674237773627892
6264 0.04449391423333036
6278 0.013831736487767098
6310 0.012156390169548507
6481 0.031640927539404624
6482 0.050417154292494895
6496 0.031640927539404624
6563 0.017699770845100837
6591 0.06328185507880925
6606 0.011236639964081764
6629 0.04142479907040567
6681 0.01622472089789994
6728 0.0366638167863585
6737 0.04559458626930957
6738 0.04605193016290364
6771 0.033011124280810496
6772 0.050417154292494895
6775 0.027584894179094824
6787 0.03510580085678523
6789 0.037646359556268806
6880 0.025107039972875923
6884 0.033788517157870596
7025 0.01903772064612969
7276 0.02672419405583679
7284 0.32187127546447447
7289 0.04605193016290364
7401 0.019332419817274172
7402 0.030189067373217405
7442 0.03793121378555053
7453 0.02314145088268153
7468 0.04414224707092678
7497 0.023874365173655647
7501 0.05789684961479434
7502 0.06841090008914917
7533 0.03822089628186592
7540 0.02089043574684744
7571 0.022147960957064467
7580 0.019591373074332532
7650 0.10083430858498979
7671 0.027821722792439215
7674 0.024133337387886835
7699 0.03264743411500132
7851 0.01903772064612969
7856 0.02654799339979142
7862 0.014571706799833798
7865 0.036469170508645524
7901 0.03133015041608667
7968 0.1542826966966634
7969 0.03931422372358721
8097 0.0632708751361078
8115 0.029403026562924744
8124 0.027584894179094824
8142 0.050417154292494895
8156 0.022147960957064467
8246 0.050417154292494895
8250 0.023185502069769423
8267 0.04795878755071098
8268 0.44718975083170576
8293 0.0949063127041617
8294 0.02918256079762071
8313 0.04012869010373911
8365 0.050417154292494895
8411 0.04258114397209539
8427 0.12610664247463937
8428 0.03264743411500132
8463 0.017638070728252474
8474 0.022358969926245538
8658 0.020395797224406882
8697 0.03611230743238193
8715 0.02426582731405288
8737 0.022147960957064467
8738 0.03611230743238193
8744 0.040108236166968105
8751 0.029423293028279333
8795 0.029316049998016337
8808 0.050417154292494895
8810 0.050417154292494895
8872 0.04700010593822962
8886 0.027467743605258166
8893 0.023378839177058245
8899 0.04317663053441572
8982 0.022797293134654784
8995 0.018276085525810865
8996 0.018776226753090267
9101 0.03264743411500132
9105 0.0755160004097338
9126 0.01807963022871303
9129 0.035594244027399566
9312 0.032298592656767246
9346 0.10083430858498979
9353 0.050417154292494895
9359 0.03931422372358721
9363 0.050417154292494895
9364 0.050417154292494895
9375 0.1747267249370595
9383 0.13592880073752084
9402 0.022044378730532492
9405 0.04449391423333036
9446 0.12038607031121734
9497 0.01395339931961071
9531 0.019560311430852042
9654 0.01847716372216093
9725 0.06667273357754788
9757 0.02654799339979142
9758 0.02089043574684744
9784 0.02350005296911481
9827 0.01040633404453044
9902 0.01774631872705252
9905 0.027351302504765543
9961 0.061356337615314574
10003 0.04023390943305931
10068 0.01643572986708101
10079 0.018409610571481456
10139 0.050417154292494895
10156 0.013950700298489084
10361 0.01814461479328421
10371 0.02672419405583679
10495 0.02036708269201537
10496 0.027865277098706065
10516 0.04099813112696466
10561 0.027275703409813366
10567 0.008563011737945988
10569 0.04675767835411649
10598 0.04368181304252636
10616 0.021164644162481445
10621 0.04795878755071098
10657 0.013114480586965164
10678 0.03611230743238193
10679 0.0609207472447828
10680 0.03857067417416585
10924 0.029316049998016337
10930 0.027663472975534197
10949 0.03655217105162173
10970 0.0319634348348587
10999 0.005226643534787289
11000 0.051973099760709136
11052 0.025877419776863413
11097 0.13430103920415526
11100 0.0538820276098755
11103 0.050417154292494895
11135 0.04232928832496289
11138 0.02225281416285949
11331 0.02672419405583679
11332 0.024400403781325453
11336 0.02637535259760272
11338 0.06492649996648595
11339 0.04628290176536306
11500 0.050417154292494895
11714 0.018409610571481456
11797 0.08684527442219152
11842 0.057773360324022305
11849 0.02089043574684744
11910 0.019483670297757626
11921 0.04880080756265091
11929 0.025107039972875923
11957 0.015195087301260783
11995 0.033011124280810496
12017 0.023747763909070522
12041 0.018545255150630848
12051 0.04203554749154645
12064 0.016692310397494033
12132 0.04795878755071098
12160 0.04795878755071098
12173 0.023874365173655647
12235 0.0366638167863585
12309 0.03857067417416585
12378 0.05950641895370736
12383 0.05344838811167358
12434 0.04449391423333036
12523 0.033194955665584835
12565 0.027467743605258166
12611 0.015867546499893564
12640 0.0319634348348587
12768 0.020035179651734198
12790 0.04317663053441572
12827 0.19183515020284392
12834 0.007083296830720584
13008 0.029423293028279333
13022 0.018965606892775266
13079 0.024508106557900363
13209 0.0366638167863585
13287 0.04102904091594976
13336 0.01826876858620159
13337 0.03264743411500132
13475 0.04795878755071098
13595 0.050417154292494895
13616 0.017515991094049235
13697 0.04605193016290364
13709 0.020537996970496943
13723 0.015287973314259648
13754 0.011007218693458847
13770 0.047495527818141044
13786 0.034687505090681026
13788 0.04605193016290364
13874 0.009111687257023651
13876 0.03931422372358721
13884 0.02637535259760272
13918 0.01847716372216093
13973 0.09272627575315426
14003 0.035594244027399566
14014 0.022797293134654784
14041 0.03467216135858332
14062 0.021132132682307504
14072 0.01279465589365503
14088 0.02654799339979142
14163 0.006906366513311207
14207 0.050417154292494895
14211 0.09118917253861913
14212 0.05463029198616693
14213 0.18056153716190965
