11 0.02530908132971398
49 0.03612141588119621
128 0.0580441982960178
337 0.054028543088315464
917 0.030028626389534428
971 0.027805896007787104
1010 0.0363177530826112
1054 0.06604022233009155
1101 0.033020111165045773
1127 0.02481441123227576
1313 0.0580441982960178
1470 0.053565031017970506
1474 0.053565031017970506
1552 0.05282998313875912
1567 0.06944360576360467
1604 0.022058554274383937
1693 0.1621718656540313
1773 0.05517460862174008
2017 0.028433329561131298
2225 0.047615767981500454
2276 0.05282998313875912
2386 0.05434465376640687
2445 0.0669579579828874
2479 0.06181440144787507
2609 0.031037758565071634
2648 0.023006550276776602
2716 0.033020111165045773
2776 0.025999708311921554
2808 0.08108593282701565
2827 0.10565996627751824
2899 0.07587171766975698
2904 0.07587171766975698
2929 0.06930023485169036
2931 0.05916315041219407
2943 0.07217217314014607
2989 0.04967774830892727
2995 0.2686498840573818
3071 0.096202204887517
3090 0.04133563103845488
3130 0.018245277028387127
3150 0.032132874090742225
3168 0.045430894079537265
3422 0.051475064092129166
3454 0.07185606246205466
3544 0.030150521490768082
3581 0.12077764755799754
3633 0.022474526135637666
3693 0.11539812409253154
3756 0.0302735830700193
3761 0.03077795504411226
3789 0.02822076543403527
3818 0.1621718656540313
3849 0.08108593282701565
3984 0.03245661685326826
3985 0.027503297649012083
4219 0.0213598233831497
4338 0.05024939072532448
4383 0.023147868587868225
4454 0.1339159159657748
4606 0.10295012818425833
4734 0.03271751280627075
4835 0.034477499573723196
4906 0.053565031017970506
4927 0.07587171766975698
4928 0.023290757134548458
5089 0.0580441982960178
5268 0.06038882377899877
5280 0.041631272493140345
5358 0.029092952960809743
5382 0.07217217314014607
5455 0.03227656091402323
5610 0.046260848934870494
5663 0.021672730228966434
5685 0.026918658933483552
5699 0.05434465376640687
5718 0.03592803123102733
5730 0.03995151825194123
5759 0.045035175568065806
5847 0.08043335784455719
5938 0.10123632531885592
5945 0.08644185560987602
6044 0.043093304773592564
6104 0.09523153596300091
6183 0.11204126774400269
6207 0.031302919235408996
6245 0.031882310004366705
6271 0.037563226048240035
6272 0.08108593282701565
6315 0.06763913488377345
6446 0.03482508389214517
6519 0.025142068113503727
6591 0.047615767981500454
6723 0.031850228935188074
6758 0.045035175568065806
6910 0.06930258346586836
6960 0.05434465376640687
7141 0.06930258346586836
7383 0.1621718656540313
7414 0.08108593282701565
7479 0.0663719966346061
7540 0.03143757844379071
7566 0.05422120072167119
7580 0.02948264628414197
7589 0.05916315041219407
7598 0.024977196151412553
7627 0.024653661177955255
7633 0.041748977841783316
7649 0.03064999541228006
7671 0.0418683268902469
7802 0.049130438609148196
7846 0.08108593282701565
8051 0.08108593282701565
8118 0.0669579579828874
8213 0.06325841345327646
8306 0.031711202317392356
8340 0.08108593282701565
8401 0.029435902268586507
8412 0.029435902268586507
8442 0.051475064092129166
8463 0.10617265026656897
8484 0.0363177530826112
8492 0.1160883965920356
8517 0.025393408431198815
8658 0.015346603654801757
8691 0.028869297986199253
8700 0.045839177161520625
8716 0.033020111165045773
8744 0.045268532309029
8758 0.037563226048240035
8927 0.08108593282701565
8994 0.053565031017970506
8995 0.027503297649012083
8996 0.014127974844128267
9028 0.03380930580591952
9204 0.023508111664715683
9299 0.09167835432304125
9347 0.09721094883570293
9366 0.1592511446759404
9367 0.03713452512090487
9481 0.06930258346586836
9497 0.041996355747054785
9531 0.029435902268586507
9594 0.03713452512090487
9600 0.04427849633489635
9602 0.04021667892227859
9645 0.020815090030548607
9779 0.0481011024437585
9781 0.02932056663543485
9859 0.051475064092129166
9899 0.03692541747465103
9902 0.08011818812650927
9905 0.020580200634713348
9906 0.05665321662100578
9911 0.04391622345188952
9949 0.037563226048240035
9966 0.03064999541228006
9975 0.05517460862174008
10023 0.07217217314014607
10065 0.07217217314014607
10174 0.07343931138931341
10322 0.04076398862205768
10330 0.045035175568065806
10363 0.06497560538291325
10374 0.04193387085191538
10396 0.03430716811806842
10464 0.05701486213062809
10564 0.05084763053878498
10567 0.03865889010008839
10595 0.03077795504411226
10613 0.15774822469536898
10624 0.03778305767306885
10644 0.08108593282701565
10655 0.0481011024437585
10806 0.03500246376501993
10821 0.04021667892227859
10999 0.031461864771758684
11000 0.04171372125806936
11010 0.1621718656540313
11057 0.048605474417851464
11063 0.1621718656540313
11145 0.08108593282701565
11245 0.033174123028540954
11255 0.016022546646639806
11310 0.0373470892480009
11326 0.031302919235408996
11356 0.02265990295692664
11359 0.02160953680010305
11365 0.019900227087627485
11411 0.046696817359938456
11498 0.05434465376640687
11502 0.04048742233066584
11511 0.031711202317392356
11531 0.046260848934870494
11574 0.096202204887517
11576 0.027014271544157732
11579 0.06325841345327646
11624 0.1621718656540313
11699 0.06174374282562873
11708 0.045839177161520625
11722 0.04288688728649982
11733 0.02129814539011643
11745 0.04356387711271477
11784 0.08108593282701565
11866 0.039437056173842244
11876 0.02801165778778143
11930 0.034477499573723196
11991 0.049130438609148196
12023 0.0512995183669432
12041 0.02790836536983456
12051 0.06325841345327646
12064 0.00837330256276909
12173 0.03592803123102733
12175 0.023508111664715683
12181 0.07147502328846263
12215 0.023435251204111766
12220 0.045839177161520625
12264 0.04288688728649982
12287 0.07587171766975698
12308 0.047615767981500454
12318 0.04256130440525956
12333 0.06287515688758143
12354 0.06520870717623137
12371 0.06497560538291325
12513 0.027503297649012083
12523 0.024977196151412553
12695 0.028649466361370435
12726 0.04427849633489635
12834 0.010659504782710778
12877 0.03525880575954529
12994 0.035364736648026744
13043 0.033020111165045773
13077 0.05084763053878498
13112 0.04643822880774525
13133 0.08108593282701565
13332 0.0373470892480009
13336 0.013746143270057045
13347 0.05517460862174008
13357 0.08108593282701565
13359 0.08108593282701565
13466 0.05701486213062809
13526 0.05024939072532448
13723 0.023006550276776602
13754 0.016564532464373928
13786 0.05220049861680074
13822 0.021114866702664832
13827 0.06155591008822452
13874 0.013711986976681285
13944 0.07217217314014607
13948 0.09642540591270471
13973 0.05581673073966912
13982 0.026088704078150327
14010 0.04288688728649982
14043 0.04193387085191538
14060 0.031711202317392356
14072 0.01925440920392433
14163 0.0415729842411843
14189 0.09597232499896824
