535 0.16505236936843562
721 0.15020578769504303
727 0.1683612066293715
917 0.12486978625298573
1045 0.14940162503978377
1315 0.2701918446276463
1680 0.25111836350865835
1919 0.13991854513823054
2017 0.23647194105399189
2086 0.1683612066293715
5487 0.1571154895471557
5826 0.22274258859138682
7540 0.13072871365024438
7627 0.10251875532734066
7892 0.1342175033261001
8033 0.2701918446276463
9094 0.07506924753901012
9652 0.07941590210644117
10141 0.19800342156822537
10331 0.12486978625298573
11258 0.3218736308894989
11365 0.08275227346676006
12023 0.10666088768538955
12256 0.14481517487493323
12387 0.12486978625298573
12735 0.0839123148088047
12834 0.044326039643414104
13577 0.3623084154999453
13770 0.14860937634443497
13916 0.20211897549191157
13982 0.10848617780903219
13989 0.10489584928504288
