7 0.272262285196378
727 0.15273474035557685
729 0.1417035031407847
797 0.15704980037951183
1045 0.13553489468263147
1920 0.1713834917592227
2049 0.160558252497303
2618 0.150713095963128
2716 0.12456505786207236
2759 0.19929581319817202
2973 0.18335927771443505
5059 0.08272365493684246
5314 0.14599944495954315
5377 0.2329220776772238
5790 0.19929581319817202
7105 0.17451441321677763
7533 0.2169802260524473
7904 0.3058885496754298
8124 0.07829979352750843
8512 0.2231870515989896
8874 0.38836903395270955
9708 0.17305105999115272
11000 0.019670103759577107
11225 0.20206870760630122
11258 0.14599944495954315
12041 0.10528150949441176
13183 0.2451139550588048
13989 0.0951599280242611
