108 0.037338256957793664
131 0.09281165589017067
258 0.09281165589017067
405 0.07100377221086959
499 0.06076933833915971
548 0.04467034377815798
556 0.038291946691917954
764 0.07387188407390832
774 0.09281165589017067
792 0.09281165589017067
801 0.07387188407390832
1002 0.034781661468716654
1092 0.10112933993778185
1163 0.3391033036542354
1184 0.04394971108917685
1230 0.12061910646249717
1373 0.07738216929710962
1482 0.06974461534831791
1519 0.055944498796738025
1795 0.09281165589017067
1796 0.07100377221086959
1892 0.08828611113676015
1940 0.030553874427838853
1963 0.020738842685363416
1967 0.05557428561780852
2352 0.03388978345584118
2425 0.02930242698118185
2462 0.0400223776845934
2510 0.09281165589017067
2564 0.09710743034281184
3020 0.05021114806177772
3090 0.050564669968890925
3096 0.18029949111365715
3301 0.11214745277078288
3512 0.06609153849905261
3536 0.050564669968890925
3544 0.03688225219429549
3633 0.04123864695685355
3648 0.030755557482889054
3734 0.0259035783242251
3742 0.04919588853156849
3826 0.09281165589017067
3914 0.04442644644581554
3956 0.02967699379152496
3995 0.04855371517140592
4034 0.1638617876510527
4191 0.05509021472230144
4213 0.12593588446851553
4300 0.059457657011056465
4338 0.12293722361708294
4393 0.07201615874996166
4397 0.09281165589017067
4477 0.04348699941326915
5002 0.040964639112498966
5151 0.060099830371219035
5347 0.06220042109679787
5359 0.06076933833915971
5374 0.08885289289163108
5581 0.060099830371219035
5689 0.01803262998187087
5793 0.07376450438859097
6068 0.040392537417496786
6245 0.05850104774196763
6250 0.060099830371219035
6278 0.025462491592018643
6310 0.022378389203349818
6446 0.08520101565678591
6636 0.04116005855495668
6696 0.04467034377815798
6821 0.03258305757361861
6889 0.09281165589017067
6923 0.050926319524243945
6981 0.09281165589017067
6998 0.072372553648192
7038 0.06552453772333477
7178 0.08828611113676015
7201 0.014631210679787362
7327 0.1638617876510527
7401 0.035588559504879914
7418 0.030256116715306137
7422 0.027224987198439545
7491 0.04697855717852273
7540 0.038456671367918645
7566 0.06632721095409647
7580 0.01803262998187087
7633 0.07660545755831372
7714 0.04116005855495668
7765 0.1510586339285602
7783 0.08190771405052012
8135 0.2648583334102805
8326 0.08477582591355885
8411 0.02612884798971575
8456 0.0755293169642801
8499 0.10574179686154096
8531 0.08190771405052012
8689 0.04394971108917685
8717 0.047054384745689626
8744 0.009229278867799158
8795 0.05396717015581263
8835 0.15896552004537687
8931 0.03169656598874241
8951 0.05329041830087139
9497 0.025686457602043404
9531 0.07201615874996166
9602 0.04919588853156849
9666 0.04734303619873899
10037 0.03966072812924038
10079 0.03388978345584118
10087 0.06974461534831791
10125 0.19653603111063586
10382 0.040392537417496786
10396 0.041966956591119944
10447 0.07738216929710962
10516 0.01886810398014852
10567 0.01576343032363573
10587 0.03545116943665734
10588 0.14566114551421777
10904 0.0449180821709073
11000 0.019135191258720076
11031 0.04919588853156849
11032 0.11891531402211293
11073 0.06146861180854147
11097 0.02747015158106806
11213 0.0957406488170338
11215 0.07738216929710962
11350 0.0755293169642801
11400 0.07738216929710962
11471 0.08477582591355885
11634 0.040964639112498966
11733 0.02605339910255181
11744 0.15476433859421923
11827 0.09281165589017067
11835 0.06076933833915971
11869 0.046492501344530465
11929 0.04621891074741199
11967 0.054620595883684224
12023 0.03137660113830577
12041 0.03413948810855408
12173 0.04394971108917685
12215 0.028667658216504636
12354 0.10635720884956688
12574 0.07948276002268843
12594 0.07100377221086959
12614 0.03629410657865915
12641 0.05206400039460722
12779 0.08828611113676015
12834 0.01303946081936318
12877 0.02156553355953413
12881 0.04135793616802932
12928 0.041966956591119944
12953 0.06857881818303789
12994 0.12978194784160654
13411 0.07948276002268843
13631 0.060099830371219035
13719 0.05712285258706253
13973 0.03413948810855408
14043 0.05129647925714733
14062 0.019450802551818303
14065 0.032133568056773185
