33 0.07935028302576196
124 0.07156535836533554
172 0.07935028302576196
300 0.04864338915981748
437 0.040656608743606944
463 0.059549357478100515
637 0.038079904619899185
641 0.06260755615304378
762 0.09287997521015758
766 0.07935028302576196
1240 0.04127037840586278
1318 0.032593503719881095
1519 0.054197725632014165
1545 0.06425625501244901
1550 0.031676542266200834
1566 0.07004341188991184
1567 0.02743198835842517
1665 0.06100187382541725
1689 0.06644585435715616
1921 0.08552952535856184
1940 0.0295998809329145
1963 0.04018261419663904
2049 0.050438389285498944
2311 0.07146133143063325
2365 0.044259146952699065
2396 0.06347864390735995
2459 0.07496604081864354
2608 0.0890305710652136
2804 0.058871917650227604
2850 0.04830843311030931
2895 0.04375943376598811
2927 0.02459739942038171
3120 0.05760119137210924
3134 0.09609300989848013
3150 0.038079904619899185
3157 0.03447736641080707
3264 0.09609300989848013
3307 0.050824229812197204
3353 0.08052149054455782
3430 0.10408814322625098
3519 0.03558621073081999
3578 0.08991376756568026
3602 0.059549357478100515
3633 0.013317013118802928
3665 0.08552952535856184
3666 0.07175300613032098
3751 0.0797498094911613
3864 0.11909871495620103
3890 0.04400724226273668
3908 0.03408150293947903
4029 0.05006207666580702
4211 0.05204407161312549
4262 0.034611639409449585
4577 0.021393726556999115
4686 0.055339287301151424
4722 0.04351559037574304
4960 0.07496604081864354
4970 0.067903601985377
5235 0.07700104412117939
5252 0.06878679848584367
5421 0.04127037840586278
5459 0.09407541366438188
5501 0.058223313945925365
5571 0.0339518009926885
5590 0.07496604081864354
5663 0.02568383698393238
5685 0.031900662287099306
5829 0.05291515936744166
5847 0.09531965881201412
5850 0.07156535836533554
5856 0.0731710406929621
5924 0.1288051125574505
6001 0.18300562147625174
6039 0.0570034721449971
6068 0.03913134816862462
6207 0.03709634486608877
6210 0.03434426611708301
6235 0.031676542266200834
6245 0.05667445062336306
6320 0.06878679848584367
6487 0.058223313945925365
6681 0.02893510758597043
6702 0.09938966541708584
6720 0.03307353983896464
6846 0.05760119137210924
6959 0.08212884290525384
6995 0.09287997521015758
7025 0.0339518009926885
7039 0.04898587293818222
7201 0.028348751321141428
7202 0.059549357478100515
7401 0.1034320992324212
7408 0.0524733925880348
7422 0.026374932625228182
7468 0.01968078027538023
7479 0.02621862472412376
7486 0.03382319359014092
7633 0.02473786020048901
7671 0.024808579059454675
7694 0.08552952535856184
7793 0.09609300989848013
7802 0.058223313945925365
7906 0.22349630016537117
7983 0.06756695668491539
8182 0.04830843311030931
8201 0.08991376756568026
8244 0.03247582061185249
8306 0.03758019143318823
8348 0.0664375595812611
8378 0.12521511230608756
8401 0.03488378747643351
8443 0.09609300989848013
8490 0.06100187382541725
8499 0.05122009328352524
8507 0.05122009328352524
8574 0.059549357478100515
8683 0.04280663060538234
8688 0.027516420079980886
8706 0.025094782527314372
8744 0.008941110111214201
8746 0.11909871495620103
8795 0.026141067881114873
8961 0.04830843311030931
8995 0.032593503719881095
8996 0.01674272687271818
9372 0.14203678141188106
9426 0.04531059050142451
9515 0.04898587293818222
9719 0.22455908049946915
9783 0.02332387708927683
9944 0.06204660852907153
10068 0.029311420205662346
10209 0.08254075681172555
10266 0.06100187382541725
10278 0.06538611603253566
10362 0.030917102533288887
10516 0.01827897907223774
10567 0.015271243644595778
10684 0.050824229812197204
10739 0.0731710406929621
10761 0.11644662789185073
10791 0.06260755615304378
10793 0.06100187382541725
10813 0.07496604081864354
10824 0.08991376756568026
10999 0.04660588429972992
11000 0.006179242332799879
11097 0.02661244216111158
11108 0.0732547765451649
11122 0.08991376756568026
11353 0.07935028302576196
11359 0.02560894795480518
11371 0.06471807859790366
11400 0.07496604081864354
11472 0.06538611603253566
11511 0.03758019143318823
11574 0.0570034721449971
11849 0.037255926290298946
11876 0.09958784767820944
11965 0.044259146952699065
12045 0.07011284201801882
12092 0.05587407504134279
12181 0.04235167482752336
12182 0.03987490474558065
12335 0.03247582061185249
12401 0.0524733925880348
12403 0.04375943376598811
12413 0.0930699127936073
12417 0.05162651434915168
12431 0.06347864390735995
12432 0.07496604081864354
12449 0.06878679848584367
12582 0.03369566241278077
12584 0.08254075681172555
12610 0.04127037840586278
12615 0.07496604081864354
12678 0.33386710379479895
12735 0.04782776374177754
12764 0.0295998809329145
12834 0.025264651040843737
12847 0.09062118100284902
12865 0.05667445062336306
12877 0.020892185936175985
12885 0.04933623059259926
12895 0.06347864390735995
12900 0.07146133143063325
12967 0.1328751191625222
13336 0.01629022735834429
13492 0.07700104412117939
13526 0.059549357478100515
13786 0.020620523007325718
13806 0.03502170594495592
13935 0.058223313945925365
13993 0.04898587293818222
14039 0.04375943376598811
14051 0.06538611603253566
14060 0.03758019143318823
14189 0.03791150636769635
