10 0.03238891255601504
117 0.07403569966479856
128 0.11908586496303161
194 0.02303614765692895
303 0.05216054525510863
319 0.044336916722552994
535 0.04071657736143771
603 0.07783076853655
637 0.032962563160311174
976 0.027910173338895592
994 0.027516356476366254
1008 0.035906247270715966
1027 0.02961471966611613
1319 0.015351382355987491
1526 0.05348083475007009
1657 0.07451099621188635
1660 0.03853312989132489
1714 0.07662282463215367
1718 0.02480754893002392
1846 0.04153283058353213
1882 0.04240294052217834
2006 0.032249314584631115
2046 0.03502055329577116
2049 0.043660261471842494
2262 0.06069077657721253
2352 0.028419575823824098
2384 0.02950148390481664
2659 0.22185450740638388
2693 0.027810611468628718
2793 0.04566111134919841
2995 0.16535194603964248
3130 0.01871638044972944
3163 0.05216054525510863
3165 0.03502055329577116
3307 0.04399425108809939
3328 0.041255096426481626
3329 0.06868685050903289
3332 0.024495300383504583
3333 0.04542179227295241
3343 0.04836547638335719
3419 0.049860495388954804
3517 0.06936456259012189
3633 0.023054831172336913
3746 0.034190601333928025
3841 0.046350021777086234
3852 0.03211117839896453
3855 0.05659924837111102
3865 0.04749111941866541
3866 0.05216054525510863
3881 0.11697403654276428
3984 0.016647332572471474
4219 0.04382269232262755
4283 0.04098308915695
4289 0.05039901445399871
4471 0.07403569966479856
4532 0.04660394558224728
4586 0.04153283058353213
4606 0.05280417949935959
4663 0.04240294052217834
4689 0.03536772820567205
4724 0.06489178163728146
4729 0.11319849674222204
4817 0.029277887277476163
4834 0.06489178163728146
4863 0.12389619505375338
4881 0.023818645132794084
4892 0.05039901445399871
4923 0.05419408332575014
4985 0.0272285221081244
5002 0.03435246698670174
5057 0.08317961769231566
5237 0.08317961769231566
5350 0.03646768881796979
5358 0.029844149539270243
5421 0.07144857469744345
5551 0.020992746494095188
5612 0.05848701827138214
5613 0.02961471966611613
5689 0.015121952482833378
5730 0.04098308915695
5938 0.025962576192352028
6044 0.022102999196006144
6155 0.04301662722759153
6207 0.03211117839896453
6230 0.026946834141605477
6297 0.04745533034359393
6310 0.0187662553113785
6315 0.03469280789230033
6508 0.04210648118782827
6519 0.02579125059998856
6563 0.0273237707904527
6606 0.03469280789230033
6775 0.021291895031429316
6777 0.05419408332575014
6821 0.0273237707904527
6826 0.05574786360976438
6898 0.05216054525510863
7099 0.015084099127757067
7100 0.06262285069623537
7362 0.07109201555439379
7406 0.03468228129506094
7442 0.058555774554952325
7453 0.1428971493948869
7491 0.01969783415064527
7497 0.03685571341467936
7616 0.03183917112943292
7633 0.02141348008743321
7674 0.037255498105943176
7718 0.027810611468628718
7862 0.022494866182662804
7865 0.0187662553113785
7891 0.0444646648794179
7938 0.10079802890799743
8044 0.04702277076542753
8144 0.057509394410874284
8264 0.045934520742894884
8517 0.026049080667518813
8550 0.07403569966479856
8683 0.14821636546565076
8691 0.0888441589983484
8744 0.030958261025704776
8931 0.026580369321204632
8996 0.014492767183282752
8997 0.020841057775362416
9011 0.08480588104435668
9102 0.03519299869503591
9198 0.05154685854969543
9366 0.3920714393546203
9383 0.023315351416297318
9497 0.04308072551823251
9531 0.0603919079861317
9552 0.08798850217619877
9671 0.04660394558224728
9835 0.043660261471842494
9902 0.04565938070760551
9905 0.042223186220933864
9925 0.04660394558224728
9937 0.05280417949935959
9957 0.03746002755473019
10031 0.07575770547582089
10172 0.11908586496303161
10260 0.043660261471842494
10326 0.06194809752687669
10374 0.04301662722759153
10567 0.01321902820387951
10707 0.4745533034359393
10732 0.022362946231396605
10849 0.057509394410874284
10913 0.06069077657721253
10930 0.021352547483986163
10999 0.05647989899893026
11000 0.010697698311531318
11116 0.08317961769231566
11326 0.03211117839896453
11356 0.046489989056995897
11634 0.03435246698670174
11661 0.06665331243839137
11705 0.04836547638335719
11835 0.05096045600125254
11901 0.05348083475007009
11930 0.03536772820567205
12064 0.00858950599334005
12245 0.03253000358214478
12261 0.06194809752687669
12285 0.043660261471842494
12346 0.07109201555439379
12354 0.022297477684160207
12456 0.08317961769231566
12458 0.049343100243865054
12523 0.025622121550142367
12572 0.17333807744578045
12735 0.041400463023506306
12834 0.03280421776142718
12865 0.016352764683417145
12897 0.06489178163728146
12900 0.03092902508966966
12928 0.03519299869503591
12957 0.10717286204616518
13024 0.03403069773740729
13068 0.04542179227295241
13145 0.06069077657721253
13261 0.039221558355840104
13275 0.07783076853655
13336 0.014101076500980856
13428 0.04745533034359393
13487 0.043660261471842494
13628 0.037878852737910446
13822 0.021660064560134223
13824 0.039221558355840104
13948 0.0494575823451147
13982 0.053524658486397744
14163 0.02132321115974294
14189 0.03281679498994078
