1101 0.16434403767804046
1545 0.0674659377266407
1566 0.1470843410905509
1617 0.12095689016853342
2694 0.1297394942533746
2839 0.15365205687223646
3120 0.12095689016853342
3666 0.07533716122032992
3721 0.06056636365015745
3751 0.08373341521070203
4685 0.1628379786636638
4970 0.07129547437945896
5314 0.09631167317391783
5421 0.17332754789057633
5856 0.15365205687223646
6001 0.12809799201390265
6083 0.11305680545767156
6434 0.12226328696415385
6702 0.10435430724062054
6921 0.0945813989566563
7408 0.11018901229036934
7649 0.07627388011642598
7882 0.16662786376735444
7965 0.0814189893318319
8131 0.1075572058517743
8150 0.3073041137444729
8192 0.16662786376735444
9372 0.19884226882441047
9719 0.05239468796719117
9944 0.1302918331098067
10388 0.1472301375954456
10516 0.038384075248557144
10785 0.09189054770892699
10962 0.30056056083100596
11290 0.1796036706624725
11371 0.06795082999512009
11505 0.09631167317391783
11910 0.14593107466507588
12064 0.04167467350388759
12175 0.058500983989044374
12285 0.42366281444920934
12401 0.11018901229036934
12678 0.1557974203219065
13557 0.20150951121089175
14090 0.07627388011642598
