150 0.06856636082260482
328 0.050126590815733375
535 0.05478340960601339
719 0.11191665317197043
721 0.04985560173403417
724 0.11191665317197043
727 0.055881663376493085
1045 0.14876606349264085
1086 0.055141996348921016
1299 0.07291714720277159
1319 0.04131000796855258
1369 0.0761532527496701
1523 0.0816583290639112
1558 0.09961367882669282
1684 0.09613274953515587
1901 0.04711951347974769
1919 0.04644110835315911
2006 0.04339086251577421
2017 0.039244329713837296
2045 0.11191665317197043
2268 0.092416900187371
2357 0.05965450995347512
2631 0.06385027840439249
2762 0.10471987453264861
2768 0.05277188889725172
2973 0.13417276790258198
3068 0.07393167704406961
3131 0.07291714720277159
3321 0.027619760495148277
3497 0.07018105894848511
3622 0.0761532527496701
3626 0.08011392584209341
3705 0.11191665317197043
3895 0.07500773013613762
4046 0.06639023825343429
4283 0.055141996348921016
4347 0.11191665317197043
4399 0.06111419015010601
4546 0.10471987453264861
4577 0.04983326628368029
4881 0.06409510214903096
5044 0.06111419015010601
5059 0.09079929217855266
5336 0.12222838030021202
5381 0.10471987453264861
5653 0.07500773013613762
5684 0.11191665317197043
5685 0.037153746780471265
5746 0.08567804400728685
5760 0.07018105894848511
6193 0.1166116053018823
6210 0.039999739039626316
6880 0.052149037619069756
6995 0.054087263908156685
6997 0.11191665317197043
7061 0.11191665317197043
7105 0.06385027840439249
7203 0.09961367882669282
7491 0.026503075321064145
7758 0.07018105894848511
7838 0.0761532527496701
7991 0.05830580265094115
8107 0.06445201196434737
8124 0.028647855060129897
8411 0.029481315217601486
8457 0.11191665317197043
8512 0.1633166581278224
8711 0.07869321259871188
8874 0.07104705704371432
8931 0.07152680084460067
9094 0.04983326628368029
9225 0.15475567517561384
9409 0.03638191039189367
9438 0.10471987453264861
9594 0.05125391820463185
9647 0.18776313694378285
9781 0.04046891455197412
9916 0.05746043144946406
10141 0.13144073712689958
10732 0.030088934846280866
10884 0.042658823094712355
10949 0.037960678464864644
10960 0.22383330634394086
10999 0.021712191529670688
11157 0.11191665317197043
11216 0.07291714720277159
11224 0.10471987453264861
11232 0.03380841356532386
11258 0.2670869710908609
11262 0.03728571348560268
11343 0.12540951158172003
11365 0.13733373566539425
11631 0.05626338647732724
11647 0.09961367882669282
11648 0.06215857607931177
11876 0.03866232871853415
11892 0.07018105894848511
11965 0.051547304059114896
12057 0.06805509047688266
12136 0.09565300573426952
12192 0.1356219029936316
12440 0.184833800374742
12458 0.06639023825343429
12638 0.11748816539687341
12644 0.09961367882669282
12695 0.0395426466532461
12763 0.04127953213401881
12834 0.029424983055855888
12865 0.02200234557757431
12877 0.02433250378871011
12898 0.06111419015010601
12943 0.10817452781631337
13022 0.03939286145990611
13393 0.15738642519742377
13438 0.07195748429875272
13450 0.05830580265094115
13577 0.060127856406995
13616 0.03638191039189367
13847 0.11191665317197043
13975 0.07018105894848511
13982 0.07201644833387759
13989 0.10444961740341027
13997 0.045157457104186456
13999 0.11191665317197043
14062 0.021946441783089157
14163 0.01434499516879905
14179 0.11191665317197043
