124 0.16431982332423758
994 0.07298824363026744
1101 0.08984872519861765
1545 0.1475375336936353
1867 0.14186006783423066
1871 0.06580302253060061
2730 0.07172485706566589
2839 0.1680065991948136
2895 0.10047518225911324
3120 0.13225697188872323
3150 0.08743452617679509
3602 0.2734602361640103
3642 0.12472979305036531
3666 0.08237533884849707
3751 0.09155599095048132
4071 0.11760545704297856
4298 0.10047518225911324
4685 0.17805069175083127
4686 0.12706345807413735
4722 0.09991529820740057
4857 0.13673011808200514
4887 0.08073221978133845
4954 0.1680065991948136
4970 0.07795606796486822
5044 0.24096626625615333
5314 0.10530933982984027
5421 0.09476011080048766
5528 0.08170880428232187
5663 0.05897215708672432
6083 0.12361884238599567
6245 0.04337636684445594
6310 0.049778247925779735
6563 0.07247740234300495
6695 0.06730138015922925
6702 0.11410333598986973
6720 0.07593950966195685
6789 0.07707756140425838
7201 0.032545507456084026
7242 0.05196596067660907
7401 0.07916280846925733
7422 0.060558968307568885
7617 0.12706345807413735
7633 0.0568001182473361
7649 0.08339956826226587
7699 0.13368541539477857
7891 0.05897215708672432
7965 0.08902534587541563
8150 0.1680065991948136
8378 0.14375198840356151
8411 0.058120728057245
8688 0.06317991538554302
8996 0.03844264857372124
9372 0.10870929436743004
9719 0.22915809968130066
9944 0.14246400750650895
10068 0.06730138015922925
10516 0.0419700072815175
10595 0.08374775030621909
10791 0.14375198840356151
10999 0.02140217236084142
11371 0.14859791781945042
11505 0.10530933982984027
11525 0.0928934278858442
11965 0.10162256395926426
12064 0.022784010544565282
12181 0.09724285442151953
12285 0.23162120348346682
12335 0.07456709820423484
12403 0.10047518225911324
12413 0.07123200375325447
12678 0.17035238762454885
12725 0.09936423159474357
12847 0.10403676298108681
12967 0.15254598456359098
