328 0.04223831852156462
968 0.0301354206194539
979 0.0528370951387335
995 0.03656257172174249
1002 0.03306856643636101
1004 0.07787352786945582
1065 0.05380235027052381
1090 0.06416924218760522
1099 0.03331993812755474
1180 0.06063374932067451
1249 0.03787825587481413
1319 0.017404587528386535
1321 0.09430466280705913
1402 0.0424702032216521
1412 0.06229726923381179
1560 0.07787352786945582
1649 0.06880800103919368
1959 0.07129319184276471
1963 0.019717396127583088
2172 0.042705739799076284
2204 0.021736419387489287
2355 0.08393777088997771
2437 0.08393777088997771
2565 0.058289154697461106
2693 0.03153020427081683
2747 0.08393777088997771
2776 0.0302382132134854
2857 0.4755338562486015
2858 0.08824041978653724
2859 0.13761600207838737
2873 0.048769982819598164
2964 0.15113601934856571
3010 0.021912723160529297
3142 0.03858220997223486
3153 0.050665714735589236
3247 0.05380235027052381
3517 0.039320941038809946
3519 0.03492393054496264
3633 0.026138351438729494
3789 0.032821349839945536
3840 0.08100462507307062
3890 0.08637648351405389
3940 0.03609757270734378
4025 0.04112994015826943
4201 0.06229726923381179
4489 0.038828436483664505
4581 0.08393777088997771
4711 0.1544904962260525
4763 0.04913039215212203
4806 0.07787352786945582
4913 0.0826902838157457
4974 0.034644366077167865
5247 0.03278042980468453
5260 0.05207813656809763
5551 0.02380046860569558
5689 0.034288944081302654
5746 0.03609757270734378
5886 0.05193037731673038
6065 0.07023348520812711
6076 0.08393777088997771
6093 0.08824041978653724
6134 0.07180928484893397
6158 0.050665714735589236
6419 0.04318824175702694
6495 0.05777627684547612
6552 0.0806003771252085
6637 0.14031855635463486
6748 0.08393777088997771
6775 0.04827925487442428
6777 0.061442392931852545
6989 0.14714175794579262
7006 0.035353326455324276
7085 0.09753996563919633
7201 0.013910582243005057
7276 0.1870914084728465
7284 0.03520882036925243
7468 0.019314509448817963
7547 0.10966845168024007
7604 0.03840309090251676
7633 0.024277474160086458
7659 0.08824041978653724
7862 0.025503492671641724
7865 0.02127619035034619
8083 0.06880800103919368
8085 0.04134514190787285
8154 0.04773810725000194
8250 0.020289705600288456
8268 0.3130697231239865
8294 0.05107550101477115
8585 0.04368683004463615
8658 0.01784842613807205
8662 0.09354570423642325
8732 0.06630949612049664
8744 0.03509884329982585
8751 0.05149683207535083
8997 0.023628491937990232
9102 0.0398999654865117
9105 0.026433715548864953
9375 0.04368683004463615
9488 0.08824041978653724
9497 0.024421327040168087
9708 0.026675601094231918
9725 0.046676414658925414
9757 0.046464464624425175
9758 0.03656257172174249
9773 0.06880800103919368
9781 0.034100442005957236
9827 0.036426462279129164
9843 0.054309390812417424
9899 0.04294504512127491
9902 0.031059718385849238
9915 0.08824041978653724
9937 0.05986659329104569
10004 0.054309390812417424
10033 0.05331193703835631
10460 0.029337564072254612
10495 0.035646595921382355
10510 0.07180928484893397
10519 0.04949970137396428
10567 0.029974073745208548
10571 0.07023348520812711
10608 0.04446733392303864
10732 0.02535392878968568
10752 0.04368683004463615
10978 0.07787352786945582
10999 0.018295408618604864
11000 0.006064243020521879
11097 0.052234338109034203
11139 0.07023348520812711
11255 0.018634562200144263
11325 0.03055089910177138
11339 0.04050231253653531
11617 0.045866134296208505
11636 0.03858220997223486
11714 0.03222061593381157
11758 0.07023348520812711
11885 0.07180928484893397
11957 0.02659453713665723
12010 0.04807421720503088
12050 0.052376866101590404
12085 0.08824041978653724
12219 0.05193037731673038
12316 0.0424702032216521
12351 0.05777627684547612
12378 0.04165940313097234
12813 0.08824041978653724
12834 0.01239723055746674
12961 0.056529199526276476
13030 0.05331193703835631
13112 0.027004323415839124
13446 0.04773810725000194
13556 0.08393777088997771
13571 0.08824041978653724
13669 0.05594260420341524
13676 0.029144577348730553
13709 0.03594573116398712
13787 0.05207813656809763
13874 0.01594733220877354
13989 0.029337564072254612
14010 0.04987836118289336
14109 0.06750663595237442
14138 0.08824041978653724
14163 0.03626269801734821
14211 0.0398999654865117
14212 0.22309998623138255
14213 0.06320398705581491
14215 0.08824041978653724
14234 0.07357087897289631
