303 0.04428543865226623
617 0.04278986064699241
654 0.04428543865226623
894 0.0706213065529875
940 0.036001019774361105
976 0.02369634487386271
994 0.023361985782705343
997 0.02798593384171807
1027 0.02514354182003876
1460 0.02726308964149571
1469 0.04540639318114208
1470 0.18660856916380153
1524 0.035503151242550525
1526 0.04540639318114208
1604 0.019211765459371543
1660 0.03271546628847679
1689 0.016277608033749058
1838 0.03350176786958516
1881 0.047331150044742455
2179 0.04233264623519056
2180 0.056590113552764616
2384 0.025047402193128322
2501 0.05831663165248909
2558 0.017141337082335197
2659 0.08371524773005747
2770 0.026805875229693864
2793 0.058150916623647915
2934 0.06431994147832136
2981 0.05259528364271486
2995 0.06239440111982798
3142 0.028892803354968057
3152 0.05055324614974076
3249 0.025437013572772508
3257 0.03129130317615751
3282 0.04067031282553546
3291 0.04540639318114208
3419 0.04233264623519056
3421 0.029305127134469807
3519 0.07845975580540747
3527 0.024578706285943448
3746 0.029028564990115115
3751 0.058610254268939614
3758 0.02060225242228872
3763 0.034795535049793394
3789 0.024578706285943448
3841 0.019676088851269445
3855 0.04805399424496481
3865 0.08064198889242906
3908 0.025047402193128322
3984 0.028267895657776074
4029 0.036791950492863455
4144 0.037352077093626715
4156 0.06285792105023914
4586 0.03526227749089408
4612 0.04106334254726792
4724 0.0550945355474908
4729 0.04805399424496481
4922 0.018284699483504238
4985 0.046235216273668785
5053 0.036791950492863455
5059 0.019098631186676176
5072 0.37714752630143483
5158 0.030330697810771034
5421 0.030330697810771034
5437 0.04428543865226623
5612 0.0993135039882502
5613 0.02514354182003876
5663 0.018875734322564234
5730 0.06959107009958679
5754 0.09202391350398141
5945 0.03764300767839372
6044 0.01876592758259082
6102 0.021265179487366767
6109 0.013990353582994941
6315 0.05890989858618665
6446 0.030330697810771034
6606 0.014727474646546663
6821 0.0695954290261564
6826 0.047331150044742455
6898 0.04428543865226623
7003 0.05259528364271486
7100 0.07975224566311093
7102 0.0496567519941251
7416 0.0515277907798578
7453 0.06066139562154207
7536 0.029879622175645378
7646 0.0550945355474908
7671 0.018232484014734616
7718 0.023611814678170855
7905 0.1030555815597156
7938 0.08557972129398482
7950 0.04106334254726792
8027 0.029733212276886575
8044 0.03992335624190902
8115 0.019268764044296706
8144 0.04882672805001627
8264 0.019499704138747364
8411 0.055809629949395145
8412 0.025637022419270076
8519 0.06035866914546321
8931 0.022567312308022683
8997 0.008847255919633562
9011 0.036001019774361105
9105 0.01979524101507234
9209 0.06035866914546321
9273 0.06608001715523745
9366 0.27739765739802175
9383 0.01979524101507234
9385 0.032342091788691796
9392 0.03652205314951788
9497 0.018288236996966117
9620 0.1257158421004783
9645 0.0181287777389378
9890 0.023953832024508865
9902 0.023259485038022207
9965 0.04428543865226623
9991 0.0550945355474908
10030 0.07777751357640407
10031 0.09647991221748203
10156 0.018284699483504238
10172 0.10110649229948152
10197 0.04029060874221646
10234 0.028237634271612754
10316 0.020995282144021188
10331 0.026153251935135825
10361 0.023781517890903228
10467 0.0993135039882502
10569 0.03064183442260478
10602 0.038248571249242365
10628 0.02249086014929501
10672 0.06825996197725683
10707 0.6043591311332469
10913 0.0515277907798578
11000 0.04995418337525048
11052 0.03391663743788417
11097 0.019558190944055708
11255 0.013954740841495197
11529 0.04882672805001627
11600 0.035026475144244056
11636 0.028892803354968057
11957 0.01991567440949583
11959 0.04067031282553546
12378 0.015598600279956996
12398 0.06783327487576835
12458 0.04189336649137676
12513 0.023953832024508865
12572 0.07358390098572691
12626 0.04882672805001627
12735 0.01757494727514699
12928 0.029879622175645378
12957 0.0909920934323131
12958 0.05055324614974076
13006 0.037068512637218165
13197 0.06285792105023914
13487 0.037068512637218165
13659 0.0395677645419941
13761 0.026805875229693864
13803 0.06608001715523745
13948 0.10497641072010594
13973 0.024306623324917925
14062 0.013848577034637436
14110 0.036001019774361105
14224 0.141242613105975
