249 0.04981018913511398
308 0.11241655921359842
319 0.11984194595666467
320 0.059457863232763294
322 0.04339798965244708
324 0.059457863232763294
339 0.04981018913511398
406 0.05332885577025804
420 0.0837223368777668
472 0.06190398399021412
483 0.08226749475120866
538 0.06601392638859671
543 0.150685544954065
548 0.050626914652655224
560 0.10005863030140978
637 0.1336458871589197
884 0.171201560601987
1103 0.23713415143548022
1240 0.04828107624822841
1519 0.031702211426151025
1545 0.11275742799735068
1611 0.1294798086624742
1682 0.07227890189052098
1748 0.1529868237551173
1768 0.059006479053389516
1919 0.046648550141200874
2372 0.05502811454193517
2460 0.0856007803009935
2558 0.027285959849394324
2597 0.03429062122901224
2692 0.05613127396031929
2850 0.056514702130764864
2940 0.03799256589713982
2953 0.06413548296537001
3091 0.11241655921359842
3103 0.06243622419369289
3341 0.07767004896124306
3454 0.04981018913511398
3606 0.04033411906593556
3722 0.05365599747640807
3890 0.05148285771132199
3956 0.03363427510861363
4028 0.0475630440661437
4211 0.06088492247661621
4262 0.0404912013398557
4298 0.05119295339281017
4477 0.09857155426111344
4624 0.050350494809328454
4922 0.029105989431786473
4976 0.09608026578995545
5185 0.059920972978332335
5329 0.0837223368777668
5497 0.09008139556771631
5501 0.13622769495364873
5528 0.04163132542143516
5571 0.03971927459380418
5663 0.030046811773166347
5685 0.037319704052765086
5924 0.0753427724770325
6001 0.07136440796557815
6044 0.05974403794706284
6154 0.03692784821836808
6234 0.0837223368777668
6245 0.06630187503888586
6250 0.06811384747682436
6304 0.04902924431969605
6446 0.04828107624822841
6668 0.0856007803009935
6696 0.050626914652655224
6745 0.080471776389013
7039 0.05730722028171239
7057 0.06601392638859671
7195 0.06298484356484386
7201 0.016582210739842156
7235 0.09282970530120163
7245 0.03629330712546268
7408 0.061387173231884695
7422 0.03085530548320902
7495 0.059920972978332335
7566 0.07517161866490045
7633 0.02894013965203079
7769 0.22483311842719683
7891 0.030046811773166347
7966 0.06190398399021412
8124 0.05755163692683139
8156 0.046208312397174406
8182 0.056514702130764864
8225 0.080471776389013
8433 0.05099603550249232
8484 0.050350494809328454
8509 0.0837223368777668
8567 0.1079785086672476
8574 0.06966514919390102
8688 0.03219070014078459
8746 0.06966514919390102
8798 0.10518763421339027
9298 0.05613127396031929
9398 0.16404615621217933
9426 0.05300760883115039
9617 0.11241655921359842
9920 0.06298484356484386
10186 0.07426191290240276
10266 0.07136440796557815
10275 0.171201560601987
10740 0.07904471714516006
10761 0.06811384747682436
10791 0.21972855416641454
10794 0.10601521766230078
10823 0.14852382580480553
11000 0.007228925000208143
11109 0.09282970530120163
11150 0.05332885577025804
11284 0.09608026578995545
11326 0.04339798965244708
11356 0.2199079129515941
11394 0.150685544954065
11465 0.06887263104295349
11525 0.047329985548018906
11526 0.07227890189052098
11542 0.09608026578995545
11671 0.10005863030140978
11965 0.05177755405318138
12008 0.0837223368777668
12175 0.0325913624573351
12181 0.04954605507802549
12328 0.04339798965244708
12398 0.0539892543336238
12413 0.03629330712546268
12678 0.04339798965244708
12791 0.10518763421339027
12810 0.04687281376179111
12871 0.09608026578995545
12903 0.02885778974692806
13338 0.05007829528150424
13614 0.04180031931948791
13858 0.0475630440661437
13912 0.03429062122901224
13973 0.07738364223658438
14039 0.10238590678562035
14040 0.08292783668795022
14163 0.08645442584853645
