1241 0.2227333524061787
1689 0.08472956330521508
1867 0.23635314583852662
2371 0.14439334283325078
2608 0.1702932744296267
2895 0.16740176265382034
3157 0.1318932036391353
3341 0.12699114077042783
3430 0.19909465397357237
3864 0.22780613341675826
4722 0.1664689394926067
5235 0.2945675801246044
5847 0.18232273052278622
6245 0.07226939134635954
6702 0.19010763792521307
7201 0.054224089890788536
8378 0.23950527585696485
8411 0.0968349805866979
8433 0.08337891902787714
8996 0.06404932031599885
9458 0.22780613341675826
9720 0.25013465977343713
9944 0.1186796850480636
11000 0.0472773968652127
11371 0.12378954091126963
11472 0.25013465977343713
11876 0.12699114077042783
12615 0.28678267272217756
12678 0.14191210863939374
13344 0.19442814780426904
13935 0.2227333524061787
