10 0.022830208269722655
11 0.01830042983582238
49 0.05223717354989921
108 0.04414142405572327
132 0.054861139669600344
149 0.025705244947319735
336 0.0516819884398018
406 0.027813932946689112
458 0.03929540192502233
483 0.021453512827649637
637 0.02323456154177164
641 0.038200177519816234
766 0.048415799690727915
819 0.043665805883595
968 0.01873589817008386
994 0.01939565424102847
997 0.02323456154177164
1033 0.03054551771625899
1107 0.015444809870280142
1171 0.037220465904722576
1241 0.03552511973298307
1244 0.03592086711823141
1318 0.019887018510172546
1329 0.02833548982802499
1403 0.028888048012467714
1440 0.03442989532777698
1458 0.032185479525634754
1519 0.01653444781690765
1521 0.038731674177645746
1545 0.0588092036902194
1564 0.06202109522971632
1566 0.08547437187126675
1567 0.01673770530911272
1655 0.021118389710992766
1665 0.037220465904722576
1689 0.2162246721525221
1714 0.027004843733810898
1718 0.034972554744114176
1838 0.027813932946689112
1940 0.01806045109696852
1963 0.01225876786956548
2105 0.027481802639850273
2116 0.04698240492648987
2142 0.05011114586246743
2163 0.048415799690727915
2182 0.016335538413754826
2371 0.02303018716048657
2516 0.054861139669600344
2608 0.16296676447814498
2662 0.03592086711823141
2722 0.054861139669600344
2776 0.03759961347593849
2816 0.03054551771625899
2839 0.04464551749868867
2848 0.015950046527532544
2850 0.02947552713935899
2895 0.026699942319120817
3020 0.029679901520644064
3038 0.04464551749868867
3120 0.07029105976884564
3128 0.036766782755578195
3157 0.02103646266097785
3256 0.03514552988442282
3336 0.07746334835529149
3341 0.16203681872198714
3430 0.03175483754094382
3454 0.025978754665848685
3519 0.0434260543200846
3579 0.048415799690727915
3633 0.008125413231726369
3643 0.048415799690727915
3721 0.01759831077577743
3745 0.028888048012467714
3848 0.054861139669600344
3864 0.036334208945861285
3865 0.05021311592733816
3985 0.03977403702034509
4060 0.04053706494761745
4211 0.03175483754094382
4245 0.054861139669600344
4307 0.03592086711823141
4367 0.07746334835529149
4566 0.08554815602020217
4577 0.013053442787161746
4668 0.04698240492648987
4685 0.1419438042132708
4722 0.026551160584666507
4757 0.04464551749868867
4835 0.024929907713511147
4857 0.036334208945861285
4906 0.038731674177645746
4922 0.015180375177939688
4957 0.024685192010711555
4970 0.020715787434151738
4974 0.021539215370032134
4976 0.05011114586246743
4981 0.037220465904722576
4992 0.16458341900880102
5044 0.03201678894844527
5158 0.025181238148956286
5223 0.015050925383971086
5235 0.04698240492648987
5288 0.04197045971185549
5344 0.03376542271601384
5391 0.0242142731568653
5421 0.07554371444686885
5501 0.03552511973298307
5513 0.054861139669600344
5571 0.020715787434151738
5661 0.024929907713511147
5663 0.015671065801991686
5736 0.038200177519816234
5767 0.037220465904722576
5847 0.11631911901644258
5850 0.043665805883595
5856 0.04464551749868867
5893 0.11788620577506699
5896 0.0586314218616396
5924 0.15718160770008932
5941 0.04122616978576984
6001 0.07444093180944515
6039 0.10434248942069226
6072 0.030102640681084224
6083 0.0328500619461499
6207 0.022634439775238227
6230 0.01899421089234054
6245 0.04610676852611343
6443 0.03125208483188953
6484 0.030321442776705766
6573 0.04122616978576984
6606 0.02445417172536722
6618 0.030102640681084224
6681 0.017654837758514143
6702 0.3335358705437634
6706 0.03314528229799324
6720 0.06053974171913467
6813 0.012680769011827998
6846 0.10543658965326848
6923 0.030102640681084224
6943 0.048415799690727915
6957 0.04197045971185549
7039 0.029888868966988866
7057 0.03442989532777698
7100 0.04414142405572327
7161 0.037220465904722576
7177 0.04698240492648987
7195 0.0328500619461499
7201 0.017297070824574566
7202 0.036334208945861285
7242 0.013809262361375967
7300 0.0586314218616396
7406 0.02444675176623982
7408 0.03201678894844527
7418 0.017884445968105303
7422 0.016092739762817377
7466 0.016789221562899213
7475 0.027004843733810898
7486 0.020637317263623587
7491 0.027769111132949772
7566 0.039206135793479605
7580 0.02131824117471462
7617 0.03376542271601384
7651 0.028700189905550396
7693 0.05969301195577705
7699 0.03552511973298307
7892 0.023338458265383614
7965 0.023657300702211802
8041 0.038200177519816234
8074 0.022254849926677974
8076 0.03592086711823141
8124 0.015008172848777212
8150 0.04464551749868867
8182 0.02947552713935899
8244 0.03963042765770563
8344 0.018361404874144685
8384 0.03514552988442282
8411 0.06177923948112057
8412 0.04256888324808115
8433 0.013298619401509388
8481 0.04464551749868867
8484 0.05252110761545048
8490 0.1488818636188903
8567 0.02815836713891473
8574 0.036334208945861285
8688 0.016789221562899213
8691 0.020874742758268994
8737 0.024100177737386572
8744 0.005455443631080003
8746 0.036334208945861285
8795 0.03190009305506509
8970 0.02927554824859508
8995 0.03977403702034509
8996 0.040862488683646725
8997 0.007345193957190812
9028 0.02444675176623982
9117 0.043665805883595
9204 0.03399637801848803
9244 0.038200177519816234
9307 0.036766782755578195
9367 0.026851143374526557
9372 0.202216336087274
9383 0.01643446126186743
9409 0.03811985215536679
9426 0.027646384989872597
9428 0.036766782755578195
9457 0.022442708033595292
9497 0.007591656051210548
9597 0.042779548924733714
9621 0.043665805883595
9652 0.027618524722751933
9719 0.045671786100903854
9720 0.07979104738311149
9773 0.042779548924733714
9827 0.01132359319912045
9850 0.036766782755578195
9944 0.1514316549599322
10005 0.02927554824859508
10079 0.020032313029125882
10116 0.04464551749868867
10209 0.025181238148956286
10266 0.037220465904722576
10275 0.04464551749868867
10278 0.039895523691555745
10358 0.04698240492648987
10362 0.018864157583198964
10507 0.08733161176719
10516 0.011152970796905007
10528 0.054861139669600344
10672 0.02833548982802499
10684 0.03101054761485816
10740 0.04122616978576984
10761 0.21315071839789845
10791 0.038200177519816234
10793 0.037220465904722576
10794 0.11058553995949039
10823 0.038731674177645746
10930 0.03010185076794217
10962 0.08733161176719
11000 0.09048677260894217
11047 0.026551160584666507
11097 0.03247531375622559
11129 0.054861139669600344
11132 0.05218608188276718
11194 0.04574074190389475
11259 0.022929660127081558
11326 0.022634439775238227
11356 0.016384868290850233
11371 0.03948791876076362
11472 0.039895523691555745
11505 0.027984555348904556
11525 0.024685192010711555
11542 0.05011114586246743
11676 0.08245233957153968
11708 0.03314528229799324
11876 0.020254602340248392
11878 0.031500063794952245
11881 0.037220465904722576
11905 0.0204823360089554
11965 0.027004843733810898
11978 0.03376542271601384
12064 0.030272737688065106
12164 0.034780829806897416
12181 0.07752298265970269
12182 0.024329785946977725
12265 0.05218608188276718
12308 0.03442989532777698
12354 0.015716985204072016
12387 0.0217130271600423
12403 0.026699942319120817
12405 0.07640035503963247
12413 0.03785791373998305
12418 0.04053706494761745
12615 0.04574074190389475
12678 0.13580663865142933
12725 0.026404721967277476
12731 0.04698240492648987
12733 0.01743076281896092
12834 0.023122947469245377
12847 0.05529276997974519
12877 0.012747426358377837
12967 0.04053706494761745
13011 0.04053706494761745
13052 0.048415799690727915
13084 0.05218608188276718
13211 0.05218608188276718
13259 0.054861139669600344
13336 0.009939528311977804
13344 0.03101054761485816
13557 0.02927554824859508
13754 0.01197744241200804
13770 0.0258409942199009
13786 0.08807169317614406
13790 0.05011114586246743
13845 0.0586314218616396
13858 0.024806744853017107
13874 0.009914830661271655
13875 0.026118586774949604
13918 0.02010582060579408
13935 0.03552511973298307
13990 0.03514552988442282
14051 0.11968657107466724
14084 0.03442989532777698
14090 0.04432465036588888
14124 0.05218608188276718
14127 0.0586314218616396
14163 0.007515123437909281
14201 0.04698240492648987
14217 0.21944455867840137
