7 0.06488318232341889
10 0.028384897125898093
11 0.022753003919742377
104 0.04885614392934869
127 0.03479331924212476
149 0.06391888543507765
175 0.031467408274164305
285 0.05428988615793898
313 0.0341682446147856
315 0.0423863897626193
317 0.06488318232341889
322 0.02814149730620385
328 0.03264986063617928
332 0.06488318232341889
336 0.06425644075578334
337 0.024285979341793527
390 0.03568307079542396
421 0.03010571101305012
482 0.060498657133667345
541 0.06488318232341889
555 0.03948092747119941
583 0.0864863136033184
592 0.04885614392934869
636 0.030249328566833673
679 0.06820909329137935
686 0.050399908959654405
702 0.035009420195756875
727 0.07279683264586638
729 0.06753909542424576
762 0.035229637604624095
797 0.03742674393748887
817 0.032473352407564056
952 0.0423863897626193
1299 0.0474944466682345
1375 0.03639841632293319
1391 0.0451744798336738
1461 0.01983076214147911
1555 0.0474944466682345
1684 0.09392382836587428
1801 0.041588758731829226
1875 0.04815525877196186
1914 0.050399908959654405
1940 0.08981854924462195
2006 0.02826255667838033
2017 0.05112344067551807
2126 0.03769878153354466
2371 0.028633531749578372
2382 0.03229949853882863
2560 0.0432431568016592
2602 0.5619843540489746
2631 0.041588758731829226
2731 0.06230340535497408
2759 0.0474944466682345
2768 0.034372870565584204
2973 0.04369658999245906
3010 0.03387669691373677
3037 0.04885614392934869
3068 0.04815525877196186
3184 0.02710548536806475
3220 0.024030004359513874
3227 0.031959442717538825
3236 0.02575602851508778
3273 0.0423863897626193
3314 0.04571230073057976
3376 0.03980661279417449
3443 0.020188349339857446
3544 0.02710548536806475
3606 0.0261547254177505
3633 0.010102361571262443
3691 0.0423863897626193
3697 0.07380230100550918
3776 0.03742674393748887
3908 0.02585442114647481
3935 0.05125667599869429
3984 0.014589338918773292
4202 0.03855554857258455
4240 0.05218205489730914
4278 0.04014173957492676
4289 0.04416853570027405
4311 0.03769878153354466
4384 0.020310045878360272
4508 0.040486871604599156
4585 0.046869372040895335
4663 0.03716096063663871
4678 0.03615501650323894
4735 0.036647050946613476
4784 0.031467408274164305
4881 0.020874112108684388
4913 0.031959442717538825
4957 0.03069120646990931
4990 0.05131693242232455
4997 0.06459899707765726
5059 0.05914194816063504
5106 0.0423863897626193
5189 0.03742674393748887
5223 0.01871288091752382
5314 0.03479331924212476
5316 0.06019557409434424
5358 0.0261547254177505
5374 0.03264986063617928
5487 0.06793435511433503
5718 0.12919799415531452
5778 0.06019557409434424
5790 0.094988893336469
5796 0.05125667599869429
5861 0.0474944466682345
5962 0.023294423591589657
5963 0.03916416616596238
5974 0.060498657133667345
6193 0.07595474975873638
6210 0.02605375478113356
6245 0.014331186403990968
6505 0.03615501650323894
6519 0.06780857434742517
6579 0.06715047906958828
6606 0.015201988972745077
6880 0.033967177557167515
6967 0.03690115050275459
7099 0.03965807137591459
7105 0.041588758731829226
7170 0.033011173304470016
7194 0.05428988615793898
7206 0.025953658360132414
7216 0.05550796586526961
7287 0.04466057014364857
7306 0.04815525877196186
7423 0.033384143210356064
7466 0.020874112108684388
7491 0.017262728256223357
7580 0.013252530934022674
7596 0.03769878153354466
7714 0.030249328566833673
7716 0.06602234660894003
7717 0.06871537614899319
7718 0.04874515896019151
7732 0.03568307079542396
7838 0.04960227792886433
7932 0.0423863897626193
7991 0.03797737487936819
8017 0.15979721358769414
8042 0.038262847763868776
8097 0.021399705543418673
8124 0.018659726504782048
8154 0.03690115050275459
8194 0.0531879990307089
8241 0.056869663126383786
8344 0.022828814449790045
8417 0.040486871604599156
8484 0.03264986063617928
8512 0.0531879990307089
8744 0.006782776767293286
8795 0.01983076214147911
8874 0.04627636696090388
9028 0.030394752678071593
9030 0.05428988615793898
9094 0.08114701063497652
9102 0.030842333646825145
9299 0.041209673478323404
9531 0.026463038739852653
9552 0.03855554857258455
9592 0.041209673478323404
9647 0.09783933284211584
9708 0.04124002510508654
9797 0.06820909329137935
9813 0.03545413134585212
9920 0.040842624732313586
9961 0.02766955159838886
10145 0.04280683843915986
10197 0.041588758731829226
10242 0.07471878545404533
10316 0.021671743139474463
10362 0.023453889077129208
10438 0.03916416616596238
10497 0.05125667599869429
10524 0.0423863897626193
10628 0.023215508169780175
10732 0.019598371112718883
10763 0.0531879990307089
10995 0.041588758731829226
11000 0.037500865832597145
11043 0.041209673478323404
11102 0.03212822037789167
11225 0.04815525877196186
11232 0.11010523289883017
11258 0.06958663848424952
11276 0.32967738782658723
11303 0.08241934695664681
11304 0.05125667599869429
11343 0.040842624732313586
11365 0.12523289854771197
11371 0.0245477504738005
11525 0.06138241293981862
11678 0.13507819084849151
11745 0.03916416616596238
11861 0.03479331924212476
12106 0.06019557409434424
12175 0.021133922242568503
12246 0.0474944466682345
12285 0.038262847763868776
12499 0.04885614392934869
12638 0.07652569552773755
12639 0.046869372040895335
12735 0.0181412062207154
12787 0.04815525877196186
12788 0.06019557409434424
12834 0.038331814725931335
12850 0.08317751746365845
12854 0.03545413134585212
12881 0.030394752678071593
12903 0.01871288091752382
12913 0.094988893336469
12934 0.06820909329137935
12940 0.036647050946613476
12943 0.07045927520924819
13088 0.043760112484168286
13122 0.03357523953479414
13183 0.0584134281566895
13393 0.05125667599869429
13577 0.03916416616596238
13582 0.056869663126383786
13616 0.047394577793646905
13786 0.01564284553526564
13806 0.026567664471158787
13827 0.02766955159838886
13862 0.03615501650323894
13872 0.042006574713045586
13880 0.04960227792886433
13912 0.022235809369798576
13982 0.046907778154258416
13989 0.04535537454574843
13997 0.02941322474045377
14040 0.02688734560578514
14041 0.046907778154258416
14062 0.014294773572612038
14102 0.05428988615793898
14163 0.028030756857752304
14180 0.0423863897626193
