7 0.06015451415984933
10 0.026316213769764597
11 0.021094771363815087
79 0.01984010099429959
104 0.04529552183714133
127 0.0967727756286292
149 0.059260494958773786
175 0.029174072368499598
285 0.050333254453297664
313 0.031678072512720305
315 0.0392972815428641
317 0.06015451415984933
322 0.026090552860789464
328 0.03027034793340054
332 0.06015451415984933
336 0.05957344934220563
337 0.02251602396626632
390 0.033082498585392
421 0.02791161522256587
482 0.056089531938471326
535 0.033082498585392
541 0.06015451415984933
555 0.0366035685298536
583 0.08018321527990441
592 0.04529552183714133
636 0.028044765969235663
679 0.06323803366755945
686 0.0467267777042181
702 0.032457943452838985
727 0.1012371297933558
729 0.09392529758612322
762 0.03266211147859821
789 0.036309892699864364
797 0.03469909331700759
817 0.030106703575073005
952 0.0392972815428641
1097 0.10056014706643038
1299 0.044033064691207595
1368 0.03329904124858687
1375 0.033745709931118605
1391 0.041882176390070865
1461 0.018385501748264914
1555 0.044033064691207595
1684 0.08707868604871058
1801 0.0385577816382998
1875 0.04464571699381081
1914 0.0467267777042181
1919 0.028044765969235663
1940 0.083272598520535
2006 0.026202789459812505
2017 0.0473975786311836
2126 0.034951304889220235
2371 0.026546727971676762
2382 0.029945520127620317
2560 0.040091607639952204
2602 0.5582433124868522
2631 0.0385577816382998
2731 0.057762750614651664
2759 0.044033064691207595
2768 0.06373557076302021
2973 0.040511994746746
3010 0.03140777272650462
3037 0.04529552183714133
3068 0.04464571699381081
3150 0.02678230882330193
3184 0.025130045182668575
3220 0.022278704369034563
3227 0.029630247479386893
3236 0.02387893636735374
3273 0.0392972815428641
3314 0.042380801050574235
3376 0.036905517997666434
3443 0.018717028091732597
3544 0.025130045182668575
3606 0.0242485763513663
3633 0.009366104288122757
3691 0.0392972815428641
3697 0.06842360996931186
3776 0.03469909331700759
3789 0.023521620037781025
3908 0.023970158171310475
3935 0.047521103801306204
3984 0.01352607198268423
4202 0.03574563098630834
4204 0.04464571699381081
4240 0.04837904134485146
4278 0.03721622083245681
4289 0.040949545183497464
4311 0.034951304889220235
4384 0.018829855420578506
4508 0.03753619973642701
4585 0.04345354532771817
4663 0.03445268022871688
4678 0.06704009804428691
4735 0.03397622413303076
4784 0.029174072368499598
4881 0.019352812661947934
4913 0.029630247479386893
4957 0.028454439934439645
4990 0.04757696875365118
4997 0.059891040255240634
5059 0.05483169953558054
5106 0.0392972815428641
5189 0.03469909331700759
5223 0.017349091394958664
5314 0.06451518375241945
5316 0.05580853750620545
5358 0.0242485763513663
5374 0.03027034793340054
5487 0.0629833183319447
5718 0.11978208051048127
5778 0.05580853750620545
5790 0.08806612938241519
5796 0.047521103801306204
5861 0.044033064691207595
5962 0.02159673252154953
5963 0.036309892699864364
5974 0.056089531938471326
6193 0.07041918885998569
6210 0.024154964426479096
6245 0.013286733550908989
6324 0.04464571699381081
6505 0.03352004902214346
6519 0.06286670443211469
6579 0.0622565709538916
6606 0.014094072272235011
6880 0.03149165916597235
6967 0.03421180498465593
7099 0.049023736315179846
7105 0.0385577816382998
7170 0.03060532823557637
7194 0.050333254453297664
7206 0.02406216300461835
7216 0.0514625608525616
7287 0.04140572029438475
7306 0.04464571699381081
7423 0.03095111619913502
7466 0.019352812661947934
7491 0.016004625453640987
7580 0.012286690189620484
7596 0.034951304889220235
7714 0.028044765969235663
7716 0.06121065647115274
7717 0.06370741877224517
7718 0.04519262542146588
7732 0.033082498585392
7838 0.045987277799653795
7932 0.0392972815428641
7990 0.08476160210114847
7991 0.035209594429992844
8017 0.17778148487632134
8042 0.035474262130589664
8097 0.01984010099429959
8124 0.03459962172187368
8154 0.03421180498465593
8194 0.049311672551424865
8241 0.05272501799849532
8344 0.02116505684365617
8417 0.03753619973642701
8484 0.03027034793340054
8512 0.049311672551424865
8744 0.006288449895343258
8795 0.03677100349652983
8874 0.042903758291943664
9028 0.028179591611958293
9030 0.050333254453297664
9094 0.07523303921714804
9102 0.02859455300501017
9299 0.03820632401194389
9414 0.0467267777042181
9531 0.024534419884866508
9552 0.03574563098630834
9592 0.03820632401194389
9647 0.11338603706859504
9708 0.038234463620645524
9797 0.06323803366755945
9813 0.03287024417881295
9920 0.03786602567578733
9961 0.025653002424037997
10145 0.039687088037563725
10197 0.0385577816382998
10218 0.0392972815428641
10242 0.06927330128781013
10316 0.020092312566512237
10362 0.021744576207145597
10438 0.036309892699864364
10497 0.047521103801306204
10524 0.0392972815428641
10628 0.02152356843358901
10732 0.018170047312622454
10763 0.049311672551424865
10884 0.02576072692142914
10995 0.0385577816382998
11000 0.03476781322915092
11043 0.03820632401194389
11102 0.029786724671102816
11225 0.04464571699381081
11232 0.10208079434931738
11258 0.0967727756286292
11276 0.3056505920955511
11303 0.07641264802388778
11304 0.09504220760261241
11343 0.03786602567578733
11365 0.1161059599607253
11371 0.022758717291455913
11525 0.05690887986887929
11648 0.03753619973642701
11678 0.12523373011483097
11745 0.036309892699864364
11861 0.032257591876209725
12106 0.05580853750620545
12175 0.019593687906008878
12246 0.044033064691207595
12285 0.035474262130589664
12499 0.04529552183714133
12638 0.07094852426117933
12639 0.04345354532771817
12735 0.016819080190012308
12787 0.04464571699381081
12788 0.05580853750620545
12834 0.03553820279976452
12850 0.0771155632765996
12854 0.03287024417881295
12866 0.041882176390070865
12881 0.028179591611958293
12903 0.017349091394958664
12913 0.08806612938241519
12934 0.06323803366755945
12940 0.03397622413303076
12943 0.06532422295719642
13088 0.060856331605564036
13122 0.0311282854769458
13183 0.0541562738655721
13310 0.047521103801306204
13393 0.047521103801306204
13450 0.035209594429992844
13577 0.036309892699864364
13582 0.05272501799849532
13616 0.04394047423224147
13786 0.014502799331897648
13806 0.02463142052216521
13827 0.025653002424037997
13862 0.03352004902214346
13872 0.038945147307773424
13880 0.045987277799653795
13912 0.020615269807881666
13982 0.043489152414291195
13989 0.0420498875461713
13997 0.054539194311307174
14040 0.024927803385195294
14041 0.043489152414291195
14062 0.013252974476487118
14102 0.050333254453297664
14163 0.02598788314521908
14180 0.0392972815428641
