10 0.04346655078006212
11 0.017421141177469443
77 0.04250041503196672
79 0.049154910632001496
108 0.021010270992215304
117 0.049678674661458436
123 0.05581433260589265
127 0.02663996932835243
149 0.04894034787665044
175 0.024093441198664085
285 0.041567776044092015
315 0.03245370513108922
317 0.049678674661458436
321 0.027500051489588416
322 0.04309382613795148
324 0.02952057043663451
328 0.049997603268027886
336 0.02459940080696117
339 0.024730542217248148
390 0.027321219482291378
436 0.04072410145620803
482 0.046321604421578774
490 0.052225202791146785
548 0.0251360428837216
555 0.060458198286196585
576 0.03740735877259002
583 0.06621940050276075
587 0.03797864622934615
686 0.03858936307552343
702 0.026805429908198956
703 0.02397134432098071
721 0.0497273115051875
727 0.05573786666893054
729 0.07756831497071758
744 0.036870716695829586
789 0.05997313324269212
817 0.02486365575259375
952 0.03245370513108922
991 0.04608954484671257
1097 0.33219085216091937
1299 0.0363647570875325
1368 0.11000020595835366
1376 0.039245358195814574
1391 0.03458844351177382
1555 0.0363647570875325
1570 0.04072410145620803
1653 0.011256602674662386
1680 0.041567776044092015
1684 0.16779941024686496
1801 0.031842988284911944
1875 0.036870716695829586
1919 0.1621256154755257
1920 0.06254340165631163
1940 0.017192692800755326
2006 0.04327920758657087
2017 0.019571672396043523
2086 0.02786893333446527
2114 0.020341886949973187
2137 0.022728917371909147
2311 0.020753676698976934
2341 0.03345687742672559
2371 0.04384729161727375
2372 0.054642438964582755
2422 0.09217908969342514
2558 0.013547360363622519
2602 0.15367529375697686
2631 0.031842988284911944
2680 0.03740735877259002
2692 0.02786893333446527
2744 0.026161372595905993
2768 0.13159023593327504
2770 0.02118556153785717
2776 0.01789652430186133
2804 0.03419496169750529
2973 0.03345687742672559
3014 0.031842988284911944
3068 0.036870716695829586
3137 0.019000384939287393
3232 0.025561014888756544
3432 0.008674105851481132
3443 0.04637243748961355
3472 0.052225202791146785
3633 0.007735007991894098
3697 0.08476157541049824
3789 0.03885071388864467
3797 0.07990777380455674
3935 0.039245358195814574
3985 0.05679449502106654
4114 0.031842988284911944
4140 0.04250041503196672
4190 0.02845278556733961
4204 0.036870716695829586
4236 0.030229099143098292
4240 0.03995388690227837
4283 0.027500051489588416
4384 0.03110131548483484
4577 0.024852516764609194
4663 0.02845278556733961
4678 0.08304771304022984
4881 0.01598254258129766
4925 0.04072410145620803
4928 0.016031856821873344
4962 0.07000046652155513
4990 0.03929149433092073
4997 0.024730542217248148
5059 0.030188548057252684
5146 0.03995388690227837
5231 0.02845278556733961
5279 0.02154691306897574
5314 0.02663996932835243
5318 0.04072410145620803
5358 0.020025714651471783
5374 0.024998801634013943
5412 0.029077884030472487
5487 0.1560445375153665
5528 0.02066977196376475
5661 0.02373208966754552
5663 0.02983622266658549
5685 0.05558721213295801
5718 0.17311379552073702
5790 0.072729514175065
5816 0.023050839513606567
5861 0.0363647570875325
5954 0.03381822895784416
5974 0.023160802210789387
6102 0.016806568141604073
6109 0.011057034856321117
6193 0.058155768060944975
6210 0.03989681027140932
6230 0.01808158783584235
6245 0.04389145669999676
6278 0.01432776706984576
6324 0.11061215008748874
6412 0.023384912492200295
6415 0.049678674661458436
6439 0.04250041503196672
6443 0.029750502410651858
6505 0.027682571013409946
6579 0.025707330340477737
6782 0.03858936307552343
6880 0.026007422919227755
6967 0.02825385847016608
7099 0.010121577246136656
7105 0.031842988284911944
7170 0.025275445501597493
7206 0.019871764974793548
7233 0.052955089788814795
7239 0.032143080863661966
7287 0.10258488509251587
7306 0.036870716695829586
7422 0.015319524943153837
7466 0.03196508516259532
7580 0.010146977215613473
7596 0.028864575316343354
7627 0.016969992167136076
7645 0.04250041503196672
7671 0.014409729537734953
7714 0.046321604421578774
7716 0.050550891003194987
7717 0.03507523001291341
7718 0.037322381649433696
7838 0.03797864622934615
7865 0.01259233986372533
7932 0.03245370513108922
7948 0.033109700251380374
7965 0.045041256310202754
7990 0.2800018660862205
7991 0.029077884030472487
8017 0.09788069575330088
8066 0.052225202791146785
8097 0.03276994042133433
8124 0.04286120605254005
8137 0.044725021019957636
8344 0.01747918652178344
8401 0.020261778862165992
8404 0.039245358195814574
8411 0.014702726418077744
8417 0.030999313697027957
8512 0.04072410145620803
8688 0.01598254258129766
8691 0.019871764974793548
8795 0.015183687751390123
8874 0.03543211809965781
9028 0.02327214812280259
9094 0.09941006705843677
9409 0.0181441455752852
9426 0.02631804718665501
9552 0.02952057043663451
9647 0.11236798684895721
9666 0.02663996932835243
9677 0.04354301671702423
9708 0.06315195145681067
9835 0.029296460155223598
9918 0.025856104990239197
10145 0.09832688181835991
10197 0.031842988284911944
10218 0.16226852565544608
10242 0.038139623661575035
10316 0.06637303770989976
10345 0.04354301671702423
10382 0.045457834743818294
10516 0.010617099190793115
10520 0.09217908969342514
10524 0.03245370513108922
10732 0.015005754458068074
10884 0.02127452593784788
10890 0.04072410145620803
10930 0.02865553413969152
10935 0.11576808922657028
10995 0.06368597656982389
10999 0.005414080234233602
11000 0.03589129814745863
11043 0.15776368300107488
11094 0.03740735877259002
11102 0.02459940080696117
11225 0.036870716695829586
11232 0.13488566615465283
11258 0.07991990798505728
11276 0.09465820980064492
11303 0.22086915620150482
11304 0.039245358195814574
11343 0.031271700828155814
11356 0.06239046978238741
11358 0.04608954484671257
11365 0.13698034355369387
11371 0.018795312834377298
11378 0.03155273660021497
11525 0.02349913192583881
11535 0.039245358195814574
11678 0.18099273493167434
12057 0.016969992167136076
12192 0.03381822895784416
12211 0.036870716695829586
12325 0.0363647570875325
12448 0.029296460155223598
12457 0.035000233260777565
12638 0.029296460155223598
12735 0.013890056707037576
12790 0.044725021019957636
12794 0.0363647570875325
12834 0.03668658203794508
12854 0.02714592893664951
12865 0.01097286417499919
12866 0.03458844351177382
12900 0.020753676698976934
12913 0.0363647570875325
12943 0.1348702115347308
12966 0.02805930375307109
13049 0.03740735877259002
13088 0.016752757135227326
13125 0.028656286099535584
13183 0.044725021019957636
13393 0.039245358195814574
13577 0.02998656662134606
13616 0.0362882911505704
13716 0.07481471754518004
13754 0.011401957062022497
13761 0.02118556153785717
13806 0.020341886949973187
13872 0.01608144733414547
13912 0.01702514426635518
13982 0.03591556650845975
13988 0.10145468687353247
13989 0.086817369907023
14040 0.020586655078073716
14041 0.08978891627114936
14048 0.052225202791146785
14062 0.010944984204584675
14163 0.05007828738817741
14180 0.03245370513108922
