77 0.04256252464753151
79 0.03281783003370916
105 0.05589589902679818
108 0.04208195031906721
117 0.049751274502722834
127 0.053357801343570266
149 0.02450593436784032
315 0.03250113260086402
321 0.027540239747155918
322 0.02157840147882575
324 0.029563711457250275
390 0.027361146396829277
421 0.06925357723256842
490 0.052301524099202516
555 0.030273275599380797
583 0.03315808638484594
587 0.03803414778421807
686 0.038645757124939374
702 0.026844603053811655
703 0.02400637576665547
721 0.04979998242377346
727 0.05581932134339914
729 0.07768167241015003
744 0.03692459913527998
784 0.04479038164901473
789 0.06006077728680599
817 0.02489999121188673
952 0.03250113260086402
991 0.04615689957512717
1002 0.019600274211992005
1097 0.44356841604641767
1117 0.026678900671785133
1368 0.11016095898862367
1376 0.03930271090892129
1391 0.034638990663557745
1641 0.09950254900544567
1653 0.03381915883132608
1684 0.12003187883327737
1875 0.07384919827055995
1919 0.139167894837526
1920 0.06263480186099353
2006 0.04334245532057838
2017 0.05880082263597602
2086 0.02790966067169957
2114 0.020371614348573295
2137 0.022762133149193006
2311 0.020784005882359263
2341 0.033505770920904634
2371 0.043911369542721256
2372 0.054722292793658554
2422 0.09231379915025434
2558 0.013567158319559408
2602 0.12311989844481848
2680 0.037462025454572126
2692 0.02790966067169957
2744 0.026199604523602624
2768 0.10542603230715467
2770 0.021216521872753923
2804 0.03424493381951134
3014 0.031889523260142716
3099 0.02245105493904965
3133 0.05589589902679818
3232 0.025598369460635255
3267 0.049751274502722834
3432 0.008686782089569597
3443 0.030960137089379013
3544 0.020784005882359263
3633 0.007746311843218979
3697 0.0565902966650941
3789 0.0583612348096797
3847 0.022249573099582778
3935 0.03930271090892129
3985 0.037918329226668546
4140 0.04256252464753151
4190 0.056988732278964796
4204 0.03692459913527998
4219 0.014724212812619875
4236 0.030273275599380797
4240 0.040012275051051815
4283 0.027540239747155918
4577 0.012444417972756906
4678 0.05544605200580221
4881 0.01600589928439634
4962 0.03505138219734372
4965 0.03803414778421807
4990 0.0590233717002635
4997 0.0247666831459583
5059 0.04534899787897016
5116 0.04479038164901473
5146 0.040012275051051815
5279 0.02157840147882575
5314 0.053357801343570266
5318 0.040783615187633106
5358 0.02005497999952727
5374 0.025035334593936837
5412 0.029120378114288185
5487 0.1562725791998719
5528 0.020699978529736297
5661 0.023766771469233616
5663 0.04481973746658557
5685 0.0556684466426281
5686 0.040012275051051815
5718 0.14860009887574982
5746 0.021395615223080568
5816 0.023084525744189472
5954 0.03386765052697646
5974 0.04638929827917534
6044 0.01485300179930373
6081 0.026199604523602624
6102 0.016831129066137474
6109 0.02214638695865953
6210 0.039955115009053764
6230 0.018108012059427945
6245 0.03296669937583947
6278 0.014348705503127899
6324 0.11077379740583994
6412 0.023419086933174918
6415 0.049751274502722834
6439 0.04256252464753151
6519 0.017331471090002257
6579 0.025744898736067362
6620 0.03548389818773838
6782 0.038645757124939374
6809 0.04360664997864748
6880 0.052090859733290626
6967 0.02829514833254705
7206 0.019900805342569956
7233 0.026516238872648652
7239 0.03219005439072067
7242 0.013164973832760643
7287 0.102734801458534
7422 0.015341912719935284
7466 0.03201179856879268
7580 0.010161805890898937
7596 0.028906757673268356
7627 0.03398958383530505
7645 0.04256252464753151
7649 0.02112831398747673
7671 0.014430787750020838
7693 0.014226989824497943
7714 0.04638929827917534
7717 0.017563244274433384
7718 0.037376924146829665
7732 0.027361146396829277
7773 0.041628522711813734
7865 0.02522148432747204
7932 0.03250113260086402
7948 0.03315808638484594
7965 0.045107079081859874
7990 0.28041105757874973
8017 0.07351780310352096
8066 0.052301524099202516
8097 0.03281783003370916
8124 0.01430794764131149
8137 0.04479038164901473
8404 0.03930271090892129
8417 0.031044615735962088
8688 0.01600589928439634
8691 0.019900805342569956
8931 0.01786175124258012
9028 0.023306157771230424
9094 0.07466650783654144
9102 0.023649354927122935
9298 0.02790966067169957
9426 0.026356508076788666
9500 0.021395615223080568
9552 0.029563711457250275
9647 0.056266100063434125
9677 0.04360664997864748
9708 0.07905530123642636
9835 0.029339273663663023
9916 0.028698164065005288
9957 0.025172776406421415
10079 0.019097680233503403
10145 0.03282352519586049
10174 0.02531238274567269
10197 0.031889523260142716
10218 0.32501132600864013
10242 0.019097680233503403
10316 0.049852525875352945
10345 0.04360664997864748
10382 0.06828639944757901
10386 0.01882278008743083
10520 0.04615689957512717
10524 0.03250113260086402
10732 0.015027683694287279
10884 0.04261123256858213
10890 0.040783615187633106
10930 0.028697411006255797
10935 0.038645757124939374
10995 0.031889523260142716
10999 0.005421992308544694
11000 0.043132499131147965
11043 0.15799423702493354
11094 0.037462025454572126
11102 0.02463535008712927
11232 0.10131208988173349
11240 0.05589589902679818
11258 0.0800367020153554
11276 0.06319769480997342
11303 0.18959308442992026
11304 0.03930271090892129
11356 0.0781020581177443
11358 0.09231379915025434
11365 0.09602636753176064
11371 0.01882278008743083
11378 0.03159884740498671
11525 0.023533473285774292
11535 0.03930271090892129
11604 0.03548389818773838
11678 0.15536334482030006
12192 0.03386765052697646
12276 0.07010276439468743
12325 0.03641790012345615
12383 0.027723026002901104
12457 0.03505138219734372
12638 0.029339273663663023
12735 0.013910355475451917
12790 0.04479038164901473
12794 0.03641790012345615
12834 0.03674019538513355
12865 0.010988899791946491
12866 0.034638990663557745
12943 0.10805384744308233
12966 0.028100309295435985
13049 0.037462025454572126
13088 0.016777239420977634
13125 0.028698164065005288
13183 0.04479038164901473
13616 0.054511983660085646
13716 0.037462025454572126
13754 0.01141861975035803
13761 0.021216521872753923
13806 0.020371614348573295
13912 0.01705002461551231
13988 0.10160295158092938
13989 0.06955539504679575
14040 0.020616740177988677
14041 0.07193610620492034
14048 0.052301524099202516
14062 0.02192195815613056
14076 0.026844603053811655
14163 0.050151471218864326
