1099 0.05763536082144229
1101 0.0664279745163991
1458 0.044773140571353356
1519 0.0460020585237195
1545 0.05453955805576618
1563 0.15263439007489657
1566 0.05945159313211883
1655 0.05875547887473979
1689 0.0751974010016613
1867 0.10488158791519399
2386 0.21865494379794
2608 0.15113510734195426
2609 0.06243999072871891
2895 0.07428444679526311
2927 0.04175566389447594
2965 0.04558589910988002
3120 0.3911268741462517
3150 0.06464308162287577
3228 0.11902104836192687
3339 0.20976317583038798
3430 0.08834815115361414
3596 0.14519185759803965
3642 0.09221663964479794
3666 0.06090266609472043
3776 0.08375141726315748
3864 0.10108885551239204
4211 0.08834815115361414
4219 0.042970473245185596
4383 0.04656756050814263
4686 0.09394199123310656
4722 0.073870506993256
4808 0.04558589910988002
4970 0.05763536082144229
5252 0.23354000875165382
5421 0.14011823120497197
5571 0.05763536082144229
5590 0.25451932949700967
6001 0.10355459521776646
6044 0.043346325168612705
6083 0.09139527904943516
6720 0.056144456156289727
6911 0.07691763488907705
7057 0.09579068363047104
7099 0.02958151786864696
7242 0.038420061096193434
7408 0.08907695105740834
7418 0.04975801666916195
7651 0.07984952568702809
7906 0.09484982773861186
7975 0.1631240504475745
8074 0.06191733283749325
8124 0.04175566389447594
8574 0.10108885551239204
8746 0.10108885551239204
8996 0.028421853222212766
9204 0.04729227696378752
9372 0.08037218357825374
9423 0.10355459521776646
9426 0.07691763488907705
9719 0.12706781625620178
9783 0.03959377801739976
9944 0.05266404970814249
10068 0.04975801666916195
10460 0.050746825652964234
10516 0.031029739909906068
10761 0.09883781152629205
10999 0.03164659169150746
11000 0.010489660372677933
11378 0.09221663964479794
11503 0.10229236021546877
11978 0.18788398246621313
12064 0.03368986412417205
12117 0.05396249281389615
12335 0.0551297894135169
12403 0.07428444679526311
12513 0.05532956404094471
12607 0.1631240504475745
12678 0.06297342582722239
12834 0.021444183168374997
12865 0.032069505549332265
12967 0.1127820205881467
13077 0.10229236021546877
13344 0.08627739142111217
13526 0.20217771102478407
13557 0.0814502848089497
13948 0.04849578166686427
13993 0.0831566626628572
14051 0.11099712769462336
14062 0.0319880230073392
14178 0.14378937132686198
