634 0.2830592307164083
686 0.1957037720601647
721 0.12609462375590164
727 0.14133571902117067
729 0.2622555478550003
1391 0.17541333480151644
1680 0.21080862495864391
2602 0.31174222390594686
2767 0.42161724991728783
3697 0.14328784507388595
3789 0.09851459896290166
4881 0.08105456066094265
6967 0.14328784507388595
7287 0.17341781403744685
7596 0.14638506101454993
8417 0.1572112659623733
8931 0.09045267459690758
9094 0.0630190665042031
10159 0.15456980850887198
10316 0.08415177660160661
11232 0.08550812827504667
11258 0.13510309757956396
11276 0.16001791891194955
11299 0.20652997700798809
11365 0.06946880641458097
12192 0.3430144705157004
12398 0.1359422215511064
14040 0.10440405676029477
14062 0.05550686829901995
14163 0.03628131454995835
