11 0.012713378816893332
313 0.019091713728363095
315 0.0473673042586783
318 0.039876264072421834
319 0.021710943231932185
321 0.060205913351422745
324 0.02154314640059836
326 0.03016824654104705
328 0.018243307479341435
421 0.016821748460594355
486 0.024415734447203144
968 0.03904770101816201
982 0.04073147370784741
1027 0.1160141110441403
1047 0.025241514351574297
1054 0.01658682021477783
1064 0.02006863778380758
1085 0.018144682437012977
1111 0.03413108797921226
1112 0.019938132036210917
1127 0.012464893766954432
1133 0.011994881813801775
1147 0.13924962113208555
1153 0.03625387129685518
1162 0.017318902532641827
1180 0.07856563692877326
1185 0.10100917280154702
1249 0.016360136787940672
1255 0.027139876246719583
1307 0.10100917280154702
1319 0.05262095581966683
1380 0.031015412289716996
1397 0.01222561401218696
1426 0.051084050073524574
1524 0.04095352357426761
1526 0.05237709128584883
1545 0.027236652950816776
1550 0.026853821101750785
1552 0.026537809878724766
1572 0.04073147370784741
1604 0.011080558515334064
1618 0.017148897595050498
1657 0.018243307479341435
1688 0.03811224420427831
1695 0.026188545642924416
1719 0.023918580375155672
1790 0.03363464179328608
1800 0.12081187952083727
1871 0.012147783976804155
1938 0.04073147370784741
1940 0.03763999399898566
1942 0.012755738409947731
1959 0.1231700186461925
1963 0.00851621306998349
1964 0.04073147370784741
2004 0.03481240528302139
2017 0.014282766135483385
2165 0.03811224420427831
2204 0.009388256830901809
2250 0.28161254540331376
2252 0.2354424925530026
2253 0.029719116762566528
2329 0.03625387129685518
2352 0.013916524715684121
2359 0.019091713728363095
2371 0.01599915937614158
2409 0.04073147370784741
2425 0.012032769399205499
2479 0.03105090586688777
2485 0.016069759147643654
2575 0.013474235413039286
2597 0.012424393228060248
2617 0.017672953589552957
2649 0.025542025036762287
2693 0.013618326475408388
2694 0.026188545642924416
2716 0.01658682021477783
2730 0.013241003769935974
2793 0.022359376106663508
2850 0.020476761787133806
2851 0.03481240528302139
2897 0.05307561975744953
2933 0.03481240528302139
2949 0.02106442262577006
2995 0.05397979801228236
3010 0.009464404841852925
3099 0.032720273575881344
3150 0.048423417128719566
3157 0.014614111317370867
3188 0.022821064063878495
3214 0.020201834560309398
3225 0.019684773493175226
3238 0.061013507053491886
3241 0.04275919610008941
3250 0.021379598050044704
3274 0.03033480287202916
3307 0.06462943920179508
3308 0.020337835684497294
3321 0.010052065680489181
3332 0.011994881813801775
3339 0.026188545642924416
3363 0.03625387129685518
3432 0.012660157272628147
3442 0.03689038624440193
3517 0.016983252242435444
3519 0.015084123270523525
3527 0.042527969718642596
3573 0.031015412289716996
3623 0.08146294741569482
3633 0.005644755745382888
3666 0.015207171082182993
3708 0.0910044086160875
3728 0.12420362346755108
3729 0.032638856951323604
3738 0.018144682437012977
3746 0.01674248593495323
3751 0.016901995639052477
3756 0.030414342164365987
3758 0.03564760313084534
3792 0.03363464179328608
3822 0.03363464179328608
3823 0.02188321516894787
3866 0.025542025036762287
3895 0.027298666474870722
3899 0.027298666474870722
3978 0.02323797095746784
3984 0.016303763056224177
3991 0.014963375553171216
4008 0.03363464179328608
4016 0.031015412289716996
4025 0.08882291852256567
4028 0.017233340820939958
4029 0.021220088345945458
4090 0.03811224420427831
4109 0.047837160750311344
4140 0.06203082457943399
4159 0.03811224420427831
4191 0.022622284848005207
4222 0.020201834560309398
4253 0.025857200461036935
4307 0.049908728396252065
4383 0.011627748092765728
4398 0.02368365212933915
4404 0.027731718483788078
4405 0.021220088345945458
4452 0.011451720449369013
4489 0.016770532788892158
4532 0.022821064063878495
4542 0.014844843515756052
4575 0.027298666474870722
4577 0.036273107136092275
4590 0.020618741453898748
4591 0.02416237590416745
4593 0.01981021073145465
4700 0.019938132036210917
4710 0.04073147370784741
4720 0.1188612643887279
4721 0.039123451363031504
4735 0.020476761787133806
4913 0.017857532283564712
4922 0.010545864875913122
4928 0.011699524551139524
4957 0.017148897595050498
4974 0.014963375553171216
5002 0.03364349692118871
5039 0.02690704264601597
5049 0.034297795190100996
5059 0.011015307306050784
5062 0.021220088345945458
5158 0.017493502750379565
5166 0.02242944023502374
5203 0.03481240528302139
5208 0.020201834560309398
5214 0.02690704264601597
5243 0.03625387129685518
5247 0.04955410594157015
5260 0.011246629738324946
5290 0.03811224420427831
5349 0.12219442112354223
5374 0.018243307479341435
5383 0.023456968702501996
5418 0.04073147370784741
5425 0.04073147370784741
5548 0.01706554398960613
5661 0.017318902532641827
5677 0.018144682437012977
5686 0.02915703938229386
5793 0.015145354200944044
5798 0.011213072183413168
5800 0.018548552363930333
5844 0.015860233273505064
5847 0.020201834560309398
5886 0.02242944023502374
5891 0.02915703938229386
6096 0.03033480287202916
6102 0.012264883523961002
6105 0.027298666474870722
6107 0.04073147370784741
6229 0.3258517896627793
6230 0.026390702357121463
6245 0.008007637246146594
6308 0.03811224420427831
6315 0.025482610374762103
6451 0.031015412289716996
6497 0.02368365212933915
6566 0.022821064063878495
6606 0.016988406916508065
6629 0.031314580928647966
6637 0.020201834560309398
6755 0.019938132036210917
6775 0.020852470514372872
6821 0.013379929872572485
6859 0.022242186115505363
6921 0.019091713728363095
6935 0.024954364198126033
7012 0.04073147370784741
7020 0.013474235413039286
7078 0.018653592317206428
7124 0.07250774259371036
7201 0.024032682924747053
7206 0.029003527761035076
7212 0.04073147370784741
7272 0.04073147370784741
7276 0.12121100736185642
7284 0.015207171082182993
7338 0.020337835684497294
7401 0.029228222634741733
7418 0.024848786456120497
7431 0.03936954698635045
7475 0.018760368546475614
7486 0.014336823478499943
7509 0.02915703938229386
7513 0.03033480287202916
7519 0.03363464179328608
7551 0.02323797095746784
7566 0.013618326475408388
7571 0.03348497186990646
7627 0.024768290061220014
7633 0.01048577314217899
7671 0.010515749134685125
7693 0.02073448220952765
7731 0.03625387129685518
7810 0.020912419970503367
7862 0.022030614612101568
7865 0.009189477615028521
7891 0.010886749534985966
7952 0.04073147370784741
7965 0.01643481755951114
7997 0.02915703938229386
8007 0.06527771390264721
8015 0.02242944023502374
8017 0.017857532283564712
8073 0.06527771390264721
8085 0.017857532283564712
8097 0.011957215148518911
8115 0.011113432961823124
8122 0.01886893941801038
8128 0.04073147370784741
8194 0.029719116762566528
8195 0.04073147370784741
8202 0.013967590711208738
8268 0.39213537664078546
8401 0.029572766508773104
8419 0.027298666474870722
8432 0.03811224420427831
8500 0.032638856951323604
8507 0.021710943231932185
8585 0.03773787883602076
8658 0.023126938106657
8662 0.10100917280154702
8706 0.010637063775974205
8715 0.03668692330577253
8872 0.017764583704513136
8906 0.022242186115505363
8951 0.02188321516894787
8961 0.020476761787133806
8972 0.025857200461036935
8982 0.017233340820939958
8996 0.014193663829122639
8997 0.020410937688147734
9009 0.03033480287202916
9094 0.009068276784023069
9099 0.012344146049602127
9102 0.017233340820939958
9104 0.04182483994100673
9105 0.02283416657948573
9124 0.03481240528302139
9138 0.020337835684497294
9181 0.04073147370784741
9201 0.025241514351574297
9204 0.011808707118597614
9312 0.024415734447203144
9368 0.03033480287202916
9385 0.018653592317206428
9457 0.015591035372815355
9459 0.0635525377717259
9497 0.015821857752926886
9513 0.03363464179328608
9515 0.04152782388116414
9528 0.01804754053435202
9531 0.029572766508773104
9533 0.018653592317206428
9535 0.07105095638801745
9645 0.010455935607406533
9654 0.013967590711208738
9719 0.01057612167499164
9722 0.06316749922842468
9725 0.010080090951315561
9827 0.03933271819304949
9890 0.01381558805594205
9902 0.022358528644454683
9905 0.010337944842336015
9961 0.061842118500874746
10050 0.023026154774922557
10091 0.02006863778380758
10106 0.051084050073524574
10156 0.010545864875913122
10159 0.022242186115505363
10189 0.04073147370784741
10214 0.03625387129685518
10271 0.022821064063878495
10277 0.02816125454033138
10316 0.012109217803785603
10327 0.017318902532641827
10335 0.015396252330774062
10343 0.032638856951323604
10374 0.02106442262577006
10456 0.022622284848005207
10459 0.054729922438024305
10478 0.02915703938229386
10495 0.030792504661548124
10511 0.03811224420427831
10516 0.007748011601194734
10531 0.016901995639052477
10571 0.03033480287202916
10582 0.019091713728363095
10628 0.02594361173849252
10657 0.019827469192051847
10708 0.019938132036210917
10720 0.026537809878724766
10785 0.018548552363930333
10797 0.01599915937614158
10840 0.04073147370784741
10856 0.019561725681515752
10884 0.015525452933443885
10924 0.02216111703066813
10930 0.010455935607406533
10985 0.03363464179328608
11000 0.007857688510707275
11052 0.039123451363031504
11082 0.06962481056604278
11245 0.01666418419087012
11246 0.07503389898865931
11297 0.02771557336846007
11311 0.014070949952938104
11317 0.013916524715684121
11327 0.024954364198126033
11331 0.020201834560309398
11332 0.018445193122200967
11336 0.15950505628968734
11338 0.016360136787940672
11339 0.1049610165022774
11357 0.032638856951323604
11531 0.02323797095746784
11537 0.025542025036762287
11576 0.013569938123359791
11577 0.022242186115505363
11663 0.02915703938229386
11669 0.04073147370784741
11714 0.013916524715684121
11828 0.02771557336846007
11876 0.014070949952938104
11877 0.04073147370784741
11910 0.014728447307354696
11964 0.04073147370784741
12023 0.012884509746259064
12041 0.0140190636113849
12064 0.02944282181936675
12151 0.02771557336846007
12175 0.011808707118597614
12206 0.026188545642924416
12215 0.02354421500689812
12216 0.026188545642924416
12218 0.04073147370784741
12231 0.01643481755951114
12249 0.08189599942461218
12250 0.031015412289716996
12251 0.04073147370784741
12333 0.01579187480710617
12378 0.008996633002047059
12402 0.03363464179328608
12418 0.02816125454033138
12441 0.025241514351574297
12523 0.03763999399898566
12558 0.03590367564806303
12611 0.011994881813801775
12620 0.03481240528302139
12641 0.021379598050044704
12661 0.03811224420427831
12672 0.025857200461036935
12764 0.012546664666328554
12768 0.015145354200944044
12834 0.010709066879008673
12903 0.010455935607406533
12940 0.020476761787133806
13006 0.021379598050044704
13022 0.014336823478499943
13030 0.023026154774922557
13051 0.05385551347209455
13063 0.07250774259371036
13079 0.018526609746758706
13112 0.011663536631914294
13170 0.03625387129685518
13174 0.022821064063878495
13193 0.03363464179328608
13207 0.04073147370784741
13336 0.027620113806082435
13360 0.04073147370784741
13369 0.04073147370784741
13434 0.03811224420427831
13451 0.04073147370784741
13546 0.03481240528302139
13608 0.016069759147643654
13643 0.022242186115505363
13652 0.03625387129685518
13676 0.025175883157227807
13709 0.015525452933443885
13712 0.026188545642924416
13754 0.016641550390615725
13770 0.017951837824031515
13786 0.008740534734027874
13787 0.10121966764492453
13800 0.02771557336846007
13812 0.06066960574405832
13822 0.07424564601671908
13874 0.0068878708988220376
13889 0.04073147370784741
13912 0.012424393228060248
13917 0.03625387129685518
13948 0.03632765341135682
13982 0.013105002645748081
14062 0.007987291355962205
14072 0.009671966947989335
14083 0.018653592317206428
14163 0.02088314033691897
14211 0.017233340820939958
14212 0.08259423041009524
14239 0.04073147370784741
