703 0.15655456637152002
721 0.16238216733431884
744 0.24079913862280253
789 0.19583941023560694
1097 0.18079223438712422
1368 0.1796002167629309
1408 0.2119520568356253
3036 0.17843228195790486
4204 0.24079913862280253
5685 0.12101159582805446
6050 0.21623629847947534
6324 0.24079913862280253
6921 0.17085743242405974
7154 0.26093502955394704
7627 0.1108294023680933
7990 0.22858318948125267
8124 0.09330748466260477
9183 0.3115465833916408
9426 0.17188065925221388
10218 0.2119520568356253
10600 0.20423249932490828
11299 0.2659652274389257
11965 0.16789212570362255
12866 0.2258938298555143
