108 0.054084696275153096
124 0.05350194062254824
127 0.03428834046065337
406 0.0340792837526072
472 0.03955913558145245
483 0.026286118994570336
538 0.08437110815624861
543 0.09629412387973653
548 0.03235263470492639
637 0.02846836573479645
639 0.0440123813309051
641 0.04680512790452926
763 0.042185554078124306
962 0.03989925847846412
1091 0.033087939561201415
1099 0.025382213996139994
1101 0.02925442021138687
1103 0.05051275347701785
1107 0.01892389900713413
1131 0.03890791428705834
1133 0.021155550516804077
1188 0.05932191534840516
1241 0.0435274881134633
1289 0.0547023415220002
1318 0.02436675705304012
1364 0.06139915424001918
1440 0.042185554078124306
1461 0.019542944988072002
1545 0.048037687770017025
1566 0.05236414027027254
1570 0.05241604592234002
1611 0.04137140274161554
1682 0.04618912540455587
1689 0.13246565975987626
1864 0.06721912896587609
1919 0.029810299770135443
1963 0.030040341974290705
2017 0.02519072594373048
2172 0.03253206000245284
2276 0.04680512790452926
2284 0.06139915424001918
2318 0.05051275347701785
2371 0.056435908191926475
2456 0.03955913558145245
2459 0.056044275557339186
2558 0.017436825799820775
2608 0.09983828284083279
2609 0.02749813975318634
2662 0.0440123813309051
2760 0.03387399403779184
2835 0.06394148917481013
2895 0.03271435622626958
3038 0.0547023415220002
3120 0.1291871762108591
3137 0.024455421087455465
3157 0.02577512434320904
3227 0.0314955938870292
3256 0.04306239207028635
3301 0.04061156984374051
3310 0.06139915424001918
3314 0.045048847446328734
3332 0.021155550516804077
3336 0.04745634919892338
3341 0.1489028556527919
3430 0.03890791428705834
3432 0.011164453343074658
3454 0.03183071425007565
3519 0.053208182757428536
3602 0.04451883230486908
3633 0.009955739221128537
3642 0.04061156984374051
3745 0.03539535337065727
3751 0.029810299770135443
3799 0.03829191178708494
3864 0.13355649691460728
3865 0.04101606268269028
3984 0.014377594056536764
4143 0.042185554078124306
4154 0.03955913558145245
4211 0.03890791428705834
4219 0.01892389900713413
4283 0.03539535337065727
4298 0.03271435622626958
4307 0.0440123813309051
4383 0.02050803134134514
4477 0.0629911877740584
4542 0.02618207013513627
4685 0.11594532351778034
4722 0.03253206000245284
4808 0.020075714455889262
4928 0.020634624542896895
4970 0.025382213996139994
4985 0.07054835408480035
5076 0.1010255069540357
5223 0.09220644162096577
5235 0.05756563489020464
5346 0.0547023415220002
5501 0.0435274881134633
5571 0.025382213996139994
5663 0.038402242444136356
5847 0.03563027449599236
5849 0.07183870279228106
5924 0.19258824775947306
5941 0.05051275347701785
6001 0.04560472700507731
6044 0.019089421592840553
6083 0.04024984832239733
6207 0.027733060878521437
6245 0.07061594141184913
6315 0.014981352309310445
6363 0.05350194062254824
6387 0.05051275347701785
6429 0.053208182757428536
6585 0.06139915424001918
6606 0.014981352309310445
6645 0.03890791428705834
6668 0.0547023415220002
6681 0.021631756527631506
6702 0.18575816914428903
6720 0.07417688970166063
6784 0.06721912896587609
6846 0.04306239207028635
6957 0.051424701730934226
7020 0.023764708346510587
7039 0.03662161868739816
7057 0.042185554078124306
7100 0.054084696275153096
7161 0.04560472700507731
7179 0.06721912896587609
7196 0.05756563489020464
7201 0.06358019764944345
7202 0.04451883230486908
7242 0.016919928991327715
7318 0.07183870279228106
7406 0.02995361324369667
7408 0.03922887272047182
7422 0.03943556244167918
7445 0.06721912896587609
7466 0.10285576058662757
7491 0.034024365402453086
7633 0.018493913225711502
7651 0.03516517845281542
7693 0.01828485651766534
7717 0.022572687933587847
7795 0.06139915424001918
7826 0.06394148917481013
7868 0.14367740558456213
7954 0.07183870279228106
7965 0.028986330879445084
8040 0.045048847446328734
8041 0.04680512790452926
8124 0.09194452688549705
8150 0.0547023415220002
8182 0.036115167713434176
8244 0.024278777689814113
8344 0.06749245365642924
8384 0.04306239207028635
8411 0.056771697021402404
8412 0.052157925814502744
8481 0.0547023415220002
8490 0.22802363502538658
8567 0.0345013049961852
8574 0.04451883230486908
8688 0.020571152117325516
8689 0.0636614285001513
8691 0.025576975506673674
8737 0.05905794029020488
8744 0.006684333778192282
8746 0.04451883230486908
8893 0.06234009942719394
8931 0.02295633599613778
8995 0.02436675705304012
8996 0.05006714977550358
9028 0.02995361324369667
9112 0.05051275347701785
9270 0.041771207655262765
9372 0.17697676685328637
9398 0.10483209184468004
9426 0.03387399403779184
9428 0.045048847446328734
9457 0.02749813975318634
9631 0.0547023415220002
9708 0.020320740478492305
9719 0.05595978680916324
9720 0.04888236679614327
9781 0.025976780420320904
9898 0.038595750351127264
9944 0.13915729793763534
10108 0.038595750351127264
10224 0.1094046830440004
10260 0.037707513387606376
10266 0.04560472700507731
10275 0.0547023415220002
10330 0.03989925847846412
10362 0.02311348705211647
10595 0.027267964835344487
10600 0.04024984832239733
10604 0.04306239207028635
10684 0.03799596603314196
10707 0.040985153178672344
10740 0.05051275347701785
10761 0.0435274881134633
10791 0.04680512790452926
10793 0.04560472700507731
10794 0.06774798807558367
10823 0.04745634919892338
10962 0.10700388124509648
10999 0.006968469973241397
11000 0.05543488591685958
11047 0.03253206000245284
11097 0.019895342283571267
11108 0.027382471034588223
11182 0.06139915424001918
11255 0.01419529783272002
11325 0.02327283609612604
11353 0.05932191534840516
11356 0.020075714455889262
11371 0.02419147250457716
11378 0.04061156984374051
11394 0.048147061939868264
11425 0.041771207655262765
11472 0.04888236679614327
11520 0.03563027449599236
11525 0.030245764402792655
11526 0.04618912540455587
11661 0.05756563489020464
11678 0.03327942761361093
11878 0.038595750351127264
11881 0.04560472700507731
11965 0.06617587912240283
12064 0.02967356596759536
12165 0.0496684212727337
12181 0.09498576589194457
12237 0.05932191534840516
12328 0.027733060878521437
12335 0.04855755537962823
12354 0.019257384402692257
12401 0.03922887272047182
12403 0.06542871245253916
12413 0.02319288298960589
12432 0.11208855111467837
12582 0.02519072594373048
12658 0.05756563489020464
12678 0.2218644870281715
12763 0.026497111523014125
12834 0.009443869846471394
12847 0.10162198211337552
12863 0.06394148917481013
12877 0.01561890441079585
12953 0.0993368425454674
12961 0.04306239207028635
12966 0.036115167713434176
12967 0.0993368425454674
13052 0.17796574604521548
13064 0.032175991307285046
13088 0.12937497785238786
13112 0.04114230423465103
13122 0.033087939561201415
13197 0.06394148917481013
13336 0.01217850083841833
13526 0.08903766460973817
13770 0.031661921963981515
13786 0.015415810424813176
13858 0.12157879267845603
13874 0.024296479617762812
13917 0.06394148917481013
14051 0.04888236679614327
14060 0.05618956479972923
14065 0.02327283609612604
14083 0.032899616745907065
14090 0.027154598020163193
14116 0.037151633828857805
