14 0.05562642751518411
336 0.04174982753240973
337 0.06311805864437253
437 0.040078849538085964
527 0.044400788558276755
579 0.09472746016940206
762 0.045780042489825326
775 0.08863602924663479
831 0.084314090226444
896 0.05049221948104403
995 0.03672649319099215
1091 0.04363019312770871
1240 0.04068389709873528
1336 0.058035306004047424
1449 0.09472746016940206
1519 0.02671376878246794
1545 0.06334312811886411
1564 0.050101981510016116
1566 0.10357206809746712
1611 0.05455287683423716
1655 0.03411978349955088
1689 0.021833870568695596
1718 0.02825158576542038
1773 0.06445693301362485
1942 0.0296654795951279
1963 0.0198057953946699
2082 0.09472746016940206
2142 0.08096173387935018
2386 0.06348735034052787
2438 0.07822265930367672
2568 0.09472746016940206
2597 0.028894884164559848
2609 0.07251881888052396
2629 0.17727205849326957
2648 0.02687706731607828
2659 0.028072734639122788
2662 0.058035306004047424
2793 0.05200025230485537
2835 0.168628180452888
3027 0.05508006486187395
3038 0.07213122838090945
3056 0.07590680474779009
3120 0.28391318823170114
3126 0.06911648887512371
3130 0.021314779182147057
3336 0.06257656741832586
3341 0.2290694789344329
3343 0.05508006486187395
3430 0.05130448849499332
3467 0.05261168800939838
3602 0.058703118932165656
3666 0.035366672546867255
3721 0.02843259177638844
3734 0.024738167894078816
3905 0.049721624050475983
4278 0.052163197475367795
4284 0.06171785843795137
4298 0.043137581219305624
4304 0.045780042489825326
4335 0.08863602924663479
4346 0.06660678237574146
4368 0.08863602924663479
4419 0.09472746016940206
4428 0.04729884151881025
4542 0.034524022699155714
4668 0.07590680474779009
4685 0.03822175787025451
4686 0.05455287683423716
4707 0.09472746016940206
4808 0.026472101632894127
4852 0.052163197475367795
4881 0.027125392261983367
4970 0.03346932185402628
4985 0.062017326239943
4992 0.08863602924663479
5044 0.051727708514780146
5059 0.051235665646274686
5223 0.02431692579769365
5314 0.04521305757222603
5344 0.05455287683423716
5421 0.04068389709873528
5459 0.04636926770338217
5474 0.04047949507251982
5491 0.12343571687590274
5501 0.05739591941776058
5571 0.03346932185402628
5590 0.14780144056697186
5663 0.025318851469667114
5893 0.06348735034052787
5941 0.06660678237574146
6001 0.06013499399343405
6044 0.05034312573325099
6083 0.053073980397569796
6151 0.04521305757222603
6310 0.021371578180524185
6429 0.03508050547219893
6620 0.06013499399343405
6681 0.028523919213719308
6702 0.04898863393910668
6720 0.06520708282666059
6756 0.054043563070666774
6957 0.13561857872143732
7039 0.04828974898920759
7081 0.06171785843795137
7099 0.017178227538883283
7202 0.058703118932165656
7345 0.09472746016940206
7401 0.03398741861531869
7408 0.051727708514780146
7422 0.026000126152427683
7423 0.08676373636360724
7491 0.022432488290952034
7566 0.031671564059432056
7580 0.017221336082595677
7641 0.04607176655260052
7649 0.03580641078401433
7693 0.02411065275619765
7718 0.06334312811886411
8115 0.025846039497303918
8182 0.047621936061089366
8244 0.0640286323995469
8344 0.0296654795951279
8403 0.09472746016940206
8411 0.024953302603909194
8433 0.021485824489082067
8463 0.062017326239943
8567 0.04549387541515701
8683 0.04219831806644032
8732 0.06660678237574146
8893 0.04110123830131712
8996 0.016504800865725342
9028 0.03949722914229497
9372 0.09334555876644009
9402 0.03875518611279958
9428 0.05940200388206475
9484 0.06013499399343405
9497 0.024530815503942375
9531 0.0687761282995051
9719 0.24596437435591778
9944 0.030582441138505057
10079 0.03236507105431555
10324 0.04388269179698435
10360 0.07390072028348593
10361 0.03189919443204013
10516 0.018019221833430375
10567 0.015054228456460924
10619 0.07213122838090945
10672 0.045780042489825326
10727 0.06013499399343405
10732 0.025467598399418992
10740 0.06660678237574146
10761 0.05739591941776058
10823 0.06257656741832586
10884 0.03610688714367304
10930 0.02431692579769365
10962 0.14109672787278424
10999 0.027566149004968905
11108 0.03610688714367304
11213 0.03047774860907718
11365 0.023248150487789967
11371 0.06379838886408026
11462 0.08096173387935018
11472 0.06445693301362485
11526 0.06090558942400209
11576 0.031559029322186266
11634 0.03912162664945877
11747 0.058703118932165656
11767 0.09472746016940206
11922 0.053073980397569796
11978 0.10910575366847432
12057 0.02880128063947739
12064 0.009781988778413537
12181 0.04174982753240973
12270 0.04935065909963544
12335 0.03201431619977345
12354 0.05078608168211252
12401 0.051727708514780146
12403 0.043137581219305624
12405 0.12343571687590274
12413 0.09174732341551516
12432 0.07390072028348593
12554 0.05940200388206475
12582 0.033216823184750645
12615 0.07390072028348593
12678 0.10970753859553337
12764 0.029179245660573797
12834 0.012452811227860293
12847 0.08933338983783178
12865 0.01862302218000105
12885 0.09727025562642515
12900 0.10566872294716441
12956 0.04698254947480252
12994 0.04131433857182208
13052 0.07822265930367672
13526 0.17610935679649695
13597 0.07213122838090945
13754 0.019351273821949067
13761 0.035955897760424106
13827 0.035955897760424106
13858 0.1202365486142579
13918 0.03248383307338134
13919 0.03359718064429078
14178 0.08349965506481946
14217 0.08863602924663479
