337 0.03220831937692127
527 0.04531428276429196
898 0.04732326106159949
917 0.03580224577306944
995 0.037482097760789236
1101 0.0393689048592999
1455 0.06215865057132254
1458 0.026535048287081517
1461 0.026299763808221584
1519 0.054526746556307064
1655 0.03482175807138588
1718 0.05766565808774414
1773 0.065783058894659
1871 0.02883282904387207
1963 0.04042655286213302
2046 0.0407029984722399
2117 0.09667636668266608
2118 0.09667636668266608
2365 0.08905566647109082
2386 0.0647935281939957
2608 0.1343565803073656
2609 0.03700540430910847
2629 0.1809192234103846
2680 0.0647935281939957
2776 0.061997371104257425
3008 0.09667636668266608
3010 0.02246381457953217
3027 0.05621327266633048
3056 0.07746849832544406
3119 0.13368177099177456
3120 0.3477052433469377
3150 0.038311078258071625
3184 0.0359475777078802
3206 0.06062413051841349
3341 0.10019242075409639
3342 0.09667636668266608
3517 0.04030983835818276
3527 0.033646786465251245
3602 0.11982173365892382
3633 0.026795714792395727
3634 0.11031089213020441
3882 0.09654391953844095
3985 0.03279137078154843
4071 0.051531037741765734
4157 0.08262742670168959
4222 0.09589832077393023
4337 0.09667636668266608
4367 0.0638640069802141
4577 0.021523602554631302
4590 0.09787738217525685
4685 0.07801625151804442
4724 0.15084228204710498
4773 0.05857677321652192
4970 0.03415791393956508
4985 0.03164663003488772
5211 0.04860170160317955
5223 0.024817218057033574
5252 0.0692043860460787
5372 0.159663997751271
5459 0.04732326106159949
5491 0.25195052427441966
5571 0.03415791393956508
5685 0.032094323280597845
5746 0.03700540430910847
5829 0.053236394150657305
5893 0.2591741127759828
6072 0.09927147717715801
6109 0.019151961624994232
6138 0.07746849832544406
6149 0.0860487538531093
6278 0.04963443611406715
6304 0.08432866537070795
6486 0.054165915364438905
6693 0.03764434693966368
6720 0.033274321080622976
6911 0.045585659836773686
6957 0.0692043860460787
7206 0.06884002540709683
7233 0.04586192684848541
7242 0.022769860755142004
7442 0.06805705158687059
7466 0.02768346542851483
7468 0.0396005148036004
7475 0.04452783323554541
7566 0.03232316938454373
7633 0.024888037602460753
7641 0.047019639173183525
7649 0.03654308573622753
7674 0.04330058607817178
7693 0.049213402378743644
7699 0.05857677321652192
7927 0.07361524389816172
8015 0.053236394150657305
8115 0.05275558295910334
8230 0.177687943298209
8244 0.032672973248614984
8344 0.03027581208265215
8401 0.035095558281656246
8501 0.09667636668266608
8688 0.02768346542851483
8744 0.008995389368852616
8997 0.04844546775866467
9118 0.09667636668266608
9372 0.09526603427733052
9531 0.035095558281656246
9553 0.11354175218226228
9602 0.04794916038696512
9719 0.10040992127765758
10324 0.04478552676912187
10388 0.07053847965901872
10516 0.018389946211898038
10567 0.03072790313978138
10761 0.23430709286608767
10930 0.024817218057033574
10999 0.028133290225110522
11000 0.006216754977473786
11213 0.031104792579934537
11371 0.09766644895615083
11733 0.025393150718118363
11978 0.16702571508798603
12059 0.0904596117051923
12078 0.033646786465251245
12182 0.04011697538346239
12270 0.050365991092926
12335 0.032672973248614984
12398 0.04642985860262623
12432 0.07542114102355249
12513 0.03279137078154843
12523 0.02977957445455103
12582 0.03390022040598862
12611 0.028469914957261373
12678 0.07464309511481666
12695 0.03415791393956508
12865 0.019006169043205855
12900 0.0718951554157604
12967 0.13368177099177456
13526 0.11982173365892382
13557 0.048271959769220475
13721 0.159663997751271
13754 0.019749403609490165
13786 0.020745705078347266
13858 0.04090342491220895
13874 0.01634839773914421
13912 0.029489362553905607
14051 0.065783058894659
14098 0.09667636668266608
14163 0.012391560806137656
14178 0.08521756264220103
