130 0.0902672816427483
145 0.1022840886122212
733 0.0902672816427483
762 0.05282919330322242
765 0.07221202507904183
864 0.0902672816427483
1001 0.048435254175903254
1057 0.07557802787460163
1107 0.02879557936427665
1133 0.06438275047567503
1218 0.1022840886122212
1318 0.07415542497942387
1319 0.02017456826836463
1637 0.1022840886122212
1709 0.07438192689896383
1718 0.0326017278349113
1773 0.07438192689896383
1830 0.04792531777183288
1942 0.06846666235891438
2365 0.10069662592003613
2491 0.0852798561288217
2565 0.03378300487820326
2573 0.05781661881714903
2608 0.202558764170991
2659 0.12958134978838412
2793 0.030003591427859584
2848 0.029737551611513476
2926 0.05781661881714903
2927 0.027981505503110956
3044 0.08063873914116736
3130 0.024596800885001636
3341 0.03776304234750072
3432 0.03397681441631796
3517 0.09115792121703346
3519 0.04048215562878611
3633 0.015149165547965165
3666 0.08162477266749907
3699 0.05063969104274775
3881 0.0768628072421682
3891 0.08323790018720205
3984 0.021877687603716247
4034 0.06019521810956894
4528 0.1022840886122212
4590 0.05533573847394467
4685 0.044107093945258205
4784 0.04718747927878337
4881 0.031302124534998886
4957 0.046023512858818984
4970 0.11586865221982458
4981 0.13878900277007444
5001 0.07557802787460163
5050 0.07438192689896383
5284 0.09729666309829459
5296 0.07326304915934882
5322 0.08759483484407453
5391 0.0451455233371637
5421 0.3755868011062123
5491 0.07122109321772914
5613 0.03891924321847874
5685 0.0362895500489255
5697 0.04557896060851673
5829 0.06019521810956894
6109 0.08662168245130013
6154 0.07181702160471998
6167 0.07825047467327542
6250 0.06623366770380254
6296 0.06697150619685203
6446 0.046948350138276536
6484 0.056531839449582476
6571 0.07028375208787585
6634 0.0902672816427483
6756 0.062365119929490946
6911 0.05154441393565587
6921 0.05123756366285668
7099 0.03964661690561338
7195 0.06124624218987592
7201 0.016124483884291312
7242 0.051492470756055654
7422 0.030003591427859584
7442 0.038476582885876
7486 0.038476582885876
7533 0.038770430392129865
7537 0.10931347006776748
7580 0.019873054793459573
7649 0.08263966977416838
7676 0.10931347006776748
7693 0.05564635879956337
7699 0.06623366770380254
7733 0.0587292815260064
7891 0.029217414964258687
7983 0.1537256144843364
8156 0.04493280179935945
8567 0.104997925196518
8658 0.020689044829020387
8660 0.06774214808251193
8683 0.1460878789724783
8691 0.03891924321847874
8706 0.0285473184943924
8739 0.09955969863394723
8744 0.030513679617718552
8973 0.07438192689896383
8995 0.037077712489711936
8997 0.01369451079791485
9028 0.04557896060851673
9099 0.03312871636769081
9409 0.03553566658682496
9497 0.014154019127783492
9552 0.11563323763429806
9584 0.049779849316973615
9645 0.028061214093280662
9719 0.08515129369818455
9890 0.037077712489711936
9941 0.05694960876883233
9944 0.035291485256912655
9974 0.06019521810956894
9981 0.06552595361072563
9989 0.2113167732128897
10046 0.10916371002368826
10209 0.046948350138276536
10290 0.07326304915934882
10382 0.04451503248010958
10567 0.017372258781411198
10587 0.03906934448359468
10606 0.07975895505198481
10797 0.042937892257906264
10930 0.056122428186561324
10999 0.03181074842236328
11264 0.09729666309829459
11352 0.05781661881714903
11359 0.02913222271507689
11371 0.036810990493114204
11465 0.06697150619685203
11631 0.05495469922737915
11835 0.06697150619685203
11842 0.03906934448359468
11955 0.046023512858818984
11967 0.06019521810956894
12064 0.022576413124981924
12078 0.0380449442956287
12179 0.10931347006776748
12215 0.03159350261772858
12488 0.093428115323983
12611 0.032191375237837515
12678 0.1266001612945703
12683 0.10931347006776748
12834 0.014370278744747406
12847 0.05154441393565587
12900 0.08129296941159601
12956 0.054216860734329644
13022 0.038476582885876
13112 0.031302124534998886
13122 0.050348312960018064
13428 0.062365119929490946
13557 0.05458185501184413
13614 0.08129296941159601
13629 0.17518966968814906
13786 0.16420243770562376
13822 0.02846534865931322
13874 0.05545616208705706
13925 0.053509146641252746
13982 0.07034134461862095
14062 0.02143596720376694
14107 0.06356122090512875
14150 0.1022840886122212
14163 0.028022660713365857
14189 0.043127365049002366
