108 0.020732419464032856
194 0.015253060847565654
337 0.018348975164193138
483 0.020152645114410277
525 0.05153454761537418
527 0.02581540003049662
641 0.03588384928141719
736 0.03234218411880465
765 0.03638311779798985
884 0.041938365867089426
934 0.04707257720242511
1002 0.01931284569712366
1101 0.02242833750656341
1111 0.023075657381936458
1318 0.018681137659781702
1336 0.03374274847439587
1408 0.03202451925484818
1475 0.09414515440485022
1479 0.053919816911038046
1519 0.031063710795877254
1564 0.029130173967608686
1570 0.04018554325162052
1611 0.0317180028557786
1618 0.023188366314154198
1620 0.01945965286803602
1623 0.029130173967608686
1656 0.07243970017833332
1657 0.024668203554659603
1660 0.025514169453708248
1678 0.04707257720242511
1689 0.06347298339140571
1714 0.025367362282795885
1718 0.032851938522351194
1790 0.04548003102970196
1901 0.023188366314154198
1963 0.011515438073008291
1991 0.05507621277798673
2039 0.04707257720242511
2040 0.05507621277798673
2194 0.02982933269574497
2202 0.03872635571589345
2245 0.05507621277798673
2382 0.024403491749865367
2438 0.04548003102970196
2441 0.05507621277798673
2460 0.041938365867089426
2503 0.0380790358405204
2608 0.025514169453708248
2609 0.02108185890305408
2648 0.01562680003983415
2662 0.06748549694879175
2673 0.05153454761537418
2793 0.04535079303292092
2835 0.0490216961923145
2848 0.014982890205907155
2885 0.0380790358405204
2893 0.06404903850969636
2895 0.025080949048073245
2911 0.05153454761537418
2949 0.05696570818447127
2965 0.0153913458632422
3038 0.1677534634683577
3071 0.06534367826044246
3112 0.04101806061675288
3120 0.132057700164765
3130 0.02478557561772203
3165 0.023188366314154198
3184 0.020479218516674016
3187 0.05153454761537418
3227 0.048293133452222206
3244 0.05507621277798673
3307 0.029130173967608686
3310 0.04707257720242511
3336 0.0727662355959797
3337 0.041938365867089426
3339 0.03541158177878139
3602 0.0341310266659483
3633 0.015265431874249813
3699 0.025514169453708248
3734 0.014383206266010931
3745 0.027136375488726303
3864 0.0682620533318966
3984 0.022045593773678786
3985 0.018681137659781702
4079 0.023302548607436937
4197 0.05871413038621832
4201 0.03638311779798985
4211 0.02982933269574497
4219 0.01450828937320455
4222 0.027316481272685277
4283 0.027136375488726303
4284 0.03588384928141719
4304 0.026617322544549005
4307 0.03374274847439587
4383 0.015722788050328056
4478 0.03301442504119125
4577 0.012261926618930743
4590 0.02788021370585557
4685 0.02222280282239424
4689 0.023418243292906486
4722 0.02494118892962309
4734 0.02222280282239424
4747 0.018546753146801927
4811 0.04707257720242511
4852 0.030328601212317625
4864 0.025080949048073245
4872 0.03691266302097005
4939 0.041938365867089426
4956 0.030589361503335754
4970 0.01945965286803602
4985 0.018028982566431248
5002 0.022746002370519883
5044 0.030075400264958783
5106 0.06404903850969636
5223 0.014138288696279144
5314 0.02628766753313242
5383 0.0317180028557786
5391 0.022746002370519883
5421 0.09461733563807448
5459 0.026959908455519023
5501 0.03337099785835751
5528 0.04079284676884528
5571 0.01945965286803602
5606 0.05507621277798673
5661 0.023418243292906486
5663 0.014720825918312279
5793 0.020479218516674016
5798 0.015162072305515547
5843 0.05507621277798673
5847 0.054632962545370554
5924 0.03691266302097005
5941 0.0774527114317869
6001 0.10489063209324195
6068 0.02242833750656341
6109 0.010910810467633616
6151 0.02628766753313242
6152 0.04413355242619263
6179 0.03496354403108065
6232 0.04707257720242511
6245 0.06496651743775207
6310 0.012425811746319074
6433 0.03942551444402973
6488 0.021171447596645868
6606 0.022971354309538623
6620 0.03496354403108065
6681 0.01658430872175283
6720 0.037912545759914804
6725 0.0380790358405204
6732 0.05153454761537418
6789 0.01924035713958209
6813 0.047647402031768406
6846 0.03301442504119125
6957 0.03942551444402973
6995 0.026617322544549005
7020 0.018219568040973175
7039 0.02807651008027607
7057 0.03234218411880465
7063 0.18829030880970044
7099 0.009987723870018958
7170 0.02494118892962309
7192 0.03747639545414034
7195 0.030858146435297825
7201 0.016248235552231493
7233 0.026127391090386674
7242 0.012971915876728789
7245 0.03556233920771004
7401 0.039521766889648785
7408 0.030075400264958783
7422 0.015116931010973642
7442 0.019385940860523528
7466 0.03154236106902223
7479 0.015027342317381853
7486 0.019385940860523528
7491 0.01304264355914029
7633 0.04253590308536391
7641 0.026786936049705085
7649 0.041636955020849895
7671 0.014219167246832618
7699 0.03337099785835751
7718 0.03682880968263012
7722 0.0380790358405204
7733 0.029590007559172474
7865 0.012425811746319074
7891 0.014720825918312279
7892 0.02192329390148079
7958 0.04707257720242511
7965 0.04444560564478848
7983 0.03872635571589345
8057 0.05507621277798673
8124 0.2396681849885468
8150 0.20969182933544708
8182 0.027688231888723644
8244 0.037227373937974755
8288 0.0490216961923145
8401 0.01999382581088771
8411 0.04352486811961365
8463 0.018028982566431248
8481 0.12581509760126827
8490 0.2097812641864839
8574 0.0341310266659483
8575 0.2576727380768709
8583 0.0761580716810408
8601 0.03588384928141719
8688 0.03154236106902223
8689 0.024403491749865367
8716 0.06728501251969023
8744 0.010249288340055018
8746 0.0341310266659483
8795 0.014982890205907155
8895 0.03496354403108065
8897 0.034537370677907867
8984 0.04018554325162052
8995 0.018681137659781702
8996 0.03838472699313907
9031 0.04101806061675288
9204 0.03193495381786323
9276 0.034537370677907867
9299 0.03113546563374547
9372 0.3527728813534419
9412 0.05153454761537418
9426 0.025970002669175953
9497 0.007131323968237638
9509 0.03747639545414034
9589 0.03267183913022123
9602 0.027316481272685277
9647 0.0369606566639826
9719 0.01430080168264309
9781 0.019915486083503724
9783 0.02673640504618928
9944 0.03556233920771004
9957 0.024803629849625596
9966 0.020818477510424947
9981 0.03301442504119125
9989 0.026617322544549005
10048 0.020993179755050984
10094 0.03374274847439587
10165 0.03747639545414034
10226 0.04548003102970196
10266 0.0699270880621613
10327 0.023418243292906486
10354 0.03588384928141719
10360 0.04296717960664228
10370 0.0490216961923145
10456 0.030589361503335754
10469 0.04707257720242511
10493 0.046605097214873874
10508 0.09607355776454453
10516 0.010476692756429679
10522 0.026127391090386674
10595 0.041810783739693595
10619 0.08387673173417885
10684 0.029130173967608686
10732 0.014807310001580594
10761 0.06674199571671502
10791 0.03588384928141719
10823 0.03638311779798985
10884 0.020993179755050984
10924 0.014982890205907155
10930 0.014138288696279144
10962 0.04101806061675288
11000 0.09562495939053862
11040 0.05507621277798673
11108 0.04198635951010197
11109 0.04548003102970196
11213 0.01772029952440051
11356 0.0153913458632422
11364 0.028909027445408426
11369 0.030328601212317625
11371 0.07418701258720771
11505 0.05257533506626484
11525 0.023188366314154198
11526 0.03541158177878139
11557 0.04548003102970196
11733 0.043399187000228864
11842 0.039369192626324045
11878 0.029590007559172474
11880 0.0242740846266454
11910 0.019915486083503724
11965 0.025367362282795885
11978 0.0317180028557786
12023 0.03484430764351594
12078 0.01916846520244669
12181 0.12137042313322699
12224 0.10306909523074836
12308 0.03234218411880465
12354 0.029527921849505437
12401 0.030075400264958783
12403 0.025080949048073245
12413 0.01778116960385502
12416 0.0380790358405204
12513 0.037362275319563404
12523 0.03393065410661169
12599 0.03541158177878139
12611 0.01621921828221185
12639 0.03541158177878139
12678 0.17009571749610447
12725 0.024803629849625596
12735 0.027412733718304334
12764 0.050895981159917524
12807 0.01401835791904222
12834 0.021720850943640315
12877 0.011974465980759023
12885 0.028277319408066468
12948 0.019915486083503724
12956 0.027316481272685277
12967 0.1142371075215612
12999 0.023896983430927856
13079 0.012525639359209067
13088 0.11571846539471332
13276 0.04413355242619263
13432 0.04018554325162052
13487 0.05781805489081685
13526 0.10239307999784489
13557 0.0550007580691733
13597 0.08387673173417885
13676 0.034042281592528464
13770 0.0242740846266454
13786 0.01181876094780131
13827 0.020905391869846798
13858 0.06990764582231081
13874 0.0186272584160262
13875 0.02453484491766353
13912 0.01679999427406397
13919 0.019533992219323917
13935 0.03337099785835751
13986 0.05507621277798673
14051 0.14990558181656136
14062 0.021600483272275747
14065 0.01784246684525563
14163 0.007059432031102239
14178 0.0242740846266454
