210 0.024317612044923498
301 0.03414720569544574
303 0.02991348920488132
312 0.0310797005400263
320 0.05046042170626304
322 0.01841540159704075
337 0.03178480930778115
339 0.02113633935335891
451 0.024317612044923498
463 0.02956154674439182
472 0.02626819202378177
637 0.018903661233576067
654 0.02991348920488132
917 0.017665739422323468
940 0.024317612044923498
968 0.01524354446186967
981 0.0224931249613641
997 0.018903661233576067
1002 0.016727231689527177
1010 0.04273122280313811
1134 0.04770258024980183
1162 0.020282996481481935
1339 0.039391140394914065
1470 0.1260485068930004
1524 0.023981316743239636
1545 0.031898149142392106
1604 0.01297697293207716
1618 0.020083895554359073
1652 0.031970776151396846
1657 0.021365611401569055
1658 0.08927015018876479
1660 0.044196637876270845
1712 0.08154095128563986
1713 0.044635075094382394
1741 0.044635075094382394
1945 0.04770258024980183
1963 0.009973745126659403
2044 0.023200686868362335
2105 0.022359220605809364
2128 0.03632363523949463
2488 0.04525888427481985
2558 0.01157846049117606
2793 0.039279204849570336
2795 0.07878228078982813
2848 0.01297697293207716
2852 0.020804955053850528
2927 0.012210663616706486
2929 0.020384546980518115
2995 0.0842911034030143
3010 0.011084217937297955
3152 0.03414720569544574
3157 0.01711528590634103
3330 0.04770258024980183
3333 0.026048889753318857
3343 0.02773705966083243
3419 0.0285944363363697
3421 0.019794736844946616
3432 0.014826916713212459
3439 0.024851862088047287
3442 0.021602049349993553
3519 0.017665739422323468
3527 0.0166021809319234
3536 0.024317612044923498
3590 0.022909674121791797
3691 0.05547411932166486
3751 0.019794736844946616
3790 0.014839960854890746
3841 0.013290609495105785
3855 0.1622951789396608
3865 0.013617812861329712
3984 0.019094118006671802
4029 0.024851862088047287
4030 0.035913504337788005
4031 0.044635075094382394
4099 0.042458645550333504
4188 0.01857467902920953
4262 0.03436388366335451
4284 0.0310797005400263
4452 0.04023497536469509
4478 0.0285944363363697
4508 0.026494041588972388
4560 0.03552654094335161
4585 0.03067066046069713
4586 0.02381861372867786
4606 0.030282606243883275
4720 0.04640137373672467
4723 0.0285944363363697
4724 0.037214710850865175
4729 0.03245903578793216
4784 0.02059183114108964
4794 0.08491729110066701
4795 0.02466955450541299
4863 0.03552654094335161
4872 0.031970776151396846
4964 0.023350501636901375
4967 0.03245903578793216
4985 0.031230505669090147
5062 0.024851862088047287
5063 0.02148290675246019
5072 0.16983458220133402
5087 0.026494041588972388
5129 0.04770258024980183
5158 0.020487479161338
5223 0.012245447119753382
5301 0.14529454095797853
5359 0.02922525144270796
5393 0.03822492905976908
5437 0.02991348920488132
5553 0.044635075094382394
5596 0.06134132092139426
5612 0.03354165070801929
5613 0.016983710440626347
5663 0.012749993950061928
5677 0.021250106889504055
5730 0.07051002951080403
5754 0.0621594010800526
5902 0.044635075094382394
5945 0.025426725761228796
5963 0.02562848167998644
6006 0.0315121267232501
6044 0.03802746834479117
6109 0.009450065385227384
6165 0.037214710850865175
6200 0.06829441139089149
6245 0.009378127614175082
6294 0.037976383412236754
6315 0.009947968615911915
6323 0.03245903578793216
6563 0.015669876888351867
6606 0.02984390584773574
6637 0.02365933629650908
6645 0.02583576584055797
6679 0.03632363523949463
6720 0.01641839702991947
6730 0.0315121267232501
6734 0.020487479161338
6752 0.03576588563352162
6813 0.010317085654913868
6821 0.031339753776703734
6826 0.031970776151396846
6861 0.049703724176094574
6862 0.14341235412936598
6866 0.014456820830250764
6895 0.03354165070801929
6898 0.02991348920488132
6984 0.039391140394914065
6987 0.03354165070801929
7025 0.016854384238667093
7031 0.03354165070801929
7100 0.017956752168894002
7102 0.03354165070801929
7141 0.04077047564281993
7206 0.016983710440626347
7348 0.04770258024980183
7416 0.03480548144386015
7442 0.016790540833749024
7445 0.044635075094382394
7453 0.163899833290704
7466 0.013659726534107738
7479 0.013015473771331353
7486 0.016790540833749024
7491 0.011296487533691193
7536 0.18164511955584423
7616 0.018259408470799682
7633 0.012280391286201875
7693 0.024283145476946533
7865 0.021524474981134797
7891 0.012749993950061928
7892 0.018988191706118377
7905 0.0696109628877203
7937 0.04770258024980183
7938 0.08670981298793222
8044 0.08090109902776337
8102 0.08491729110066701
8124 0.036631990850119464
8131 0.025426725761228796
8175 0.03354165070801929
8293 0.014003667514649171
8411 0.01256591191014597
8433 0.021639538632001822
8463 0.015615252834545073
8477 0.09540516049960367
8580 0.037214710850865175
8710 0.04770258024980183
8715 0.04296581350492038
8744 0.004438554095174159
8903 0.10092084341252608
8968 0.04344619661957226
8996 0.008311439854887767
8997 0.01792817024052924
9019 0.04770258024980183
9134 0.033967420881252694
9138 0.02381861372867786
9366 0.22484858452525566
9383 0.013371093217840092
9392 0.04933910901082598
9420 0.0310797005400263
9497 0.018529735618540454
9531 0.017317041825098675
9535 0.02773705966083243
9559 0.0315121267232501
9575 0.042458645550333504
9576 0.04077047564281993
9578 0.09540516049960367
9620 0.042458645550333504
9630 0.04770258024980183
9730 0.024491536913585833
9902 0.020948115250229347
9905 0.012107262481999226
9949 0.022098318938135422
9952 0.03552654094335161
10002 0.02991348920488132
10030 0.02626819202378177
10031 0.08689239323914452
10156 0.012350767594492674
10172 0.13658882278178297
10197 0.027215101088463835
10316 0.01418168510647633
10354 0.0310797005400263
10355 0.04770258024980183
10361 0.04819111204640772
10432 0.04394233277799102
10451 0.01711528590634103
10465 0.04770258024980183
10569 0.020697642636344153
10582 0.04471844121161873
10587 0.017049212136257735
10592 0.030282606243883275
10600 0.05345368290385703
10602 0.02583576584055797
10657 0.023220899078397524
10707 0.5987322239462043
10797 0.01873738204377131
10884 0.018182601734084616
10906 0.08927015018876479
10912 0.04770258024980183
10913 0.03480548144386015
10999 0.009254454359457043
11000 0.024540041243355504
11052 0.022909674121791797
11097 0.0396329189555456
11245 0.03903244892950236
11259 0.01865559315436669
11325 0.015453707936875827
11397 0.044635075094382394
11399 0.04770258024980183
11441 0.09540516049960367
11494 0.04770258024980183
11495 0.024317612044923498
11606 0.02381861372867786
11733 0.012529626955287117
11798 0.026048889753318857
11892 0.02991348920488132
11910 0.01724919026189577
11957 0.026904884747072425
12017 0.021024257324313445
12064 0.00985197119970198
12208 0.02991348920488132
12270 0.024851862088047287
12316 0.02148290675246019
12328 0.01841540159704075
12354 0.012787354019001223
12378 0.04214555170150715
12398 0.022909674121791797
12458 0.02829771600855096
12572 0.024851862088047287
12582 0.016727231689527177
12606 0.08154095128563986
12695 0.016854384238667093
12834 0.00627095063955401
12957 0.020487479161338
12958 0.03414720569544574
13088 0.014318002282522155
13311 0.0310797005400263
13336 0.01617361926054575
13347 0.03245903578793216
13372 0.044635075094382394
13487 0.025038671544414942
13608 0.01882006481851821
13659 0.026726841451928517
13669 0.02829771600855096
13754 0.009744858468459048
13822 0.01242180472285514
13948 0.01418168510647633
14035 0.04077047564281993
14060 0.01865559315436669
14062 0.0187085991348714
14109 0.03414720569544574
14116 0.17268688153789094
14142 0.04770258024980183
14163 0.012228623065973488
14229 0.044635075094382394
14249 0.04770258024980183
