46 0.05051889982828191
49 0.03255001985577942
79 0.04290045768011681
127 0.03487546397937753
175 0.03154170075447407
249 0.09712726658849963
336 0.03220407299209542
437 0.030915150367071063
451 0.03724869521942785
535 0.035767316177546436
555 0.03957413934302596
556 0.02820793752957061
576 0.04897149007032282
636 0.03032074524110679
667 0.08953202162198552
670 0.07670636765931736
676 0.042907902567929423
682 0.04897149007032282
697 0.060337691883778174
703 0.03138185878141635
717 0.038947588955622954
721 0.06510003971155884
736 0.042907902567929423
744 0.04826895016919921
789 0.03925663018519088
843 0.10461050659045257
877 0.055639016520129744
952 0.04248646123973001
1033 0.03806703696246254
1065 0.04168694705456215
1086 0.03600143240913721
1097 0.036240376118122496
1299 0.04760657793157785
1368 0.03600143240913721
1458 0.020055411241315418
1604 0.019877581265986835
1684 0.03138185878141635
1801 0.04168694705456215
1919 0.03032074524110679
1940 0.04501530246456397
1988 0.05051889982828191
2017 0.025622069877458364
2044 0.03553783621699888
2049 0.03835318382965868
2311 0.027169479635417455
2371 0.08610340090166695
2593 0.04638562241821057
2602 0.04023651158064731
2692 0.03648435058877479
2730 0.023753236636574474
2767 0.05441806100676247
2768 0.034454022651178126
2770 0.027734877588994546
2777 0.05441806100676247
3010 0.033956677565988004
3068 0.28961370101519524
3150 0.08686749930708548
3181 0.03806703696246254
3184 0.027169479635417455
3214 0.036240376118122496
3273 0.08497292247946002
3314 0.04582022446463348
3432 0.011355623666378573
3443 0.0202360127042105
3502 0.060337691883778174
3606 0.026216475003422633
3633 0.010126212582174304
3697 0.03698827169091372
3786 0.023509262165922182
3789 0.05086104477434572
3797 0.052305253295226284
3814 0.03990059358761777
3908 0.025915461733523153
3935 0.05137768963792379
3984 0.014623783387949528
3985 0.024783992064961874
4064 0.06245049959531436
4204 0.04826895016919921
4219 0.01924793528371623
4240 0.10461050659045257
4278 0.04023651158064731
4283 0.03600143240913721
4384 0.020357996560232836
4428 0.03648435058877479
4569 0.04058245844433131
4577 0.016267718677486342
4676 0.055639016520129744
4678 0.21744225670873502
4689 0.03106864081389801
4815 0.03648435058877479
4841 0.038646575685723474
4925 0.05331357239653163
4949 0.052305253295226284
4997 0.03237575552949987
5059 0.059281578408570415
5297 0.03404737182826407
5299 0.03673357222244087
5487 0.13618948731305627
5685 0.024257157738713397
5718 0.06475151105899973
5776 0.06245049959531436
5796 0.05137768963792379
5895 0.060337691883778174
5903 0.05347243895952035
6193 0.15226814784985016
6210 0.0783457979453302
6230 0.023671339763433247
6235 0.02408673761857889
6310 0.03297028535735127
6324 0.04826895016919921
6599 0.05137768963792379
6650 0.0585513384168338
6967 0.03698827169091372
7099 0.02650113431522914
7105 0.04168694705456215
7245 0.023590017609925035
7418 0.0222883066525549
7466 0.020923394513809934
7533 0.025915461733523153
7580 0.026567638575023707
7596 0.03778778587608159
7693 0.01859795039021182
7714 0.06064149048221358
7717 0.06887760863045618
7933 0.0585513384168338
7991 0.03806703696246254
8017 0.09610469057637731
8018 0.0585513384168338
8097 0.021450228840058407
8124 0.03740756178241657
8306 0.028575852853517127
8339 0.06245049959531436
8355 0.04058245844433131
8516 0.04826895016919921
8706 0.01908198935512209
8795 0.03975516253197367
8997 0.009153872344288553
9094 0.032535437354972684
9224 0.055639016520129744
9236 0.10103779965656381
9307 0.04582022446463348
9426 0.034454022651178126
9594 0.03346296097572475
9647 0.12258790633613761
9666 0.03487546397937753
9708 0.10334347522668542
9745 0.060337691883778174
9813 0.03553783621699888
9916 0.03751510601716219
10145 0.042907902567929423
10162 0.03076366638883504
10218 0.08497292247946002
10220 0.0585513384168338
10242 0.024965063863279954
10316 0.043445817397955604
10331 0.05411927308917872
10361 0.024605706097372497
10464 0.05137768963792379
10506 0.03272694480870776
10516 0.013899275026563391
10537 0.04760657793157785
10648 0.04971938564311404
10763 0.05331357239653163
10853 0.08669050209874381
10887 0.03272694480870776
10996 0.060337691883778174
11000 0.018794701454593714
11232 0.11036518410853481
11258 0.10462639193813261
11303 0.12392090041715234
11343 0.040939051481770926
11356 0.12251684047002606
11365 0.08966326084327107
11528 0.04826895016919921
11531 0.04168694705456215
11535 0.05137768963792379
11536 0.05700392865887471
11558 0.055639016520129744
11631 0.03673357222244087
11636 0.029894131692639443
11648 0.08116491688866262
11678 0.06769855078431954
11718 0.060337691883778174
11722 0.038646575685723474
11741 0.043345251049371904
11745 0.03925663018519088
11840 0.05441806100676247
11876 0.02524208962861366
11952 0.052305253295226284
12023 0.023113716623511055
12057 0.06664831440988851
12167 0.0585513384168338
12220 0.041306966805717445
12242 0.05331357239653163
12256 0.03138185878141635
12398 0.035092075133141255
12528 0.06245049959531436
12531 0.05700392865887471
12744 0.05441806100676247
12780 0.055639016520129744
12807 0.03719590078042364
12834 0.03842231361818049
12854 0.10661350865099666
12865 0.014365021392066813
12903 0.018757060798020857
12913 0.0952131558631557
12943 0.21187687476492006
12966 0.07346714444488174
12969 0.04971938564311404
13008 0.03990059358761777
13088 0.021931713615115284
13310 0.10275537927584757
13450 0.03806703696246254
13577 0.2355397811111453
13616 0.0950129465462979
13761 0.027734877588994546
13764 0.040939051481770926
13786 0.03135955452848067
13860 0.03806703696246254
13872 0.021052874735908465
13959 0.06245049959531436
13965 0.03220407299209542
13975 0.04582022446463348
13982 0.3526389324888327
13988 0.044272814706674386
13989 0.06819368340084946
13997 0.05896533485722059
14040 0.026950824859513185
14041 0.07052778649776655
14075 0.055639016520129744
14163 0.018731290420138158
14180 0.04248646123973001
