46 0.04713348630520016
49 0.030368751503323244
79 0.04002557738639838
127 0.03253836107767426
175 0.029428002700119082
249 0.09061849535859662
336 0.03004598751168445
437 0.028843439215867493
451 0.03475255541943945
535 0.033370447752394825
555 0.03692216499379046
556 0.026317644322563907
576 0.04568977282602287
636 0.028288866848701775
667 0.08353222911307916
670 0.07156605828474631
676 0.04003252337134564
682 0.04568977282602287
697 0.056294293497249424
703 0.029278872187108687
717 0.03633760150953887
721 0.06073750300664649
736 0.04003252337134564
744 0.04503431209902722
789 0.03662593301737245
843 0.0976002624071561
877 0.05191048958113323
952 0.039639324011528775
1033 0.035516057781316036
1065 0.03889338751992833
1086 0.033588875197034684
1097 0.033811806616235285
1299 0.04441632728746184
1368 0.033588875197034684
1458 0.01871144174360073
1604 0.01854552865492908
1684 0.029278872187108687
1801 0.03889338751992833
1919 0.028288866848701775
1940 0.04199870047546375
1988 0.04713348630520016
2006 0.026430857825889158
2017 0.023905062932585572
2044 0.03315634588923962
2049 0.035783029142373156
2311 0.02534877641176286
2371 0.08033336990759042
2593 0.04327719143604454
2602 0.037540149805355826
2692 0.034039431671618436
2730 0.022161465461830846
2767 0.050771353729715925
2768 0.032145161717857404
2770 0.025876285458723444
2777 0.050771353729715925
3010 0.03168114512522678
3068 0.2702058725941633
3131 0.04441632728746184
3150 0.08104626393042223
3181 0.035516057781316036
3184 0.02534877641176286
3214 0.033811806616235285
3273 0.07927864802305755
3314 0.04274968238908395
3432 0.010594651395528298
3443 0.018879940594664364
3502 0.056294293497249424
3606 0.02445963529975128
3633 0.009447626604850592
3697 0.03450958360381213
3786 0.021933840406447695
3789 0.047452703156408475
3797 0.04880013120357805
3814 0.03722674262155045
3908 0.024178793775436296
3935 0.04793472619501147
3984 0.013643802544968725
3985 0.02312314707075436
4064 0.0582655160233873
4204 0.04503431209902722
4219 0.01795807702032595
4240 0.0976002624071561
4278 0.037540149805355826
4283 0.033588875197034684
4384 0.018993749969508776
4428 0.034039431671618436
4452 0.019166742312502233
4569 0.03786291379699463
4577 0.015177573108448824
4676 0.05191048958113323
4678 0.20287083969741168
4689 0.02898664383627862
4815 0.034039431671618436
4841 0.03605675998522388
4925 0.049740880006782215
4949 0.04880013120357805
4990 0.023995538697190354
4997 0.03020616511953221
5059 0.07374527087403067
5297 0.031765761709979794
5299 0.034271952262868194
5487 0.15882880854989895
5685 0.02263161739402454
5718 0.06041233023906442
5746 0.07828413871008992
5776 0.0582655160233873
5796 0.04793472619501147
5895 0.056294293497249424
5903 0.049889100474694914
5954 0.04130596890990666
6193 0.2841284622505283
6210 0.07309562573765543
6230 0.022085056728430842
6235 0.022472617605315885
6310 0.03076085383196096
6324 0.04503431209902722
6599 0.04793472619501147
6650 0.05462764859887154
6967 0.03450958360381213
7099 0.03708782818603206
7105 0.03889338751992833
7245 0.022009184201085285
7418 0.020794704555030394
7466 0.019521259016469363
7533 0.024178793775436296
7580 0.024787266413041645
7596 0.03525552009541257
7693 0.017351649442118356
7714 0.05657773369740355
7717 0.0642619264107785
7758 0.04274968238908395
7933 0.05462764859887154
7991 0.035516057781316036
8017 0.08966444504025596
8018 0.05462764859887154
8097 0.02001278869319919
8124 0.03490077588735216
8306 0.026660904606173614
8339 0.0582655160233873
8355 0.03786291379699463
8516 0.04503431209902722
8706 0.03560650319000464
8795 0.03709105730985816
8997 0.008540445620265366
9094 0.03035514621689765
9224 0.05191048958113323
9236 0.09426697261040032
9307 0.04274968238908395
9426 0.032145161717857404
9594 0.031220513871875615
9647 0.13724753525791114
9666 0.06507672215534852
9708 0.09641813837762714
9745 0.056294293497249424
9813 0.03315634588923962
9916 0.03500111328054195
10145 0.04003252337134564
10162 0.028702106604945352
10218 0.07927864802305755
10220 0.05462764859887154
10242 0.023292084738741847
10316 0.04053439101613962
10331 0.0504925884306009
10361 0.022956808547145446
10464 0.04793472619501147
10506 0.030533820217690376
10516 0.012967845526002149
10537 0.04441632728746184
10648 0.046387549813599716
10763 0.049740880006782215
10853 0.08088112780268018
10887 0.030533820217690376
10996 0.056294293497249424
11000 0.02630282349669724
11232 0.10296930280414285
11255 0.01347081020197527
11258 0.09761508323302275
11303 0.11561661244788358
11343 0.038195610532351494
11356 0.11430664250565402
11365 0.0836546736251369
11528 0.04503431209902722
11531 0.03889338751992833
11535 0.04793472619501147
11536 0.05318393511969425
11558 0.05191048958113323
11631 0.034271952262868194
11636 0.02789084187364003
11648 0.07572582759398926
11678 0.06316188054610572
11718 0.056294293497249424
11722 0.03605675998522388
11741 0.04044056390134009
11745 0.03662593301737245
11840 0.050771353729715925
11876 0.02355054622861844
11952 0.04880013120357805
12023 0.021564801483001456
12057 0.062182023464108144
12167 0.05462764859887154
12220 0.0385388708159612
12242 0.049740880006782215
12256 0.029278872187108687
12398 0.03274045650897183
12528 0.0582655160233873
12531 0.05318393511969425
12638 0.035783029142373156
12744 0.050771353729715925
12780 0.05191048958113323
12807 0.03470329888423671
12834 0.03584752634939171
12854 0.09946903766771888
12865 0.013402380917999397
12913 0.08883265457492368
12943 0.19767840964601227
12966 0.06854390452573639
12969 0.046387549813599716
13008 0.03722674262155045
13079 0.015503991584075998
13088 0.020462007819673528
13310 0.09586945239002294
13450 0.035516057781316036
13577 0.21975559810423467
13616 0.08864586184732338
13761 0.025876285458723444
13764 0.038195610532351494
13786 0.029258062604875797
13824 0.032145161717857404
13860 0.035516057781316036
13872 0.01964206240482144
13959 0.0582655160233873
13965 0.03004598751168445
13975 0.04274968238908395
13982 0.3728752869096108
13988 0.04130596890990666
13989 0.06362383293382193
13997 0.05501390197374113
14040 0.025144774307190487
14041 0.06580152121934309
14075 0.05191048958113323
14163 0.017476053981722948
14180 0.039639324011528775
