917 0.060563659071167925
1010 0.07324797303058471
1107 0.043079861343517684
1111 0.06851918202433604
1195 0.13977389386151956
1458 0.0448871176428999
1959 0.12363375191408285
2311 0.060809504926978813
2425 0.09662458076029383
2597 0.04988468352687047
2648 0.0464010857270513
2659 0.0484653087803021
2716 0.0665970773737714
2740 0.07854150113809774
2764 0.21606677805545793
2816 0.08519992663778463
2927 0.041861959504532364
3036 0.0800527952139375
3204 0.0800527952139375
3241 0.0858403676607301
3247 0.09330184627461865
3308 0.08165762931998218
3316 0.0827854828215774
3332 0.04816016945377496
3421 0.06786252559380028
3432 0.05083129029747095
3633 0.022664032663498673
3694 0.1530229449222007
3761 0.06207495314700768
3786 0.05261737113451036
3814 0.08930371044694989
3847 0.06509743755272034
3882 0.16331525863996435
3888 0.10514858049371713
4120 0.09005554696079913
4489 0.0673346943705437
4734 0.06598677760185999
4758 0.0871707384267873
4872 0.10960578217445252
4985 0.053533952152968634
5166 0.09005554696079913
5459 0.0800527952139375
5727 0.1130691249606723
5962 0.0522596200336935
6102 0.049244242503925
6230 0.05298012590923022
6310 0.03689630344020654
6315 0.034104736026131545
6629 0.0628649597098297
7284 0.24423081364178997
7422 0.0448871176428999
7423 0.07489529124702239
7475 0.07532400420768885
7491 0.038727879050883735
7566 0.05467839707914744
7764 0.16353930837524197
7898 0.12179605179458976
8097 0.14402680660479053
8156 0.06722208457085482
8268 0.21716510920642523
8433 0.03709354046369022
8463 0.053533952152968634
8474 0.06786252559380028
8739 0.07447354953854032
8744 0.015216746413080986
8751 0.08930371044694989
8961 0.08221542594927689
8997 0.020487784561590373
9179 0.12179605179458976
9375 0.22727976829386656
9602 0.08111157665448143
9618 0.09418113534762175
9645 0.041981208190900454
9708 0.09251948363083448
9725 0.04047216936862464
9890 0.055470414148818724
9902 0.05386249960454075
9905 0.041507468196794114
9961 0.06207495314700768
9999 0.12452873940222964
10005 0.08165762931998218
10040 0.11014276506124006
10451 0.05867653290681622
10628 0.052082578093061355
10657 0.039804238630762545
10936 0.08457491944070121
10999 0.031727153068248026
11000 0.010516363453041265
11138 0.06754032836228746
11218 0.07324797303058471
11328 0.07665437497374604
11714 0.05587568088781092
11842 0.05845001143555446
11986 0.13504510285527088
12074 0.09701338754430713
12182 0.06786252559380028
12183 0.08165762931998218
12434 0.13504510285527088
12584 0.07023746210062333
12611 0.09632033890754992
12764 0.05037561068044881
12807 0.041625094446455214
12865 0.06430228703963334
12903 0.041981208190900454
13219 0.09509128289374248
13261 0.15422688165362533
13332 0.07532400420768885
13445 0.12452873940222964
13616 0.053163423800011086
13650 0.13977389386151956
13709 0.062335624121024905
13723 0.0464010857270513
13754 0.03340841115513941
13884 0.0800527952139375
13970 0.10514858049371713
13997 0.06598677760185999
14113 0.0800527952139375
14178 0.14415540978773864
14211 0.138385792719715
14212 0.05527013096365489
14213 0.10960578217445252
