46 0.04441059259755872
49 0.028614353752181246
79 0.03771330640129802
127 0.030658625340290676
175 0.027727951851731724
249 0.08538347987066668
326 0.023787819974397086
328 0.05753977294844583
336 0.028310235782951994
437 0.02717715850327444
451 0.03274490604117541
535 0.03144264250544562
555 0.03478917762928484
556 0.024797278363172772
576 0.04305028220727316
636 0.02665462369002972
667 0.07870658605403448
670 0.06743169893516567
676 0.03771985111784379
682 0.04305028220727316
697 0.053042181473385214
703 0.027587436583790707
717 0.03423838428082755
721 0.05722870750436249
736 0.03771985111784379
744 0.042432687338058224
789 0.034510058925145644
843 0.09196191139166422
877 0.04891162918439106
952 0.037349366820005614
1033 0.03346430099789504
1065 0.036646522956141785
1086 0.031648451432738076
1097 0.03185850414072588
1299 0.04185040340683794
1368 0.031648451432738076
1458 0.017630484849076918
1499 0.05717273376237938
1604 0.017474156532094637
1684 0.027587436583790707
1801 0.036646522956141785
1919 0.05330924738005944
1920 0.03598905642972004
1940 0.03957244249587651
1988 0.04441059259755872
2006 0.024903951541137233
2017 0.022524071401035566
2044 0.03124090927151095
2049 0.03371584946758283
2311 0.02388438179132114
2371 0.07569252441573306
2593 0.04077707524513595
2602 0.03537146156050511
2692 0.03207297933431033
2730 0.020881201267763057
2767 0.04783830102268906
2768 0.030288141042452504
2770 0.024381416727892513
2777 0.04783830102268906
3010 0.02985093061162655
3068 0.2545961240283493
3069 0.06010340725093833
3131 0.04185040340683794
3150 0.07636423466878355
3181 0.03346430099789504
3184 0.02388438179132114
3214 0.03185850414072588
3273 0.07469873364001123
3314 0.040280040308564566
3432 0.00998260013683845
3443 0.017789249549385506
3502 0.053042181473385214
3606 0.023046606214280275
3633 0.00890183877859223
3697 0.03251597066714763
3786 0.04133345214835722
3789 0.044711368344073445
3797 0.04598095569583211
3814 0.03507615985786841
3908 0.022781988858371807
3935 0.04516554499146635
3984 0.012855602328726737
3985 0.02178732668920796
4064 0.05489952680024217
4204 0.042432687338058224
4219 0.0169206418812539
4240 0.09196191139166422
4278 0.03537146156050511
4283 0.031648451432738076
4384 0.017896484175470025
4428 0.03207297933431033
4452 0.018059482779422896
4569 0.03567557952973436
4577 0.014300767220451024
4676 0.04891162918439106
4678 0.19115102484435526
4689 0.02731209021645147
4734 0.02591787897820212
4815 0.03207297933431033
4841 0.033973766924919074
4925 0.04686735759628163
4949 0.04598095569583211
4990 0.022609320395684456
4997 0.02846115995688889
5059 0.08685627346703018
5297 0.02993065891027456
5299 0.03229206724946413
5487 0.14965329455137277
5685 0.021324192600600356
5718 0.05692231991377778
5746 0.0737616769655549
5776 0.05489952680024217
5796 0.04516554499146635
5895 0.053042181473385214
5903 0.04700701539227972
5954 0.03891972991827899
6193 0.3011787089810553
6210 0.06887290352932143
6230 0.020809206654253027
6235 0.02117437820338572
6310 0.028983804394150048
6324 0.042432687338058224
6599 0.04516554499146635
6650 0.05147181837511184
6967 0.03251597066714763
7099 0.0349452704863125
7105 0.036646522956141785
7245 0.02073771727026238
7418 0.019593397912476607
7466 0.018393519112041404
7533 0.022781988858371807
7580 0.023355310132348348
7596 0.033218814531011456
7693 0.01634924752393198
7714 0.05330924738005944
7717 0.08073270073520296
7758 0.040280040308564566
7933 0.05147181837511184
7991 0.03346430099789504
8017 0.08448454488140991
8018 0.05147181837511184
8097 0.01885665320064901
8124 0.0328845638371735
8306 0.02512070855697601
8339 0.05489952680024217
8355 0.03567557952973436
8417 0.03567557952973436
8516 0.042432687338058224
8706 0.03354952139028401
8795 0.034948313064189274
8997 0.00804706548943238
9094 0.04290230166135307
9224 0.04891162918439106
9236 0.08882118519511745
9307 0.040280040308564566
9426 0.030288141042452504
9594 0.029416909949589835
9647 0.1293187678477688
9666 0.09197587602087202
9708 0.09084807847178954
9745 0.053042181473385214
9813 0.03124090927151095
9916 0.03297910475575523
10145 0.03771985111784379
10162 0.02704399065390787
10218 0.07469873364001123
10220 0.05147181837511184
10242 0.021946504856059288
10316 0.03819272595181046
10331 0.04757563994879417
10361 0.021630597514594372
10362 0.02066672607417861
10464 0.04516554499146635
10506 0.028769886474222916
10516 0.012218695234937817
10537 0.04185040340683794
10648 0.0437077487336949
10763 0.04686735759628163
10853 0.07620863842782648
10887 0.028769886474222916
10996 0.053042181473385214
11000 0.024783313733964953
11051 0.05717273376237938
11232 0.09702078321299407
11255 0.012692603724773864
11258 0.09197587602087202
11276 0.03631248662352328
11303 0.14524994649409312
11343 0.07197811285944009
11356 0.10770316667522463
11365 0.07882195696688384
11528 0.042432687338058224
11531 0.036646522956141785
11535 0.04516554499146635
11536 0.05011150798482627
11558 0.04891162918439106
11631 0.09687620174839238
11636 0.02627959255194116
11648 0.07135115905946872
11678 0.05951302915437625
11718 0.053042181473385214
11722 0.033973766924919074
11741 0.03810431921391324
11745 0.034510058925145644
11840 0.04783830102268906
11876 0.022190035068417054
11952 0.04598095569583211
12023 0.020319006468298224
12057 0.058589778253930434
12167 0.05147181837511184
12220 0.03631248662352328
12242 0.04686735759628163
12256 0.027587436583790707
12398 0.0308490457519502
12468 0.09373471519256325
12528 0.05489952680024217
12531 0.05011150798482627
12638 0.03371584946758283
12744 0.04783830102268906
12780 0.04891162918439106
12807 0.03269849504786396
12834 0.042220775852025265
12854 0.09372272781453284
12865 0.012628127589214595
12913 0.08370080681367588
12943 0.21730165405452087
12966 0.06458413449892826
12969 0.0437077487336949
13008 0.03507615985786841
13079 0.014608328554733128
13088 0.019279921012490927
13125 0.03297910475575523
13310 0.0903310899829327
13450 0.03346430099789504
13577 0.20706035355087382
13616 0.08352480507105223
13761 0.024381416727892513
13764 0.03598905642972004
13786 0.02756782916768136
13824 0.030288141042452504
13860 0.03346430099789504
13872 0.018507343708630105
13959 0.05489952680024217
13965 0.028310235782951994
13975 0.040280040308564566
13982 0.372001069335215
13988 0.03891972991827899
13989 0.059948294629064265
13997 0.05183575795640424
14040 0.023692164854586528
14041 0.062000178222535826
14075 0.04891162918439106
14163 0.016466465233861
14180 0.037349366820005614
