46 0.043256533625343194
49 0.027870777732354187
79 0.0367332839093954
127 0.029861926634412523
175 0.02700740997773272
249 0.08316469454806001
326 0.02316966683873256
328 0.05604453752494805
336 0.02757456260905589
437 0.026470929611121543
451 0.031893992995415905
472 0.03445229452879742
535 0.03062557023571938
555 0.03388514189747425
556 0.02415289332105292
576 0.04193157242359769
636 0.025961973450046246
667 0.07666130729292411
670 0.06567941073957555
676 0.03673965855415405
682 0.04193157242359769
697 0.05166382100001901
703 0.026870546156354688
717 0.033348661530863064
721 0.055741555464708374
736 0.03673965855415405
744 0.04133002644853894
789 0.033613276405372636
843 0.08957217816055499
877 0.047640605736957296
952 0.03637880170560167
1033 0.0325946936687268
1065 0.035694222026467576
1086 0.030826030987605658
1097 0.03103062524079444
1299 0.04076287381721577
1368 0.030826030987605658
1451 0.02742970646365881
1458 0.017172336960599843
1499 0.05568703626308073
1604 0.0170200710099647
1684 0.026870546156354688
1801 0.035694222026467576
1919 0.05192394690009249
1920 0.03505384050385616
1940 0.03854410827100603
1988 0.043256533625343194
2006 0.048513588954106304
2017 0.021938758186984528
2044 0.030429079265735695
2049 0.032839705369787774
2105 0.029325446267801345
2268 0.05166382100001901
2311 0.023263719388730036
2371 0.07372556942093701
2593 0.0397174372895293
2602 0.03445229452879742
2692 0.031239527056340078
2730 0.020338579873536832
2767 0.04659516920927082
2768 0.029501069785860146
2770 0.023747838315977855
2777 0.04659516920927082
3010 0.029075220757594458
3068 0.24798015869123363
3069 0.05854155291976054
3131 0.04076287381721577
3150 0.07437982453099298
3184 0.023263719388730036
3214 0.03103062524079444
3273 0.07275760341120334
3281 0.020993045812612656
3304 0.03923331836228148
3314 0.03923331836228148
3328 0.03103062524079444
3432 0.0097231910954335
3443 0.0173269759824127
3502 0.05166382100001901
3606 0.02244771434805982
3633 0.017341029062274926
3697 0.031671006763405854
3786 0.06038903417397358
3789 0.043549493377326255
3797 0.044786089080277494
3814 0.03416466657153328
3908 0.022189973370418975
3935 0.04399186773602547
3984 0.025043070217314636
3985 0.021221158611377505
4046 0.03711413581628394
4064 0.05347290112901235
4204 0.04133002644853894
4219 0.016480940057059364
4240 0.08957217816055499
4278 0.03445229452879742
4283 0.030826030987605658
4384 0.01743142399667498
4407 0.05854155291976054
4428 0.031239527056340078
4452 0.017590186899405513
4569 0.034748509652095715
4577 0.013929145772615751
4676 0.047640605736957296
4678 0.18618375144476662
4689 0.02660235497265766
4734 0.025244373874439223
4815 0.031239527056340078
4841 0.033090920553222214
4925 0.045649456834898954
4949 0.044786089080277494
4990 0.04404358378211975
4997 0.027721564849353342
5059 0.10151905914460033
5228 0.028816490106726052
5297 0.029152877227135665
5299 0.03145292172672053
5487 0.11661150890854266
5685 0.020770059580602608
5718 0.055443129698706684
5746 0.0718448972035924
5776 0.05347290112901235
5796 0.04399186773602547
5895 0.05166382100001901
5903 0.04578548546670255
5954 0.03790835716053596
6032 0.034748509652095715
6062 0.026870546156354688
6193 0.2933522430185411
6210 0.06708316401873185
6230 0.020268456120666408
6235 0.020624138278236746
6310 0.028230627785742268
6324 0.04133002644853894
6519 0.019399267028398844
6599 0.04399186773602547
6650 0.050134265545084725
6967 0.031671006763405854
7099 0.03403717850684532
7105 0.035694222026467576
7245 0.020198824468360636
7418 0.019084241530304722
7423 0.02865247860840466
7466 0.017915542923922802
7533 0.022189973370418975
7580 0.02274839624918178
7596 0.03235558644253995
7693 0.015924394021864467
7714 0.05192394690009249
7716 0.028332371179478226
7717 0.07863477111559744
7758 0.03923331836228148
7933 0.050134265545084725
7991 0.0325946936687268
8017 0.08228911939097644
8018 0.050134265545084725
8097 0.0183666419546977
8124 0.032030021627219504
8306 0.024467918819147037
8339 0.05347290112901235
8355 0.034748509652095715
8417 0.034748509652095715
8516 0.04133002644853894
8706 0.03267769951380397
8795 0.0340401420199294
8997 0.007837953482928872
9094 0.041787437317847245
9224 0.047640605736957296
9236 0.08651306725068639
9307 0.03923331836228148
9426 0.029501069785860146
9594 0.02865247860840466
9602 0.03103062524079444
9647 0.10496522906306328
9666 0.059723853268825046
9708 0.0884872894361874
9713 0.04880930434333921
9745 0.05166382100001901
9813 0.030429079265735695
9916 0.0642442115883615
9961 0.023747838315977855
10145 0.03673965855415405
10162 0.02634122227741989
10218 0.07275760341120334
10220 0.050134265545084725
10242 0.02137620035534206
10316 0.0372002452061138
10331 0.04633933367746512
10362 0.020129678057991193
10464 0.04399186773602547
10506 0.028022268762474024
10516 0.011901178758802745
10537 0.04076287381721577
10648 0.0425719539462091
10763 0.045649456834898954
10853 0.07422827163256789
10887 0.028022268762474024
10996 0.05166382100001901
11000 0.03218572210449377
11051 0.05568703626308073
11232 0.09449958953352741
11255 0.012362772205926787
11258 0.08958577990323757
11276 0.03536886600195028
11303 0.14147546400780112
11343 0.10516152151156848
11356 0.10490437930114214
11365 0.10748315222880199
11528 0.04133002644853894
11531 0.035694222026467576
11535 0.04399186773602547
11536 0.04880930434333921
11558 0.047640605736957296
11631 0.0943587651801616
11636 0.025596687915978182
11648 0.06949701930419143
11678 0.057966516459044465
11718 0.10332764200003802
11722 0.033090920553222214
11741 0.03711413581628394
11745 0.033613276405372636
11840 0.04659516920927082
11876 0.021613402162467234
11952 0.044786089080277494
12023 0.01979099433538798
12057 0.057067257266948966
12069 0.023263719388730036
12220 0.03536886600195028
12242 0.045649456834898954
12256 0.026870546156354688
12398 0.030047398758474085
12468 0.09129891366979791
12528 0.05347290112901235
12531 0.04880930434333921
12744 0.04659516920927082
12780 0.047640605736957296
12807 0.03184878804372893
12834 0.04112362171973366
12854 0.09128723779720709
12861 0.05568703626308073
12865 0.012299971554939637
12913 0.08152574763443154
12943 0.21165482727579688
12966 0.06290584345344107
12969 0.0425719539462091
13079 0.014228714781270694
13088 0.01877891067854427
13125 0.03212210579418075
13310 0.08798373547205093
13577 0.20167965843223581
13616 0.08135431949414733
13761 0.023747838315977855
13764 0.03505384050385616
13786 0.026851448260906054
13824 0.05900213957172029
13860 0.0325946936687268
13872 0.018026409660927365
13959 0.05347290112901235
13965 0.02757456260905589
13975 0.03923331836228148
13982 0.3824638831018327
13988 0.03790835716053596
13989 0.05839047107303509
13997 0.050488747748878446
14040 0.023076497424308912
14041 0.06038903417397358
14075 0.047640605736957296
14163 0.01603856569836016
14180 0.03637880170560167
