79 0.041492227966004845
703 0.06070346606856772
917 0.052342779956201166
1008 0.06101265622379168
1111 0.05921842442287484
1545 0.047256380320556075
1566 0.10302493074262588
1604 0.038450178758040104
1637 0.13225169114865673
1655 0.05090930976708839
1689 0.09773338217789715
1714 0.06509956363485282
2017 0.049562024360832575
2137 0.057557225243032153
2608 0.0654763108369592
2770 0.053648931771893726
2893 0.08218364234583646
2907 0.0720519750630561
3120 0.16944802063986847
3150 0.056010685806068765
3181 0.07363493356710166
3184 0.05255525482530925
3220 0.0465921559942061
3238 0.07057346581748472
3339 0.09087576767814015
3341 0.19530803983831307
3442 0.06400588668826833
3454 0.06262600921501371
3512 0.047088469940993465
3517 0.058932867301846555
3602 0.1751790286741527
3642 0.07990208850761875
3734 0.03691122636831728
3758 0.04123308137039786
4211 0.07655019549781193
4383 0.04034895823180651
4526 0.09938238079969941
4542 0.05151246537131294
4577 0.03146744479446124
4852 0.15566290910083047
4928 0.04059802669268528
4970 0.049938771562938945
5059 0.038223753288814125
5247 0.024565087568354856
5392 0.09087576767814015
5421 0.18211039820570313
5613 0.05032195919918192
5663 0.037777650389638345
5685 0.0469218079772847
5826 0.09336899382443549
5847 0.14020306810515146
5903 0.05171717849143133
5963 0.07593602198682427
6235 0.0465921559942061
6304 0.1849323979622799
6310 0.03188801868623154
6488 0.05433170326086794
6519 0.04382503954185535
6528 0.04864696135417082
6734 0.06070346606856772
6813 0.030569054106052814
6906 0.11026549042940029
7057 0.08299885694304811
7099 0.025631220873310906
7102 0.09938238079969941
7141 0.12080105928569765
7162 0.08659308670076134
7497 0.06262600921501371
7572 0.07105554742674111
7580 0.025695542096377613
7649 0.10685177168694487
7718 0.047256380320556075
7891 0.07555530077927669
8097 0.041492227966004845
8124 0.03617963921741108
8306 0.05527567140481445
8463 0.1388018452337511
8574 0.1751790286741527
8715 0.1273057452146791
8718 0.11671415187463646
8746 0.1751790286741527
8751 0.07718167192811355
8968 0.06436454923359852
8997 0.017706783499280076
9022 0.10762527404585243
9138 0.07057346581748472
9372 0.06963933353629288
9402 0.05782568271348049
9426 0.06664610307181622
9457 0.05410179426227264
9458 0.08758951433707635
9484 0.08972598073765714
9486 0.10117661260061624
9584 0.06436454923359852
9652 0.033289470685558015
9719 0.11009926126217952
9944 0.04563132615933496
9965 0.08863230379107265
10031 0.06436454923359852
10162 0.05950766625351252
10278 0.09617464218289333
10358 0.11325872089387695
10386 0.09519204426855105
10567 0.02246205283818915
10601 0.09472795115538005
10657 0.0344012322889187
10794 0.06664610307181622
10856 0.13576063846044284
10999 0.0822615781719805
11213 0.09095023389954286
11259 0.05527567140481445
11371 0.04759602213427552
11450 0.1031270536110966
11905 0.04937599897073216
11978 0.08139703774722243
12182 0.05865090218961664
12215 0.04084989373415489
12335 0.04776779255991575
12401 0.1543633438562271
12403 0.06436454923359852
12648 0.05110856379779597
12678 0.16369198433566648
12847 0.06664610307181622
12865 0.0277869642687947
12999 0.06132617085686414
13079 0.0642884070832276
13112 0.04047314653204851
13122 0.06509956363485282
13193 0.11671415187463646
13526 0.08758951433707635
13762 0.11026549042940029
13810 0.18673798764887098
13858 0.059800689130099664
13872 0.0407236064657145
13874 0.047802620590921566
14062 0.05543272570679373
14161 0.08384484152567916
14178 0.06229391527639501
