1002 0.10751225714109255
2471 0.15309125690805542
2479 0.1168664719550039
2541 0.24568610506225855
2542 0.17028724566562842
2780 0.16472396411174278
2995 0.06772135814204364
3120 0.18378727868791053
3305 0.2620472976302398
3341 0.1059178295863434
3523 0.14544800043392367
3751 0.12722827525887614
4493 0.157416389233288
4589 0.17492176832677434
4685 0.12371163364044707
4841 0.16216412657595794
4948 0.18784176643459408
5837 0.15856057575879315
6067 0.12371163364044707
6230 0.09932683735904542
6245 0.06027678017925943
6304 0.13372133052708837
7533 0.10874335286533343
8412 0.22260638080223658
9126 0.10287773447994658
9366 0.12043225524891225
9458 0.190003263783412
9671 0.17178353860836448
9719 0.07961081924126183
9827 0.05921471054438921
9908 0.130366504977286
9944 0.0989856030902663
10856 0.1472491575962822
10999 0.0297409426515385
11310 0.14121701273393347
11311 0.1059178295863434
11371 0.10324751332468375
11828 0.20862652391961528
12023 0.09698700600686096
12385 0.3066025609797281
12401 0.1674260861199293
12591 0.157416389233288
12678 0.11836276489774
13948 0.09115106457311133
