10 0.025031322194522813
11 0.02006481719775801
12 0.02943992508340204
49 0.028636740983936204
108 0.024198601138676598
149 0.02818354790126084
324 0.03400034724192796
337 0.02141667701022977
406 0.030495539456324296
472 0.03539913540260284
483 0.023521896316005438
523 0.0530836804923642
538 0.03774936228751937
543 0.043083963787267504
547 0.054942478964752295
549 0.054942478964752295
583 0.03813413118284655
637 0.025474660113892156
641 0.04188314622843796
820 0.045200881505854204
884 0.04894989655144562
896 0.03426517162854991
1101 0.052356107734217734
1103 0.1356026445175626
1133 0.03786170684741014
1300 0.06015043081537186
1318 0.021804372607355776
1361 0.0572174644332828
1440 0.03774936228751937
1519 0.018128572710500623
1545 0.04298609129861973
1566 0.09371515653326659
1567 0.036702853468490525
1570 0.0469040255708701
1611 0.07404165262563062
1620 0.02271304508707395
1655 0.023154463193680593
1665 0.040808978318737
1689 0.07408481247618448
1718 0.019172170385464118
1846 0.03209807251753046
1919 0.02667547767272169
1932 0.051512088777050415
1940 0.019801701545849888
1963 0.026881328862681044
2134 0.0530836804923642
2137 0.026178053867108867
2163 0.0530836804923642
2316 0.04787572864174464
2371 0.07575174455751536
2384 0.022799812978001713
2485 0.025362005203606507
2542 0.03570349130694386
2609 0.024606462151795072
2659 0.019050797932410296
2730 0.020897538253604218
2776 0.041224680396538996
2839 0.04894989655144562
2893 0.03737858813103511
2895 0.029274146379620693
3010 0.044811427970277255
3038 0.04894989655144562
3056 0.051512088777050415
3119 0.044445338454042756
3120 0.19266996425103244
3150 0.025474660113892156
3157 0.023064637364623664
3166 0.054942478964752295
3334 0.0572174644332828
3336 0.08493177145122098
3341 0.06662218816983911
3376 0.035103602662504604
3396 0.02680372044094815
3430 0.06963279181086063
3477 0.04894989655144562
3519 0.023806431033843833
3633 0.01781760675715924
3722 0.03068261196451172
3734 0.01678788489352749
3745 0.03167321247480272
3751 0.02667547767272169
3864 0.03983727524786245
3865 0.055054280202735784
3924 0.0469040255708701
3984 0.012865660265074883
3986 0.034816395905430314
4143 0.03774936228751937
4211 0.034816395905430314
4222 0.0637668590466825
4254 0.0572174644332828
4262 0.023154463193680593
4298 0.05854829275924139
4383 0.018351426734245262
4477 0.02818354790126084
4569 0.03570349130694386
4577 0.014311955821556983
4657 0.06015043081537186
4668 0.051512088777050415
4686 0.07404165262563062
4722 0.029111020249197917
4735 0.03231733184217944
4864 0.029274146379620693
4970 0.0454260901741479
4974 0.023615861641504067
5002 0.02654882802359313
5044 0.035103602662504604
5049 0.027065149268622406
5059 0.03476969115076619
5115 0.06015043081537186
5223 0.033004040800761296
5247 0.011172640496468145
5392 0.041331921951557556
5412 0.03349048272013297
5421 0.055218040756944115
5501 0.0389501798463489
5571 0.02271304508707395
5663 0.017181950010567614
5893 0.043083963787267504
5924 0.043083963787267504
5938 0.02006481719775801
5940 0.0572174644332828
6001 0.040808978318737
6039 0.0762682623656931
6097 0.036675194377818396
6102 0.019356982074117672
6207 0.02481667920033361
6210 0.022975596050641277
6235 0.021190944564318134
6238 0.1132480868625581
6245 0.050552030217613494
6278 0.016502020400380648
6304 0.11214740935798781
6310 0.029006480675841814
6363 0.04787572864174464
6387 0.045200881505854204
6434 0.0389501798463489
6481 0.03774936228751937
6528 0.02212550673566068
6668 0.04894989655144562
6681 0.019356982074117672
6703 0.15925104147709263
6720 0.02212550673566068
6737 0.02719842130554226
6789 0.06737125818732631
6846 0.07706798570041298
6911 0.03031183780802746
6923 0.03300490687128202
6943 0.0530836804923642
7028 0.04246588572561049
7039 0.032770524924854806
7057 0.03774936228751937
7069 0.03853399285020649
7099 0.02331507392401707
7100 0.024198601138676598
7161 0.040808978318737
7195 0.03601721346425985
7201 0.018964721990977533
7202 0.03983727524786245
7222 0.054942478964752295
7406 0.02680372044094815
7408 0.035103602662504604
7466 0.018407909790884504
7486 0.022627009423362803
7540 0.049846871674023505
7566 0.021493045649309865
7621 0.045200881505854204
7641 0.03126535146168425
7718 0.04298609129861973
7731 0.0572174644332828
7751 0.03068261196451172
7865 0.014503240337920907
7892 0.025588573764304873
7965 0.02593815654827437
8040 0.04031155451312417
8042 0.033742227995729346
8124 0.04936543797899337
8150 0.04894989655144562
8154 0.03254141043689981
8182 0.03231733184217944
8244 0.06517693520490223
8347 0.0572174644332828
8411 0.03386776042764719
8412 0.04667304912224037
8481 0.09789979310289124
8484 0.028792395391308394
8490 0.163235913274948
8565 0.06428421475629045
8567 0.030873181356851485
8574 0.27886092673503715
8689 0.028483427333237422
8715 0.05790092628250439
8716 0.026178053867108867
8718 0.0530836804923642
8737 0.026423732397125324
8746 0.27886092673503715
8882 0.04188314622843796
8968 0.029274146379620693
8995 0.021804372607355776
8996 0.044802137055704974
9094 0.028623911643113967
9184 0.04894989655144562
9372 0.22171248732361903
9381 0.08493177145122098
9398 0.0469040255708701
9426 0.03031183780802746
9428 0.04031155451312417
9458 0.0796745504957249
9483 0.10988495792950459
9497 0.0083235854164268
9594 0.02943992508340204
9695 0.029954075989807653
9719 0.08345851686098388
9906 0.0224570860624421
9944 0.0622618259922786
10005 0.03209807251753046
10074 0.06015043081537186
10266 0.040808978318737
10267 0.051512088777050415
10278 0.043741944700826055
10331 0.023806431033843833
10361 0.021647520811333882
10543 0.045200881505854204
10567 0.010216142746303525
10595 0.024400492204191184
10684 0.03400034724192796
10732 0.017282893069311175
10740 0.045200881505854204
10761 0.0389501798463489
10791 0.08376629245687592
10793 0.040808978318737
10794 0.03031183780802746
10823 0.04246588572561049
10837 0.03774936228751937
10856 0.09261954407055445
10887 0.028792395391308394
10930 0.016502020400380648
10962 0.14362718592523394
10999 0.006235672456083719
11000 0.033070271527348746
11047 0.029111020249197917
11109 0.0530836804923642
11213 0.02068289525941501
11255 0.012702534134652114
11326 0.04963335840066722
11328 0.030131387687631316
11356 0.053893715614545486
11365 0.015776725101370175
11371 0.043295041622667764
11394 0.08616792757453501
11491 0.06015043081537186
11525 0.05413029853724481
11526 0.041331921951557556
11615 0.05015071411027515
11667 0.04894989655144562
11726 0.03774936228751937
11783 0.04601693016935656
11842 0.022975596050641277
11876 0.02220739605661304
11878 0.03453705882504643
11881 0.040808978318737
11890 0.040808978318737
11929 0.029954075989807653
11950 0.0389501798463489
11965 0.02960844405481075
11978 0.11106247893844592
12069 0.04780613679715673
12078 0.022373174760394392
12150 0.054942478964752295
12165 0.044445338454042756
12181 0.08499715523878558
12182 0.02667547767272169
12183 0.03209807251753046
12401 0.14041441065001842
12403 0.05854829275924139
12406 0.02429904693290861
12413 0.020753941997426202
12513 0.021804372607355776
12610 0.08282706113541616
12611 0.01893085342370507
12615 0.05015071411027515
12678 0.22335011280300246
12733 0.019111303544101215
12735 0.015997887041616015
12834 0.03380304675580828
12847 0.06062367561605492
12877 0.02795287126229835
12982 0.03737858813103511
13075 0.07549872457503874
13122 0.02960844405481075
13336 0.01089782154850751
13513 0.051512088777050415
13526 0.03983727524786245
13557 0.06419614503506092
13754 0.02626443145320968
13770 0.028332385079595197
13786 0.04138409643293692
13858 0.10879368522216903
13872 0.03704364688259444
13874 0.0108707427393714
13875 0.05727348196787241
14039 0.029274146379620693
14051 0.13122583410247815
14060 0.025140362438702095
14163 0.016479348228758177
