10 0.03903666300062039
11 0.015645667876252264
79 0.01471509813662063
127 0.04784992074847449
139 0.05012602227320453
149 0.021976299394685952
152 0.03465653323655876
175 0.02163796132240905
259 0.041392334973548765
303 0.03143318911264498
326 0.01856321488520932
328 0.06735315620585108
329 0.05012602227320453
369 0.036573710037242455
451 0.0255530236857585
458 0.033594992745978595
472 0.027602699299821808
477 0.04461567909746255
482 0.0416007442275049
535 0.049073562017504464
576 0.033594992745978595
631 0.04690267814929074
636 0.02080037211375245
667 0.030709986694341714
670 0.052621430578988854
682 0.033594992745978595
686 0.03465653323655876
697 0.041392334973548765
717 0.1335924194422704
721 0.04465935912368943
729 0.04644196693313902
736 0.02943530354997922
759 0.05012602227320453
797 0.07720735346431376
811 0.02651198540118741
843 0.07176398359561358
877 0.03816899084963499
917 0.01856321488520932
952 0.02914619006081678
1002 0.052731083969516
1045 0.02221013227486535
1065 0.028597714341322623
1097 0.024861305446322837
1248 0.04690267814929074
1299 0.03265864767389301
1368 0.024697387375654967
1376 0.07049134540168635
1391 0.031063366861500474
1446 0.07466280328195678
1499 0.04461567909746255
1520 0.030709986694341714
1555 0.03265864767389301
1684 0.08611323172752763
1759 0.1023241725511938
1842 0.030047124184494213
1919 0.1248022326825147
1920 0.05616929914047324
1963 0.010480442939316081
2006 0.019434206431969914
2017 0.035154055979677336
2311 0.01863856848041883
2350 0.04461567909746255
2371 0.05906790102857329
2384 0.01777829810153165
2597 0.015290028938010474
2602 0.027602699299821808
2618 0.024697387375654967
2631 0.028597714341322623
2692 0.025028674676052173
2716 0.02041250276116102
2768 0.07090754065522442
2769 0.03910533592172057
2776 0.016072602392334923
2973 0.09014137255348263
3010 0.04658932513055065
3068 0.13245216990225514
3130 0.011278937428725148
3267 0.04461567909746255
3281 0.033638672772205475
3421 0.02080037211375245
3443 0.01388213221670919
3507 0.04016687641230074
3537 0.03910533592172057
3544 0.01863856848041883
3633 0.013893391348879593
3697 0.050748740434817675
3786 0.016127618146667074
3789 0.017445624258046733
3799 0.02671848388845408
3814 0.02737225578007459
3908 0.01777829810153165
3984 0.020064159621503964
3985 0.05100629156534648
4149 0.031063366861500474
4159 0.04690267814929074
4236 0.054296608996302065
4291 0.04016687641230074
4304 0.02422498634935922
4406 0.033594992745978595
4407 0.04690267814929074
4577 0.03347951370352319
4664 0.03588199179780679
4678 0.149167832677937
4689 0.02131343688483845
4734 0.020225441312362608
4808 0.014007988324568219
4881 0.01435368386592488
4925 0.036573710037242455
4964 0.024536781008752232
4990 0.017643553438918016
4991 0.022826700442978128
5059 0.08133565851258387
5061 0.041392334973548765
5070 0.04671375969763819
5105 0.03910533592172057
5106 0.02914619006081678
5228 0.023087371165580645
5258 0.06718998549195719
5279 0.01935096227058086
5297 0.023356879848819095
5317 0.05012602227320453
5374 0.022451052068617028
5487 0.14014127909291457
5528 0.01856321488520932
5653 0.033594992745978595
5685 0.016640682917753075
5718 0.06663039682459604
5746 0.019187044199912993
5790 0.06531729534778602
5893 0.033594992745978595
5895 0.041392334973548765
5903 0.018341347142748148
6072 0.02573578448810459
6102 0.015093728970132544
6109 0.00993015860992372
6141 0.03910533592172057
6193 0.4439450604674804
6210 0.017915366062115568
6310 0.02261798642072152
6505 0.024861305446322837
6579 0.023087371165580645
6636 0.02080037211375245
6696 0.022574306394494644
6967 0.025374370217408838
7099 0.0363601521539105
7105 0.057195428682645245
7245 0.016183017289139123
7287 0.030709986694341714
7418 0.015290028938010474
7422 0.041274712748300565
7439 0.03588199179780679
7466 0.01435368386592488
7533 0.01777829810153165
7580 0.027338548120264063
7596 0.025922845936903
7598 0.0154405017856657
7637 0.03910533592172057
7645 0.03816899084963499
7653 0.05012602227320453
7671 0.012941163855878441
7714 0.0416007442275049
7717 0.07875135645174088
7718 0.01675933802755029
7758 0.03143318911264498
7773 0.03733140164097839
7838 0.0341080575170646
7940 0.04690267814929074
7991 0.0261144153216165
8017 0.21976299394685953
8083 0.036573710037242455
8089 0.03222882706419606
8097 0.01471509813662063
8124 0.012831003967006172
8344 0.015697797536970128
8417 0.027840022737586692
8512 0.07314742007448491
8691 0.017846536673077115
8706 0.013090459225226952
8737 0.06181221643762357
8795 0.013636244220453342
8874 0.031821058465236404
8895 0.031821058465236404
8990 0.05012602227320453
9045 0.06622608495112757
9094 0.07811886530822076
9236 0.10396959970967629
9244 0.03265864767389301
9426 0.023635846885074804
9622 0.04284174481672036
9647 0.08409668193051369
9666 0.04784992074847449
9708 0.0850737430026947
9713 0.03910533592172057
9745 0.041392334973548765
10003 0.01871464317361724
10005 0.025028674676052173
10079 0.017126314477779046
10085 0.036573710037242455
10145 0.02943530354997922
10190 0.018869012000166045
10218 0.02914619006081678
10228 0.02943530354997922
10242 0.03425262895555809
10316 0.014902159585419045
10330 0.027840022737586692
10331 0.01856321488520932
10362 0.016127618146667074
10382 0.02041250276116102
10386 0.016879791010317963
10657 0.012200297115085555
10744 0.04690267814929074
10817 0.029735329525101196
10853 0.05947065905020239
10856 0.048147116121902596
10890 0.036573710037242455
10930 0.03860266374622301
10935 0.03465653323655876
11000 0.035456785363051635
11051 0.04461567909746255
11140 0.04461567909746255
11225 0.033113042475563785
11232 0.030284702827792703
11242 0.04690267814929074
11259 0.019603356319064343
11276 0.08501113085616031
11303 0.14168521809360052
11325 0.032477610401406044
11343 0.3089311452726029
11356 0.028015976649136437
11359 0.01335866882442407
11365 0.13532201093384802
11379 0.05012602227320453
11461 0.03465653323655876
11490 0.035245672700843174
11498 0.033594992745978595
11531 0.028597714341322623
11558 0.03816899084963499
11617 0.048758710351816045
11631 0.07559893055579922
11648 0.027840022737586692
11678 0.06966295039970853
11952 0.03588199179780679
11967 0.027602699299821808
11972 0.04016687641230074
12057 0.015240497657695947
12112 0.05012602227320453
12267 0.04016687641230074
12351 0.030709986694341714
12406 0.018947335242318283
12455 0.033113042475563785
12468 0.036573710037242455
12523 0.0154405017856657
12638 0.026310715289494427
12659 0.028867223024561073
12695 0.035421280581655064
12794 0.03265864767389301
12807 0.025516806107064707
12834 0.013179069550803025
12854 0.024379355175908023
12861 0.04461567909746255
12865 0.009854566172467105
12892 0.025922845936903
12913 0.03265864767389301
12943 0.1211249317467961
12969 0.0682161150341292
13079 0.011399848425249546
13112 0.01435368386592488
13147 0.03816899084963499
13577 0.29623538610937644
13616 0.04888496212918923
13678 0.05012602227320453
13716 0.033594992745978595
13764 0.02808464957023662
13786 0.0107565034818072
13805 0.04284174481672036
13827 0.019026437833010255
13872 0.01444250875395466
13912 0.015290028938010474
13982 0.0645104725866683
13988 0.030371648622064814
13989 0.04678163347456412
13997 0.020225441312362608
14041 0.08063809073333536
14060 0.019603356319064343
14075 0.03816899084963499
14088 0.024697387375654967
14113 0.024536781008752232
14163 0.012849875813125562
14180 0.02914619006081678
