583 0.08522065066798397
750 0.11862931319241769
884 0.21878259212162873
917 0.05320167209419078
1033 0.07484320843471648
1255 0.04786114415998071
1359 0.10939129606081437
1458 0.07886147404946992
1566 0.052357732885818374
1689 0.09933708824092954
3120 0.17222849146788455
3130 0.0323251297991514
3181 0.07484320843471648
3214 0.07125182940389543
3321 0.03545361520929106
3336 0.09490108468386084
3341 0.09925642372770142
3376 0.07844814518901831
3490 0.07032175113776819
3519 0.05320167209419078
3633 0.019909042032592524
3728 0.05475824091765106
3734 0.037516902302186864
3991 0.05277579514068875
4028 0.06078195802302399
4211 0.0778063068684662
4383 0.04101104387246925
4668 0.11511718208023178
4686 0.08273268090250062
4747 0.048377024771982496
5421 0.24679819447596357
5501 0.08704432400006952
5528 0.05320167209419078
5551 0.036256650001582826
5571 0.05075821635192719
5613 0.05114769171015244
5661 0.06108373400616486
5847 0.07125182940389543
5903 0.05256580514141944
5924 0.09628234113167286
6001 0.09119829343280757
6245 0.056485840559420734
6304 0.06265565059284423
6310 0.032411268856906233
6681 0.043258219242368307
6695 0.043820809644285315
6720 0.04944520884272882
6789 0.05018620923004263
7039 0.07323427518085775
7069 0.08611424573394227
7100 0.05407807835990933
7206 0.05114769171015244
7408 0.07844814518901831
7442 0.050565947247723404
7633 0.03698330054451467
7649 0.05430255065482724
7693 0.03656523828964429
7865 0.032411268856906233
7906 0.08353219288788359
8124 0.07354662109049072
8182 0.07222149717370607
8306 0.056182689328421465
8411 0.03784316687946171
8490 0.09119829343280757
8574 0.08902676977703182
8711 0.10101314526415806
8715 0.06469735193932469
8744 0.01336703173858575
8746 0.08902676977703182
8832 0.12786733032402103
9372 0.07078204464409434
9426 0.06773969829170952
9457 0.054989550047920256
9458 0.08902676977703182
9584 0.0654207064600248
9594 0.06579118216157945
9632 0.09359880146464027
9719 0.03730195963597693
9940 0.09628234113167286
9944 0.04638009012099477
10009 0.10283681859624362
10031 0.0654207064600248
10156 0.037195243967169014
10266 0.09119829343280757
10270 0.14365982492019513
10331 0.05320167209419078
10361 0.09675404954396499
10512 0.26884361557718356
10522 0.06815022748199245
10761 0.08704432400006952
10794 0.13547939658341904
10823 0.09490108468386084
10856 0.06899416669036487
11365 0.03525720232360936
11371 0.048377024771982496
11520 0.07125182940389543
11525 0.06048412693706848
11615 0.11207483572784695
11636 0.11754908749285235
11641 0.13442180778859178
11905 0.05018620923004263
11978 0.08273268090250062
12045 0.10481926437320592
12064 0.014834967524360183
12069 0.05341763346124089
12104 0.10939129606081437
12181 0.06331609549151268
12182 0.059613304240459394
12401 0.23534443556705495
12509 0.10481926437320592
12523 0.04425206075835882
12678 0.22183733923088542
12695 0.05075821635192719
12834 0.018885428550067945
12865 0.028242920279710367
12895 0.09490108468386084
13024 0.058774543746426176
13122 0.06616778170503015
13376 0.13442180778859178
13661 0.0797887526454285
13754 0.05869471437896583
13786 0.030827848228761976
13824 0.06773969829170952
14014 0.06078195802302399
14051 0.09775277089737833
14079 0.08273268090250062
14088 0.14156408928818867
14163 0.036827396746114356
