535 0.11414838063351349
576 0.15628839080318715
686 0.16122681886893092
721 0.10388065007959475
729 0.10802711482329411
797 0.23945260974553767
843 0.16692781568061707
1299 0.15193238853644253
1408 0.1355919668473264
1555 0.15193238853644253
1680 0.17367066375075707
1718 0.06954763198074691
1919 0.09676610768594357
2006 0.18082104513346584
2648 0.0661639456963969
2770 0.08851352861190899
2973 0.139783232655118
3036 0.11414838063351349
3068 0.1540462938103456
3281 0.07824579805799027
3985 0.07909602570698981
4719 0.1868616708905354
5044 0.12733938777329185
5059 0.06306405679742715
5208 0.1156581116374081
5685 0.07741467827502443
6050 0.1383327222785859
6193 0.12148774605317002
6880 0.1086593229341384
6921 0.10930252651819743
7099 0.042288070371543245
7105 0.133040384584978
7154 0.16692781568061707
7242 0.05492315352204515
7344 0.12951550210119925
7466 0.06677525339759449
7671 0.06020402175552529
7991 0.12148774605317002
8344 0.07302824961916302
9094 0.05191705562751589
9647 0.15649159611598054
11258 0.3339063281119905
11303 0.1318277095868586
11343 0.13065353878158265
11365 0.11446110160208063
11498 0.15628839080318715
11525 0.0981796532679086
11558 0.17756724055804704
11952 0.16692781568061707
11965 0.10740553256337354
12175 0.06760637318056034
12270 0.12148774605317002
12638 0.12240095970754807
12735 0.05803282247498847
13577 0.1252842327482575
13912 0.0711312556643391
13982 0.07502783247162907
13989 0.07254480124630412
14180 0.1355919668473264
