10 0.026292471233273915
49 0.03007954125170464
108 0.025417795327781042
337 0.02249570996800953
483 0.02470699619598798
525 0.06318098019721273
527 0.03164949249740473
586 0.06752303590272214
637 0.026758145774996227
641 0.04399333797921269
652 0.12020048529295362
750 0.0557581869409674
884 0.05141613123545802
968 0.021577247909725865
1103 0.14243469052202223
1111 0.02829058795600737
1112 0.0330526514942892
1255 0.02249570996800953
1318 0.02290293876940832
1336 0.04136836397733956
1408 0.039261827463140504
1475 0.11542127390950199
1564 0.03571338121225269
1611 0.1555441623574663
1625 0.03657054472296737
1655 0.02432105075036578
1656 0.05920703003116967
1660 0.031280186003265965
1678 0.057710636954750996
1689 0.062253932436019496
1919 0.028019463929769697
2311 0.025107372809659977
2438 0.0557581869409674
2460 0.05141613123545802
2462 0.027244994474917718
2523 0.0557581869409674
2597 0.02059667067352438
2608 0.09384055800979788
2609 0.025846205536049542
2662 0.04136836397733956
2776 0.04330169677030021
2793 0.03706649473185724
2850 0.03394557072109424
2885 0.04668462071938584
2893 0.039261827463140504
2907 0.034421596957214036
2926 0.03571338121225269
3038 0.10283226247091604
3112 0.05028784369850567
3119 0.04668462071938584
3120 0.2428526685032072
3130 0.015193467632309632
3157 0.024226699241159406
3181 0.03517782826910473
3214 0.03348980717223144
3227 0.029603515015584836
3256 0.04047544475053453
3336 0.044605437545781085
3337 0.05141613123545802
3341 0.023326267683621654
3430 0.03657054472296737
3602 0.041844390213459356
3633 0.009357654171598326
3699 0.031280186003265965
3722 0.06445697803491594
3745 0.033268998792294856
3799 0.03599154820291412
3864 0.041844390213459356
3890 0.030923192045143325
3922 0.04594578799299627
3984 0.027027737471301026
4197 0.03599154820291412
4211 0.03657054472296737
4219 0.017787057149026123
4222 0.03348980717223144
4254 0.06010024264647681
4304 0.03263264366151677
4307 0.04136836397733956
4383 0.01927602368544702
4477 0.029603515015584836
4478 0.04047544475053453
4526 0.04747823017400741
4577 0.015033032766144205
4590 0.03418093903124155
4685 0.10897997789967087
4686 0.07777208117873315
4811 0.057710636954750996
4852 0.07436528857907153
4881 0.019335352518750903
4985 0.022103401372747557
5221 0.05267744939023149
5247 0.023471099654286558
5314 0.03222848901745797
5383 0.03888604058936657
5392 0.04341434145915945
5421 0.08700012349791357
5501 0.08182520085695354
5528 0.025005866580280773
5571 0.023857392747020634
5661 0.05742119157755962
5663 0.018047625406030273
5730 0.033268998792294856
5798 0.018588590264401603
5839 0.06010024264647681
5893 0.04525465613398617
5924 0.09050931226797233
5941 0.04747823017400741
6001 0.12859515132678104
6109 0.026753148401964313
6152 0.05410741397563115
6238 0.03965128227370329
6245 0.07964847741269314
6310 0.03046790947842799
6606 0.014081356574294818
6668 0.05141613123545802
6695 0.02059667067352438
6696 0.030409069621495515
6702 0.06983954351526223
6703 0.0557581869409674
6720 0.023240252546318067
6756 0.03852299473675095
6789 0.047177075560883824
6813 0.029207684005357455
6846 0.1214263342516036
6911 0.03183903420689519
6923 0.034667787731163045
7039 0.034421596957214036
7057 0.03965128227370329
7069 0.04047544475053453
7099 0.012244876752515467
7161 0.04286505044226035
7194 0.05028784369850567
7195 0.03783186287774084
7201 0.02988032774616601
7222 0.057710636954750996
7245 0.021799584484744644
7408 0.03687222177141469
7422 0.03706649473185724
7442 0.02376702236244479
7566 0.06772777882746946
7572 0.03394557072109424
7580 0.012275605115121204
7633 0.05214870751490197
7641 0.032840588584026366
7649 0.025523301866142264
7865 0.015233954739213995
7906 0.039261827463140504
7958 0.057710636954750996
8040 0.04234256501387643
8097 0.019822201218672397
8124 0.10370521763845597
8182 0.03394557072109424
8244 0.02282024471354563
8306 0.026407005234357576
8378 0.04399333797921269
8411 0.017787057149026123
8412 0.04902456977219534
8463 0.022103401372747557
8481 0.10283226247091604
8490 0.21432525221130175
8567 0.0648573196730522
8574 0.16737756085383743
8575 0.12636196039442546
8583 0.04668462071938584
8601 0.04399333797921269
8658 0.01277964294717684
8660 0.041844390213459356
8715 0.030409069621495515
8718 0.0557581869409674
8744 0.006282776444275552
8746 0.12553317064037806
8832 0.06010024264647681
8882 0.04399333797921269
8897 0.04234256501387643
8996 0.0588242448087736
8997 0.01691822505871541
9204 0.019576010444723395
9372 0.16634499396147429
9398 0.049267183469704684
9402 0.027625229459667486
9426 0.03183903420689519
9458 0.041844390213459356
9483 0.057710636954750996
9497 0.008742951267951268
9602 0.03348980717223144
9632 0.04399333797921269
9647 0.022656747995459317
9719 0.08766339375469641
9843 0.03888604058936657
9941 0.03517782826910473
9944 0.06539875345423393
9989 0.03263264366151677
10068 0.04119334134704876
10094 0.04136836397733956
10106 0.04234256501387643
10266 0.04286505044226035
10331 0.025005866580280773
10335 0.025523301866142264
10360 0.05267744939023149
10361 0.04547636866966906
10362 0.021724958210476722
10471 0.057710636954750996
10489 0.030749060939866978
10508 0.07852365492628101
10567 0.01073086100625481
10595 0.025629858238043878
10616 0.026522777464848917
10684 0.03571338121225269
10761 0.08182520085695354
10784 0.06318098019721273
10794 0.09551710262068558
10823 0.08921087509156217
10884 0.02573748554619524
10930 0.017333439012775998
10962 0.05028784369850567
11000 0.06947289128815036
11101 0.06318098019721273
11108 0.02573748554619524
11109 0.0557581869409674
11213 0.021724958210476722
11255 0.013342523847905253
11326 0.1042680556639445
11328 0.03164949249740473
11356 0.01886967797702859
11371 0.09095273733933812
11394 0.04525465613398617
11526 0.04341434145915945
11676 0.04747823017400741
11733 0.017735695769896673
11842 0.04826634354624619
11905 0.023588537780441912
11965 0.03110020148050563
11978 0.1555441623574663
12021 0.0330526514942892
12064 0.013945472164114745
12069 0.050214745619319955
12181 0.08927955309987134
12224 0.06318098019721273
12253 0.06752303590272214
12308 0.03965128227370329
12354 0.018100508609896936
12401 0.11061666531424409
12413 0.021799584484744644
12513 0.02290293876940832
12523 0.02079936745722748
12599 0.04341434145915945
12611 0.03976928707130001
12648 0.024416240950649863
12678 0.31280416699183344
12725 0.030409069621495515
12733 0.02007418524514047
12764 0.04159873491445496
12834 0.008876535041950122
12847 0.03183903420689519
12877 0.014680608116502238
12885 0.034667787731163045
12956 0.03348980717223144
12999 0.058595055425387996
13022 0.02376702236244479
13079 0.015356342665857128
13088 0.040534284607467004
13091 0.15803234817069445
13276 0.05410741397563115
13336 0.011446884720783267
13557 0.03371526448951924
13597 0.05141613123545802
13614 0.050214745619319955
13770 0.05951970206658089
13786 0.014489714879652078
13827 0.025629858238043878
13858 0.1142750197866752
13872 0.019455005462102368
13874 0.022836883208813056
13935 0.04091260042847677
14051 0.09189157598599254
14062 0.052964070474104216
14113 0.0330526514942892
14163 0.043274061382036766
