210 0.02677225990080763
326 0.019448939570245332
421 0.021689372554737296
458 0.03519794323449704
685 0.04097120676126416
920 0.020449628591220632
922 0.04488589455957646
994 0.034746413245715334
997 0.02081181863939521
1127 0.0160717969003054
1140 0.04208339756336021
1180 0.06753318472770226
1192 0.04208339756336021
1249 0.06328255995588183
1289 0.03999018494815141
1310 0.03999018494815141
1550 0.017312187605186657
1564 0.027776977487114093
1604 0.014286883573169052
1656 0.023024875892883177
1689 0.012104889127428553
1850 0.039112631032809334
1942 0.03289360356709952
1950 0.04674447028803128
1959 0.09925693917346279
2189 0.04914059114485846
2279 0.03376659236385113
2311 0.01952788858466407
2352 0.017943478939347876
2425 0.03102926178880567
2449 0.04097120676126416
2471 0.026222892117987756
2472 0.04674447028803128
2501 0.043367327618091346
2558 0.012747203670670842
2565 0.01623045043357985
2575 0.034746413245715334
2712 0.04674447028803128
2730 0.017072485921280696
2740 0.02522220309701246
2760 0.02476360698305884
2763 0.021287894421169955
2770 0.019934264724053127
2781 0.04097120676126416
2793 0.014414697723157531
2833 0.04914059114485846
2848 0.014286883573169052
2873 0.027159727839886023
2886 0.03573548836286939
2927 0.013443222110126819
3041 0.14339147390685567
3130 0.01181710031502338
3137 0.035756305308391356
3168 0.029424679707729922
3204 0.02570752825082025
3227 0.023024875892883177
3236 0.018555685256927565
3241 0.027566103979275086
3247 0.02996222483610227
3257 0.023269865868179376
3292 0.07663757390868374
3297 0.019607593103519786
3301 0.02968911647836473
3321 0.012960780979429494
3332 0.03093155994087401
3353 0.02200371396034697
3417 0.02677225990080763
3432 0.0081617814084796
3527 0.018278024257010646
3633 0.007278150106031098
3648 0.01628401369637566
3693 0.024913684172352794
3695 0.04208339756336021
3728 0.020017974560927753
3756 0.019607593103519786
3786 0.016897130841082925
3790 0.016337923649369427
3822 0.043367327618091346
3841 0.014632178973239028
3899 0.03519794323449704
3908 0.018626571290407037
3984 0.010510750169608537
3993 0.032545523427574746
4107 0.04488589455957646
4247 0.04914059114485846
4253 0.0333393675060422
4265 0.04914059114485846
4376 0.03376659236385113
4383 0.014992410625293651
4399 0.02867829478137113
4435 0.034692997203159034
4489 0.06487001059107518
4542 0.019140420645585673
4577 0.011692318076143788
4590 0.026585082166162333
4663 0.02677225990080763
4689 0.022330385580880314
4700 0.0514150565016405
4720 0.07662777301935593
4758 0.027993328837084
4817 0.018485397424953712
4852 0.028919733676391907
4864 0.02391585295159761
4881 0.04511566533788427
4922 0.013597468345304002
4984 0.03519794323449704
4985 0.12034032148044546
5063 0.0236514161809628
5166 0.028919733676391907
5172 0.07712258475246075
5197 0.026585082166162333
5260 0.043503029952767225
5267 0.052517733814798406
5358 0.01884292264037694
5390 0.05392606680063765
5429 0.04674447028803128
5443 0.04208339756336021
5455 0.02090488171550071
5520 0.04180976343100142
5548 0.02200371396034697
5551 0.013254346473394343
5571 0.018555685256927565
5623 0.04914059114485846
5641 0.0333393675060422
5685 0.017434675969455273
5689 0.06683361718898458
5727 0.036310134036593084
5753 0.09348894057606257
5830 0.03217528208959024
5886 0.028919733676391907
5909 0.04914059114485846
5954 0.031820800564557106
5962 0.016782245451929016
5963 0.08464635069415706
5965 0.04674447028803128
6020 0.04488589455957646
6068 0.021386464313118903
6109 0.01040396590362371
6264 0.043367327618091346
6310 0.011848590177333449
6481 0.030839778751444353
6482 0.04914059114485846
6496 0.030839778751444353
6563 0.017251612366116057
6591 0.061679557502888706
6606 0.010952128061680704
6629 0.02018796124992465
6636 0.021792840452507962
6681 0.015813910707011623
6728 0.03573548836286939
6737 0.04444013062063376
6738 0.04488589455957646
6771 0.03217528208959024
6772 0.04914059114485846
6775 0.013443222110126819
6787 0.034216921421384286
6789 0.036693153134236434
6880 0.024471329321900548
6884 0.03293299136665315
7025 0.018555685256927565
7276 0.05209507407557996
7284 0.3137214896563166
7289 0.04488589455957646
7401 0.01884292264037694
7402 0.029424679707729922
7442 0.036970794849907423
7453 0.022555508978696136
7468 0.043024564673826565
7469 0.02867829478137113
7491 0.012436768037071687
7497 0.04653973173635875
7501 0.05643090046277137
7502 0.0666787350120844
7533 0.03725314258081407
7540 0.020361489581862045
7571 0.021587174233778747
7580 0.019095319196852735
7650 0.09828118228971693
7671 0.027117276329345776
7674 0.023522280901832077
7699 0.031820800564557106
7851 0.018555685256927565
7856 0.025875797785154885
7862 0.014202750952169071
7865 0.023697180354666898
7901 0.03053687050982596
7968 0.1503762563652969
7969 0.03831878695434187
8097 0.06166885557251088
8115 0.028658541463241285
8124 0.026886444220253637
8142 0.04914059114485846
8156 0.021587174233778747
8246 0.04914059114485846
8250 0.022598444789027148
8268 0.43586689923638183
8293 0.09250328335876633
8294 0.02844365789461717
8313 0.039112631032809334
8365 0.04914059114485846
8384 0.03148079177758737
8411 0.041502988730258
8427 0.04097120676126416
8428 0.09546240169367133
8463 0.017191474497206493
8474 0.021792840452507962
8658 0.019879375314667744
8697 0.03519794323449704
8715 0.0473028323619256
8737 0.021587174233778747
8738 0.03519794323449704
8744 0.04397928186379759
8751 0.02867829478137113
8795 0.028573767146338105
8808 0.04914059114485846
8810 0.04914059114485846
8872 0.04581006250920801
8886 0.02677225990080763
8893 0.022786886597687978
8899 0.04208339756336021
8982 0.02222006531031688
8995 0.017813334749954907
8996 0.009150406196707058
9101 0.031820800564557106
9105 0.0736039340796769
9126 0.01762185370410057
9129 0.034692997203159034
9312 0.03148079177758737
9346 0.09828118228971693
9353 0.04914059114485846
9359 0.03831878695434187
9363 0.04914059114485846
9364 0.04914059114485846
9375 0.17030264148586283
9383 0.1472078681593538
9402 0.021486214710868118
9405 0.043367327618091346
9446 0.11733789309842799
9497 0.013600099027167948
9531 0.019065044034678628
9654 0.018009321643178967
9725 0.07798149468500425
9757 0.025875797785154885
9758 0.020361489581862045
9784 0.022905031254604004
9827 0.010142845501203049
9902 0.028828302758262075
9905 0.026658767090829313
9908 0.022330385580880314
9961 0.03986852944810625
10003 0.03921518620703957
10016 0.043367327618091346
10068 0.016019576925740842
10079 0.017943478939347876
10139 0.04914059114485846
10156 0.013597468345304002
10361 0.01768519285846443
10371 0.02604753703778998
10495 0.019851387834692556
10496 0.027159727839886023
10510 0.03999018494815141
10516 0.03996005779551446
10561 0.026585082166162333
10567 0.008346196144705192
10569 0.045573773195375956
10574 0.023395117230867693
10598 0.04257578884233991
10616 0.020628755036055997
10621 0.04674447028803128
10628 0.016725391588447824
10657 0.012782421730160445
10678 0.03519794323449704
10679 0.08906734943509421
10680 0.03759406409132422
10924 0.028573767146338105
10930 0.026963033400318824
10949 0.035626669499909815
10970 0.03115412015705403
10999 0.005094304837453575
11000 0.05065714004909906
11052 0.02522220309701246
11097 0.11635603089594403
11103 0.04914059114485846
11135 0.041257510072111994
11138 0.021689372554737296
11218 0.023522280901832077
11331 0.02604753703778998
11332 0.023782585169946087
11336 0.02570752825082025
11338 0.06328255995588183
11339 0.04511101795739227
11500 0.04914059114485846
11714 0.017943478939347876
11733 0.013794381976627468
11797 0.08464635069415706
11842 0.05631053792280349
11849 0.020361489581862045
11910 0.01899034345629172
11921 0.047565170339892174
11929 0.024471329321900548
11957 0.014810347449396608
11995 0.03217528208959024
12017 0.02314647014962479
12041 0.018075688995598294
12051 0.04097120676126416
12064 0.016269660833047647
12132 0.04674447028803128
12160 0.04674447028803128
12235 0.03573548836286939
12245 0.020538710281657675
12272 0.04914059114485846
12309 0.03759406409132422
12378 0.03479982928827165
12383 0.05209507407557996
12434 0.043367327618091346
12449 0.07518812818264844
12450 0.043367327618091346
12465 0.02996222483610227
12523 0.016177229430390832
12565 0.02677225990080763
12611 0.015465779970437006
12640 0.03115412015705403
12768 0.01952788858466407
12790 0.04208339756336021
12827 0.18697788115212513
12834 0.006903947642438178
13008 0.02867829478137113
13022 0.036970794849907423
13079 0.023887560910507102
13209 0.03573548836286939
13287 0.03999018494815141
13336 0.017806203075372777
13337 0.031820800564557106
13349 0.029424679707729922
13475 0.04674447028803128
13595 0.04914059114485846
13616 0.017072485921280696
13697 0.04488589455957646
13709 0.020017974560927753
13723 0.014900881587070711
13754 0.010728515741274652
13770 0.04629294029924958
13786 0.03380921691072308
13788 0.04488589455957646
13874 0.008880979190923293
13876 0.03831878695434187
13884 0.02570752825082025
13918 0.018009321643178967
13973 0.09037844497799148
13989 0.016337923649369427
14003 0.034692997203159034
14014 0.02222006531031688
14041 0.03379426168216585
14062 0.020597066747076554
14072 0.012470695003165808
14088 0.025875797785154885
14093 0.09828118228971693
14163 0.006731497203476404
14207 0.04914059114485846
14211 0.11110032655158443
14212 0.05324705212519487
14213 0.1759897161724852
