11 0.025245608783385942
33 0.06679003438128633
60 0.06679003438128633
108 0.03044674723079403
149 0.03546061832661757
523 0.06679003438128633
547 0.06912877978716567
549 0.06912877978716567
587 0.055036236436031276
1067 0.06481265331566388
1101 0.03293730015707688
1111 0.033887926525463054
1133 0.02381885241017208
1217 0.04094369308489689
1255 0.05389304511588676
1359 0.18476668780163477
1403 0.039851323995180724
1450 0.050123370474363244
1458 0.022200080323231907
1566 0.029478167625381885
1604 0.022003233712176627
1689 0.018642743406336617
1801 0.046144831532304975
2006 0.031358736263459495
2137 0.03293730015707688
2311 0.030074907115548128
2331 0.05420836302124182
2365 0.07450685325715736
2371 0.03177035187029936
2373 0.06309976792496813
2514 0.06679003438128633
2702 0.06912877978716567
2744 0.03791139576130647
2778 0.10400787822488171
2885 0.055921248411937574
2965 0.022603074274704434
3010 0.018793954419694482
3112 0.06023737488343937
3116 0.06912877978716567
3120 0.0484835769381843
3728 0.030829688675820765
3745 0.039851323995180724
3756 0.06039532013828969
3758 0.023595758338999864
3978 0.046144831532304975
3984 0.03237521903048551
4030 0.03044674723079403
4128 0.06912877978716567
4211 0.04380608612642565
4286 0.05072010996452949
4577 0.018007342605468782
4668 0.06481265331566388
4725 0.05789862947756003
4756 0.08088257773242073
4921 0.06481265331566388
4970 0.028577616476453408
5044 0.04416745046668252
5127 0.055036236436031276
5322 0.06481265331566388
5421 0.20842647720069454
5798 0.022266372903650352
6109 0.01602315103490209
6235 0.05332501073381037
6238 0.04749635258274386
6304 0.035276045562956215
6310 0.018248017315776254
6367 0.08088257773242073
6521 0.046579706593860556
6563 0.053138426845782544
6629 0.06218297045391641
6681 0.02435500866286452
6702 0.04182870506080319
6703 0.06679003438128633
6737 0.03422112930498826
6789 0.19778897684022448
6880 0.037688301690134256
6911 0.03813843860448498
7006 0.030321599059981663
7057 0.04749635258274386
7099 0.01466754541644234
7161 0.051345969979713066
7201 0.011930732967838654
7222 0.207386339361497
7223 0.16176515546484146
7242 0.03810000511354302
7408 0.04416745046668252
7475 0.03725342662857868
7533 0.05737357615610994
7566 0.027042609791957706
7580 0.014704353435273562
7633 0.020822137871564957
7716 0.0366275666133951
7865 0.05474405194732876
7914 0.05420836302124182
8041 0.05269749103015194
8085 0.10638185497985272
8124 0.04140782087555135
8306 0.09489502175044807
8411 0.021306255165418543
8574 0.15037011142308973
8658 0.015308115967367846
8689 0.03583792746166968
8715 0.327829978924103
8737 0.033246413566590825
8744 0.04515500353345809
8746 0.15037011142308973
8754 0.06309976792496813
8991 0.08088257773242073
8996 0.01409254335113439
9204 0.023449155763184338
9307 0.05072010996452949
9372 0.039851323995180724
9426 0.03813843860448498
9497 0.010472758312579463
9534 0.059014775378089544
9555 0.06158889593387826
9584 0.036832812364224116
9647 0.027139422219502555
9695 0.07537660338026851
9719 0.04200309517994402
9781 0.029247033700758672
9833 0.08088257773242073
9944 0.05222533504453254
9989 0.039089064972871145
10156 0.0628243953336738
10198 0.08088257773242073
10234 0.03234056066691064
10278 0.055036236436031276
10516 0.015385624274247497
10582 0.03791139576130647
10589 0.050123370474363244
10732 0.021745384110535292
10793 0.051345969979713066
10836 0.03725342662857868
10856 0.03884472261828961
11000 0.05201138447408088
11087 0.046144831532304975
11365 0.019850319385751523
11371 0.027236970870295578
11615 0.504798143399745
11636 0.03309092577482045
11707 0.08088257773242073
11733 0.021244731854383376
11957 0.02280942058627894
11978 0.046579706593860556
12007 0.03813843860448498
12021 0.039592172034458
12045 0.059014775378089544
12069 0.060149814231096256
12078 0.11259996274600564
12182 0.10068948051678137
12333 0.031358736263459495
12401 0.04416745046668252
12582 0.028362021724852374
12611 0.02381885241017208
12678 0.09367324429914341
12735 0.020128585953853865
12834 0.021265543704504654
12866 0.10024674094872649
12877 0.035170380338136714
12903 0.020762887947467265
13088 0.024277029177973794
13252 0.055036236436031276
13438 0.052003939112440854
13526 0.050123370474363244
13770 0.03564788567820212
13786 0.01735652839665679
13827 0.061401534261463386
13872 0.023304209749101752
13977 0.08088257773242073
14051 0.055036236436031276
