11 0.019726441950225878
79 0.01855315678945987
171 0.05913604744393551
175 0.027281672557782778
249 0.02800307973378236
259 0.052188471562749465
328 0.05661367464220504
336 0.02785458467304303
451 0.032217879247901184
482 0.05245123906379656
535 0.03093657554556871
576 0.04235739116178597
631 0.05913604744393551
636 0.02622561953189828
670 0.06634639082616864
676 0.03711275295874628
686 0.04369580745892776
717 0.06737464013583369
721 0.05630761577298521
729 0.05855517143831421
797 0.0648966171036639
843 0.09048179136312687
917 0.023404956805868626
965 0.034802160554229064
990 0.05913604744393551
1045 0.02800307973378236
1097 0.03134574391919135
1247 0.06320011880534408
1299 0.041176824320154855
1368 0.031139071993697476
1446 0.0470683471754564
1465 0.04611303101027326
1520 0.03871990474357768
1555 0.041176824320154855
1603 0.035728039889825404
1683 0.038293319800377396
1684 0.054286837744964615
1759 0.08600855162809565
1801 0.10817009979858534
1824 0.05625254292415805
1846 0.031556767150709715
1919 0.05245123906379656
2006 0.0735093729576456
2086 0.06311353430141943
2105 0.029623248706508273
2227 0.049304967042972006
2299 0.05913604744393551
2311 0.04699992893526301
2558 0.015340052357615385
2631 0.036056699932861785
2716 0.025736584335147108
2730 0.020545119908115098
2768 0.029800655696555687
2770 0.02398899966438267
2793 0.0173467235250348
2851 0.05401592305664244
2973 0.15153660570701902
3010 0.029370482134641628
3056 0.0506433833401138
3068 0.0417497364354151
3181 0.03292569559704561
3376 0.06902322342045224
3421 0.02622561953189828
3443 0.017502932919465163
3537 0.049304967042972006
3544 0.04699992893526301
3633 0.017517128709566683
3786 0.04066819335319347
3789 0.02199587112124267
3797 0.045240895681563434
3799 0.033687320067916846
3801 0.052188471562749465
3888 0.04063489594910289
3935 0.04443860895099021
4046 0.03749103306980417
4191 0.03510138376767865
4202 0.03342696170839559
4236 0.03422924843896882
4262 0.022763983821881942
4278 0.034802160554229064
4283 0.031139071993697476
4328 0.06320011880534408
4401 0.05913604744393551
4406 0.04235739116178597
4508 0.03510138376767865
4576 0.034802160554229064
4577 0.028141194901061675
4678 0.03134574391919135
4681 0.04063489594910289
4689 0.05374500836832027
4773 0.038293319800377396
4808 0.017661615388337635
4820 0.03422924843896882
4990 0.022245425088998783
5039 0.0417497364354151
5059 0.034183331318339165
5070 0.05889785442467123
5228 0.05821824810335149
5247 0.010984223878648057
5258 0.08471478232357194
5299 0.03177232886239165
5347 0.03963173609751919
5377 0.0481244002013409
5390 0.01622372854340908
5391 0.026101105716151665
5392 0.04063489594910289
5487 0.029448927212335614
5514 0.06320011880534408
5528 0.04680991361173725
5663 0.01689219174710533
5718 0.02800307973378236
5746 0.02419149611251144
5767 0.04012077129427036
5790 0.08235364864030971
5796 0.08887721790198042
5826 0.0417497364354151
5876 0.05913604744393551
5938 0.019726441950225878
6044 0.016793923967157922
6062 0.027143418872482308
6109 0.012520187627945375
6193 0.5268111295527298
6210 0.04517626622737998
6310 0.014258656124120524
6519 0.01959626825993772
6606 0.013179848869916825
6935 0.03871990474357768
7099 0.022921885995489583
7105 0.036056699932861785
7216 0.0481244002013409
7242 0.014885312246267289
7374 0.03016517707756024
7422 0.0173467235250348
7439 0.045240895681563434
7466 0.018097476809081126
7580 0.022979408177109917
7598 0.019467763509131413
7627 0.03843118679432271
7645 0.1443732006040227
7658 0.05913604744393551
7693 0.03217221523602699
7714 0.07867685859569484
7716 0.02862008885492457
7717 0.03971665700266498
7718 0.021130584602686565
7773 0.0470683471754564
7991 0.03292569559704561
8017 0.19395780250688147
8107 0.03639650309352165
8124 0.016177644631102495
8306 0.02471639264723079
8433 0.014334878797683377
8484 0.02830683732110252
8512 0.04611303101027326
8666 0.031139071993697476
8737 0.1039124788634383
8795 0.01719291130052484
9094 0.04221179235159251
9183 0.05401592305664244
9236 0.04369580745892776
9244 0.041176824320154855
9409 0.020545119908115098
9414 0.04369580745892776
9423 0.04012077129427036
9530 0.04611303101027326
9645 0.01622372854340908
9647 0.06361869601591968
9708 0.12514023970013693
9713 0.09860993408594401
9916 0.03244830855183195
9978 0.04235739116178597
10079 0.021593277515497618
10112 0.06320011880534408
10197 0.036056699932861785
10218 0.03674823157774172
10233 0.05913604744393551
10242 0.043186555030995236
10316 0.03757801690792214
10331 0.023404956805868626
10496 0.03268416021633315
10524 0.03674823157774172
10583 0.026479385827209552
10648 0.043004275814047824
10652 0.0417497364354151
10684 0.03342696170839559
10763 0.04611303101027326
10790 0.04235739116178597
10817 0.03749103306980417
10853 0.07498206613960834
10884 0.02408973652508403
10999 0.006130513401303375
11000 0.028448499529860033
11102 0.02785458467304303
11179 0.0417497364354151
11225 0.0417497364354151
11232 0.03818369640960298
11258 0.06033035415512048
11299 0.04611303101027326
11303 0.14291215955930162
11343 0.07081963056119986
11356 0.03532323077667527
11365 0.04653199410831787
11430 0.03317319541308432
11490 0.04443860895099021
11498 0.04235739116178597
11502 0.031556767150709715
11525 0.05321743932771387
11561 0.045240895681563434
11617 0.061476178385640984
11631 0.0635446577247833
11648 0.03510138376767865
11649 0.05625254292415805
11678 0.029277585719157104
11680 0.05625254292415805
11732 0.05401592305664244
11745 0.06790924425864599
11799 0.05625254292415805
12008 0.0470683471754564
12021 0.03093657554556871
12023 0.019991973591549708
12117 0.020907008791856987
12173 0.02800307973378236
12242 0.04611303101027326
12398 0.060705065374109336
12476 0.0481244002013409
12614 0.023125220512288533
12638 0.03317319541308432
12735 0.015728096944136193
12794 0.041176824320154855
12804 0.05625254292415805
12807 0.03217221523602699
12834 0.03323298851901483
12854 0.030738089192820492
12865 0.01242487882801697
12877 0.013740735508905578
12913 0.041176824320154855
12926 0.043004275814047824
12943 0.03054345718861813
13057 0.02830683732110252
13129 0.03916545512908722
13201 0.0506433833401138
13304 0.05625254292415805
13310 0.04443860895099021
13450 0.03292569559704561
13577 0.10186386638796897
13616 0.06163535972434529
13761 0.02398899966438267
13824 0.059601311393111374
13827 0.02398899966438267
13851 0.03639650309352165
13861 0.043004275814047824
13872 0.05462840822211547
13880 0.043004275814047824
13912 0.01927804365071224
13925 0.03093657554556871
13927 0.05913604744393551
13932 0.06320011880534408
13978 0.0506433833401138
13982 0.30501145014895115
13989 0.03932228756534179
13997 0.05100146534129182
14041 0.06100229002979021
14061 0.03871990474357768
14180 0.03674823157774172
14200 0.03963173609751919
14202 0.05625254292415805
