10 0.023679057287846514
11 0.037961714703176296
12 0.02784949461248689
49 0.027089700856642043
108 0.02289132224800539
175 0.026250528931604032
324 0.03216354948778743
337 0.04051937152177301
406 0.0288480816234347
472 0.0334867710392814
483 0.022251174990163027
523 0.050215945512597594
538 0.03571003182490434
543 0.0407564426192973
547 0.05197432627939026
549 0.05197432627939026
583 0.036074014384204676
637 0.024098444801979445
641 0.03962049672132158
884 0.04630548061618036
896 0.03241406728997576
966 0.050215945512597594
1091 0.028008909698396693
1101 0.02476383917663123
1103 0.12827699483719035
1133 0.035816307204565
1300 0.05690092940745638
1318 0.02062643691303305
1336 0.03725643937509541
1361 0.05412641040901484
1403 0.0299621333165172
1519 0.034298428858285775
1566 0.06648929318572779
1567 0.03472005845931669
1570 0.044370133542776836
1611 0.07004170696954914
1620 0.021486020259686794
1655 0.04380718334986446
1665 0.03860435848967271
1689 0.09811554927903533
1718 0.018136433919143748
1846 0.03036404118270529
1919 0.025234390699955155
1963 0.025429121209272217
2134 0.050215945512597594
2137 0.02476383917663123
2163 0.050215945512597594
2316 0.045289342384531486
2371 0.07165941475613356
2384 0.02156810069651141
2462 0.024536901809450288
2485 0.02399187583795585
2542 0.03377468475150082
2597 0.01854940680509638
2608 0.02817100415454557
2609 0.02327714942165843
2659 0.0180216183593945
2730 0.01976859239142927
2776 0.038997603130864866
2790 0.047441426514156074
2793 0.016691083246381064
2839 0.04630548061618036
2848 0.03308616907977499
2893 0.035359287967907244
2895 0.05538534351393719
3010 0.014130194719139847
3038 0.04630548061618036
3056 0.048729255757624795
3119 0.042044271862766026
3120 0.1458090974401925
3150 0.024098444801979445
3166 0.05197432627939026
3336 0.08034350986828037
3341 0.06302306358632946
3376 0.03320720383828266
3396 0.02535570542044766
3430 0.03293551282646281
3477 0.04630548061618036
3519 0.045040676628172946
3633 0.008427523881008033
3642 0.03437765565182737
3699 0.02817100415454557
3722 0.029025047930045563
3734 0.015880954471617706
3745 0.0299621333165172
3751 0.025234390699955155
3864 0.03768514964791806
3865 0.03472005845931669
3882 0.03036404118270529
3922 0.04137887748811424
3924 0.044370133542776836
3984 0.012170619837626457
3986 0.03293551282646281
4143 0.03571003182490434
4211 0.03293551282646281
4219 0.03203812539925669
4222 0.06032198765604254
4254 0.05412641040901484
4262 0.02190359167493223
4298 0.05538534351393719
4383 0.03472005845931669
4384 0.01694290938379674
4566 0.029576306142864165
4569 0.03377468475150082
4577 0.0270775645941652
4668 0.048729255757624795
4685 0.024536901809450288
4686 0.07004170696954914
4722 0.055076716350145515
4735 0.030571455480236633
4864 0.027692671756968594
4881 0.01741346090712067
4970 0.021486020259686794
4974 0.022340064035186784
5044 0.03320720383828266
5049 0.02560301110166924
5059 0.016445665599316095
5076 0.04275899827906345
5115 0.05690092940745638
5247 0.010569061926352092
5392 0.039099051184834546
5412 0.031681229331992154
5421 0.05223500142123632
5501 0.03684597772288005
5571 0.021486020259686794
5663 0.016253731043666973
5685 0.04037595981112441
5829 0.0334867710392814
5893 0.0407564426192973
5924 0.0407564426192973
5938 0.018980857351588148
5940 0.05412641040901484
5941 0.0855179965581269
6001 0.03860435848967271
6039 0.1442960575368187
6097 0.03469389359325546
6102 0.018311261542274606
6207 0.0234760099331625
6210 0.021734387455753266
6235 0.020046148038950388
6238 0.10713009547471303
6245 0.04782106235689551
6278 0.01561053321071977
6304 0.18565553960396722
6310 0.027439466133848987
6363 0.045289342384531486
6387 0.04275899827906345
6434 0.03684597772288005
6481 0.03571003182490434
6528 0.020930222440705984
6668 0.04630548061618036
6681 0.018311261542274606
6702 0.03144882307149001
6703 0.1506478365377928
6720 0.020930222440705984
6737 0.02572908339511699
6789 0.06373166666046384
6846 0.10935682308014437
6923 0.031221885704309067
6943 0.050215945512597594
7028 0.040171754934140186
7039 0.031000165753059288
7057 0.03571003182490434
7069 0.03645227436004812
7099 0.022055525745978327
7100 0.04578264449601078
7161 0.03860435848967271
7170 0.027538358175072757
7195 0.03407145872443852
7201 0.01794019249093847
7202 0.03768514964791806
7222 0.05197432627939026
7242 0.014322703967251039
7406 0.02535570542044766
7408 0.03320720383828266
7418 0.01854940680509638
7466 0.01741346090712067
7486 0.021404632493032587
7566 0.020331928743726944
7580 0.011055436903780998
7621 0.04275899827906345
7641 0.0887289184285925
7718 0.04066385748745389
7731 0.05412641040901484
7765 0.04630548061618036
7865 0.013719733066924493
7892 0.02420620450532347
7965 0.024536901809450288
8040 0.03813380696634878
8042 0.031919374594813935
8124 0.046698573285912745
8150 0.09261096123236072
8182 0.030571455480236633
8244 0.06165588739458761
8347 0.05412641040901484
8411 0.016019062699628345
8412 0.04415163511441801
8481 0.09261096123236072
8484 0.02723694635972131
8490 0.15441743395869084
8567 0.058410644417890505
8574 0.3014811971833445
8688 0.01741346090712067
8715 0.08215942448873922
8716 0.02476383917663123
8718 0.050215945512597594
8737 0.024996245437133385
8746 0.22611089788750838
8968 0.027692671756968594
8995 0.02062643691303305
8996 0.06357269274765612
9094 0.0270775645941652
9184 0.04630548061618036
9372 0.1797727998991032
9381 0.08034350986828037
9426 0.02867430407304847
9428 0.03813380696634878
9457 0.02327714942165843
9458 0.07537029929583612
9483 0.10394865255878052
9497 0.007873921097103729
9594 0.02784949461248689
9695 0.056671739179831586
9719 0.11052978269279401
9783 0.01476025662917164
9906 0.021243888886821282
9944 0.058898260869323676
10003 0.022704046594487118
10074 0.05690092940745638
10180 0.030783428696838224
10266 0.03860435848967271
10267 0.048729255757624795
10278 0.04137887748811424
10331 0.022520338314086473
10361 0.04095611741545054
10385 0.040171754934140186
10386 0.04095611741545054
10489 0.027692671756968594
10543 0.04275899827906345
10684 0.03216354948778743
10732 0.01634922086446926
10740 0.04275899827906345
10761 0.03684597772288005
10791 0.07924099344264315
10793 0.03860435848967271
10794 0.05734860814609694
10823 0.040171754934140186
10837 0.03571003182490434
10856 0.14602661104472628
10887 0.02723694635972131
10930 0.01561053321071977
10962 0.13586802715359447
10999 0.0058988032740900035
11000 0.043015113860589684
11109 0.050215945512597594
11213 0.019565545036745253
11255 0.012016306255730622
11326 0.046952019866325
11328 0.028503602393558522
11356 0.05098222017896322
11365 0.014924420475547005
11371 0.04095611741545054
11394 0.0815128852385946
11491 0.05690092940745638
11495 0.031000165753059288
11525 0.05120602220333848
11526 0.07819810236966909
11615 0.047441426514156074
11676 0.04275899827906345
11677 0.044370133542776836
11726 0.03571003182490434
11783 0.043530961617738825
11842 0.021734387455753266
11876 0.021007687862109818
11881 0.03860435848967271
11890 0.03860435848967271
11929 0.028335869589915793
11950 0.03684597772288005
11957 0.017149214429142887
11965 0.028008909698396693
11978 0.07004170696954914
12045 0.044370133542776836
12069 0.04522351009401329
12078 0.02116451071762811
12092 0.035359287967907244
12113 0.0407564426192973
12150 0.05197432627939026
12180 0.05412641040901484
12181 0.0804053614332679
12183 0.03036404118270529
12398 0.029205322208945252
12401 0.13282881535313065
12403 0.05538534351393719
12406 0.022986341667972882
12413 0.01963275362310789
12610 0.07835250213185448
12611 0.0179081536022825
12615 0.047441426514156074
12678 0.21128408939846252
12733 0.018078855281772454
12834 0.031976907748392215
12847 0.08602291221914542
12877 0.02644277576853664
13088 0.03650526566431737
13091 0.047441426514156074
13122 0.028008909698396693
13336 0.010309089498128962
13513 0.048729255757624795
13526 0.03768514964791806
13557 0.03036404118270529
13561 0.12162278860774724
13614 0.09044702018802658
13754 0.024845550394032065
13770 0.026801787144422638
13786 0.026098938032544976
13858 0.10291633358046796
13872 0.03504244122092938
13874 0.01028347356510562
13875 0.05417940171328409
14039 0.027692671756968594
14051 0.08275775497622848
14060 0.02378220686055135
14163 0.015589085855821121
