483 0.030819620753464446
585 0.08422854571784759
896 0.04489602285703884
898 0.16492011831302084
1361 0.07496931925121614
1375 0.0420565760777695
1403 0.041499902193391384
1445 0.05731298737938715
1519 0.023753005634969022
1623 0.04454903607279715
1655 0.0606763812570427
1665 0.10694012236283992
1689 0.019413960451427483
1838 0.039956853311894726
1942 0.02637756992377596
2046 0.03546217638614709
2134 0.0695530189825519
2137 0.034299857520376634
2145 0.15762449089836666
2150 0.0627292876480514
2340 0.03793241338469037
2384 0.029873509337501457
2386 0.05645086631795326
2462 0.03398553148616054
2552 0.04454903607279715
2553 0.08422854571784759
2621 0.05487749224725621
2766 0.08422854571784759
2816 0.04388098486696492
2848 0.022913468247732206
2895 0.038356520119825585
2965 0.02353812314450661
3049 0.07496931925121614
3120 0.2524462802244333
3130 0.018952401443031657
3150 0.033378234177460026
3157 0.030220496121743157
3208 0.031192433046196403
3341 0.14548646826597073
3376 0.04599457911913902
3633 0.03501834262931157
3666 0.031446883408198505
3734 0.0219963662249149
3756 0.031446883408198505
3890 0.07714746412375491
3984 0.0505717861500882
3985 0.05713846243499261
4211 0.18247306312249909
4219 0.06656297082470118
4222 0.08355067916531514
4298 0.07671304023965117
4383 0.024045000651141245
4566 0.04096550132810564
4577 0.01875227425267518
4685 0.03398553148616054
4722 0.038142783718343835
4723 0.050489256044886646
4758 0.04489602285703884
4773 0.05103456604928901
4819 0.0627292876480514
4852 0.046381801596769884
4881 0.024119007710828578
4887 0.030819620753464446
4906 0.05564102806340133
4974 0.030942739045329078
5049 0.03546217638614709
5059 0.022778535382211976
5229 0.07881224544918333
5252 0.06029379251592046
5280 0.043244757952791986
5372 0.1391060379651038
5392 0.05415524932367029
5421 0.03617478480509188
5517 0.05487749224725621
5561 0.06749383718893522
5613 0.029988173046738374
5663 0.045025381968914875
5685 0.08388580172638735
5746 0.032240675726759954
5827 0.05731298737938715
5829 0.09276360319353977
5870 0.09701325196000252
5903 0.030819620753464446
5941 0.05922456280809283
5962 0.05383111667692087
6039 0.09993067268292279
6102 0.025362531933702043
6143 0.1391060379651038
6151 0.04020196551196053
6210 0.030103829527712647
6238 0.04946119197859197
6245 0.016558979542865213
6271 0.07803809593616474
6304 0.22041211591504548
6310 0.07601162098600359
6443 0.04489602285703884
6505 0.04177533958265757
6519 0.02611648851666084
6528 0.02898999797509046
6681 0.025362531933702043
6703 0.0695530189825519
6720 0.02898999797509046
6734 0.03617478480509188
6789 0.0588489011578056
6846 0.050489256044886646
6964 0.07198851411468285
7064 0.03793241338469037
7099 0.04582294683156031
7100 0.0317062748614742
7242 0.05951420155968811
7418 0.051384763563051244
7580 0.03062529262288537
7598 0.0518904533646056
7617 0.04850662598000126
7621 0.05922456280809283
7633 0.02168351257869764
7641 0.08193100265621128
7649 0.03183788420295423
7651 0.04123002957825521
7693 0.021438400378631838
7732 0.04123002957825521
7747 0.05564102806340133
8085 0.036927560862213146
8115 0.045962898520257006
8124 0.02156039428683301
8230 0.25801543798754417
8306 0.06588043970232269
8567 0.04045165951282785
8574 0.10439376983011894
8706 0.0219963662249149
8715 0.03793241338469037
8716 0.06859971504075327
8718 0.0695530189825519
8746 0.05219688491505947
8759 0.15762449089836666
8768 0.07881224544918333
8795 0.04582693649546441
8996 0.029351053470591373
9094 0.01875227425267518
9204 0.024419205515165143
9426 0.07943231557808177
9458 0.10439376983011894
9484 0.05347006118141996
9486 0.06029379251592046
9531 0.030576736969469522
9553 0.04946119197859197
9584 0.038356520119825585
9594 0.038573732061877454
9695 0.07849479902673964
9719 0.08748137662870044
9770 0.058234610722303765
9773 0.061456111381690916
9783 0.0408882238116403
9856 0.0695530189825519
9890 0.028569231217496306
9961 0.03197080311162376
10003 0.06289376681639701
10106 0.05281831045363953
10180 0.04263746064409147
10267 0.06749383718893522
10335 0.03183788420295423
10516 0.04806630032990279
10519 0.04421083471478851
10600 0.04719163985132182
10602 0.04561826578062477
10657 0.02050059503481948
10732 0.0679348556038495
10754 0.03924739951336982
10856 0.0809033190256557
10930 0.021621811590913212
10999 0.00817030470917241
11356 0.02353812314450661
11371 0.1134548631105164
11526 0.05415524932367029
11587 0.05347006118141996
11636 0.03445983835593252
11786 0.07881224544918333
11816 0.0627292876480514
11905 0.0294244505789028
12057 0.025609152601965012
12064 0.01739564615288212
12117 0.055726697327014
12335 0.0284660782716652
12401 0.09198915823827804
12403 0.038356520119825585
12406 0.03183788420295423
12432 0.0657100927845847
12513 0.028569231217496306
12523 0.0259452266823028
12582 0.029535307979492824
12611 0.07441258755923674
12678 0.26012890492820906
12695 0.029759821501450928
12725 0.03793241338469037
12726 0.04599457911913902
12834 0.033217891980187056
12865 0.049676938628595645
12900 0.03131905238384333
12903 0.043243623181826424
13022 0.059294186135715014
13079 0.019155572509409885
13526 0.10439376983011894
13614 0.12527620953537333
13705 0.04561826578062477
13721 0.1391060379651038
13827 0.03197080311162376
13874 0.01424341660361506
13925 0.04123002957825521
14072 0.040001288247190396
14161 0.09993067268292279
14178 0.03712257513013844
