202 0.05746081791043301
249 0.02978899136513661
321 0.03312498323602532
322 0.025954174466478377
328 0.030112121257698347
343 0.051193559982643015
968 0.021483843855702917
1111 0.05633624610290848
1112 0.03290957246684833
1402 0.030277434188024255
1660 0.031144779662498106
1714 0.03096557426060423
1850 0.1502104698030161
2659 0.03984801747824145
2793 0.07381208098726184
2909 0.159528176329711
2929 0.05745887060508196
2955 0.036120096611968605
2966 0.1110336394083778
2972 0.037668095497451884
2995 0.07424851666163751
3142 0.0275056447732588
3150 0.026642314539058347
3200 0.09810782925623353
3225 0.03249138277300012
3257 0.02978899136513661
3281 0.02255867097828799
3443 0.0744767679211387
3517 0.05606458713184553
3519 0.04979524129628609
3526 0.06290748101361653
3633 0.018634293114616177
3751 0.02789817267272248
3763 0.03312498323602532
3789 0.023398669758058547
3790 0.041830087828813554
3865 0.057577743660762744
3882 0.03356931712871808
3890 0.03078933106748618
3936 0.6655162797743592
3984 0.04036610883155993
3991 0.02469831633281424
4029 0.03502554973081272
4030 0.07592329868891064
4184 0.03403297584848598
4384 0.01873142954738715
4450 0.02830570522383441
4590 0.03403297584848598
4779 0.04215927160933417
4922 0.01740684150998377
4985 0.044015439388634364
5053 0.31522994757731454
5252 0.04812615839476126
5279 0.025954174466478377
5390 0.06903362259928914
5528 0.024897620648143045
5551 0.016967592975531166
5571 0.023754118353070477
5686 0.04812615839476126
5689 0.012222466212137182
5718 0.02978899136513661
5730 0.06624996647205064
5837 0.06953722059981308
6019 0.06290748101361653
6166 0.035835747216301776
6245 0.026434564457862474
6310 0.015168009668860363
6429 0.024897620648143045
6516 0.050070156601005375
6594 0.05746081791043301
6645 0.03641223736378776
6681 0.10122113555978733
6725 0.046482531330880046
6737 0.028445085906874154
6775 0.01720938271095901
6777 0.08760579734643076
6813 0.014540624577867756
6866 0.020375056611268365
6923 0.03451771706730243
7020 0.02224036464175513
7093 0.04727270539185538
7099 0.01219187086712724
7100 0.07592329868891064
7416 0.049053914628116764
7418 0.02050751136329485
7442 0.023664139165755667
7491 0.015920967390411586
7604 0.027377948990478906
7627 0.020441078310878345
7792 0.03555878436088187
8005 0.05746081791043301
8020 0.03451771706730243
8077 0.04574689687945949
8115 0.01834366061717007
8325 0.10238711996528603
8332 0.05387319264030768
8411 0.017710060154144863
8666 0.03312498323602532
8688 0.019251653229630718
8826 0.04380289867321538
8989 0.05984007942573478
8994 0.17764939428015208
8996 0.01171392103097351
8997 0.04211247270710207
9366 0.2640796509630544
9496 0.04610937853786606
9497 0.008705104592788232
9531 0.024406175580995098
9670 0.17764939428015208
9671 0.07533619099490377
9827 0.012984395301840732
9835 0.03528883398215011
9864 0.05244941811630714
9902 0.029523713348489605
9905 0.034127303834606736
9940 0.04505875680687952
9944 0.02170521797538211
9966 0.025412816049029577
9979 0.03702168726061039
10031 0.061231907489354025
10091 0.03312498323602532
10316 0.01998728768105128
10335 0.025412816049029577
10499 0.041830087828813554
10582 0.031512487494755895
10624 0.031327048552538324
10657 0.016363457043642844
10732 0.03615014066832619
10999 0.0065214902257686004
11000 0.021616298607729404
11097 0.03723838396056935
11118 0.029631025951182763
11245 0.0550112895465176
11246 0.020641632256495134
11255 0.013284766444203625
11259 0.02629269402313113
11326 0.025954174466478377
11359 0.017917104920209252
11576 0.022398330055708973
11600 0.033344835775906
12064 0.006942552352398195
12181 0.029631025951182763
12238 0.040300233776275965
12513 0.022803796036328924
12591 0.03451771706730243
12635 0.06290748101361653
12657 0.04727270539185538
12834 0.026514330319434322
13368 0.05746081791043301
13392 0.05746081791043301
13720 0.06290748101361653
13762 0.05244941811630714
13835 0.06723074073516241
13872 0.038741576433504024
14163 0.008617347139203289
