108 0.016033568388284677
210 0.021713174637308073
249 0.018872619018884956
315 0.02476639643845351
318 0.020849642595422144
337 0.01419031428822925
483 0.015585195650092028
506 0.029949310734186524
546 0.03985461971690626
587 0.02898264481397277
663 0.02670972848472636
688 0.026395479367963777
717 0.04540700261921938
727 0.021267619474887183
729 0.01973156975315897
875 0.04259359240128912
917 0.01577372336006827
952 0.04953279287690702
1047 0.026395479367963777
1091 0.01961803535266136
1095 0.023068732840556282
1105 0.04259359240128912
1107 0.0112200918115637
1305 0.03107778409861948
1319 0.007860946479532557
1359 0.032433342301867694
1376 0.029949310734186524
1520 0.026095201585684895
1567 0.012159333255666396
1646 0.036403922229011336
1684 0.018293252317972054
1718 0.012703143593530732
1759 0.02898264481397277
1783 0.036403922229011336
1801 0.04860068016663412
1919 0.01767470330638851
1942 0.01333889184829828
2046 0.035865785732879164
2093 0.03107778409861948
2114 0.03104700893006058
2144 0.023864373478666295
2256 0.03517231498625055
2264 0.033228982939977704
2265 0.02898264481397277
2276 0.027751037571211987
2277 0.04259359240128912
2281 0.036403922229011336
2311 0.0633510143271715
2394 0.03517231498625055
2558 0.02067679459740049
2591 0.03791128767063341
2602 0.5629162992797578
2618 0.06295834400275507
2730 0.013846342059848613
2768 0.02008409170779781
2770 0.048502013594299315
2777 0.031721617498355635
2793 0.011690789278400988
2915 0.027039312767699927
3010 0.009897088552359556
3037 0.085640034627966
3128 0.02670972848472636
3130 0.06708837231453342
3150 0.016879062668278495
3184 0.015837753581792874
3387 0.04259359240128912
3443 0.023592132568452235
3467 0.02365650668358092
3626 0.030490010255594845
3633 0.01770845026243319
3679 0.02452934973702348
3697 0.45278871537761833
3776 0.021868472001212867
3786 0.027408246758489737
3789 0.014824072909341991
3905 0.02235700803704422
3928 0.016033568388284677
3984 0.01704912135526825
3985 0.10113036210322011
4028 0.018021196578953985
4046 0.02526700600353082
4056 0.03517231498625055
4060 0.029448701169109217
4101 0.032433342301867694
4236 0.046137465681112565
4275 0.032433342301867694
4304 0.041169402545750224
4374 0.04259359240128912
4376 0.027385806040265397
4453 0.04259359240128912
4480 0.04259359240128912
4509 0.033228982939977704
4577 0.028448552185309398
4587 0.03791128767063341
4589 0.02430034008331706
4678 0.08450160317713375
4679 0.04259359240128912
4718 0.04259359240128912
4734 0.017186167270557166
4763 0.022190206035987613
4764 0.03985461971690626
4808 0.035709030040727306
4881 0.012196757937622791
4899 0.01516474027571207
4928 0.012234391114704589
4957 0.05379867859931875
4962 0.02670972848472636
5038 0.020849642595422144
5044 0.02325903099683144
5048 0.04259359240128912
5059 0.0345566806347944
5070 0.01984704500636778
5106 0.04953279287690702
5120 0.04259359240128912
5148 0.04259359240128912
5203 0.036403922229011336
5211 0.02141289685502919
5223 0.010933949079043414
5247 0.007402795494303426
5258 0.171280069255932
5297 0.01984704500636778
5299 0.02141289685502919
5385 0.04259359240128912
5426 0.02270350130960969
5439 0.03791128767063341
5487 0.09923522503183889
5528 0.01577372336006827
5610 0.02430034008331706
5619 0.03517231498625055
5653 0.057093356418644006
5663 0.03415337551453075
5685 0.028280179967791273
5699 0.057093356418644006
5718 0.03774523803776991
5737 0.03791128767063341
5746 0.09782285962157594
5793 0.0633510143271715
5880 0.033228982939977704
5938 0.026589191407803633
5962 0.013610947587316348
5963 0.04576729798786021
5999 0.02898264481397277
6044 0.011318231133054125
6077 0.02452934973702348
6081 0.039929057250453655
6102 0.012825596574676202
6145 0.04259359240128912
6167 0.030490010255594845
6193 0.06657061810796283
6210 0.030446453365502817
6301 0.029448701169109217
6423 0.03791128767063341
6481 0.05002412977365825
6571 0.027385806040265397
6880 0.03969409001273556
6967 0.043122734797868406
7099 0.03862039690810455
7170 0.038576902139375584
7192 0.02898264481397277
7206 0.01516474027571207
7242 0.020063852238512397
7439 0.030490010255594845
7466 0.024393515875245582
7491 0.01008662389029334
7529 0.036403922229011336
7533 0.01510675590410939
7540 0.01651383113733191
7580 0.02323038858202051
7596 0.0440548475081413
7598 0.013120259891070294
7627 0.02590062070700999
7633 0.010965150694862006
7671 0.010996497098279384
7674 0.019077335831253036
7693 0.010841199734374585
7696 0.033228982939977704
7717 0.026766960757204656
7856 0.020986114667585022
7862 0.02303778708986293
7865 0.019219184983227597
7880 0.04259359240128912
7991 0.022190206035987613
8017 0.11204354502387798
8042 0.04471401607408844
8083 0.03107778409861948
8306 0.01665756289618475
8355 0.02365650668358092
8394 0.04259359240128912
8417 0.02365650668358092
8578 0.04259359240128912
8737 0.12255530913732336
8999 0.03985461971690626
9045 0.028137150533978948
9094 0.018965701456872933
9102 0.018021196578953985
9387 0.02202742375407065
9409 0.027692684119697226
9420 0.027751037571211987
9500 0.01630380993692932
9527 0.03791128767063341
9647 0.07145948611134752
9666 0.12197856093704051
9708 0.07228972436230667
9712 0.03413100589976493
9781 0.030803573954284205
9784 0.018576726266175732
9819 0.04259359240128912
9827 0.008226178010479146
9859 0.027039312767699927
9908 0.05433200973311786
9954 0.029949310734186524
9978 0.028546678209322003
10087 0.029949310734186524
10091 0.020986114667585022
10161 0.03791128767063341
10162 0.017932892866439582
10174 0.019288451069687792
10190 0.016033568388284677
10197 0.04860068016663412
10242 0.014552745762010424
10316 0.01266281429275924
10331 0.06309489344027308
10387 0.020986114667585022
10410 0.04259359240128912
10466 0.03517231498625055
10503 0.03107778409861948
10599 0.03517231498625055
10633 0.03985461971690626
10655 0.02526700600353082
10657 0.010366960291847556
10716 0.04259359240128912
10810 0.029448701169109217
10817 0.02526700600353082
10930 0.02186789815808683
11000 0.019172808790680024
11164 0.04259359240128912
11232 0.07720147518651527
11276 0.02407884031122331
11299 0.03107778409861948
11303 0.12039420155611659
11356 0.10712709012218193
11365 0.04181352457629213
11378 0.02407884031122331
11425 0.02476639643845351
11461 0.029448701169109217
11498 0.028546678209322003
11511 0.01665756289618475
11525 0.08966446433219791
11537 0.02670972848472636
11617 0.02071587311894038
11631 0.02141289685502919
11636 0.01742601984443246
11678 0.03946313950631794
11696 0.04259359240128912
11703 0.03413100589976493
11729 0.036403922229011336
11732 0.07280784445802267
11745 0.022883648993930104
11826 0.08518718480257824
11922 0.023864373478666295
11950 0.025807705524939138
11968 0.02898264481397277
12041 0.014659972423144364
12057 0.02590062070700999
12090 0.036403922229011336
12106 0.03517231498625055
12142 0.04259359240128912
12145 0.03985461971690626
12161 0.036403922229011336
12173 0.018872619018884956
12242 0.06215556819723896
12245 0.0333151257923695
12256 0.018293252317972054
12270 0.022190206035987613
12379 0.027039312767699927
12398 0.020456028090723975
12406 0.016100122008549957
12480 0.04259359240128912
12508 0.03985461971690626
12513 0.014447194586174302
12582 0.014935730622005655
12598 0.03985461971690626
12638 0.02235700803704422
12733 0.01266281429275924
12735 0.021199838327830834
12780 0.032433342301867694
12807 0.04336479893749834
12834 0.016797979110000645
12913 0.027751037571211987
12935 0.02365650668358092
12943 0.041169402545750224
13033 0.029448701169109217
13079 0.019373589813892693
13112 0.012196757937622791
13237 0.04259359240128912
13246 0.03517231498625055
13295 0.031721617498355635
13304 0.03791128767063341
13310 0.08984793220255957
13577 0.022883648993930104
13616 0.013846342059848613
13754 0.017402351295893244
13761 0.01616733786476644
13786 0.03656050124783646
13824 0.06025227512339343
13827 0.01616733786476644
13858 0.018021196578953985
13940 0.03517231498625055
13975 0.02670972848472636
13982 0.04111237013773461
13989 0.013250588135783876
13997 0.03437233454111433
14041 0.013704123379244868
14134 0.04259359240128912
14163 0.021837853792122323
