313 0.036053900059538464
437 0.03254444082340669
913 0.060008150078948004
940 0.039211776197892394
947 0.04429750085993142
961 0.03977927801385012
964 0.05506184509563045
997 0.030481863607430174
1047 0.04766754041734172
1064 0.03789878013483668
1107 0.02026234009461205
1127 0.023539428702981657
1249 0.030895431657164525
1375 0.03840714907152808
1403 0.03789878013483668
1461 0.020925169683548087
1605 0.05506184509563045
1611 0.04429750085993142
1657 0.03445172046752667
1660 0.03563320012470983
1661 0.05155238585949867
1834 0.06574176623241329
2367 0.05728600201296396
2382 0.0340820228086348
2479 0.029319166231257274
2565 0.023771799330743824
2617 0.033374631085526706
2648 0.02182445696061266
2659 0.022795351207522758
2793 0.021112371655396606
2848 0.020925169683548087
2933 0.13148353246482658
2965 0.04299124126525883
2995 0.2718362210900055
3010 0.01787313130430193
3053 0.058571304331762226
3150 0.030481863607430174
3152 0.05506184509563045
3163 0.28941025339979676
3208 0.02848573368629921
3232 0.03522652616337955
3249 0.027705617496664583
3250 0.04037447357406529
3281 0.025809706995125498
3296 0.06351760931507978
3297 0.02871810431406138
3304 0.048235042233299455
3329 0.06351760931507978
3388 0.046108089727530575
3441 0.06846391429839734
3442 0.03483297303053256
3527 0.026770761943930212
3687 0.05506184509563045
3728 0.029319166231257274
3751 0.03191870935461596
3756 0.02871810431406138
3758 0.06731900231314558
3805 0.06846391429839734
3841 0.06429271148329703
3852 0.0593891048745649
3865 0.021958514233913595
4079 0.03254444082340669
4111 0.07691967851784666
4139 0.061637111436066344
4383 0.021958514233913595
4436 0.050812820695922675
4445 0.061637111436066344
4450 0.032384973335561396
4763 0.04007324619280736
4784 0.033204011673414226
4827 0.01941287248404401
4841 0.040683327769642494
4892 0.046606080876181115
4922 0.01991542318763693
4985 0.025179355534192316
5033 0.06846391429839734
5051 0.05990276970415749
5059 0.02080194551353718
5064 0.039211776197892394
5223 0.0197455955385691
5297 0.03584173664048208
5390 0.0197455955385691
5391 0.0635343318524569
5419 0.12703521863015957
5421 0.033035745707649604
5435 0.053181347216617006
5446 0.07197337353452911
5455 0.06123633539407695
5474 0.06573953829174299
5612 0.05408539697240938
5663 0.020559169558701757
5689 0.027967806436531722
5730 0.18949390067418342
5837 0.03977927801385012
6013 0.06846391429839734
6109 0.04571425618474847
6183 0.03542816859074774
6315 0.032081893425240926
6563 0.025267435982590656
6606 0.016040946712620463
6681 0.023161717753908698
6697 0.07197337353452911
6720 0.026474413222647857
6730 0.050812820695922675
6756 0.04388393281019706
6809 0.060008150078948004
6911 0.03626981877771834
6923 0.03949222737922699
6974 0.07691967851784666
7003 0.05728600201296396
7057 0.04516923512899533
7067 0.05728600201296396
7100 0.028954987273706448
7242 0.018116634181450764
7416 0.056123304636791056
7418 0.023462945135166623
7453 0.033035745707649604
7468 0.01575389607799733
7475 0.07085633718149548
7486 0.027074489394693015
7513 0.05728600201296396
7514 0.06574176623241329
7616 0.029443015915387352
7693 0.019578099693009676
7865 0.017353942775676166
7905 0.056123304636791056
7938 0.046606080876181115
7950 0.04472558299716767
8027 0.032384973335561396
8044 0.04348392683979876
8062 0.05408539697240938
8076 0.04712526940480687
8097 0.022580698940328325
8115 0.02098725169593802
8124 0.03937901534752018
8144 0.053181347216617006
8156 0.031617481973358036
8264 0.021238788217833118
8306 0.030081857637031872
8382 0.05408539697240938
8498 0.040683327769642494
8517 0.07226602981187209
8614 0.15383935703569332
8706 0.040175296965213034
8744 0.02862840142373946
8932 0.04766754041734172
8939 0.04712526940480687
8951 0.08265106673064164
8996 0.02680413840553378
9104 0.07898445475845398
9198 0.04766754041734172
9271 0.07197337353452911
9295 0.046606080876181115
9366 0.4532061144886232
9387 0.03977927801385012
9497 0.009959638097387442
9511 0.04429750085993142
9519 0.061637111436066344
9671 0.043096621640049335
9725 0.09517914340237417
9730 0.03949222737922699
9781 0.02781405455826901
9827 0.044566912461989336
9898 0.04132553336532082
9902 0.050667771496777786
9905 0.0390455498620721
9944 0.024833258871904434
9949 0.03563320012470983
9958 0.06351760931507978
9965 0.048235042233299455
9966 0.08722552894775007
10002 0.048235042233299455
10018 0.05408539697240938
10019 0.06574176623241329
10031 0.07005632524069887
10156 0.01991542318763693
10451 0.027598135840089136
10461 0.043096621640049335
10508 0.04472558299716767
10548 0.04007324619280736
10582 0.036053900059538464
10614 0.04460049551798745
10624 0.03584173664048208
10672 0.07434773706702143
10684 0.040683327769642494
10707 0.13165179843059122
10821 0.03815031665673178
10827 0.03789878013483668
10836 0.07085633718149548
10867 0.05728600201296396
10913 0.056123304636791056
10999 0.007461332809041053
11000 0.009892609966635114
11150 0.03648962813190834
11250 0.07197337353452911
11310 0.07085633718149548
11311 0.0531447968018002
11326 0.08908365731184736
11356 0.06448686189788826
11577 0.042003434931183636
11601 0.06351760931507978
11866 0.03741075149315578
11910 0.02781405455826901
11995 0.04712526940480687
12144 0.06846391429839734
12317 0.056123304636791056
12333 0.029822292757422646
12378 0.016989763818125343
12387 0.02848573368629921
12409 0.08331955178572711
12807 0.019578099693009676
12834 0.020223623320576388
12885 0.03949222737922699
12903 0.0197455955385691
12957 0.033035745707649604
12958 0.05506184509563045
12959 0.03977927801385012
13057 0.03445172046752667
13075 0.04516923512899533
13249 0.061637111436066344
13255 0.052339697029646394
13275 0.07197337353452911
13325 0.07691967851784666
13355 0.06574176623241329
13356 0.061637111436066344
13559 0.07691967851784666
13616 0.025005079868761187
13632 0.056123304636791056
13858 0.03254444082340669
13862 0.03815031665673178
13872 0.022162403477589136
13879 0.053181347216617006
13912 0.023462945135166623
13948 0.13720649744970875
13950 0.04883023779351462
13973 0.026474413222647857
13982 0.02474824745396489
14163 0.00985923350503155
14189 0.09104119701353917
