10 0.03208412400128408
77 0.06274197338046565
299 0.07042302018024342
300 0.04171024764575274
303 0.0516697002113058
319 0.043919694170059975
322 0.0318090033988622
940 0.04200391721641758
997 0.03265237639598298
1002 0.02889302016368881
1027 0.0586720740554458
1127 0.02521559364135486
1470 0.054431033760692665
1479 0.040333423195760755
1480 0.05297756541982973
1524 0.04142303287686551
1526 0.05297756541982973
1660 0.07634104513096761
1871 0.049148206174708116
2384 0.05844773369201869
2424 0.04171024764575274
2479 0.03140688718146641
2485 0.06501595988818966
2501 0.13608097679588244
2574 0.04142303287686551
2659 0.12209266423021857
2776 0.026420053792549508
2793 0.06784714164286072
2795 0.06804048839794122
2934 0.037522402339617886
2972 0.04616538966610754
2995 0.12739684133129547
3142 0.03371045953361047
3249 0.02967844297301126
3281 0.027647530949172237
3282 0.047451779527262414
3339 0.05297756541982973
3419 0.04939129444553052
3432 0.012805298913519484
3443 0.022819371186314767
3519 0.030514108658830443
3523 0.03908793398124419
3527 0.028677019445339662
3693 0.07817586796248838
3758 0.04807504402049463
3789 0.028677019445339662
3841 0.045913855353630226
3855 0.16819990173899424
3865 0.023522107476641397
3956 0.024652588283840714
3974 0.044268188047409555
4136 0.06428113216564706
4144 0.04358025311325468
4213 0.0523072776807039
4284 0.05368410213069588
4434 0.054431033760692665
4590 0.04171024764575274
4630 0.04171024764575274
4863 0.061365148930473665
4985 0.05394458848705798
5063 0.07421503683267557
5158 0.07077622400391649
5211 0.12426909863059653
5350 0.036124517859389915
5421 0.035388112001958245
5437 0.0516697002113058
5463 0.08239687466518657
5551 0.02079519898913642
5612 0.05793663938050002
5613 0.0293360370277229
5686 0.05898261714817147
5730 0.08119485408429188
5739 0.05048090412663526
5938 0.02571826122620199
5945 0.043919694170059975
5974 0.03419153518116439
6297 0.04700876266322832
6310 0.037179319398804964
6315 0.03436633905026169
6323 0.05606663391299808
6446 0.035388112001958245
6508 0.04171024764575274
6636 0.03419153518116439
6637 0.12260062394589587
6826 0.055223260915877294
6866 0.04994265919241043
6895 0.05793663938050002
6898 0.0516697002113058
7003 0.061365148930473665
7094 0.07709835964771097
7100 0.03101677624367757
7170 0.037313313944060456
7344 0.045763273448711755
7442 0.05800474864857495
7453 0.07077622400391649
7497 0.03650889103816977
7633 0.021211973363911035
7693 0.020972191481704674
7865 0.018589659699402482
7905 0.12023931943191418
7938 0.14977423769520512
7950 0.047910343979011616
8027 0.0693820005591038
8124 0.021091532456647306
8144 0.05696821522878137
8264 0.02275113214909244
8744 0.01533346764722376
8872 0.03593648949406847
8951 0.044268188047409555
8996 0.04306915880173602
8997 0.030967406554305882
9011 0.04200391721641758
9103 0.046580273589387634
9164 0.05696821522878137
9366 0.2912864546438617
9392 0.08522365792307207
9559 0.054431033760692665
9725 0.0407826142843052
9899 0.037522402339617886
9902 0.036183770724901226
9966 0.031145523550451974
10031 0.037522402339617886
10068 0.025133663931394632
10069 0.08239687466518657
10132 0.05297756541982973
10172 0.23593046859268588
10190 0.03101677624367757
10326 0.061365148930473665
10431 0.07333900341541681
10456 0.045763273448711755
10470 0.08239687466518657
10707 0.5641051519587399
10906 0.07709835964771097
11000 0.037089605122329075
11245 0.03371045953361047
11259 0.0322238873221423
11311 0.028464531089848123
11356 0.023026252751514327
11520 0.04086687464863195
11600 0.04086687464863195
11880 0.036315291261153154
11957 0.023236462312696656
12069 0.061275948953185784
12227 0.06428113216564706
12245 0.0322238873221423
12458 0.04887876813073027
12572 0.04292672964317985
12757 0.16479374933037313
12807 0.020972191481704674
12834 0.04332736142767035
12877 0.03582884598751847
12928 0.03486182292029023
13006 0.04324940643093415
13197 0.07333900341541681
13375 0.06804048839794122
13464 0.0644477746442846
13676 0.025464510613715165
13872 0.023740514999663162
13874 0.013933672992806108
13948 0.14697651877197912
14018 0.054431033760692665
14060 0.0322238873221423
14189 0.06501595988818966
