13 0.027068909207096682
14 0.030053636014827932
108 0.01926538374742906
336 0.022556439023490846
341 0.03380863133326965
421 0.021136484583876746
482 0.02123731496154842
636 0.02123731496154842
680 0.038970787445779115
715 0.05117899415279208
810 0.043741699581106026
968 0.032708892005274486
976 0.01717265163923339
1010 0.04584533982294482
1091 0.02357235584037604
1249 0.06166941203855185
1378 0.029758449265504562
1402 0.023048513378345084
1437 0.04226184272184089
1451 0.044875888698707934
1461 0.013922693873870209
1545 0.01711139292564952
1550 0.03374175859691133
1603 0.02893230549524663
1612 0.032905841658047635
1653 0.010321750266812786
1655 0.018434107671579818
1656 0.022437944349353967
1692 0.059516898531009124
1718 0.03052731995790572
1768 0.026863411116437825
1770 0.026863411116437825
1800 0.03035996448315847
1808 0.021980542157526643
1835 0.03811560342621662
1863 0.04788793887673029
1895 0.043741699581106026
1916 0.0310096504120621
1919 0.02123731496154842
1920 0.028674609533234485
1941 0.05117899415279208
1956 0.045552897997902686
1959 0.03869070457226233
1969 0.038970787445779115
2006 0.039684901862944356
2010 0.043741699581106026
2086 0.0255544393272664
2138 0.034300705688123885
2145 0.04788793887673029
2204 0.011796321068566285
2311 0.019030099417756723
2351 0.05117899415279208
2354 0.05117899415279208
2365 0.02357235584037604
2371 0.020102903470526352
2377 0.04788793887673029
2425 0.04535743335541437
2431 0.045552897997902686
2515 0.11691236233733737
2558 0.012422262248145275
2597 0.015611218806659026
2640 0.05117899415279208
2648 0.029042080692417496
2659 0.030334061936828513
2716 0.02084129783455338
2743 0.027496204758240803
2776 0.016410231383893012
2793 0.028094499777515828
2813 0.036635746566951496
2848 0.04176808162161064
2875 0.03992680184301328
2902 0.04788793887673029
2934 0.023306209340357233
2965 0.014302247017487602
2992 0.038970787445779115
3006 0.05117899415279208
3010 0.02378400170517408
3015 0.02842484394901219
3117 0.03209349014433218
3147 0.019842450931472178
3165 0.021547546647565252
3204 0.05010442539928233
3220 0.016870879298455665
3232 0.02343819177715993
3328 0.025383554257172695
3365 0.03734199537996337
3396 0.021339413679096458
3421 0.04247462992309684
3432 0.015907455735008964
3454 0.02267668923803086
3468 0.03734199537996337
3516 0.032489507271327225
3519 0.018953162907861722
3523 0.024278604653387915
3532 0.032905841658047635
3544 0.11418059650654036
3600 0.05117899415279208
3633 0.0070926213806801605
3634 0.05839690399053088
3667 0.04788793887673029
3724 0.035384545420393966
3734 0.013365443850576324
3772 0.1267855281655227
3786 0.032932805652443026
3832 0.021653649348268838
3847 0.020371991351632694
3893 0.028674609533234485
3904 0.04101064157528336
3984 0.010242818613781774
3985 0.017359251604888954
3986 0.027718595136000317
4050 0.04788793887673029
4103 0.02842484394901219
4104 0.03482454815015484
4110 0.04788793887673029
4144 0.027068909207096682
4182 0.02473386832826907
4188 0.019928343172377
4219 0.01348167601849027
4222 0.0761506627715181
4258 0.02919845199526544
4285 0.05117899415279208
4298 0.023306209340357233
4307 0.06271019156061029
4353 0.05117899415279208
4383 0.014610236200099581
4435 0.03380863133326965
4450 0.021547546647565252
4489 0.042144264442686145
4492 0.021136484583876746
4586 0.0255544393272664
4636 0.03992680184301328
4689 0.021761157423579383
4735 0.025728999625415753
4758 0.02727974550315824
4776 0.05117899415279208
4789 0.030053636014827932
4817 0.018014182600871526
4835 0.021761157423579383
4864 0.023306209340357233
4922 0.013250852662286762
4974 0.037602887410098255
4985 0.03350648662309508
4989 0.03482454815015484
4990 0.018014182600871526
5053 0.026662987574879685
5059 0.013840705893707138
5062 0.026662987574879685
5070 0.023847525955579072
5158 0.043961084315053287
5214 0.03380863133326965
5247 0.017789888382638695
5270 0.08748339916221205
5297 0.023847525955579072
5390 0.026275713525697027
5399 0.08452368544368179
5403 0.04788793887673029
5412 0.026662987574879685
5441 0.04226184272184089
5455 0.020371991351632694
5459 0.05010442539928233
5474 0.021870108603351406
5492 0.05117899415279208
5520 0.020371991351632694
5548 0.02144281305220728
5661 0.021761157423579383
5663 0.013679173378070354
5699 0.034300705688123885
5727 0.035384545420393966
5729 0.05117899415279208
5764 0.036635746566951496
5798 0.01408919696414457
5954 0.0310096504120621
5963 0.027496204758240803
6006 0.03380863133326965
6054 0.04855720930677583
6077 0.058947244220936945
6083 0.028674609533234485
6109 0.040555025624305865
6151 0.048855079719877056
6207 0.039514916204566604
6210 0.018291705053729693
6289 0.04101064157528336
6315 0.010672945257044665
6412 0.02144281305220728
6439 0.038970787445779115
6460 0.04788793887673029
6468 0.04788793887673029
6502 0.1436638166301909
6606 0.04269178102817866
6655 0.029473622110468473
6675 0.032489507271327225
6694 0.038970787445779115
6720 0.03522983625591021
6755 0.025052212699641165
6788 0.03482454815015484
6882 0.043741699581106026
6934 0.05117899415279208
7062 0.035384545420393966
7099 0.018561975697345228
7102 0.03598606063804787
7126 0.05117899415279208
7233 0.024278604653387915
7241 0.05117899415279208
7242 0.012054017030578432
7245 0.01652296571032976
7284 0.07643108869351868
7338 0.0255544393272664
7412 0.04226184272184089
7415 0.045552897997902686
7418 0.015611218806659026
7422 0.014047249888757914
7431 0.04946773665653814
7442 0.018014182600871526
7468 0.03144586291032606
7491 0.012119739989039103
7533 0.018151757776145503
7566 0.01711139292564952
7580 0.027912835109215457
7598 0.015764852560965867
7617 0.029473622110468473
7621 0.03598606063804787
7641 0.02489147990231846
7642 0.08452368544368179
7649 0.019345352286131164
7670 0.038970787445779115
7693 0.03907923703082734
7703 0.036635746566951496
7724 0.03811560342621662
7785 0.03209349014433218
7851 0.018082678712190575
7865 0.023093110968687977
7891 0.027358346756140708
7941 0.02357235584037604
7968 0.036635746566951496
7969 0.14936798151985348
7997 0.036635746566951496
8011 0.02279874779412279
8020 0.026276403035840137
8027 0.021547546647565252
8044 0.02893230549524663
8097 0.03004842145212267
8115 0.013964000533106449
8124 0.01310053834758191
8138 0.05117899415279208
8140 0.045552897997902686
8155 0.05117899415279208
8268 0.4927171133593217
8269 0.03992680184301328
8306 0.020015154064295448
8307 0.045552897997902686
8313 0.03811560342621662
8316 0.04788793887673029
8335 0.04788793887673029
8377 0.029758449265504562
8379 0.04226184272184089
8401 0.03715810665457924
8428 0.0620193008241242
8463 0.01675324331154754
8586 0.04788793887673029
8592 0.03992680184301328
8658 0.009686313165933446
8662 0.025383554257172695
8697 0.034300705688123885
8716 0.02084129783455338
8727 0.03992680184301328
8744 0.009524043894238334
8758 0.04741754973415995
8795 0.013922693873870209
8807 0.045552897997902686
8893 0.022206021685094026
8910 0.045552897997902686
8931 0.016354446002637243
8969 0.03598606063804787
8981 0.036868215343159635
8996 0.02675145429285355
8997 0.0064115729526959125
9062 0.04788793887673029
9090 0.05117899415279208
9102 0.06496094804480652
9105 0.0717276820277577
9126 0.01717265163923339
9201 0.03171589922507397
9270 0.029758449265504562
9287 0.02842484394901219
9312 0.030678308854530566
9338 0.034300705688123885
9369 0.04226184272184089
9375 0.14225264920247985
9376 0.04101064157528336
9383 0.05738214562220616
9392 0.02646739398944278
9409 0.016637287896315217
9446 0.03811560342621662
9448 0.05117899415279208
9497 0.01988012442739939
9499 0.03734199537996337
9515 0.026089803070184575
9588 0.030678308854530566
9600 0.05589450169741581
9614 0.03380863133326965
9652 0.04821606812231373
9671 0.028674609533234485
9683 0.04788793887673029
9695 0.023847525955579072
9719 0.07973322152485707
9721 0.06964909630030967
9731 0.08452368544368179
9732 0.06876800973441723
9735 0.043741699581106026
9752 0.04101064157528336
9783 0.012422262248145275
9827 0.019768584548195894
9867 0.024132353110615165
9890 0.017359251604888954
9902 0.0168560609660306
9905 0.025979203327272066
9949 0.023708774867079976
9979 0.028182535178380243
10013 0.06497901454265445
10033 0.02893230549524663
10037 0.020463706915295175
10040 0.03446875240604194
10068 0.046833656419977075
10110 0.02267668923803086
10204 0.04788793887673029
10207 0.030678308854530566
10221 0.03598606063804787
10242 0.06994431305479269
10255 0.04101064157528336
10289 0.045552897997902686
10318 0.03811560342621662
10322 0.025728999625415753
10324 0.023708774867079976
10329 0.032905841658047635
10396 0.021653649348268838
10415 0.029758449265504562
10443 0.04788793887673029
10451 0.036725188144414105
10466 0.04226184272184089
10567 0.008133441652190272
10573 0.04101064157528336
10595 0.019426116544751765
10616 0.020102903470526352
10628 0.03259808282386813
10657 0.012456582557301173
10664 0.027947250848707906
10670 0.030678308854530566
10720 0.03334469129088972
10745 0.027947250848707906
10749 0.025383554257172695
10785 0.04661241868071447
10786 0.03334469129088972
10842 0.04101064157528336
10884 0.019507692518061
10924 0.027845387747740417
10936 0.02646739398944278
10945 0.023988690227096453
10999 0.01985777972888168
11000 0.026328442208494274
11004 0.09577587775346058
11054 0.03734199537996337
11108 0.019507692518061
11232 0.01546043909583454
11245 0.020938505475712244
11279 0.04101064157528336
11327 0.031355095780305146
11331 0.025383554257172695
11332 0.04635267742676199
11336 0.025052212699641165
11338 0.020556470679517283
11339 0.021980542157526643
11359 0.013639287592539661
11365 0.012560422877907542
11386 0.02646739398944278
11402 0.03334469129088972
11440 0.05117899415279208
11477 0.038970787445779115
11518 0.04788793887673029
11531 0.02919845199526544
11602 0.045552897997902686
11714 0.017486078263698173
11734 0.03035996448315847
11797 0.054992409516481607
11849 0.019842450931472178
11875 0.119570059034262
11876 0.017680113185467833
11929 0.023847525955579072
11955 0.021547546647565252
11957 0.014432814031665348
11976 0.024427539859938528
12017 0.022556439023490846
12039 0.043741699581106026
12041 0.017614918127955105
12049 0.05117899415279208
12064 0.010569951851296729
12081 0.032905841658047635
12092 0.029758449265504562
12113 0.034300705688123885
12117 0.08465171434300725
12144 0.045552897997902686
12151 0.03482454815015484
12158 0.05117899415279208
12173 0.02267668923803086
12175 0.014837610760405772
12212 0.03482454815015484
12220 0.02893230549524663
12231 0.020650306880950736
12245 0.020015154064295448
12248 0.029758449265504562
12262 0.024427539859938528
12270 0.026662987574879685
12271 0.045552897997902686
12336 0.054992409516481607
12349 0.04101064157528336
12378 0.011304246713712048
12391 0.06964909630030967
12398 0.024579259062751123
12401 0.027947250848707906
12403 0.023306209340357233
12445 0.03482454815015484
12457 0.03209349014433218
12472 0.028674609533234485
12515 0.034300705688123885
12584 0.043961084315053287
12611 0.030143077592290537
12614 0.03745326900494261
12716 0.04788793887673029
12787 0.03380863133326965
12807 0.013026412343609114
12817 0.03992680184301328
12834 0.02018387335235492
12877 0.011127147156658138
12903 0.026275713525697027
12917 0.03734199537996337
12926 0.03482454815015484
12956 0.05076710851434539
12966 0.025728999625415753
12975 0.04788793887673029
12978 0.04101064157528336
12995 0.035384545420393966
13022 0.018014182600871526
13033 0.035384545420393966
13038 0.0310096504120621
13064 0.02292266991147241
13079 0.0116393192485661
13112 0.02931040881884971
13122 0.04714471168075208
13141 0.05117899415279208
13349 0.028674609533234485
13361 0.05117899415279208
13394 0.04788793887673029
13446 0.05181479343840731
13464 0.020015154064295448
13487 0.026863411116437825
13550 0.04788793887673029
13562 0.04788793887673029
13570 0.04788793887673029
13580 0.045552897997902686
13591 0.032905841658047635
13616 0.033274575792630434
13669 0.03035996448315847
13709 0.019507692518061
13723 0.043563121038626244
13754 0.010455033081342047
13787 0.028262723894787803
13808 0.05117899415279208
13827 0.03885223308950353
13842 0.023847525955579072
13862 0.025383554257172695
13901 0.03598606063804787
13912 0.03122243761331805
13916 0.06135661770906113
13918 0.017550242558491597
13919 0.018151757776145503
13948 0.015215201679663982
13965 0.022556439023490846
13970 0.032905841658047635
13973 0.07045967251182042
13989 0.015921450492675855
13990 0.030678308854530566
13993 0.026089803070184575
13997 0.020650306880950736
14001 0.043741699581106026
14044 0.05217960614036915
14079 0.029473622110468473
14104 0.05117899415279208
14163 0.019679709937475198
14211 0.06496094804480652
14212 0.051889721269749035
