966 0.2502889795952916
1107 0.0798430621237062
1461 0.08245491957944615
1689 0.06986181796810413
1719 0.17798783504989418
1942 0.09492061102454119
2597 0.09245493744971546
2608 0.1404114133875481
2793 0.08319258258372846
2895 0.13802728367586364
3120 0.18168735966975333
3150 0.12011274701195783
3257 0.13429905192120417
3443 0.08394174209663285
3602 0.18783232208396908
3734 0.15830939153394294
4211 0.164158930268773
4685 0.12229812768887353
4686 0.17455279580589583
4722 0.1372581457345953
4881 0.1735861912854891
6304 0.1321934556539643
7670 0.23079823300719954
8041 0.19747858163798626
8124 0.07758583544845571
8411 0.0798430621237062
8567 0.14556671630517887
8574 0.18783232208396908
8746 0.18783232208396908
8996 0.05281039795730534
9426 0.1429199875415662
9484 0.19241389155735525
9719 0.07870120093378538
9944 0.19570922426386275
10794 0.1429199875415662
10999 0.029401128212053054
11262 0.10097940055199088
11378 0.1713469350450769
11978 0.17455279580589583
12050 0.16834157549587703
12064 0.03129942156858682
12335 0.10243618160531756
12513 0.10280738110078146
12678 0.23402074823687716
12865 0.059588068980337736
12982 0.17623963891077946
13874 0.051255434484644834
14178 0.1335868893283085
