451 0.08946229213807277
717 0.18708524208408703
721 0.0781772185115089
727 0.17525304505906253
729 0.08129771381135614
744 0.11593025999425347
789 0.0942848627930484
1045 0.07775867805056051
1097 0.1740811105663696
1104 0.21039268266325184
1368 0.08646667070086936
1408 0.10204213019948073
1680 0.13069892630320248
1770 0.09211500472651557
1919 0.0728230439381721
1920 0.09832562890974868
1940 0.05405789539801211
2086 0.08762652252953126
2602 0.09663829920591001
2657 0.13069892630320248
2767 0.13069892630320248
3036 0.08590438054328245
3477 0.1336313640216513
3590 0.08428261604328229
3697 0.08883681826173127
3789 0.061077919900894825
4384 0.048894948531445666
4570 0.12804621371475966
4577 0.03907109744843354
5059 0.09491994023327933
5155 0.1642083984365586
5718 0.07775867805056051
5746 0.0671747099125259
5987 0.11761758969809213
6050 0.10410473412111583
6088 0.12133409098782419
6193 0.182855499313726
6207 0.06774859449484134
6310 0.03959329693482199
6519 0.05441472613380651
6792 0.13690955048643555
6921 0.08225754741547965
6967 0.08883681826173127
7154 0.1256244768598717
7206 0.0624815324062602
7239 0.10106545398294711
7242 0.04133338952869617
7486 0.06177087891895518
7495 0.09354262104204351
7596 0.09075705657291687
7627 0.053357671896273544
7965 0.07081018518823949
7991 0.091427749656863
8042 0.09211500472651557
8401 0.06370782837814108
8433 0.03980495130962908
8706 0.045830290060016474
9094 0.03907109744843354
9426 0.16550033882227458
9535 0.10204213019948073
9647 0.11777051544633088
10174 0.07947198294635299
10218 0.30612639059844216
10645 0.06804003607046698
10930 0.04504989081842824
10999 0.017023149681694244
11000 0.022570147253127747
11216 0.11433940323330782
11258 0.2512871064552015
11365 0.043069862116561684
11631 0.08822509218322838
11678 0.08129771381135614
11965 0.0808299310999517
12638 0.18423000945303114
12834 0.09228103763853433
12943 0.16962554666554477
13079 0.03991138515313246
13577 0.0942848627930484
13669 0.10410473412111583
13824 0.08275016941113729
13982 0.11292704173655493
14162 0.12133409098782419
14163 0.022493998324207926
