10 0.0432952088719583
194 0.03079309386158412
251 0.09896569004672383
898 0.10885408507407966
960 0.0765383808393435
961 0.11500317323496366
994 0.036781920324716014
1107 0.029289538729625666
1458 0.030518273032018692
1460 0.042923953482646195
1461 0.030247669568691307
1521 0.07345075014955951
1524 0.05589739213207475
1942 0.034820569738864875
2059 0.08280783792935575
2542 0.061754233419220705
2595 0.14903960699365637
2599 0.06403275046240058
2659 0.06590209412442896
2730 0.03614524540767197
2759 0.07244281984320336
2793 0.061036546064037384
2995 0.27014874754745005
3025 0.11118863332167167
3304 0.06972452989242967
3333 0.12143328247869581
3343 0.06465155008176815
3527 0.03869756726602538
3533 0.086742746771776
3633 0.01540903433216207
3728 0.04238132667998655
3841 0.030978716413961355
3855 0.22697362339520832
3865 0.031741385747950684
3984 0.02225297745454114
3991 0.08169393965804275
4046 0.06595836855446915
4120 0.06122780687461167
4184 0.05628496772583528
4188 0.0432952088719583
4217 0.07959278330748969
4219 0.029289538729625666
4532 0.06229686022188035
4534 0.08112714015845486
4576 0.06122780687461167
4577 0.024754549993213477
4729 0.07565787446506943
4863 0.08280783792935575
4881 0.06367816235187923
4887 0.040684443520480035
4923 0.07244281984320336
4948 0.06812033540702259
4985 0.03639716368702381
5063 0.050073916946932515
5158 0.04775370213155007
5277 0.09181572658243752
5350 0.048747428667788424
5391 0.0918398992793658
5421 0.09550740426310014
5430 0.11118863332167167
5528 0.04117658652213229
5596 0.2144681986911251
5612 0.07818131182941698
5661 0.04727707907275352
6182 0.061754233419220705
6315 0.04637489330505229
6519 0.03447592072948897
6606 0.023187446652526145
6821 0.036524485392840596
6826 0.07451980349682819
6845 0.11118863332167167
6880 0.05180980718745274
6898 0.06972452989242967
6901 0.19006156240860717
7063 0.19006156240860717
7100 0.08370980027075504
7416 0.08112714015845486
7453 0.04775370213155007
7491 0.02633067233740764
7580 0.020213957173270753
7732 0.05442704253703983
7849 0.07565787446506943
7865 0.02508540359437721
7947 0.09503078120430358
7965 0.08972741406019843
8115 0.030337410116812468
8144 0.07687449335671598
8264 0.03070101020769836
8517 0.17410284869432435
8691 0.039586863912504905
8744 0.01034570375821073
8951 0.11947344723010156
8996 0.019372906739234152
9198 0.06890419688350703
9366 0.2620466931427615
9383 0.062332627422789735
9531 0.04036381687581663
9645 0.028542576156849197
9902 0.04882738613175008
10031 0.10126754569371411
10117 0.11118863332167167
10156 0.02878806475695695
10172 0.15918556661497937
10197 0.0634349311901216
10361 0.03744244622011393
10575 0.038842703720290216
10582 0.10423298564894842
10672 0.05373542527952133
10707 0.31717465595060795
10732 0.029893205781645785
10757 0.08909743663166382
10913 0.08112714015845486
10945 0.05211649282447421
10999 0.010785476665804566
11262 0.0370431692459321
11311 0.03841082957190922
11386 0.05750158661748183
11420 0.08909743663166382
11495 0.0566812536085592
11875 0.0432952088719583
12064 0.011481844456662109
12245 0.04348380938257073
12490 0.07148939956370837
12572 0.05792652235158962
12614 0.040684443520480035
12648 0.04020566353187249
12685 0.11118863332167167
12735 0.02767060627457855
12865 0.021859219922190445
12957 0.04775370213155007
13184 0.06664998581198767
13261 0.05242860680682032
13336 0.01884932232206263
13822 0.028953643247184458
13948 0.033055700067586166
13973 0.03826919041967175
14084 0.06529285637891705
14113 0.05442704253703983
14163 0.014251680716129719
