2597 0.1397101334459096
2608 0.21217793059859444
2793 0.1257136409919049
2895 0.20857523409195355
3443 0.1268457079037134
3734 0.11961192569611101
4188 0.17834555510688663
4685 0.18480665512201908
4722 0.20741297745778128
4784 0.19771332520738547
4808 0.12799569746195785
4881 0.13115443381297484
5571 0.16182807295366566
7201 0.06756083127859613
7468 0.09380659208255736
8567 0.21996819122116004
8758 0.21217793059859444
8996 0.15960527256772108
9719 0.11892664240666076
9944 0.14786966814709504
10739 0.3487628981421718
10761 0.27751596149124597
11000 0.029452778638931764
11291 0.42856553442603235
11525 0.19283636049474887
12678 0.17681624620138842
12865 0.09004448327656805
12877 0.09958064347069892
