11 0.016134780087068187
49 0.02302774621030544
194 0.014316113075376124
328 0.02315291304376225
483 0.01891473122077453
636 0.0214506298126132
663 0.0648316962598389
855 0.029769665245969235
931 0.024826141542751368
940 0.026351857970547555
981 0.07312424014339639
994 0.017100397019704363
997 0.02048501287997703
1000 0.048368941704431644
1107 0.013617090580886447
1263 0.10338610692934752
1460 0.01995590876519139
1470 0.03414821678324852
1474 0.03414821678324852
1573 0.039362223356341486
1604 0.042187614511079344
1620 0.018264307318411607
1712 0.08836211232801083
1713 0.048368941704431644
1721 0.033236359179926296
1741 0.09673788340886329
2046 0.02176397757173146
2086 0.025811116851191127
2225 0.03035550500825132
2340 0.0232800205254335
2477 0.042686335116583596
2485 0.04078884671553292
2501 0.042686335116583596
2730 0.016804398503100962
2760 0.02437474671446546
2778 0.033236359179926296
2795 0.042686335116583596
2796 0.08537267023316719
2927 0.013232124632926482
2929 0.022089779450063487
2995 0.05708895215928156
3010 0.012011448174215258
3103 0.028710352798153493
3142 0.021148818982158677
3151 0.0214506298126132
3168 0.028962627113281552
3182 0.06406892911679121
3236 0.018264307318411607
3257 0.04580892331270524
3281 0.017345139622457387
3376 0.028227962589493213
3417 0.026351857970547555
3419 0.030986452275489004
3432 0.00803361782904333
3517 0.021553754044580885
3527 0.03598201279888497
3656 0.033236359179926296
3691 0.030057353302313513
3745 0.02546947290349742
3855 0.07034867563183049
3865 0.014756986406737676
3890 0.02367361298729054
3984 0.010345700985260392
3985 0.017533613861953814
4029 0.026930799736340553
4109 0.03035550500825132
4184 0.02616761946782508
4188 0.08051404105337229
4213 0.03281584298830931
4217 0.03700372852873554
4219 0.013617090580886447
4452 0.014533586525686627
4628 0.04032784028897766
4758 0.027553752592078245
4784 0.022314403592797325
4835 0.021979733927398843
4872 0.0346452337011296
4881 0.014802406292128976
4903 0.02598743049264536
4917 0.029222911461624843
4988 0.042686335116583596
4990 0.01819512320873632
5051 0.040257020526686144
5053 0.026930799736340553
5063 0.0232800205254335
5072 0.046010446876825706
5297 0.024087058658121187
5301 0.3148977868507319
5350 0.022663318732403247
5391 0.021348786660161156
5412 0.026930799736340553
5421 0.022201322236606567
5442 0.03634751693227865
5596 0.06647271835985259
5600 0.05169305346467376
5615 0.03700372852873554
5685 0.03432180223946983
5689 0.018795467444365936
5730 0.02546947290349742
5902 0.2902136502265899
6044 0.04120858754347245
6067 0.020857725622195924
6109 0.020481187082338224
6245 0.020325275891553043
6271 0.02394691390625966
6315 0.03234044390267762
6430 0.03634751693227865
6519 0.03205661514621688
6563 0.016980712144555196
6723 0.02030482390479731
6861 0.053861599472681106
6862 0.022201322236606567
6898 0.03241584812991945
6978 0.15086828458497462
7031 0.03634751693227865
7100 0.0194588918473103
7233 0.1226123362886363
7242 0.012175091698080688
7256 0.20677221385869504
7405 0.05169305346467376
7453 0.04440264447321313
7497 0.04580892331270524
7536 0.28432489805499256
7627 0.015716943505981216
7633 0.013307685244707164
7649 0.01953966361735092
7670 0.039362223356341486
7686 0.048368941704431644
7718 0.017283265605414103
7891 0.013816571671457042
7938 0.06264224388177497
8044 0.029222911461624843
8087 0.02021619311353468
8156 0.0212481931484925
8219 0.05169305346467376
8264 0.028546604354686672
8336 0.048368941704431644
8433 0.011724877581015026
8688 0.014802406292128976
8701 0.039362223356341486
8795 0.028125076340719556
8847 0.03849844957615736
8872 0.045090712003290324
8893 0.044858133115249846
8903 0.02734079858418849
8906 0.028227962589493213
8952 0.07699689915231472
8968 0.023540304873776795
8996 0.009006718348090163
9299 0.029222911461624843
9366 0.2436578868575677
9391 0.07543414229248731
9497 0.0066932690642694005
9531 0.018765667689821373
9535 0.030057353302313513
9559 0.10244465034974555
9584 0.023540304873776795
9781 0.01869214012661741
9783 0.01254703569649072
9821 0.027133236400461253
9890 0.017533613861953814
9902 0.02270049200574956
9906 0.018058482239965503
9957 0.0232800205254335
9961 0.019621239099792905
10002 0.03241584812991945
10031 0.023540304873776795
10048 0.019703634450063325
10106 0.03241584812991945
10165 0.035174337815915245
10172 0.11101118558620664
10268 0.026351857970547555
10290 0.0346452337011296
10316 0.030736056732750594
10335 0.01953966361735092
10432 0.023809124640219146
10440 0.025811116851191127
10451 0.018547034243988084
10461 0.028962627113281552
10522 0.04904493451545451
10548 0.026930799736340553
10556 0.060114706604627026
10567 0.008215136720414403
10572 0.05169305346467376
10582 0.04845928166367227
10616 0.02030482390479731
10707 0.5308511621052094
10738 0.046010446876825706
10797 0.02030482390479731
10999 0.005014309514125113
11000 0.0531857881638738
11005 0.04418105616400542
11036 0.05169305346467376
11259 0.02021619311353468
11325 0.03349291993955374
11326 0.01995590876519139
11397 0.048368941704431644
11577 0.028227962589493213
11733 0.013577770273648145
11875 0.020128510263343072
11957 0.014577782149395136
12064 0.01067612006083751
12378 0.02283558086371262
12379 0.03281584298830931
12572 0.026930799736340553
12596 0.05169305346467376
12606 0.08836211232801083
12614 0.01891473122077453
12672 0.06563168597661861
12695 0.018264307318411607
12735 0.025728855312280065
12763 0.0190665553438385
12807 0.07894352449218692
12877 0.02247782405262616
12928 0.021871146004230197
13024 0.021148818982158677
13292 0.048368941704431644
13336 0.008763297087646971
13948 0.030736056732750594
13965 0.04556600721510483
13973 0.017791848386972606
13989 0.01608137098388341
14031 0.05169305346467376
14062 0.020273633213626307
14072 0.02454973802996204
14107 0.030057353302313513
14109 0.03700372852873554
14116 0.0801997246262142
14163 0.006625793223746385
14229 0.048368941704431644
