79 0.04316142903117752
676 0.08633783841521583
764 0.10949819210186436
840 0.11781503389088077
870 0.10949819210186436
1044 0.1072757772678932
1194 0.0665807952789787
1528 0.12140947425620359
1529 0.14702659356215464
1653 0.029652239291732017
1976 0.08237618247849739
2182 0.04096367597302766
2205 0.12140947425620359
2425 0.04343415385786233
2597 0.08969556203641421
2850 0.07391405855678498
2927 0.07527023768091252
3099 0.059054459934219934
3633 0.020375624380468985
3817 0.1915847099005051
3956 0.04398936358437882
4393 0.05337375162485456
4404 0.05005097693666876
4405 0.07659721145791117
4626 0.12140947425620359
4652 0.08237618247849739
4974 0.0540126328733872
5002 0.1214414382185296
5022 0.1119549577211669
5063 0.06621357970758307
5390 0.0377423268769684
5613 0.05234637369834235
5793 0.054669513124639475
5840 0.07717298656003573
6191 0.1119549577211669
6210 0.05254825986740903
6245 0.028904812902842223
6315 0.030661149371827262
6458 0.1308639907912403
6486 0.08237618247849739
6528 0.05060399195219812
6632 0.25783816808699306
6633 0.07196979064157408
7099 0.026662345574989005
7121 0.2617279815824806
7245 0.04746704002586458
7311 0.1308639907912403
7651 0.07196979064157408
7833 0.07659721145791117
7843 0.14702659356215464
8011 0.06549605519102783
8105 0.1308639907912403
8164 0.1308639907912403
8244 0.09937890971967153
8264 0.08119292080326405
8306 0.057499370013205535
8383 0.08388107279591332
8744 0.027360594984063537
8883 0.1308639907912403
9310 0.3324659572766263
9338 0.0985387852494117
9350 0.09111317449697887
9497 0.057111457982666355
9613 0.1375720770271179
9719 0.03817615719298922
9783 0.03568657283939436
9838 0.1256607948727787
9880 0.08813239341248841
10125 0.17479186046988687
10237 0.1256607948727787
10301 0.1119549577211669
10567 0.023365684297897437
10574 0.06549605519102783
10588 0.07196979064157408
10595 0.05580718787065977
10657 0.035785167941324796
10904 0.0665807952789787
10945 0.06891451202769147
11000 0.009454516535036726
11213 0.04730454663750962
11314 0.06379327649894026
11411 0.16934315848034198
11572 0.1052468714852893
11611 0.1375720770271179
11694 0.07899087093080558
11815 0.056278268677778305
11876 0.050791283777327945
11880 0.0647999525472383
12064 0.01518263538134977
12175 0.04262536618423593
12215 0.042493254177202386
12424 0.09579235495025255
12641 0.07717298656003573
12667 0.039182833241287254
12764 0.0452891388042641
13144 0.1375720770271179
13495 0.1256607948727787
13614 0.10933902624927895
13919 0.05214622047913827
