286 0.12794856375516545
328 0.06124554034694121
402 0.12170972504622346
451 0.06970759046610997
483 0.050034435491718716
717 0.145773835274902
721 0.06091444117449201
729 0.06334588131775883
881 0.12794856375516545
1684 0.058728332552687716
1706 0.10667773704566352
1919 0.05674255378459376
2311 0.05084524299297284
2618 0.13474690008795553
3184 0.05084524299297284
3286 0.10412342646298757
3371 0.11687050578683351
3697 0.27688092480991094
3786 0.08799094892149562
4236 0.22217835138560305
4384 0.03809816366912688
4463 0.09164574904510359
4508 0.07594642917505195
4585 0.08791890563801094
5059 0.07396010277310126
5094 0.0903310086649336
5374 0.06124554034694121
5390 0.035102156055506734
5487 0.12743320204215502
5653 0.09164574904510359
5718 0.12117664225211153
6193 0.1424780872030969
6606 0.0570326495024799
7081 0.08909143846242762
7423 0.06262292855462524
7466 0.039156255201357855
7596 0.07071645025292272
7705 0.11687050578683351
7716 0.12384660192260954
7717 0.04296608786261257
7991 0.07123904360154845
8083 0.09977156646722984
8370 0.08029828917080967
8417 0.07594642917505195
8433 0.03101538288481019
8453 0.23374101157366703
8779 0.09977156646722984
9045 0.0903310086649336
9094 0.091330726999263
9647 0.04588245317393208
9666 0.06526630117024973
9954 0.09614873560745103
10145 0.08029828917080967
10361 0.04604737088537013
11232 0.0413077076135648
11276 0.0773022815571895
11303 0.154604563114379
11343 0.22984128313363095
11356 0.07642642415952244
11365 0.03355934928673048
11378 0.0773022815571895
11617 0.06650587137275572
11631 0.27497433601417975
11678 0.12669176263551765
11764 0.10183851778627358
12211 0.0903310086649336
12468 0.1995431329344597
12807 0.0696087904112003
12854 0.19951761411826716
12943 0.06608475960633117
13125 0.07020615436680008
13393 0.09614873560745103
13577 0.22039578169719715
13982 0.08799094892149562
13983 0.12794856375516545
13988 0.08285259975348563
13989 0.04253945296498712
14040 0.10087210040318066
14041 0.13198642338224342
14163 0.03505392910589086
