286 0.12071704362229173
328 0.057784005921942605
402 0.11483081760711782
451 0.06576778974404489
483 0.04720654108652866
717 0.137534849281641
721 0.057471620131349925
729 0.059765637799272985
881 0.12071704362229173
1684 0.05540906810172025
1706 0.10064842197924895
1919 0.053535523490223655
2311 0.047971522588669394
2558 0.03131433110030083
2618 0.12713114503584746
3184 0.047971522588669394
3286 0.09823847838172789
3371 0.11026510600169913
3697 0.2612319020822859
3786 0.08301779174050482
3991 0.047395121885426314
4236 0.20962106137797049
4384 0.03594489496869814
4463 0.08646602635138008
4508 0.0716540157592188
4585 0.08294982026868937
4734 0.05205577970224071
5059 0.06977995446556311
5094 0.08522559373403027
5374 0.057784005921942605
5390 0.03311821859835474
5487 0.12023080961883871
5653 0.08646602635138008
5718 0.11432786409968927
6193 0.1344253734729599
6521 0.07429780043728822
6606 0.053809223298982065
7081 0.08405608275385901
7099 0.02339573264721533
7423 0.05908354557656502
7466 0.03694318426483373
7596 0.06671962982195695
7705 0.11026510600169913
7716 0.11684692041852393
7717 0.04053768913510626
7732 0.06315220751267385
7991 0.06721268673647995
8083 0.09413258099978263
8370 0.07575991314116405
8417 0.0716540157592188
8433 0.029262425609029617
8453 0.22053021200339826
9045 0.08522559373403027
9094 0.08616880902487309
9647 0.12986767351044318
9666 0.12315503502659036
10145 0.07575991314116405
10331 0.0477775792234089
10361 0.04344482123689848
11000 0.01659233922538993
11232 0.03897303881789186
11276 0.07293323677082064
11303 0.14586647354164128
11343 0.28913452289404484
11356 0.07210688192495147
11365 0.031662609668163755
11378 0.07293323677082064
11617 0.1254940569869329
11631 0.25943307170803903
11678 0.11953127559854597
11764 0.09608271037383027
12211 0.08522559373403027
12468 0.18826516199956525
12807 0.06567457376577694
12854 0.1882410854803993
12943 0.062349717527361286
13125 0.06623817533010957
13393 0.09071450878309902
13577 0.2772523209062911
13982 0.08301779174050482
13983 0.12071704362229173
13988 0.07816985673868511
13989 0.040135167199447846
14040 0.09517091389899521
14041 0.12452668761075723
14163 0.033072717385916835
