79 0.031087677897959604
81 0.06722638250556669
210 0.05398429302247424
250 0.09425678633626655
337 0.035280611767406836
676 0.06218614562366561
689 0.10589814762140622
757 0.08261542505112687
758 0.10589814762140622
840 0.08485807600325819
870 0.07886774379070637
1044 0.07726701559275359
1493 0.053606862887259174
1528 0.08744702652711278
1618 0.04458558268946588
1656 0.04642796878607966
1976 0.05933270248084752
2182 0.05900942544075579
2205 0.08744702652711278
2234 0.050544784338525925
2425 0.09385233634838294
2552 0.05601023213949158
2597 0.06460459730029532
2730 0.06885082439892794
2850 0.053237728595233416
2927 0.08132180595677671
2965 0.029593810723478053
2989 0.06487908988037308
3044 0.03905965612600835
3099 0.04253487593163003
3149 0.07097406376598721
3512 0.035280611767406836
3582 0.10589814762140622
3633 0.0146758543896282
3734 0.027655403732406717
3817 0.13799181086563872
3893 0.05933270248084752
4384 0.029504712720377895
4393 0.03844325908487903
4404 0.03604997991056817
4405 0.11034062083372495
4542 0.03859525047691405
4626 0.08744702652711278
4914 0.06157535343297885
5002 0.08747004905874435
5022 0.08063726671795905
5063 0.047691341195707844
5158 0.0454815249249933
5390 0.0271844868765386
5613 0.037703274455644115
5689 0.01925215336135068
5793 0.039376551078264904
5840 0.05558502122042701
6191 0.08063726671795905
6210 0.03784868604967322
6245 0.02081913257726608
6315 0.04416832144107477
6458 0.09425678633626655
6486 0.05933270248084752
6632 0.3714237502886373
6633 0.103674679920013
6737 0.044805127439184744
7099 0.019203961264596104
7121 0.1885135726725331
7201 0.015620700483106901
7239 0.06098599702592348
7311 0.09425678633626655
7320 0.09425678633626655
7468 0.021688967564951256
7724 0.07886774379070637
7815 0.09050910507584604
7833 0.11034062083372495
8011 0.04717453321332048
8046 0.10589814762140622
8105 0.09425678633626655
8163 0.08485807600325819
8164 0.09425678633626655
8244 0.14315835247178194
8250 0.022784050914324297
8264 0.05848044020282883
8744 0.019706886056684657
8997 0.026533295945714307
9310 0.2993295988991315
9311 0.08063726671795905
9338 0.14194812753197442
9339 0.08063726671795905
9350 0.1312513086152278
9497 0.027423599417363838
9547 0.10589814762140622
9600 0.05782767217255833
9613 0.09908838781225246
9663 0.09425678633626655
9719 0.027496959781851422
9743 0.09908838781225246
9838 0.09050910507584604
9880 0.06347870124514618
10079 0.03618170555990791
10125 0.2098275080105975
10237 0.09050910507584604
10272 0.10589814762140622
10460 0.0329442214043262
10567 0.0336589813462268
10574 0.04717453321332048
10588 0.0518373399600065
10595 0.12058793602460048
10657 0.025774813287129602
10806 0.04571318286254001
10904 0.09591166762934265
10945 0.049636728915170666
11000 0.03404879904576879
11200 0.04070753906021251
11213 0.03407182157740033
11411 0.06098599702592348
11502 0.05287653329375741
11572 0.07580566524197312
11611 0.09908838781225246
11634 0.043735024529372175
11694 0.05689438017917246
11876 0.07316639441909392
11878 0.05689438017917246
12064 0.010935524818620446
12175 0.03070157045219488
12245 0.041414798685532876
12254 0.053237728595233416
12386 0.1885135726725331
12424 0.06899590543281936
12526 0.08063726671795905
12610 0.0454815249249933
12641 0.05558502122042701
12675 0.10589814762140622
12881 0.04415491975470815
13144 0.09908838781225246
13464 0.041414798685532876
13495 0.09050910507584604
13614 0.07875310215652981
13918 0.036314472529531655
13919 0.03755911104519815
14101 0.06347870124514618
