13 0.16974025236108314
638 0.1884564953281388
811 0.16974025236108314
1194 0.14533121936748972
1550 0.10579175125839452
1615 0.1581224756413507
2425 0.18961439303658367
2513 0.17980907251521952
3648 0.09950876028741423
3721 0.09632663535351414
3734 0.16762063035180869
3995 0.15709420994052373
4393 0.11650315039578231
4542 0.11696376368473431
5247 0.055777277917665874
5840 0.16845164122787162
6109 0.06357681640691243
6245 0.06309284362191306
6632 0.281401980935735
6633 0.15709420994052373
7833 0.16719485092786718
8097 0.09421189825776766
8293 0.1884237965155353
8716 0.13068894379542
8728 0.24437302756264886
9310 0.18142499938134188
9497 0.04155391352565498
9932 0.11339054797106182
10125 0.25435476913086263
10276 0.2390104490344514
10567 0.10200429046065702
10752 0.1486699518743517
10904 0.14533121936748972
10999 0.031130406075131817
11502 0.16024350841662244
12064 0.033140350816449435
12763 0.11837115531772843
12881 0.13381246489894602
12910 0.1884564953281388
12994 0.1399686408392923
13919 0.22764744025314618
